0.1061436566346451,0.0986031209785173,0.1046118874522761,0.1068997829271908,0.0856909948179573,0.1057025090928016,0.1186961324852701,0.0853065433011674,0.1026032547140074,0.0857421175254248
0.103829345896689,0.1070847160387542,0.1184250382089466,0.100723230534295,0.0994887286901469,0.0921854683046951,0.0941337450715251,0.104701091389538,0.0943692747832782,0.0850593610114606
0.102643551483238,0.1038818014702821,0.1108053794863696,0.1047351355916254,0.093540621154429,0.0997362673280566,0.1037370239027472,0.0962494094563472,0.0994260748246805,0.0852447352307296
0.1060764910563959,0.0951384405350673,0.0998076309231883,0.1003697716854761,0.0981773319266301,0.1088784976827072,0.1171581134080526,0.091542131023464,0.1024950245147195,0.080356567171189
0.0963854597604238,0.113473758652719,0.1211795254948924,0.0956575990939522,0.1115971888463568,0.0865386612557321,0.0819823109603457,0.1167610849121763,0.0922824935511402,0.0841419173674792
0.0954542588087052,0.1064052521952815,0.1078204149763275,0.1169844802470029,0.0791485659562429,0.1059142698148237,0.10631363515892,0.0862015766899885,0.1073300137795573,0.0884275322955405
0.0983519864438216,0.1050186815829359,0.1133122270181051,0.1118688031465793,0.0921091186280257,0.102975833083844,0.0906951078056351,0.0994465159521718,0.1029572300980196,0.083264496178823
0.0927434858381295,0.1043829380275267,0.1042345646041187,0.1184441702502504,0.082256559818841,0.111140690297953,0.1032624392297498,0.0873936789632046,0.1108241687417704,0.0853173041374226
0.1025350367913912,0.1014187152483642,0.1054931955938392,0.10557486724824,0.0912697353192537,0.1040418167289409,0.1113727838592017,0.0912470248332071,0.1021112023848313,0.0849356219214372
0.1035492074961576,0.0983035611967189,0.1001284429037788,0.1021010165854897,0.0951572865923179,0.1074679614549865,0.117526518608403,0.0898148465985127,0.1030289008885516,0.082922257604433
0.1041635698963886,0.0993014889364113,0.1034618614989774,0.1041623934986878,0.0926181838675282,0.1060089910232843,0.1141401285204935,0.0901323611498154,0.1024281882412039,0.08358283330936
0.1044999932459511,0.1037594974731075,0.1101414598753572,0.0968037102401512,0.1019890058344027,0.0963614032633159,0.1059683062419218,0.1005083029558756,0.0958056591017363,0.0841626617001186
0.1007131001015924,0.1033147108717154,0.1117777961153153,0.1031060706404137,0.1017022040869042,0.1000170936347939,0.0940429135427493,0.1044756739345691,0.0991269438609544,0.0817234931196107
0.0954844334139917,0.1085846070894726,0.107515228261155,0.1046312017879119,0.0944615451149122,0.0997286565909471,0.1053711497046184,0.0955801937996139,0.1018048619680759,0.0868381221896282
0.0999456628916451,0.0990201083821152,0.098592656516061,0.1113981880552708,0.0848579337768958,0.1127683464274824,0.1177188543887525,0.0828975662105182,0.108554619136549,0.0842460641603604
0.0989338735643749,0.102113374955509,0.1012137142127596,0.1054202138132082,0.0928996062561196,0.1070419449033496,0.1134008387132564,0.0901441701415235,0.1047057715199178,0.0841264918546415
0.1041821918481727,0.1061719056223415,0.1032753967618726,0.090094980718034,0.1003365840793108,0.0938075859650761,0.1264893927775253,0.0922459666252292,0.0944421491990573,0.0889538463461657
0.0974383591151392,0.1072613951781027,0.1101569082080034,0.1113242608050583,0.0864729883211216,0.1019643627943539,0.1027969280597755,0.0917459051167722,0.1036387186801277,0.0872001736679522
0.0968788416315277,0.103071230455186,0.103364131791494,0.1099842046591776,0.0900055686840205,0.1076601597526175,0.1073842290539825,0.0909339877757059,0.1060475100444786,0.0846701360807833
0.1004827029960496,0.1024552966192979,0.1130123875180589,0.1023101739131455,0.1090629617748763,0.1019707029403388,0.0831576254024036,0.1107673216941167,0.0994995630671407,0.0772812640184296
0.0989007489750686,0.1014684211583126,0.1103607587264208,0.1039219879289677,0.1081985815053181,0.1048672728576783,0.0845049306274164,0.1094506317399068,0.1016098770624619,0.0767167893507185
0.0964257822141037,0.1006262680938252,0.1033720474200138,0.1109386794828076,0.0955078511533258,0.1117177367547506,0.0980171700932528,0.0958160354865723,0.1079892028539352,0.0795892263855935
0.0903138527112943,0.1059943145177079,0.1099006589639968,0.1123802535752656,0.1019001542268743,0.1078601455760086,0.0789831523929179,0.107145341491104,0.1072988911650121,0.0782232352950899
0.098495868822136,0.1023377872493373,0.1068372298932303,0.1007891021395099,0.1083560496726875,0.1045479979705133,0.0930596224409673,0.1060069217368855,0.1014622224017481,0.0781071976146207
0.0971336187933979,0.1169002278795011,0.1203560721024864,0.0962917987943851,0.1028389814000776,0.0834419885899068,0.0934767294794052,0.1081992142348625,0.0914195989548118,0.0899417697076536
0.0885271199328063,0.1055183295018518,0.1031849529224206,0.1190762970898329,0.0886736170706768,0.1139940669082516,0.0931463692066161,0.0933127834868445,0.1127463031040789,0.0818201607160675
0.0931218881041434,0.097433657960299,0.0907655145390706,0.1194490112106255,0.0808315840460194,0.123646156688372,0.1175446373863064,0.0779218781687841,0.1173056931325916,0.0819799787078155
0.0934648852627858,0.1011206526480917,0.1019495024102647,0.1102077140781242,0.10005101663388,0.1129755090336794,0.0940471200398481,0.0993238966981971,0.1090575488669178,0.0778021542541141
0.1012323549518023,0.102375018310768,0.1053295427370313,0.1028694878492327,0.0972282719181591,0.1036735992450383,0.107230020487152,0.0953823172450795,0.1016172640463209,0.0830621231536758
0.100178629014606,0.1031943701973999,0.1074186681139773,0.1039267806091455,0.0991148094093549,0.1035865268995661,0.1002621087985631,0.098822693783015,0.1016883827252721,0.081807030400843
0.0978292390596498,0.1106038659178857,0.1096006258844625,0.1026865940106178,0.0916714841935879,0.0951124525885262,0.1102732043208895,0.0934225031636153,0.0988460903482687,0.0899539404528717
0.1032067955965698,0.0995171365616966,0.1034807606270912,0.0986512888195883,0.1043401535042731,0.1050463786766215,0.1062976865078576,0.0990228316659957,0.1006155847982205,0.079821383190743
0.0951063610824362,0.1080595632156071,0.1010465582806934,0.1086280860341161,0.0830236269695261,0.1036278546213069,0.1214258133115393,0.0827514410309656,0.1054417079388937,0.0908889874471256
0.1030938058739395,0.1045713535031884,0.1118842496466038,0.1020011995447815,0.0983682704409815,0.0979602556878678,0.1000672688393016,0.1001539260796883,0.0978338683644481,0.0840658019685585
0.1015347906874499,0.1000820844805408,0.1075423983641322,0.1073647579511214,0.0970027050459926,0.1064857455313189,0.0978284982272392,0.0983025509768229,0.1032403928027453,0.0806160758681378
0.1056307994716697,0.0987628635537617,0.1069506651130734,0.1014034093534165,0.1006224895421012,0.1039504978838181,0.1035306680168604,0.0986512653075811,0.0998298909715771,0.0806674507317938
0.1042019656736104,0.1013715550361118,0.1082431909478223,0.1051238803110779,0.0924912961296004,0.1017388711509567,0.1075350180089153,0.0939904681282045,0.1002950339723164,0.0850087205694099
0.1016514893919426,0.1023402561401093,0.101347466232288,0.1071558220162294,0.0841971844664227,0.1048148980191598,0.1228758078229685,0.0828117499183269,0.1039012298228231,0.0889040960982184
0.107362865835772,0.1018667250656673,0.1114346706411996,0.0939950482943184,0.1075555775203143,0.0954220821782766,0.1013751428063557,0.1052263321717229,0.0936835993874604,0.0820779560365098
0.0988470070546046,0.0937791804825532,0.0919663659351571,0.1190127801939402,0.0792999191329346,0.1233844601707819,0.1198204358682104,0.0764767740716167,0.1157206360872265,0.0816924409471896
0.1062439005505395,0.0992660977932428,0.1141488813110613,0.0915917485439488,0.1221314965131316,0.0970759639551555,0.082246177927626,0.119573729599071,0.0932805796474636,0.0744414240800259
0.1029762701189491,0.1031861247264142,0.1033127467593625,0.1023306139656863,0.0902236697431033,0.1007871243441263,0.1202502738920271,0.0881403110053684,0.1003222295500867,0.0884706358252464
0.1010715919928044,0.0999585959750054,0.1001077700395396,0.1020342000971052,0.0975920371064261,0.1065294369394217,0.1138625646055029,0.0925430187704504,0.1033227222194912,0.0829780621739116
0.0985465283380342,0.0953341517539927,0.0947711653739889,0.1100435802217608,0.0938525268765767,0.1175846073297155,0.1113677206558503,0.0887447711124535,0.1107910038692933,0.0789639443890401
0.0976788390680639,0.1083097501001608,0.1055246992310279,0.1037737591044237,0.0905949947943701,0.0983881949046117,0.1143921322743546,0.0906454821640887,0.1010462476790259,0.0896459006035956
0.0910100302883766,0.0949652979504643,0.0909188482413733,0.1230965108413408,0.0848580826019149,0.1278340753555838,0.1057635774277963,0.0836164471677144,0.1202545892616867,0.0776825407825011
0.1010326122103133,0.0988941910598205,0.1127361315373295,0.1049934748958895,0.1109076121404172,0.1056074929117296,0.0767670872244721,0.113565350832451,0.1014647900908083,0.0740312570190875
0.1021258246164843,0.0948969633949488,0.1084003616552457,0.1050064765079895,0.1124951592295534,0.1108424635920737,0.0792249637657511,0.1120615142028104,0.1037198745570527,0.0712263984028579
0.0954680015823303,0.1066386727539864,0.1033496639958153,0.1009435533272175,0.1010153089304945,0.1013519181876286,0.106675627641393,0.0977176824102565,0.1023472147282918,0.0844923563541972
0.0942568118960598,0.1023736616272172,0.0930898597742098,0.1080550875023977,0.0887948398991985,0.1116866740462519,0.1229352374980618,0.0831775193271558,0.1096704658770153,0.0859598424641275
0.0971243390111363,0.0996448674632747,0.0943747456444703,0.1040050309872331,0.0962001764495054,0.11114828230412,0.1183950442180202,0.0890357990845005,0.1073924843979757,0.0826792303447938
0.0859741399211154,0.1052832090820002,0.095462067459363,0.1239181351736305,0.0756101464426299,0.1167522485412884,0.1124175404069224,0.0791932289990921,0.1177572691629906,0.0876320146841102
0.094114886047626,0.1038118545116768,0.1029338876414992,0.1211536560231519,0.0769915597678252,0.1121654684584662,0.1071934180030324,0.0828079706117175,0.1119169286294374,0.0869103702296631
0.0892607204890473,0.0998906944414649,0.0917303454833806,0.1228425326364586,0.0788606192338012,0.1223759847192542,0.1134360471836375,0.0792730885667952,0.1186588555139774,0.0836711116278436
0.1002746098913369,0.1055999802409463,0.1070122257352656,0.1069428245554009,0.0882514044684321,0.1007142489433508,0.110899121095504,0.0904444701977835,0.1016304763965131,0.0882306384061227
0.0999995867952974,0.0977381372582095,0.1053953484471377,0.1158532328752517,0.0894690967885661,0.1128103833980573,0.0964387991287603,0.0937360211386883,0.1084296115337717,0.0801297825565775
0.1097826242471095,0.1082090467415886,0.1236274239781056,0.0911170965245744,0.1081764184168691,0.0819503948802418,0.0923348779840797,0.1126119824415405,0.0857735819152598,0.0864165527933998
0.10606525691838,0.0928401174171119,0.0965882237920327,0.1090218070496694,0.0877287660281232,0.1150289496829773,0.120310670133122,0.0833322408783821,0.1074323790131484,0.08165158902382
0.1050607578137869,0.0977607702567291,0.1040425887319266,0.1038921194677184,0.0968097933903425,0.1064902854240556,0.1077179874299592,0.094797267789599,0.1019681881016807,0.0814602415255275
0.1057587843352333,0.0980321605809967,0.1080125740231064,0.1000587199704256,0.105422437616649,0.103662318653136,0.0980322701692899,0.1032390637317274,0.0994216422526248,0.0783600285894185
0.1052382646098565,0.1143982201211891,0.1183635176812853,0.088546241854792,0.10146616266834,0.0784092715107526,0.1113191268717182,0.1025028468698005,0.0863838733506475,0.0933724743756952
0.1070619538381868,0.105424303257075,0.1128540115743385,0.0948323634689127,0.1001229465556817,0.0907843957407707,0.1092157011526086,0.0997826998330506,0.0928161137460683,0.0871055107422369
0.1012429810128656,0.116150928861708,0.1165191189002027,0.0934518198138918,0.0951176031139195,0.0798580685531297,0.1140692718202402,0.0978448293579909,0.0899703929603571,0.0957749854830391
0.1099164744857445,0.1024580024550808,0.1098140392651025,0.0896229837673559,0.1056491095448826,0.0911755679131143,0.1135891603056158,0.1011254271119017,0.0912351985495287,0.0854140365056641
0.1027175954646891,0.0947846243360224,0.095998596968739,0.1153673063702309,0.079420265536673,0.1162170494541307,0.1219101712222957,0.0782628469078764,0.1108838435918094,0.0844377000514953
0.107224567986507,0.1026317587622663,0.1111026240139587,0.0973381496819156,0.1003280085526128,0.0956037153172925,0.1065244619931064,0.0993964310713555,0.0953169657281784,0.0845333168160429
0.1060431413404463,0.1027550895128111,0.1106219542622989,0.0972459097622117,0.1025298874508384,0.0962195410183183,0.1038710281288809,0.1013504829936462,0.0958560297278148,0.0835069357191441
0.1041634467433753,0.1077762621693288,0.1165027932262792,0.0943526047209833,0.1073398632886741,0.0894222734705135,0.0953305151239915,0.1085059968458223,0.0921904387682121,0.084415805563464
0.0937326856615508,0.1048991040715667,0.1017189423755212,0.1174148688966177,0.0804937619206264,0.1103519410124578,0.1096158425332795,0.0838471829092276,0.1108737482585733,0.0870519222689528
0.0931721311814553,0.1151815044779118,0.1145249629971087,0.0920904228852351,0.1149301099657088,0.0860864612274072,0.089691361540263,0.1149856279138813,0.0939990971079696,0.0853383205478106
0.0982519870529811,0.0986539553732039,0.0883156543867026,0.1028378991319361,0.09213430859868,0.1137712757627195,0.1323106476108225,0.0801883561658573,0.1093449488920929,0.0841909669367129
0.0898471556624035,0.1172790335178664,0.1146582238231228,0.1095811752879003,0.0905729416168874,0.0926590684419403,0.0938406958401149,0.098867016626741,0.1015926327153434,0.0911020563655175
0.0887369487095702,0.1215681749999322,0.1047217578503253,0.0877711344150423,0.1067597654876071,0.0832519649298298,0.1176613367002784,0.1001770171228183,0.0947030742728143,0.0946488253647656
0.0905053350680065,0.1085205315819614,0.1046924722366236,0.1065158959446503,0.1013298986595666,0.1041232427577308,0.0946903687409885,0.1011669825056828,0.105990079772537,0.0824651926317465
0.0842840579550287,0.1216652830456892,0.1019030822438293,0.1145568695222105,0.0687924472084407,0.0955696995803477,0.1292410240299413,0.0735708572852137,0.1077562958596205,0.1026603831575353
0.0951004347563075,0.1071070689577102,0.1065029556148082,0.096721112889257,0.1133749574566424,0.0994353383066834,0.0924137377178149,0.1092336145171068,0.1003052861792505,0.0798054935071209
0.0800101942527621,0.1081343081510161,0.1037630922904303,0.1261283967677691,0.0924574536310008,0.1176610678036095,0.074358080529019,0.1003690728399941,0.1186194440430879,0.0784988895788187
0.097280022537217,0.1011470851295293,0.0959176955933109,0.0986549981051202,0.1058377761918231,0.1083752867272058,0.111477120087555,0.095820291249913,0.1053383027299211,0.080151421555952
0.0937991737628092,0.1172339660013558,0.11241481154832,0.0985119905255941,0.0982867382319977,0.087659021485959,0.1039328641433516,0.099945091077966,0.096419822161942,0.0917965209665216
0.0784295478113093,0.1066119102548282,0.0920811578751044,0.1256850597008655,0.0850688134564169,0.1224225566794113,0.0983050806756223,0.0862392026687866,0.1232018310030392,0.0819548397338937
0.0940437149524719,0.1092985511023008,0.09569411089707,0.0995424170618846,0.0927336308621385,0.1006466542029594,0.1282520004457379,0.0851764914762062,0.1037916712047367,0.0908207576967082
0.0990491021116062,0.1000935085846968,0.1069198021317558,0.106261726605825,0.1054671231494725,0.1075941915061709,0.0879288611472274,0.1051624288441677,0.1047166086731908,0.076806647153747
0.0900054091371452,0.1067030791040651,0.102765037130187,0.1131885826388118,0.0935610828052444,0.1074651922234664,0.0966038725780297,0.0955990729451197,0.1098448701358979,0.0842638011454069
0.0940504312158745,0.1146644360508873,0.1028519394606062,0.0749757757300399,0.1300150208031794,0.0830634202083109,0.1090188188866217,0.1148610387816509,0.0908106465042029,0.0856884721643846
0.080387644692525,0.1015872055197,0.0803955113807698,0.1254087322168241,0.0784200514471774,0.1280313385881223,0.1208598813886236,0.0732709500024332,0.1268152263623896,0.0848234582075998
0.0944694814571904,0.0976843159209784,0.1102359751353379,0.1134673024153004,0.1131792427054958,0.1138908952214951,0.061104843171328,0.1176226888121797,0.1093427005631561,0.0690025544589698
0.1009857390212644,0.097466238053039,0.10489454133406,0.1074872145630221,0.1029908807658524,0.1107887215800944,0.0915699203194314,0.1017506818675481,0.1059335312421299,0.076132531167672
0.0831414994125658,0.1165588097434752,0.0958929200233308,0.1150845308337229,0.0751020263463213,0.1031864212339184,0.1257942992758022,0.0761139313379079,0.1121548143212834,0.096970747309667
0.0852526313061943,0.1151233491283253,0.1203229301979992,0.12226642462699,0.0916667159427036,0.0996516727415986,0.0651406064109365,0.1078562035243367,0.1085307130906137,0.0841887528641193
0.1041602375522676,0.1013206307711803,0.0681164897763618,0.066857857742954,0.1070328292274045,0.0976896057659838,0.1941060172503012,0.0674469693462251,0.0987195117429175,0.0945498505901823
0.0976970797776505,0.11435231227486,0.1055234189908323,0.0971919183848761,0.0893139378370145,0.0890582241977776,0.1270424642202881,0.0864375476708249,0.0976806008271414,0.0957024956863312
0.0952260189319646,0.1053485412148345,0.1049371814801851,0.1157711977105393,0.0838812964167127,0.1074626545941454,0.104030848620795,0.0883280940975993,0.1086993854579516,0.0863147813691763
0.1034712996285125,0.1067925142333349,0.1074009627542587,0.0967554505142389,0.0968995901424296,0.0940716336241842,0.1156506051899725,0.0936783035825776,0.097052353894198,0.0882272863311678
0.1119814555660993,0.1402250349429389,0.1363347892314459,0.0447551322843131,0.1244514181980123,0.0234050649113977,0.1330980515631536,0.1182418531876944,0.0538954077689729,0.1136117921300625
0.0433601917173739,0.1637269003889626,0.089789241291719,0.1218770401165278,0.038396251081828,0.0621401823825472,0.1688641422409612,0.0499329673232519,0.1170103275052991,0.1449027551320243
0.1034187988190557,0.0999869947947546,0.10820589886768,0.1065952254591998,0.0970782048201899,0.1044962912628593,0.0983349095325457,0.0979360576642203,0.102835709162192,0.0811119095114465
0.1047216900854402,0.0811430319005396,0.0861745645298427,0.1192548982403868,0.088633645143433,0.1345963713329231,0.1132629818234931,0.0806471557869675,0.1199978712825985,0.0715677897515899
0.1087422192670788,0.0840085429694692,0.1124621718210397,0.1222715102784318,0.1009232107657584,0.1193986601594174,0.0633737125151435,0.11047892548048,0.1103652887229625,0.0679757577895324
0.1084780060142873,0.081638961436839,0.0995299977151742,0.1141861311749492,0.103792830660358,0.1200589713868924,0.0873457484568862,0.1019655358312847,0.1126356084069458,0.0703682085507607
0.0964730112124897,0.0944997013994832,0.0761339727062092,0.0967420274376607,0.1013620607276498,0.1154276751353978,0.1434431123815435,0.0786435177099766,0.1144471314516404,0.0828277895030109
0.039485495136749,0.0699544471733566,0.0860607373156979,0.0242092322045996,0.2774395195496829,0.0488224621426051,0.1166928561835485,0.2522744818316872,0.0786467607289501,0.0064140057924233
0.0715158567727936,0.0315919223047454,0.0064892896075647,0.189959625618581,0.0585777713559086,0.2471106387873352,0.1220441812807459,0.0318790291363022,0.2025890186170516,0.0382426660239675
0.0982365332625448,0.0844870779111858,0.0802422305336014,0.1053477155710591,0.1113941914983929,0.1314392839942254,0.109898043415432,0.093103027430323,0.1182839373296694,0.067567958880773
0.0760723516128081,0.1119531474492182,0.1696622951455078,0.0363340083960822,0.1995485739776107,0.0051920266657945,0.1032907244912846,0.2244470048659836,0.0336684431391024,0.0398314237936568
0.0828787306701073,0.1030453074047313,0.1239262453742392,0.1105643348582609,0.1487963686460336,0.1091669570302536,0.0003054859700335,0.1581335804739855,0.108690303897221,0.0544926854161795
0.1581272048753485,0.1021023287238475,0.0421898665726747,0.0571186618812472,0.0742452865658084,0.1571359353463157,0.2378059419291155,0.117450356786361,0.0511070926911454,0.0027173234696317
0.0853441117548247,0.1327266733890757,0.1269216424549868,0.1004841483589177,0.0978689451064165,0.0708005934887978,0.084648645981827,0.1098398337690901,0.0923105960801254,0.0990548094329248
0.0761601295437957,0.1101514454179893,0.0625195745774911,0.0864942824722698,0.1123744130410835,0.1103564325042475,0.1554467345935665,0.0801503276366681,0.1162579454778487,0.0900887143173124
0.0791295845071981,0.1131624863219663,0.1124737874135056,0.1279413050627325,0.0922308474265024,0.1097515551972155,0.0618807088099809,0.1063755551539967,0.1158413605522814,0.081212809380186
0.0742418412897564,0.0978841730661271,0.122687051359533,0.1251266494739362,0.1315417505905046,0.1148739394108809,0.019558379497275,0.1504024133519722,0.1140965967210906,0.0495872049820142
0.0260283789798621,0.1142136088938205,0.0997361253130176,0.2015089102506246,0.0557019818122343,0.1561046021755547,0.0121094877786571,0.0977598854641279,0.168809379383721,0.0680276394307825
0.0223107360335236,0.2058348526812408,0.1047053772285186,0.0348119621987735,0.1343843247597098,0.0155611161788831,0.1452701531853714,0.1151442893509692,0.0740819930345238,0.1478951942566959
0.2048919284136056,0.0037245430661558,0.1453760079585095,0.1875761444712657,0.0119387696126345,0.1900473445712329,0.0526304065528464,0.0615585847729121,0.1124011881699496,0.029855081543125
0.1291909163738575,0.0969951620325111,0.0111328162885199,0.1486274293833449,0.081130578607896,0.2108473553005684,0.1124110653035683,0.0789801682800388,0.1086611308824891,0.0220233767920357
0.1836443451012365,0.0578702609666532,0.091380765677634,0.0840517021913722,0.1413083674289282,0.0193090660401924,0.2330856280516056,0.0760372676516203,0.0368216809898386,0.0764909152978715
0.0459696754429047,0.0445404862580222,0.0274038633303581,0.2153891447017585,0.0643609172149125,0.2363531655617875,0.0507003655088144,0.0612850659754651,0.2173436066309465,0.0366537081707175
0.069932345161742,0.1213603854834247,0.1182152560424321,0.0832182863487151,0.1765493617261944,0.0871939445541224,0.0100345462762695,0.1715362821766758,0.0995707739604424,0.0623888178374821
0.1403334722922334,0.0479894395069512,0.1766866101295356,0.0866306062694373,0.0960980482865553,0.1270390495982629,0.0378545269504262,0.1323279024722923,0.1217064018121381,0.0333339416186423
0.0565444474346007,0.086152734020209,0.1775679574888559,0.046130197499448,0.0768998540570181,0.140475658544965,0.1347788391080804,0.1473908261161247,0.0968928721678173,0.037166613104095
0.1205956106603803,0.1590524023134045,0.220705337177345,0.0131933979544184,0.0577027241000753,0.0942938142065932,0.0428433147297631,0.1223298922951118,0.0439006276169195,0.125382878249236
0.1841000922508196,0.1126601684205705,0.1538566582309325,0.0334133772261307,0.0679422489857614,0.0193389610617792,0.2186173760894803,0.0655725540980312,0.0200414388631529,0.1244571240780405
0.1185122070960022,0.0883887618011679,0.1258601765583815,0.1208308927334208,0.0893470388638041,0.1147864996795228,0.0674146694795013,0.1052583044325705,0.0999605880756262,0.0696408610770311
0.1413479864898295,0.1028280142597148,0.1628130318616315,0.0756051497391655,0.1279127330514793,0.0636458486801642,0.0495795046408764,0.14659017677594,0.0557283858797892,0.0739491682404766
0.1052603612612352,0.0977372233075171,0.1236058970932439,0.1121944791157969,0.1085726858492779,0.1123341472106265,0.0550518914402567,0.1196305616077154,0.0994046766293552,0.0662080762422179
0.1105907204679049,0.089759390539208,0.1184169500490919,0.1110168723629951,0.1102354319826392,0.1199761468668718,0.0610888229606638,0.1160827421593407,0.1014498675038791,0.061383054836337
0.1245197811909875,0.1214830892660145,0.0094147572266169,0.2147490857387943,0.1287449904209176,0.0405261624770507,0.0082106556111498,0.0593528115120996,0.1693732887561569,0.123625374848838
0.2210444080800945,0.048007349831578,0.183462430860391,0.0263061457513744,0.1739439033770262,0.0362327359435829,0.0663774869107771,0.1773955138796043,0.0418363458927795,0.0253936773373682
0.1244074070561077,0.0443885097611141,0.100100974168695,0.1593605814143643,0.0762185463302308,0.1921962712242211,0.0500640866869985,0.0902379144265712,0.1331484409385977,0.0298772673184768
0.1968484540571878,0.0005417297535262,0.0764233585903288,0.1331329754891081,0.0259561740400422,0.1946178325513079,0.1997644092359914,0.0130375663126888,0.1133766977500665,0.0463008013719775
0.152188584663466,0.0641404198957588,0.1350220377090567,0.0842039268061852,0.1387778838559384,0.1167003637731288,0.0518986797897841,0.1407685255336093,0.0748611630746501,0.0414384142713926
0.1547489862259013,0.0674013737834393,0.1881774444230277,0.1116293131852839,0.1008639729150035,0.0879439457736207,0.0415775378553715,0.1565717973033421,0.0537175839510681,0.0373680437383749
0.1339387776089754,0.1222011922359463,0.1286646753818398,0.0631225795033786,0.0789561657665816,0.0508869107325468,0.1744482215268215,0.0772587118045631,0.0567105803901659,0.1138121846714562
0.1195341901147509,0.1048549977656222,0.1365840582308453,0.0888782444279784,0.116336121877938,0.0813371912475874,0.0708619580763356,0.1250820249930542,0.0788438242639277,0.077687388864288
0.1227808646679598,0.085402589738768,0.1065851989123402,0.0979368998492653,0.101018305324714,0.112281950299818,0.1100551497709241,0.0951388129595168,0.0960071697712113,0.0727930585607607
0.1057696980965756,0.0940005792038552,0.1151535804465185,0.110375549090413,0.1060021300896066,0.1041721127783159,0.0739715319523498,0.1094136611289662,0.1056537844662208,0.0754873723797976
0.1316789452489357,0.0791445542789422,0.087534844751755,0.0637661574133308,0.1299106117896992,0.1095443859095783,0.1468122264405117,0.096311733603098,0.0863300274441982,0.068966512918361
0.1249791495728676,0.1265731882245035,0.1383640584636403,0.0467650972948431,0.1301511192485367,0.0460690479791841,0.1176396724367908,0.1248508731581667,0.0501858740816784,0.0944219190736295
0.1378329292910447,0.1035026514279116,0.0874656721462233,0.0569269549335533,0.0760457618717289,0.0859683546991082,0.2322653310864484,0.044050961725984,0.0719285501206764,0.1040128320631557
0.1301934804603072,0.0614804877736712,0.0874645911894931,0.085289314952738,0.1344209469627835,0.1377035414215929,0.106101990082703,0.1078947831899691,0.1020147017233027,0.0474361620463431
0.1147993763063938,0.0915890841088762,0.0828632127237022,0.1089350623792047,0.0573498214423178,0.1200030063852711,0.1775980253838774,0.0457347733629879,0.1077969898763742,0.0933306478584392
0.1198189398356052,0.0900055632235005,0.0718976599608406,0.0890742251594166,0.070907737104988,0.1179628023939202,0.2026597532223889,0.0438784904766822,0.1009838605849494,0.0928109677577281
0.1064424432173613,0.1357354048005837,0.1407780483159236,0.0566224044063265,0.1316383667218837,0.0355570957349471,0.0983125431107244,0.1296660928442399,0.0626147953253334,0.1026328052703641
0.1676863572724729,0.0598354002755871,0.1317250838589929,0.1512334975417191,0.0482979336188372,0.1097079382281151,0.1580491147275927,0.0007079043980363,0.0794041618757549,0.0933526071957342
0.1588817724418351,0.0987887348571457,0.1775489538916877,0.0404988290485112,0.1766709222449882,0.0413243697746107,0.0251512908607032,0.1866249713345026,0.0318940274086175,0.0626161277642971
0.0789219549069002,0.0956606093280253,0.0876652369229259,0.1333152572468592,0.0907901322902703,0.1380102364874625,0.0823952916461027,0.0897575049132586,0.131922123972108,0.0715616520734995
0.1754868952406956,0.0063382000803823,0.157916134100663,0.0558883371466626,0.1944470870273322,0.0235265690861225,0.0938970908948738,0.20373627750351,0.0643418595036612,0.0244215488454103
0.1053536214114401,0.0706899856040174,0.1790486139154478,0.0364247954858339,0.1422046708200173,0.081705103302143,0.1093849658553037,0.1851979945182168,0.0653586508471496,0.0246315978491036
0.2360647213834178,0.0607532658735506,0.0068940569331779,0.0073780888685403,0.110006405431354,0.1756038226843414,0.3134716440470526,0.0025570507246107,0.0697565560991925,0.0175143873905305
0.0534931082103408,0.1131039078782619,0.0972867635721595,0.1579238472752464,0.0763969243022081,0.1384843168982255,0.0493431839810329,0.0925959517785762,0.1443303525991048,0.0770416432193294
0.2863514387994753,0.0203855800122235,0.1585055474048028,0.0087018968922946,0.1686220285006823,0.0818601250194467,0.1053815577717095,0.1494063914835602,0.0033473232737591,0.0174381101471113
0.036799304735993,0.1487208346534122,0.0156522178585218,0.1661466498758889,0.0349365440211014,0.1499299789747598,0.1338876518386361,0.0205426212024254,0.1851455576225971,0.1082386385010595
0.204130142331876,0.2137991208153934,0.0323668353854729,0.0321742945637287,0.0643826511391546,0.078640235189507,0.1057193017237185,0.0651101633974677,0.0600842469537153,0.1435930075095249
0.1991910411009951,0.0310758627237045,0.1459402904045159,0.084749352513555,0.0832897263421454,0.0930849183376153,0.1115740677200241,0.0888027585852643,0.1017938326204898,0.0604981489039592
0.3136653607578202,0.0036840986018955,0.2274517827683258,0.0368244224208081,0.0918929196701305,0.0291241740677941,0.0787885342239902,0.1356702550647264,0.0318139164125847,0.0510845349226532
0.1675026412710785,0.0099074072143816,0.1960845425420377,0.0548943546378392,0.0609114074446966,0.1264866588446422,0.1007364316964952,0.1376464270019091,0.1295632894875705,0.016266839008745
0.1790362517104023,0.1095788162390483,0.1038174591640595,0.0040084562633762,0.1214085626607365,0.0526009827826762,0.1539500903834162,0.1440905368698669,0.0384263935291968,0.0930824496099781
0.1570108211910679,0.0533406831795611,0.1542747876764735,0.1061245348273776,0.1346389531315471,0.1128979571844139,0.0127123859518472,0.1605331433050489,0.0759300370124256,0.0325366961720075
0.1660998066233631,0.0873182648748901,0.0271935846124203,0.2001806888880286,0.0712744524847863,0.1321212824813706,0.0966224041026571,0.0221726359189708,0.1715290365666385,0.0254878426505408
0.0847313970915845,0.1843006676811768,0.0191999053241289,0.0936058162514054,0.0894551210750193,0.0075949449232381,0.1932124383125873,0.0769164370274848,0.0911771044290345,0.1598061671371681
0.057148409380575,0.0724664231338493,0.0456661394919667,0.1473554144002597,0.1070333083226426,0.1935844595623172,0.082090813361332,0.0800590010125378,0.1699962482749143,0.0445997826748188
0.1967251912276453,0.1845494820672233,0.0543495930677315,0.1072906495062973,0.0189077661786445,0.1586290720644252,0.1135491922925533,0.0336784758123784,0.0237415288499284,0.1085790478951039
0.0745231086242122,0.0946426089079461,0.0900355178820743,0.1145162358055786,0.1324841292213373,0.1371785296944088,0.0528568332024542,0.1214670351566148,0.1269917317506173,0.0553042695497947
0.0412704704040342,0.1906686726435886,0.1185955684536119,0.1088839867056331,0.1158491585955174,0.0435415880754462,0.0323659946242836,0.1421663734723701,0.1106678553440287,0.0959903309122601
0.0512911411522764,0.1418256179688113,0.1000558490745139,0.1205881611394385,0.080449354006829,0.0964381795397246,0.10124308682943,0.0855880751568855,0.1192550873314092,0.1032654475573359
0.0187619790486794,0.1432665941675593,0.0579961993091989,0.1707643316195662,0.0046650879347404,0.1382355477023354,0.1697375813740705,0.0080232454044302,0.1663645233408707,0.1221849096326467
0.0613058054409687,0.2206709888221077,0.0288679241260766,0.0620332952577376,0.022443121276376,0.0124999623503826,0.2679356553266822,0.0413079091958202,0.0910960471783427,0.1918392900919814
0.073676058585023,0.1345605275012353,0.1114351742864816,0.1075122421893957,0.0793783247927029,0.0798040545959062,0.1162916097121269,0.085656470601575,0.1032099459206226,0.1084755915118588
0.0059365221681725,0.0972111552010385,0.015301055242064,0.1498544756974774,0.0124310483012636,0.1660804058634362,0.2292595480957477,0.0473658304276128,0.1740948140900118,0.1024651443156862
0.0357629270041869,0.2067909736286604,0.144089230813968,0.0914984163658894,0.0498787572329563,0.003185520056657,0.1450166047553239,0.0740640264113513,0.0800987752351096,0.169614767709543
0.0562011944483611,0.0692704922410482,0.0351032002450345,0.179365164764027,0.0431548513814242,0.2043940330959641,0.1320582495739753,0.0270620351112043,0.1853198532853852,0.068070925295881
0.0957385151648162,0.1460635756117484,0.1383900783858383,0.1302292044771217,0.0281035651005368,0.0700743820892617,0.1159709803989174,0.0651871594593523,0.0896557444275917,0.1205867943738563
0.1125530294058084,0.071472422563643,0.0886861603914044,0.1124345743331043,0.0944625733467611,0.1320747497910282,0.1185109173933258,0.0811610946263468,0.1174865252085723,0.0711579525577838
0.0930397273077209,0.1473069369825328,0.1298896445673913,0.1415443715342691,0.0023552388655736,0.0752744807025378,0.1473690362965562,0.0373789455213203,0.0970853411868349,0.12875627651581
0.1019676337435647,0.0863268716069355,0.1023981923622528,0.1274320777091501,0.0842824528642429,0.1264629863699692,0.0894669526981331,0.0886082586296907,0.1180231848034048,0.0750313889938142
0.1139171578158701,0.0907119787254266,0.1097814572860737,0.1094122920799181,0.0848489897635648,0.1054915896286764,0.1125467193131922,0.0855546260475469,0.1025147338763381,0.0852204552248789
0.1243950930451635,0.0468715355119573,0.1393135861921851,0.0488008378626096,0.2024188417201617,0.0838468939222256,0.088789331193477,0.2098033990566477,0.0474464810443584,0.0083140000087473
0.0774223374181303,0.1197300467588207,0.0939427065195444,0.0972977057289204,0.0215697551602322,0.2300519979606177,0.1308288142084044,0.0511734223624101,0.1382513430723438,0.0397318699576994
0.1161177429422496,0.1064008103884184,0.1339418009181261,0.0837265567822925,0.1337630314785986,0.085213054919409,0.0552782151877103,0.1395108251037385,0.0788052951655246,0.0672426668085572
0.0735121589701632,0.2016678631402101,0.2043391683741422,0.0693673999999117,0.0841692092516355,0.0386876033747941,0.0255344904396789,0.1452831988505823,0.0256679248087739,0.1317709823979301
0.0916406955413889,0.1359760615962259,0.1743526155202873,0.0222959802403896,0.1999834775607314,0.0459931273462874,0.043752485961007,0.2133694776044145,0.0170238863058329,0.0556121918845502
0.0951583868624214,0.1521952778893384,0.1567667889334614,0.0924512745966277,0.0920579896098796,0.0419972036102869,0.0720309277676634,0.1207150342175275,0.0693952119439464,0.1072319043002437
0.113309540927249,0.1319413530618316,0.1406066167372823,0.0711975097910463,0.1109705076319496,0.0502193225216186,0.1006949178512155,0.1183463547867712,0.0648432435395078,0.0978706329169828
0.0838781404733952,0.1322728714752946,0.123351440587295,0.1204824656041604,0.0736906140469382,0.0896825332384072,0.0862679169993569,0.093620663888405,0.1016890926704953,0.0950642607778891
0.1224338114582038,0.1064069002664855,0.1172632370139952,0.0364336314753473,0.1789737895216603,0.0707732315120971,0.0880429343080829,0.1521309904923604,0.0629984838907632,0.0645429897974726
0.086252866593158,0.1285459824846153,0.1192652631625619,0.1108825041772824,0.091493457344884,0.0922018853895612,0.0803780725912884,0.104371170416452,0.0990722463743042,0.0875365511808179
0.1126924559923344,0.1266389035266347,0.1205527246374075,0.0567578931255545,0.1254942246161086,0.0580767222288333,0.1250587792935762,0.1141090980102173,0.0669567363763011,0.0936624619330006
0.1463385899222631,0.1237120842603058,0.1435198450350677,0.0659390605906933,0.0205327202904547,0.017675277654958,0.2663093497682264,0.0003605677989065,0.0318955180710105,0.1837169857526793
0.1557672316075831,0.0519190622035635,0.0795123029913988,0.0887106407560186,0.0661572132798622,0.1185364969541846,0.2131257075609905,0.0378644011185641,0.0968273554580396,0.0915795876625242
0.0173155021594859,0.0616130632542857,0.0669223212924004,0.0319955256647719,0.2759803558274463,0.0525207023103437,0.1657706271928907,0.2388689048289413,0.0270432683649909,0.0619697283208076
0.0799518114496067,0.1562975496485222,0.0732358021447332,0.0788812250709386,0.0481916075246719,0.0283014865939715,0.2804925949452913,0.042387672247714,0.0633373832990875,0.1489228661765812
0.0995459679152939,0.1348512638430027,0.1135469474471823,0.0569271106771379,0.1435682328806369,0.0711759804483951,0.1015915045097024,0.1282857823541026,0.0744336455645387,0.0760735636872457
0.0776713868849642,0.0849026051144699,0.0576849640794721,0.1550415260094801,0.0624874550235542,0.1808818267743454,0.1133056898655631,0.0556450841881198,0.1532585229125143,0.0591209387477261
0.0657571616134624,0.0370603549778646,0.0575817211361509,0.1090053528712306,0.0101079625721217,0.2097066028914019,0.2595107148709856,0.0613348697523171,0.1553669733624075,0.0345682849619276
0.0659754450521589,0.1539004931758548,0.0864686554002496,0.1354985408551285,0.0245196336782674,0.0846658696056024,0.2021402508333111,0.0055046912196449,0.1104311495464321,0.1308952699886277
0.0707060384822729,0.1440354916647286,0.1163921053231313,0.1168655511402858,0.0821743595815188,0.0915592620428567,0.0844647398025047,0.0973763405017,0.1056178048618794,0.0908083061639979
0.1141045614490147,0.0912500223756822,0.1050409633274152,0.1043073458142789,0.0923072442994604,0.1088478686766099,0.1132867624222867,0.0891288790611185,0.1007766992228409,0.0809496533027571
0.115656524884647,0.0971615208417794,0.1113762572248388,0.0971406238165224,0.0948103079687105,0.0968111682833578,0.1150717852885964,0.092709201625213,0.0934301182230201,0.0858324917864332
0.1120950297717862,0.0948564903204328,0.1103638783688363,0.1024400957545698,0.0980775571252953,0.1040600593513753,0.10230768842493,0.0972980320336627,0.0981056710367627,0.0803954977639207
0.1133759394019045,0.1021578087700164,0.1149365626788475,0.0947874410012165,0.0968526015976737,0.090797750807537,0.1117640302653188,0.0966175537991135,0.0903517363595782,0.088358575261281
0.115758597633739,0.0975550761963296,0.113162624984421,0.0934439331348284,0.1021630470515984,0.0951582723566649,0.1088715810774237,0.0991413051584927,0.0914276935425182,0.0833178688163856
0.1144009134481842,0.0914428118881473,0.1051131832865863,0.1015575499194965,0.0957885305674378,0.1079176670210909,0.1129228277217879,0.0913113077187694,0.0995803484982916,0.0799648598920502
0.1160279209043536,0.0950199815572791,0.1106726478408072,0.0998614505743967,0.0936328754979896,0.1004550123599145,0.1129502577060207,0.0920373496530661,0.0953369603548704,0.0840055435028093
0.1165795313374493,0.095962416291028,0.116632712066921,0.1011740696334186,0.0953641880869041,0.097780363825473,0.1020972608160709,0.0978171458249274,0.0936098201156728,0.0829824919537026
0.1174262428844985,0.0972330942314202,0.1184066273717046,0.0947632084178003,0.1038114305683255,0.0934571575825988,0.0988254271309752,0.1045464753841977,0.0896626440920376,0.0818676922937223
0.1170462190333488,0.0943740718141031,0.1139341435555135,0.0941658503200034,0.1065284230110458,0.09812805772427,0.10081483716553,0.1037625960382146,0.0920321101657559,0.0792136911286724
0.1168180212924247,0.0973969610446789,0.1153506718283772,0.0930371007344597,0.103886935308823,0.0940709731153963,0.1047688494370778,0.1020425119769249,0.0901172471150714,0.0825107281072394
0.1167478689320408,0.0970606787862821,0.1167055410102517,0.0956199537867642,0.1021506647386586,0.0948442511214258,0.1015580486390653,0.1021573540497451,0.0909511385023433,0.0822045003914964
0.1135781119092298,0.0982284273688442,0.1099063826626364,0.098493729131402,0.093283197068063,0.09828666557864,0.1161966633226176,0.0910181015701753,0.095017744843409,0.0859909765012471
0.1149115577012492,0.0961797890089717,0.1138621957098546,0.0983600521998938,0.1002807258927842,0.0987623589931217,0.1023790049392593,0.0998808146202094,0.0938305812111201,0.0815529196825633
0.1148284981074038,0.0965711140592833,0.1064321146294922,0.0960299571167798,0.0940069341037533,0.0994839388096425,0.1230509938660138,0.0884997041551029,0.0949873768411777,0.0861093682631668
0.1139552679359751,0.1041890213636726,0.1202804132330468,0.0931075805317505,0.1012381756445255,0.0871475247243009,0.1026215004016287,0.1029442354514176,0.0878041471183975,0.0867121335604864
