0.09998198910657,0.1343314964004361,0.1509174134352946,0.0256235132920875,0.1833627164771291,0.0067611150503695,0.0726357200654561,0.1869636883431182,0.0387074389413972,0.1007149082485285
0.0939266716608249,0.1021438850264662,0.1080716583495503,0.1079242923013095,0.0990776754852428,0.1015150848403228,0.0953461702781841,0.1044908220047383,0.1031256753353048,0.0843780644797137
0.0756850540834122,0.0303219321886559,0.0364800000467965,0.1913914296669206,0.0486398392857654,0.2235012249178281,0.1129534113644545,0.0472289148327692,0.186587750467306,0.0472104424328948
0.0607822662724516,0.1207572544540817,0.059006339613727,0.1490072955073206,0.1056012259830427,0.1344436092518315,0.1617771407608027,0.0379568369887029,0.0873229595977854,0.0833450708060141
0.0842673925934375,0.1103383783825959,0.1206822238317949,0.1441497680695006,0.0547976304237815,0.1052558676635615,0.0841867107558531,0.0858299996241907,0.1153631390245727,0.095128889356814
0.1501031345621496,0.0854399800090699,0.1228287392004132,0.1362251917181121,0.0463617438631627,0.1329779472242213,0.0965406442258787,0.0507231524209489,0.1078767836464598,0.0709226822462764
0.0958190454399428,0.0833065569105489,0.0817515334656893,0.1331729011306399,0.0651407799177012,0.1385907699435331,0.1294554293962728,0.0647790401162216,0.1269684438025664,0.0810154996839582
0.0797717589007657,0.0446190428924292,0.0483358627035813,0.2052281548218348,0.0018018475958137,0.2033411106793257,0.1422115373753946,0.0215399007706492,0.178390930225012,0.0747598533618874
0.0933374800493839,0.1089217360425525,0.118420279897933,0.0998387415122336,0.1089012544321753,0.0862385914830199,0.0845990896352464,0.11822111867707,0.0943403080662209,0.0871813999034477
0.0963643141472737,0.1085487894648942,0.1100827383363565,0.1228722495122811,0.0619108602936391,0.0996380278857857,0.1196334342712791,0.0760784923161912,0.1061415493235313,0.0987295442911252
0.0545722420311533,0.1557895889489063,0.1347615694353304,0.1492448813597914,0.0283813610065088,0.0327477619364169,0.1506548963261661,0.0387612008505338,0.0928267082144601,0.1622597891266616
0.1051132150638766,0.0792033290806172,0.1104242644274888,0.1263770465119926,0.0941869884219785,0.1225957860270668,0.0725100965158786,0.1081660789330914,0.1123983556553306,0.0690248390500748
0.0868226236542988,0.0511227455375381,0.0440506381707638,0.0014640533555249,0.0416880825459518,0.0357982295144337,0.4361791878706496,0.1119421217362714,0.050667371140469,0.1402649457283722
0.1058081420891143,0.0766353793370386,0.093171460856656,0.1241357253462134,0.0899783579414539,0.1357146529767564,0.0976520683221196,0.0899939838828467,0.1187759855605328,0.0681342435343221
0.1080568123805698,0.1029756177762856,0.1164933160824012,0.1085537881408749,0.0790098778513459,0.0911382701218378,0.1142488715764784,0.0902436535072032,0.0953556761930506,0.093924116180852
0.1178234244496726,0.0760511246285082,0.0530396591166257,0.1133726129931703,0.0271821666072557,0.1297129277473056,0.2499211596709541,0.0053966448069133,0.1188020695301769,0.108698210181361
0.1087154704730617,0.0297502297437094,0.0421289015369559,0.1664483188081585,0.0377566247949685,0.199213867864289,0.1626318911754532,0.031483682989015,0.1601034967558272,0.0617675153533964
0.1203167069530788,0.0858704596855841,0.100460043064635,0.1026922542732524,0.0783753024728027,0.1038155264297711,0.1444185317658656,0.0764031820818261,0.098194495231672,0.0894534978220946
0.1075581242705432,0.0935377406955655,0.0990796164532638,0.1223035781644599,0.0596748233723879,0.112675272100783,0.1365186873779329,0.0658758504739663,0.1094355224738656,0.0933407844679354
0.1183795556436863,0.0892498386258288,0.1413323388592618,0.1078638576707563,0.1156747274657684,0.0900830972911,0.0395288652158064,0.139817083143207,0.0869855834037093,0.0710850524169111
0.1202605785621166,0.0814650018398313,0.097869408322087,0.0998231443980449,0.0847120998305696,0.1042690597722225,0.1445971759856643,0.0821585421381212,0.0974865135074652,0.0873584753299021
0.1162173032625567,0.0921004708841862,0.1131760277710375,0.0908967878964665,0.112597023304684,0.0953244822838454,0.1002699125317378,0.1106779529024576,0.0904305589054732,0.0783094800964858
0.0950146684771454,0.0805317699113355,0.0651328928074311,0.1452966396878307,0.0304503871142319,0.1464481228621407,0.1765280834304128,0.0297290419144019,0.136069057289192,0.094799336218999
0.1096924748906513,0.0810322257863251,0.1198511813571656,0.1198950576052254,0.1088530300559215,0.1176657003491884,0.0508483070705526,0.1231434732489191,0.1059366082209189,0.0630819411989141
0.1041735175253603,0.091489418131189,0.1017665360519171,0.125139748451265,0.0701139911622325,0.1178363770608239,0.1139403616093617,0.0786187981609997,0.1119640787619022,0.0849571729403415
0.0987977216600018,0.0961799124074624,0.0953104261584905,0.1320516074646153,0.0463918030628504,0.1144647870770517,0.1437300610910863,0.0584133279032121,0.1153298285551462,0.0993305243438101
0.1073584215577464,0.0884129195510201,0.104971853787518,0.1281830753903722,0.0684222792143142,0.1184925265217811,0.1086826526859963,0.0796847986136939,0.1121514260856175,0.0836400464232774
0.10558527576131,0.1079933525854987,0.1157712334459293,0.1159784787891741,0.0603246562065505,0.0888137499972512,0.1286770366600853,0.0760983838437719,0.0977222271007984,0.1030356054000737
0.1004847529840596,0.073391577302287,0.0523191472624107,0.1399827273143297,0.0069871029647665,0.1367675875118558,0.2392489976733659,0.005234959729067,0.1333684035611515,0.1122147429874612
0.1122913154726627,0.0822854702033315,0.1068483851473137,0.1037608892796221,0.1147998919591041,0.1157069635386239,0.0820526603036053,0.1135468763534138,0.1024870242612666,0.0662205233281056
0.1051199318770072,0.0833638693439487,0.1010142519621482,0.1267955095067151,0.0813294545873109,0.1263850181719077,0.0969648859278636,0.0890238755462409,0.1153672569185326,0.0746359459714817
0.0834147321890214,0.1095161998052637,0.1371432416797284,0.1479987687887654,0.079786846553281,0.1067098797372379,0.0227619124359331,0.1201307696749427,0.1137594519255926,0.0787781969858977
0.0557918619009352,0.1137330400433361,0.1096315188250101,0.2028662418549175,0.0097672713575503,0.1321211177794869,0.0751659255859588,0.0489338809231452,0.1470041782603958,0.1049849630931592
0.1011549009972737,0.0850407167810967,0.0985636971747564,0.1202331973775804,0.0962081530618869,0.127622838151176,0.0884734946720401,0.0979115561702784,0.115343067452201,0.06944837802703
0.0855014832511333,0.0929482337466215,0.0552558259852572,0.1458450007859851,0.0144211365871904,0.1451979810729257,0.20654687279029,0.0075578345758801,0.1411052791406563,0.1056203518482673
0.104507245405424,0.1102162355040656,0.1303125242457534,0.0944756931552953,0.1131879624281623,0.0786987116593322,0.0734857568128197,0.1247889051026076,0.0858759199918952,0.0844510455078248
0.0852635443812092,0.1012590394958001,0.0839201684957911,0.1410537717608325,0.0409429691795592,0.1284003955881074,0.1459711049952265,0.0475471240051284,0.1287866749412454,0.0968552069874031
0.0796672377778225,0.0960610824763457,0.0834800172921053,0.1474173212111569,0.0545463476676877,0.1406602077515388,0.1157484523535438,0.0626969573276987,0.1353576735678187,0.0843647024063746
0.1020030272262678,0.0922344612029007,0.1038658879614535,0.1040920268908111,0.1123185257364211,0.1135806447490646,0.0867068681111492,0.1090445920904367,0.1056834002831329,0.0704705656219494
0.1039211984977492,0.0999140013875438,0.1100030418613478,0.1018676901380103,0.1023782147145349,0.1011972350696674,0.0978639170735058,0.1029803918928456,0.0995666756073667,0.0803076336398328
0.1042255524724709,0.0948123725407673,0.1116138852231224,0.0946034943340957,0.1263381357360945,0.1039273860626895,0.0748569430952212,0.1229520131679563,0.0982091031343071,0.0684611140869814
0.0987291804877579,0.0935866879471982,0.0795298453661579,0.1054588015214488,0.0838996070176625,0.1208131847951483,0.1501671577116327,0.0685783404094139,0.1141014674329003,0.0851357271781924
0.0828555837996071,0.0842634331615748,0.0491978349963858,0.1298448984018352,0.0507241603028623,0.1491687764207722,0.1909026039493637,0.0323761312979327,0.1406613474535492,0.0900052298242439
0.0528148359680518,0.1232131179571218,0.045054639732734,0.0531399480791457,0.1385323809641908,0.0909555382342897,0.1985786757005087,0.0901237146126417,0.1094862550831248,0.098100892896526
0.0719973124398601,0.0870490034794443,0.0439918253497009,0.1476049128337339,0.0376478803369797,0.1620493465354925,0.1825265749307951,0.0248704325804495,0.1525068741753014,0.0897558370247793
0.1033078912565198,0.0892728758499565,0.0899388489100118,0.1010679137389088,0.1044795416599601,0.1190274366784118,0.1175541497845679,0.0921919261762794,0.1087839860201736,0.0743754298027412
0.0984604772241656,0.1031476469120655,0.1078520113917298,0.1002609299184978,0.1075732997640006,0.101074198756879,0.0945877596391685,0.1066493802376644,0.1006541930649096,0.0797401029589748
0.0947189292445024,0.0973067426752563,0.0925089616147308,0.1001863279577517,0.1071868868945046,0.1115186608465202,0.1122816196788005,0.0974736717287056,0.1083998752040525,0.0784183239172263
0.0951133778422967,0.0674257369210003,0.045085083211082,0.0951591365450623,0.1236287117208278,0.1566885540287756,0.1486686764412681,0.0809823137478301,0.1298610879074546,0.0573873214152997
0.0870337761056737,0.1048538326636164,0.0999754376828787,0.1140415923339276,0.0942145243080033,0.1107485858697425,0.0987777428344727,0.0954221566157754,0.1129727064423997,0.0819596449284566
0.0960963529313456,0.1028199429914882,0.1091029900554319,0.1134676961273443,0.0937716608034567,0.1068623053312959,0.0905393382027362,0.0994271257868651,0.1068857997370733,0.0810267879008948
0.0875343544691716,0.1205994966645541,0.0710992731288628,0.0867116084660472,0.0649637285362357,0.0878849507829446,0.216510184990386,0.0430934374703254,0.1034521843180784,0.1181507808807062
0.1073386116964671,0.0940972384917433,0.0938933961603714,0.0972941159707175,0.0964781322609127,0.1083442795346075,0.1313036434128142,0.0852479769944136,0.1032555542525026,0.0827470510919194
0.1034416094187595,0.0992507937441685,0.1122105577111836,0.1015505390487779,0.1093658540526035,0.1015674717623889,0.0857986415682559,0.1108339956346569,0.0992326173826178,0.0767479195534643
0.0943420088634843,0.1018074859971045,0.1049310993542641,0.1107389812142434,0.0984308005871154,0.1079761079743832,0.0931665383139787,0.1005712601658398,0.1079757020555598,0.0800600152960054
0.0926079155719996,0.0941596782161084,0.0937247827956615,0.140751162978637,0.0576084617632249,0.1311813253045088,0.1122458599779428,0.0668940733857895,0.1261994402606233,0.0846272996076468
0.1062661717422688,0.1140007021537324,0.1085062497221028,0.0741800765386747,0.1110713820792635,0.0755216308855335,0.1327096219289464,0.0997129306887662,0.0837327770884826,0.0942984570474932
0.1036148194196575,0.0995028834998304,0.1237696077877222,0.1087644074367763,0.1110255626012684,0.1008094036404922,0.059243642055474,0.1216645800045671,0.0991607292565777,0.0724443641730671
0.1035310822369695,0.0943257734736866,0.1032307632048989,0.110075723318194,0.0959880354937286,0.113324405290991,0.1000515495533772,0.0950780301715552,0.1074421954945547,0.0769524416648314
0.0974559778641213,0.1053687593608208,0.1097407303577307,0.1159239623692127,0.0828853965344929,0.1034546874870721,0.1010079987000225,0.0905512314094379,0.106327361417231,0.0872838943630248
0.1088021626958895,0.1139434830654182,0.1189473778990027,0.0894286521832117,0.0943868634773245,0.0762770658545459,0.1197266105961509,0.0962812412671211,0.0854962673799739,0.0967102754829569
0.11062940899964,0.1063849018654543,0.122756939137991,0.0719543170302399,0.1404222840307996,0.0772582584663294,0.0802537921348153,0.1340587310277413,0.0797098899409144,0.0765714772368286
0.0924878248178584,0.1052057924912162,0.1097978598075975,0.1149292743594101,0.0949726773854061,0.1053233967756596,0.0854550709390368,0.1020202753942898,0.108258322424605,0.0815495054079009
0.0990486611213334,0.1182354626468079,0.1350264094981926,0.1006299511321224,0.1067447941149942,0.0764220691205871,0.0659051377128335,0.1223472908856982,0.0885366083951471,0.0871036152293541
0.1057362697648393,0.0995108320531527,0.1019700698510976,0.1016310014436525,0.0926530180907942,0.1040331773749677,0.1199366605757312,0.0880819459399467,0.1017932182053785,0.0846538066124178
0.1034358983952937,0.0991620479310189,0.0991342283264256,0.104916834802521,0.0896340177990841,0.1077115604356124,0.1215213928396234,0.0848193983435078,0.105014276752762,0.0846503442869827
0.0987091638877401,0.1026524077535263,0.1058598762132684,0.1030019263415163,0.1033771178424072,0.1040898560910151,0.0976456744105974,0.1016117752540212,0.1031809948175899,0.0798712072764463
0.0968188473268181,0.0964991440857756,0.0970486855588856,0.1244300780826021,0.0758470696291693,0.121492188579793,0.1101123186071051,0.0783691870600363,0.1171819450530009,0.0822005359127305
0.0963655483484211,0.1076818289887373,0.1074799241919669,0.1057791689939996,0.0948240627948086,0.1000273191253045,0.1029763031654308,0.0959938619868935,0.1031979060806899,0.0856740761939393
0.1062724959739893,0.0937556936032838,0.1005982314709669,0.1055706017092561,0.0954261750922715,0.1116792663534452,0.111552873357922,0.0908446021305043,0.1058791614509518,0.078420898752615
0.1019628141536544,0.078825701124591,0.0795423741636196,0.1225792179655335,0.084761431302778,0.1422751859125124,0.1203853699432287,0.07462917701319,0.1251478124968925,0.0698909158085941
0.1073230523583326,0.1116818872407846,0.1237684892988778,0.0890314216713858,0.1094200083801855,0.0789503337224606,0.094038512052857,0.1125022731634117,0.0860959321210423,0.087188089875502
0.0787302530087537,0.1377123858794285,0.1501464696366697,0.1071056502515336,0.1164124763786862,0.0639223766874908,0.0225283642887435,0.1458526061612091,0.0890178631091813,0.0885715543338883
0.107001002822807,0.0938452254260706,0.0936222767593938,0.0986865106468928,0.0967170736425113,0.1097926986764162,0.1284030362224547,0.0856319860006666,0.1044620429871736,0.0818381466665884
0.102590214787486,0.1015538893195583,0.107861003695988,0.1131748048962132,0.0833291629119474,0.1053190411522382,0.1074423301740931,0.0874424953726877,0.1056790827150284,0.0856079748601221
0.1092054919871455,0.0996826694394408,0.1209009293061926,0.1029390856218646,0.1060096504012194,0.0969384207750413,0.0791673093119155,0.112179824819798,0.0956556384540204,0.0773209797823384
0.1231749934319523,0.0877025832116486,0.1027793412913378,0.0724200553879658,0.1282707284782206,0.093989888321601,0.1206133667955732,0.1091065971476638,0.0878552952874669,0.0740871504068824
0.1136896461705854,0.0944496161974781,0.1149570202030542,0.1003846585364085,0.1044890235950185,0.1002042820049617,0.0926951323819891,0.1057119191610768,0.0964042709563529,0.0770144306670796
0.1070787077726935,0.1012951749067674,0.1185487377615321,0.1226326221301936,0.0717472656072219,0.1027114144136988,0.0970375756799557,0.0868014559775503,0.1042739432265359,0.0878731024122747
0.1217210733784122,0.0913281757208702,0.1112586157786523,0.0860172970381848,0.1132987933959073,0.0946363664326729,0.1089154458239809,0.1054204595459944,0.0895493640714285,0.0778544086691525
0.1167436099986908,0.1035497652712348,0.1271984555554477,0.0901963900205379,0.1094743735814577,0.0805193787626618,0.0899334832892239,0.1140037890871339,0.0848798544915506,0.0835008997869493
0.1131032862254562,0.0908418812603909,0.1116536732238441,0.1017406709118318,0.1082442841627531,0.1067254777199279,0.0884220248389641,0.1071641733993048,0.0994829805201754,0.0726215476315272
0.1113781472369734,0.1091219605851495,0.1221331230352448,0.0890939095948373,0.1055829618281175,0.078795826279727,0.1012576087010237,0.1078402432713333,0.085796952772459,0.0889992665394206
0.1144474514311268,0.10575164917768,0.122994116117683,0.0917260235334024,0.1025792049930048,0.0816540285112249,0.100744703551563,0.1060406472125047,0.0863993587342028,0.0876628166070349
0.110407596433875,0.0893403056092275,0.1028154671743891,0.1050873065803851,0.1017991688673539,0.1133764062725824,0.1009456040486448,0.0974105613287894,0.1047612354258186,0.0740563481571261
0.1024737692314857,0.0976737197094625,0.106764480487108,0.1148101097057003,0.0886371464254126,0.1097954534812276,0.0985170512151495,0.0924621371939519,0.1081025700362642,0.080763562360481
0.1097775956650363,0.1188033850244871,0.1175430900831613,0.0842045500260208,0.0889765287084088,0.0685015368771272,0.1376327586977769,0.0877129075753498,0.0829118829882326,0.1039357641987063
0.0959994888971518,0.1197312827833609,0.1109810346738749,0.0986460924669767,0.0860747020544008,0.0825481141082696,0.1230247046199611,0.0873820333309834,0.0961305088996446,0.0994820379859463
0.1028587767310637,0.0943058703458784,0.0993716781603948,0.1072868640392533,0.0990563633882042,0.114452570158965,0.1040833264061694,0.0940106102181966,0.108583361792862,0.0759905786412986
0.1095554556404914,0.1046631303234494,0.1158596839734549,0.0909492245721825,0.1084041843071813,0.0892961267778434,0.1006959085612256,0.1065680087227293,0.0906972208149623,0.0833110562232429
0.1063384919470334,0.1053720894124097,0.1155512968018643,0.1028032196883721,0.0940769902446341,0.0946768883539395,0.1012692138473319,0.0973266921252624,0.0969379526547049,0.0856471648465227
0.107986309827196,0.0866686990527417,0.1046281337279291,0.098838307218465,0.1253070670684097,0.1162828571435558,0.0763027795392437,0.1170971006611166,0.1047457820858157,0.0621429635525151
0.1047943590322124,0.0930535386620018,0.0965826580083069,0.1082484244480602,0.0924709928849689,0.1157661968060855,0.1150394879165697,0.0857807146092314,0.1097024901476922,0.0785611373598569
0.10424499143311,0.0974524797962437,0.1029120527178912,0.1060847927014592,0.0950456085861366,0.1089719933841256,0.1080725911826893,0.0915480015294712,0.1055576199480015,0.0801098686159432
0.1096680764300708,0.1036495451294274,0.1173015029203203,0.0952616219818805,0.1051784368471779,0.091590851219379,0.0965914943487695,0.105790417756017,0.0924360948203328,0.0825319584698575
0.1082559976797019,0.0966700499487173,0.1141569701877467,0.0990881840506389,0.1137266596130558,0.10203877560324,0.0816630991850775,0.1130682472931124,0.0980897130390297,0.0732423032873173
0.0982729604772584,0.1086840686803071,0.1110632369179412,0.1125196824659116,0.0831108396168451,0.0998874262437843,0.1044462404616115,0.0887373092037824,0.1045201996885577,0.0887580361349282
0.1047869700487627,0.1059113074135045,0.1053558258259014,0.1028652793372561,0.0838470096799225,0.0973071809308321,0.1261220220878089,0.0822637665158063,0.0999695256874718,0.0915711123855861
0.1067267047607877,0.0899296305272036,0.0963475324720695,0.1132171801863614,0.0867240311034223,0.1197124929800996,0.1154469436313927,0.0820394040152932,0.1119091970463956,0.0779468831589926
0.1080837567228286,0.0939308760377123,0.102282081713316,0.098778357475116,0.1058552164411994,0.1082088178944978,0.1059555228634661,0.0985272474053565,0.1020443126819839,0.0763338106591718
0.0941722097210849,0.0833525453613189,0.0725609160994399,0.1346015082289231,0.0633299731642799,0.147657836324467,0.1374473521889246,0.0543386862040668,0.1349008428456472,0.0776381296939593
0.1049109410213971,0.1111342755409741,0.1184291667212414,0.0926897621454688,0.1043028073803008,0.0848779576630928,0.1002619265589688,0.1050939257221188,0.0907616226429652,0.0875376145068644
0.0978321171712793,0.1072153035680483,0.1051664002126713,0.0965115404522872,0.1057981998997491,0.097644260506173,0.1055615523691111,0.1002623774272452,0.100775696675737,0.0832325515600272
0.1032972444739317,0.0954370791104149,0.1126556287121636,0.1135730130071027,0.1019356974432289,0.1121161349725277,0.0752752245579094,0.1065426340581246,0.1069492765905289,0.0722180669749532
0.1113044788822656,0.1046090854040273,0.0980164211983386,0.0869454189398383,0.0888233570150408,0.0908194854223231,0.154478259791723,0.0755578631719637,0.0939357656060696,0.0955098644402468
0.1020662503935182,0.1045453839560642,0.1135362952042603,0.1134948234487567,0.0849243751811747,0.1013646350933639,0.098304786705521,0.0919259023759244,0.1039293338405326,0.0859082136788411
0.1003855003508274,0.1208399851794703,0.1132185719380505,0.1029716723307973,0.0685996744477249,0.0789930381348858,0.1389428698538645,0.0735586578996425,0.0953376975105413,0.1071523321594935
0.1106610861198759,0.1072813864592201,0.1092941885206331,0.0960166200276649,0.082575928800611,0.0868820023541262,0.1367618442425328,0.0798684267245863,0.0945119851734149,0.0961465313869933
0.1082171637002744,0.1016587288465292,0.1047240896870309,0.0941664096451172,0.0993477811269789,0.0977543441271883,0.1196452470119682,0.0925612122788341,0.0965210704881077,0.0854039530099804
0.1090137289529094,0.1001032325210015,0.1085970270379544,0.1105297481510484,0.0777318334588735,0.1026983247699716,0.1196142275051065,0.0804401081276297,0.1026119733611969,0.0886597960207832
0.1080650782583716,0.0925106947546321,0.1109346730802924,0.1083445671610623,0.1039455487016334,0.1113953165646376,0.0835739481646155,0.1051186493769546,0.1041238097025011,0.0719877141519157
0.1120389374998153,0.1009959067361,0.1155767636300839,0.0996007047524386,0.0962427390212229,0.0945094526736754,0.1042324196181238,0.0978184574232115,0.0947219785622052,0.0842626399737996
0.1077947515816282,0.1039808472067644,0.1090933512547614,0.1072500012620323,0.0781488642944514,0.0981422747871347,0.1233983704724636,0.0804660451029624,0.1001093321348131,0.0916161618135156
0.1143997143099437,0.0967799651306273,0.1137524835886205,0.099574142600292,0.098204700048772,0.099019582611439,0.1037523428519314,0.0980310199390074,0.0955263426831988,0.0809597061677524
0.1145295405751859,0.1022628501535454,0.1085446976373734,0.0921515581412401,0.0902182640822486,0.0905599887240185,0.1332697560299009,0.084831774819288,0.0926408027761017,0.0909907669205436
0.10790766860969,0.0974500302358701,0.1127706577027619,0.1070426929536262,0.0972133212920058,0.1049727366473617,0.0931554479602184,0.0997162650020829,0.1013940155840506,0.07837716392702
0.1243036810496507,0.0757239808106642,0.1067322422652801,0.0930770502990975,0.1244477045654725,0.1159291800843017,0.0869839548060647,0.1140450206981945,0.0984129253480154,0.0603442599510887
0.1131458442085814,0.0925520967915024,0.0993906918788692,0.104604280255447,0.0837671072092766,0.1094701996808769,0.1311974508332356,0.0778425403246174,0.1034082475830592,0.0846215411498268
0.1140709085343202,0.1014035838552086,0.1116510569013531,0.0991770741117711,0.0860169906503348,0.0933752039843222,0.1238925382774027,0.0858081465573745,0.0943257765983531,0.0902787204321142
0.1180436129993175,0.0962296936912506,0.1271193806796562,0.1019730738223389,0.1035482065432495,0.0937789525324604,0.0786118392196468,0.1115846828078088,0.091543539853119,0.0775670177466883
0.1278942492658912,0.0909755212874922,0.1353995747390634,0.0934547228807926,0.1166209661025718,0.0867979193533302,0.0672563409892632,0.125474454134327,0.083529221352265,0.0725970297173482
0.1197270301211167,0.0936903836416545,0.1152880234060454,0.096277176369815,0.1003779503604914,0.097063562534156,0.1052528144766828,0.0995727521236734,0.0923511804858687,0.0803991263995653
0.1220640285614376,0.0822989648745668,0.112549238473236,0.100268572333784,0.1100680121438053,0.1102336063040393,0.0886644049901094,0.1074750476438282,0.097972971172474,0.0684051533873958
0.1259353145024808,0.098869272970754,0.1411561779367005,0.091616027751417,0.113352322219932,0.0782196149944153,0.068326891045758,0.1250099294176466,0.0792888861292198,0.0782255629203226
0.1299275799106468,0.0794343578610581,0.0974362488336325,0.0831866818249355,0.1079043435432109,0.1065128591486327,0.1374970446224637,0.0888103048475016,0.0935752675519628,0.075715311717382
0.1363299520997367,0.0836881724043175,0.114281058154202,0.0690902627451176,0.128778357360543,0.0877279674927599,0.1137819747007769,0.1133870327966495,0.078598946718616,0.0743362753577266
0.1263593188535578,0.0948161597682367,0.1152312537539121,0.0817623072890733,0.1057052100345525,0.0860013416795171,0.1231518194518326,0.0981704461433412,0.0837899155852149,0.0850122273219502
0.1320931562449213,0.0920180790103023,0.1403293106595039,0.0709220414494638,0.1478576300841901,0.0749591123039107,0.055746554771654,0.1479959777966366,0.0711383824402228,0.0669397550768765
0.1141369739493719,0.1133833884618272,0.1276244140295129,0.0984985406533704,0.0784404411370152,0.0729284566769549,0.1189745978284827,0.0887573373602911,0.0854268689257415,0.1018289807978627
0.1237232272991345,0.0716163041683985,0.1050744310719225,0.1094885128362723,0.1043958864704707,0.1235530047436632,0.090363407818825,0.1009681675039887,0.1064206506412202,0.064396407244386
0.1139606541650335,0.1019074660872949,0.118210572319282,0.0978695706300692,0.0945169379856563,0.0894876776577651,0.1075839052864985,0.0966555251444771,0.0921363659956672,0.0876713245905649
0.1122611780028019,0.0988404428059822,0.1293964999959649,0.082504699049517,0.1429906214630648,0.0847182800559743,0.0527710435713439,0.1426315504234491,0.0845624991323227,0.0693231852592277
0.1074759112201898,0.0773292036487032,0.0778991825682669,0.1070993569095089,0.0983330307851533,0.1356875931290444,0.1298037314069115,0.0778029516673183,0.1188710699808689,0.0696979685198135
0.1042858411635737,0.0962455238059247,0.1069814167617822,0.1061959882853995,0.1017281295850737,0.1086324615685673,0.0941741859575041,0.0997432935648974,0.104725690788494,0.0772874683819092
0.1065239509368167,0.1042231103043528,0.1162396655127822,0.0967517159257835,0.1048915601818105,0.0924443421436677,0.0959421761883791,0.1044544002667256,0.0950412078307356,0.0834878705552009
0.0881278362534369,0.0930889244898925,0.0825332222357016,0.1599077394473179,0.022287971390058,0.1442640198645235,0.1426324721546356,0.0319632431851153,0.1410768270117667,0.0941177437649151
0.0957922263606659,0.1555663491889031,0.1736653451794663,0.0592740096573238,0.1427273499829951,0.0112325832348613,0.0423827136925496,0.1620151974135786,0.0522382940370756,0.1051059309218732
0.0871677315707238,0.1114505877018253,0.1144025315486219,0.0953379879880695,0.130511651411515,0.0961434367483162,0.0617881468210075,0.1281350586871551,0.1006284529014202,0.0744344144008475
0.093165865118598,0.1043413483014922,0.1036568444783992,0.111157868458022,0.0947155316174999,0.1087324780779256,0.0980655367729895,0.0942259218669627,0.1093119141888769,0.0826266909624472
0.1086799383641056,0.0839448208993274,0.0830268025600215,0.1087710850112981,0.0829888580056372,0.1259772950284672,0.1436605505945628,0.0672875570474233,0.1153465230371998,0.080316569277027
0.1058992369855484,0.1034048382073858,0.1249279199053575,0.0990512687521535,0.1158727785222718,0.0931546726724696,0.066754161506232,0.1217065413312337,0.0932142250384502,0.0760143569764423
0.1001138789962476,0.0921532357768094,0.091168979734084,0.1044417095881991,0.1013227192498581,0.1193862364212598,0.1147240287466937,0.0884365595643615,0.11213503920493,0.0761176125414685
0.0960093255374584,0.1202962422620694,0.1144969263962193,0.0957283582567808,0.09038275454274,0.0796539795043356,0.1184168746992166,0.0917652867138326,0.0930629439913016,0.1001873079085834
0.0964787149822535,0.1060798542846287,0.1010686346982367,0.1004348093982854,0.096067683532769,0.1005301398895775,0.1176261762093652,0.0898787701808572,0.1035975462526483,0.0882376703756877
0.0988881573581319,0.1013139050215402,0.0633994754773594,0.0537169950811635,0.1313652234314652,0.098601589493182,0.1855784377197777,0.0812305882028334,0.0963663376922556,0.0895392902377887
0.0814726407075231,0.1176590871041383,0.1161280058716815,0.1297324668283203,0.074533060955198,0.1032768843584233,0.0810606671457049,0.0915289349718912,0.1132081423497292,0.0914001095528828
0.1019712186250352,0.1063402633054008,0.1087757008256588,0.0816213724064781,0.1248424117309251,0.0904218441263315,0.1002011241183792,0.113082807967737,0.091920316779396,0.0808229399587433
0.0981356051091366,0.0786102520872366,0.0879287292733408,0.1335615210027616,0.0829935820147673,0.1462756766952983,0.0960825420035072,0.0803251555621389,0.1297027980321032,0.0663841380672291
0.0147107383029942,0.1900415373155236,0.1670244518597828,0.0800858726500805,0.1463222355862239,0.004953154876412,0.0397856589962944,0.1825177363636169,0.0707308390990347,0.1038277743071689
0.0954691182803686,0.1275918337272517,0.1073858769190271,0.0574673860717176,0.1235828059418597,0.0598007001119704,0.1442401658915666,0.1015068640870965,0.0793484165518782,0.1036068320818691
0.1030198944376691,0.1303063854795527,0.1368840596893953,0.0775470532865642,0.1104251325076158,0.0529153128416367,0.0965869513690238,0.1173183643575098,0.0727736004379819,0.1022232454382416
0.0944475028081952,0.1208059468782185,0.1086067559408842,0.0818742715394639,0.1070616469797549,0.0781474148783943,0.1240999857542878,0.0977605009750256,0.0901046466617377,0.0970913273955388
0.0793050989471216,0.1184304856377584,0.1076568105090524,0.1191792030182254,0.0836101763083672,0.1029153741808577,0.0946471771797139,0.0902949048472988,0.1124045070143801,0.0915562621809178
0.0897248443003991,0.1038615493056085,0.1015182467138145,0.1040782279062395,0.1096638330002516,0.1094985138132788,0.0911160709312325,0.1035071897582255,0.1088158002512042,0.078215723820292
0.07939208029567,0.1255287599947738,0.1100827758356747,0.0945742630590525,0.1100693628208817,0.0864018954884658,0.0956091221829322,0.1067323759030521,0.0997912336806551,0.0918181305415023
0.0716774988304551,0.1063743390064822,0.0759363274843971,0.1375266160346271,0.0581536155477204,0.1358115031336555,0.1332196662293548,0.0548397325252456,0.1355868400577295,0.0908738609849574
0.035540682230433,0.1181163407469643,0.1191081066140219,0.1540575933394699,0.0980739151552799,0.1223386299670497,0.0280278129749627,0.131111275814169,0.1326096839685686,0.0610159588893401
0.0834558764130494,0.1221331700756005,0.103316978857327,0.0979297223164407,0.0953921008877805,0.0908660855061602,0.1183633662170614,0.0908200538832898,0.1019309665899534,0.09579167910899
0.0772931855148628,0.1065882459144672,0.0847834297002621,0.1220593220942137,0.0810196532885148,0.1253090253986447,0.1178129761616444,0.0746524115985771,0.124670157149457,0.0858115930172284
0.0776874028284166,0.1177265745392564,0.1070455463264614,0.0985356531503128,0.1210490730498127,0.0984148185423971,0.0765283625449843,0.1172776544491315,0.1047967083440235,0.0809382060423427
0.0599489069383768,0.1292210885295667,0.0917892967987947,0.1067795836316919,0.101557721412063,0.103453793375619,0.1044007022660766,0.093490762434784,0.1166004308624249,0.0927577135233991
0.0726131379688502,0.1221557671409236,0.0884745011947458,0.1018417315129441,0.0927164570655329,0.1023013086106148,0.1305442359493333,0.0809570332608033,0.1123262217313996,0.0960696053634513
0.0803320848818187,0.1148979374688999,0.1068671060878098,0.1248731019563324,0.0798561167949266,0.1094438588286683,0.0909659860026264,0.0889575971825747,0.1149247240446525,0.0888814866417898
0.0598333826648052,0.1273505651714162,0.1147925690091178,0.1304559131785523,0.0913375038580009,0.1060738864039536,0.0562063111742352,0.1062637282191847,0.120345737643274,0.0873404024056546
0.0863035903070035,0.1292607855508024,0.1258209323349285,0.09532414982471,0.1060569041672427,0.0748506767756517,0.0833895794391372,0.1132436397671412,0.0909393880803265,0.094810353622273
0.069425516112515,0.1118009620730868,0.0831967147421011,0.1205819202425972,0.086678090148162,0.1244731226067221,0.1129125629267107,0.0793051961266334,0.1257726529095602,0.0858532619468512
0.0780632148935269,0.1188038530945349,0.0976089636533674,0.1092425084319203,0.0901707531288476,0.1042904168608964,0.1120415631008825,0.0864315348898655,0.11160943437154,0.0917377574522369
0.0745097374118994,0.1238280582477044,0.1079235705009179,0.1102786711263715,0.0970356127738616,0.0979334428456172,0.0893855821011814,0.1000706946640602,0.1087458724869369,0.0902887577049063
0.0821758847373193,0.1076298757375657,0.0939275238274945,0.1066932826892803,0.1052651420095413,0.1144543138690967,0.0996651212428171,0.0965190227497734,0.1135898732602058,0.08007995974709
0.065545143928897,0.1373291358864176,0.0996527546171263,0.1085197354178436,0.0780318451030615,0.0894831230980817,0.1268710906793622,0.0772373909581665,0.1097820260648403,0.107547754075379
0.0839913609728651,0.1196625810898495,0.1106408043224194,0.1156240757455242,0.0814960398079325,0.0976727938148887,0.1001901606465918,0.0895234904812746,0.1068070937764129,0.0943915992512886
0.0808464895101555,0.1032389578483444,0.0934264186445918,0.119407948133386,0.0960480326261579,0.1240094795268798,0.0921843550788886,0.0927317163291745,0.1205392803142105,0.0775673218550479
0.0832713877245842,0.1024066794885826,0.0940531154957941,0.1243080524574967,0.0861569943920067,0.1252023282346909,0.0975882650973359,0.0854066396648861,0.1217941173580173,0.0798124199839927
0.0872759342028721,0.1015735498072314,0.0891333847082804,0.1129598859382143,0.0915574596569133,0.1213283673000465,0.1144525820141126,0.0829350766517251,0.1172203313564207,0.0815634282557475
0.0894707466557372,0.1051505649536318,0.098464466598528,0.1166229210896586,0.0848587617358949,0.1146268505619946,0.1078234722232791,0.0841238117192302,0.1136918998288663,0.0851665045384054
0.0929750399333798,0.1070787534336754,0.1085768143157625,0.1199059655923512,0.0787964498004336,0.1079128403349036,0.1008255470527604,0.0860577303191723,0.1097156366527936,0.0881552224659308
0.0937721047860033,0.1122770300767366,0.1181673103831628,0.0966215951076853,0.1166351650549107,0.0923136585839388,0.0752945546021951,0.1181140086850536,0.0958936750721808,0.0809108975345965
0.0878897238886712,0.134391730422176,0.1375499533639212,0.0977758697688183,0.0996538218173243,0.0651426417881258,0.0764084400103835,0.1152765253028884,0.0862124347507523,0.0996988587345617
0.0723772081582396,0.1441381731544682,0.0803186866264256,0.0025296846329127,0.1786224602166679,0.0418231378388683,0.1860960060211771,0.1165137956197863,0.0676563476965845,0.1099244994492061
0.0944321982596756,0.1033248755059148,0.1040199018059716,0.1062061096417479,0.1007329609674208,0.1082879930771866,0.0977053881551068,0.0974845477300926,0.1067272822014221,0.0810787425262434
0.0932276563607796,0.1051955860053223,0.1002416645412854,0.1135013358692318,0.0829949671671343,0.1101571151761356,0.1143857395406177,0.0821446183301983,0.1101946992080822,0.0879566176978591
0.0913413796629863,0.1170942692123857,0.1140392947159835,0.1040118999946101,0.0930191001961917,0.0907432392098993,0.1007273252432154,0.0972457219011184,0.0989466709204324,0.0928310988262858
0.0906740149390315,0.1167298186326852,0.1085470277900407,0.1102159464325877,0.077593777211083,0.0953405906133902,0.118199550765236,0.0815990888744836,0.1035990973117788,0.0975010873214224
0.1009598181374614,0.1192305837428872,0.1075782356324401,0.0819702724312642,0.0938355629100695,0.076475794114916,0.1444382440715073,0.0844730969205809,0.087674110820005,0.1033642810696789
0.0962693701472286,0.1026311237884023,0.1046062928763815,0.1093830353580024,0.0923329787852103,0.1083126349175239,0.1043122105344135,0.0913603464305837,0.1070757045213306,0.0837163025121113
0.0971524532459136,0.1197340119759548,0.1213239206319663,0.1054414033354733,0.0795092486027631,0.0824158789079504,0.1108348172083065,0.0886887273738253,0.094636500044948,0.1002630385509651
0.0909229801032306,0.1267471437084778,0.1294055878836905,0.1030658302049111,0.0913157645559067,0.0757744677091491,0.0885276967546381,0.1044108200223268,0.0915576580133393,0.0982720509158191
0.0991207166396311,0.1118940287383295,0.130741530845672,0.0870666561813427,0.1337925886152232,0.0822504117948613,0.0551084621487985,0.1370407249315187,0.086705168968854,0.0762797109886557
0.0789047281902613,0.1263581600653427,0.1244491687914748,0.1198945602696122,0.0839271924946488,0.0906256977967473,0.0752172580199339,0.1013430977022565,0.1049412658509594,0.094338870677552
0.0909716022251286,0.1017857883751073,0.0937590301711021,0.1032497732761169,0.1022008676763001,0.1142114032291845,0.1117193658228116,0.0909773519868641,0.1108650187412456,0.0802597983590989
0.0912256844729154,0.1117651202666949,0.1176331016073939,0.1044348755634323,0.1058628862850728,0.0959771051156776,0.0790614239078501,0.1100811702668523,0.1006420313359962,0.0833166010200505
0.0886060835397273,0.102547027322586,0.1006936346172989,0.1198675767586195,0.0850780386565222,0.1169421924883949,0.1009178359588152,0.0861186269530673,0.1155814283973375,0.0836475551333488
0.0954925293924951,0.1027607189620445,0.098740998669511,0.1161276236817881,0.0751043900291253,0.1116606585218249,0.1235216458562788,0.074456574326352,0.1113163387844131,0.0908185216335249
0.0903866603160944,0.1042728163711842,0.0852138009517947,0.1034180515436232,0.0847818683047812,0.1122648433613773,0.145403035250364,0.0693846217381375,0.112407131652929,0.0924671703062196
0.1442218359113481,0.0425073772445556,0.1174284367942603,0.1320015901647672,0.0718123552523745,0.161253016627005,0.0662176413174887,0.0788821175313902,0.1403082383561821,0.0453673898419488
0.0528220723107377,0.0448532617164284,0.0426237747148561,0.0868771716739924,0.0187713298354308,0.1434941821203791,0.3031708275390029,0.0863483839548753,0.1294421836098034,0.0915968120360271
0.1310177839884605,0.0764237808150686,0.1099214798263507,0.122960207904781,0.0775436859707648,0.1264932330516104,0.097398765563997,0.0866045399440241,0.1052047534156388,0.0664317692102301
0.1930142466824871,0.0503601164112521,0.1331448592129143,0.038441114114545,0.1881251961486933,0.0937466005728493,0.0587297739927853,0.1710050416292093,0.0470360016676399,0.0263970487685756
0.0655809629806846,0.0375293784156332,0.0306435092909667,0.0802968665343225,0.2450104336578513,0.0348162369436172,0.166694752729971,0.2019753815555871,0.0274676650727616,0.1099848118824544
0.0650731813023823,0.087885495420518,0.0569546305259099,0.1753648874088054,0.0042325603609846,0.1686798260748741,0.1720617781713398,0.000262935436366,0.1658690441718674,0.103615660477747
0.0771139494118922,0.1300074095655354,0.1734899429878832,0.0128254497331184,0.2099690742386505,0.0098462251194251,0.1098130690462755,0.2378569678405275,0.0078453990750631,0.0312325123572143
0.12137252991881,0.0691237190762512,0.0892742680057288,0.1168766813837599,0.077804617839365,0.1342599722537298,0.1334739568673027,0.0675807765710916,0.1153649681984961,0.074868509700834
0.1108015861416069,0.0603889699488667,0.0752748790108633,0.1372774780176982,0.0703674016756041,0.1618808392458502,0.1234085973161661,0.0603801834436795,0.1344301892739522,0.0657898757406143
0.0680907301531485,0.0396892800790614,0.0003796715414878,0.123014879934442,0.075798394732621,0.1239191410922232,0.2553406982220638,0.095735073352952,0.118268934308757,0.09976319607973
0.0652733337447886,0.1307901632819739,0.1599060632865236,0.0492314101798136,0.1822199518879799,0.0211090429736733,0.1042644988153538,0.218608329315194,0.034206837091974,0.0343903687451092
0.1091471763224053,0.0718586975610668,0.0941635421087551,0.1188500406855542,0.1030738678444827,0.1403589245583471,0.0871577608713703,0.0945867928510287,0.1196381530813544,0.0611650439395803
0.0923814459818101,0.0998746742900422,0.1013148388026485,0.1153536307349032,0.0885325858208174,0.1134950842624455,0.1042066867510823,0.0858935877692017,0.1135875508240177,0.0853599144741736
0.1158438163951847,0.1442564436816423,0.1694102542262545,0.0515547549856497,0.0602762149084399,0.0176194974845395,0.1736303047848273,0.0698846722377709,0.0411735532148497,0.1563504870250351
0.1144203596305813,0.1002492786335799,0.1184064273607468,0.0784264363800747,0.1215359210498382,0.08401666474856,0.1030271277801092,0.1119820727729611,0.0848119515122543,0.0831237598990329
0.0954688415401509,0.0914605996204314,0.0954610136567442,0.1471018532042668,0.0405625689207292,0.133527497961878,0.1261838478669339,0.0495990260943408,0.1293746084763575,0.0912601424244915
0.1256184069857148,0.0659750707745521,0.1042692136527691,0.076701686751435,0.1537889809425284,0.1177122318637669,0.0793407589813784,0.1277955270796572,0.0967002595922625,0.0520978630386429
