0.1378237449356602,0.0962527118722354,0.1434867775545297,0.0764152313232228,0.1370121649452502,0.0736945036225173,0.0545807545121967,0.1472003214301694,0.0653401815423613,0.0681936079664849
0.1434529480726083,0.0729238981122777,0.0994218305348694,0.0795659879979082,0.1100122187947156,0.106765200566462,0.137346671036983,0.0934204912146314,0.0852073802679152,0.071883373250796
0.2048254153909124,0.0488824571407906,0.1425000059751259,0.0093786445905146,0.2140165090895022,0.0645083692107654,0.0647877151302954,0.1912334084223217,0.0247468124409751,0.035120662088233
0.1281997319193129,0.0849067699460055,0.119898096903645,0.0993528733541925,0.1126086085731612,0.1043063695190983,0.0760353214769635,0.1183689204221152,0.0887955597366716,0.0675277479573303
0.1276402710499557,0.0926937402381405,0.1181314637743295,0.1235699171923893,0.0601983157627952,0.1041264897593478,0.1099259957053138,0.0810881766342641,0.0946139985335563,0.0880116310234947
0.1236226455777137,0.0981432734175766,0.1001772665786073,0.0995566282608565,0.0707155171923216,0.0975796512543702,0.1545929685525806,0.0693159112575526,0.0913557102969284,0.0949404273495966
0.1282825696648141,0.1008617066715017,0.1233663613814996,0.0763816470646162,0.1183925480447905,0.077765480121742,0.1021466075798177,0.1177243546870008,0.0732845459584998,0.0817941786269986
0.1323510982819548,0.1021801382462274,0.1129721198322993,0.0760376912994027,0.0936442654085789,0.0754465249780434,0.149002493599483,0.0890022806806801,0.0730213134897324,0.0963420739852649
0.1641734673310008,0.0794197913642953,0.0523661493149095,0.0250962920641242,0.1513253298846569,0.0534106580346291,0.2736894529686804,0.0761945279193659,0.0319682732463341,0.0923560573716238
0.1216164952733797,0.0721598151152422,0.0882412610109447,0.0961826147105994,0.1222942498397434,0.1309137117985831,0.1006958703821562,0.1078084929560723,0.1028978730707494,0.0571896156081488
0.1184600177827053,0.0565133524474028,0.0705025727740378,0.1388130706214912,0.0729047999888836,0.1678290421092989,0.1181791477258702,0.0682677972268922,0.1301775614738766,0.0583526375996083
0.1231208624004631,0.0951865055447332,0.1054159004621068,0.0830818554276364,0.1095321427886171,0.0947529170268475,0.1219301305010435,0.1013447465725333,0.0849145973364675,0.0807203417373565
0.1139484656305874,0.0975827028919404,0.1094262161459886,0.0952812381238292,0.1077985251892616,0.1001511893777387,0.0989735856034063,0.1071270093396767,0.0915384301389751,0.0781726373955388
0.1096376323914824,0.0823040059576942,0.096674245052397,0.118792598288171,0.095606214635553,0.1311514797696498,0.0911635570964614,0.0959191780485262,0.1120388942815324,0.0667121943379
0.1140445657090986,0.1007419176566386,0.1162710007894647,0.0853900147369934,0.1254081699810783,0.0919422902306362,0.0831078413925945,0.1240928880954483,0.0846304543389004,0.074370856902937
0.1075152941609701,0.1032718765569917,0.1217139681848875,0.1182690104569908,0.0932429481145349,0.1029391401364318,0.0654420457811779,0.114749147652335,0.0951177338893823,0.0777388347175607
0.1117292209339198,0.1161432119847561,0.1162023418167317,0.1011731035675805,0.0706656790580958,0.0797922551896957,0.1333741168292226,0.0818469245999046,0.0851401224839377,0.1039330233190994
0.1133239596155236,0.083734938577968,0.0798097977049833,0.101029171285012,0.0937171256685621,0.1259933052156283,0.1413302020238451,0.0780476089640162,0.1070198956583321,0.0759939951047473
0.1197607791938985,0.0997982677778132,0.107426381136295,0.0751270073570329,0.1222808741103975,0.0879568867702745,0.1144780810719589,0.1130137165936718,0.0801026543795985,0.0800553513889067
0.1203721863824328,0.0989117444725498,0.1187149230898796,0.0818190166221927,0.1244594172739305,0.0875630098244895,0.0889391198802463,0.1238633420888639,0.0798587722376532,0.0754984679053738
0.1162964690222626,0.0832123650321018,0.1138205413658682,0.1077037447803297,0.117945571429743,0.117755732905193,0.0606415619522163,0.1225419253492442,0.0995713082023962,0.0605107798098536
0.1168833622342662,0.0573530997774097,0.064298880500627,0.1276530999674552,0.082541662152336,0.1656769194377225,0.1304500540584627,0.0686891489686094,0.1282950209001838,0.0581587517714618
0.107816216600434,0.0668820993798562,0.0936945000381329,0.1263853492032452,0.1200501121848617,0.152970186177366,0.0469415372782955,0.1213456181487019,0.1203352222765545,0.043579158489278
0.1272160456147077,0.1038579099283319,0.1539842053134522,0.0836982058433252,0.1435833777247569,0.0683609005604286,0.0205783895792029,0.1678258492651957,0.0632145412288616,0.0676805745851351
0.1108452608993355,0.09771086327409,0.1217569914648447,0.1084116312140548,0.1048074217260305,0.1020382878383247,0.0689766207517255,0.116825580603371,0.0945924393607136,0.0740349027284852
0.0820712253813249,0.1267844401421559,0.0644841601401992,0.058117857897845,0.0200586816167554,0.0356623705247023,0.3095532258400529,0.0629132703185849,0.0837475299540398,0.1566072371254396
0.1332045046132656,0.0886317418134299,0.0976215655748142,0.0636724920292668,0.1244857583368182,0.0897369258330379,0.142179777630082,0.1053762873334445,0.0747231338347533,0.0803678127655062
0.0834906933156744,0.082665361729239,0.0406952059961723,0.2094549642373127,0.1689452571771403,0.0934773136646869,0.0145471785800858,0.098791048776659,0.1438133052225544,0.0641196704398208
0.1528481654759583,0.0640977648527249,0.0837137316488499,0.0797419227855209,0.0939221054940486,0.1130611207305524,0.1764079956142106,0.0741131302328315,0.0840664054121272,0.0780276574173201
0.0726445187201491,0.1290057982277883,0.1536326948918818,0.1118385817391817,0.1245075784664425,0.0779181609867317,0.0129474442583332,0.1490779718321176,0.0971884387475865,0.0712388118439858
0.0789508871111404,0.0070250338712567,0.0902066272581915,0.1042252155037613,0.1690985019888699,0.0893329005640282,0.1372447356268077,0.1823985466202803,0.1042720207045858,0.0372455300913058
0.1322178104867808,0.1050069451499135,0.133000147419549,0.0615637590631973,0.1349588506706154,0.0615037173988399,0.0933883991312388,0.1352093177193415,0.059509570679352,0.0836414820866936
0.1268077910900675,0.0821604281953104,0.093154504769171,0.0819076139758347,0.1132007961965826,0.1077144426169375,0.1333535164710083,0.0973676878469842,0.0891120414745597,0.0752211771865916
0.0871697080841706,0.1050142692222973,0.1647509751308699,0.0041032856890915,0.0243030607516233,0.1462144623436359,0.3003148323859269,0.116419318819144,0.0464431099859929,0.0052669765788313
0.1247208923740993,0.0740974952933393,0.0948245742766561,0.0968649690190394,0.1152595346667816,0.1229083612435617,0.103069983981638,0.1061984088044648,0.0976236290348046,0.0644321510994038
0.0554267125576485,0.0211323047631973,0.0904207553192164,0.1093779856868615,0.1656629120927346,0.1126398793495177,0.1337946943774143,0.1829978977879336,0.1099317554167552,0.0186151019264626
0.0794641745278887,0.0298478226705614,0.0310626708171034,0.1724030115178615,0.0857777610902521,0.2490411877651351,0.0913159348940072,0.0462624705443397,0.1981251899425571,0.0166997757133343
0.1412185556568296,0.0362954857790015,0.0825399014166353,0.1497816803097345,0.0671633637736071,0.1715073286256203,0.0982189010845633,0.0798994575463972,0.1218406943421922,0.0515346309738084
0.1114663647876928,0.0770231127112555,0.1373897968311408,0.0612736438922311,0.2264912654929386,0.0460722538091205,0.0452913849378687,0.2220785736452944,0.0445368383278854,0.0283767651588564
0.011004559125729,0.0123989169621697,0.0828450974246509,0.1431997125103019,0.059141841869129,0.2179579368839692,0.1615178200051978,0.1215483495785051,0.1840095389651767,0.0063762258102549
0.110208410384006,0.0900929351971075,0.105183650447095,0.0499651325680294,0.1767682331833426,0.1017968169297798,0.0888889458865473,0.1282314984896682,0.0969069664789735,0.0519574097925788
0.1383942094771143,0.074077118794109,0.1928739948057305,0.0412523191663102,0.1393518768347447,0.0214292429475555,0.1015221868750193,0.2173326211521026,0.0262691171207459,0.0474973119326194
0.1191756273424272,0.0746458326716017,0.081332674132716,0.1025210917449749,0.1048292582809747,0.1280889118815118,0.1207258711611741,0.0977945003621074,0.1000046826856209,0.070881549345639
0.1153051995318421,0.0239122732473449,0.0626928941781581,0.1486401591707427,0.1944022149341775,0.0931011392029217,0.0444846087767823,0.1697101245062261,0.1220030055014266,0.0257483801635514
0.0255960189881712,0.2115362775190856,0.2387395658836381,0.0808021612025395,0.0333120884517668,0.0831521756449641,0.0542913350989507,0.1176629363066959,0.0249273121501375,0.1299801278798805
0.0803827710796221,0.1437668241522097,0.1914806426938439,0.0967289730745616,0.1154415523551835,0.035783917244527,0.0320626230503868,0.1518969730429355,0.0746162385355335,0.0778394842448987
0.14917150985953,0.0532251627056829,0.0983504722805869,0.0864480165620126,0.137344315295159,0.1215363355116565,0.0873345710291506,0.1328794254731823,0.0805241754514632,0.0531860152388321
0.0600421062563623,0.0238021504917018,0.0668989042772686,0.1497656819363374,0.053142856326741,0.2070026551668075,0.1962723138612956,0.0693650362183965,0.1372501306389896,0.0364581641134478
0.018633339695635,0.0555737189898586,0.0299718867977716,0.0249147216767764,0.1856610880614589,0.0806632232555266,0.2754106683932846,0.2167629626628079,0.0073964808281563,0.1050119085885025
0.1065014368689885,0.0904082177487022,0.1104982516845224,0.1101339109717881,0.0971993909167159,0.1215699516639033,0.09390708335036,0.085363550632005,0.1174316934854255,0.0669865122564175
0.123322510939928,0.0943632351025281,0.0970606849688444,0.0874856906345133,0.0787510327649734,0.0988023307161817,0.1711735775681741,0.0593057041113255,0.0964213357591599,0.0933138972415892
0.1296785507691799,0.0549445489208316,0.0659298062533758,0.1303928262984489,0.0356922174831536,0.1638851034488393,0.1981218399915623,0.0065972031815235,0.1398373804888141,0.0749205227153052
0.1389993700517522,0.0957927295431279,0.1610128177432187,0.0896696696593846,0.1145358764558944,0.0719984042851877,0.0512409692797436,0.1293743026663268,0.0742061019528864,0.0731697580974944
0.0769632767415305,0.1525492350074305,0.177992061316899,0.0510321386163872,0.1701572676950294,0.0027418477211633,0.0467635215744591,0.211288816576253,0.0275336659816599,0.0829781683679101
0.1432849113729156,0.1268647107445024,0.164291839680139,0.0364170291457193,0.0558954875363652,0.0878882370775017,0.1872649938506029,0.0428855888611838,0.026019769638401,0.1291874312180825
0.1719272327688566,0.0968664820668786,0.0958939379979578,0.0102385437546882,0.078416989950266,0.0452984167942499,0.310220672778933,0.0083477153399944,0.0601331260847737,0.122656881623993
0.0307415394865983,0.0291884254636082,0.0231537962991155,0.2215567734038363,0.1773531372452233,0.1764102633306569,0.0381331929501853,0.1324460594730382,0.1594671629738155,0.0115496483057306
0.0938327011652106,0.038296405778483,0.0829050069067153,0.0877673491070154,0.2008139259692202,0.1475394563689193,0.054657701045242,0.1965280391216821,0.0941078599672473,0.0035515540625598
0.1388022048886655,0.0554059917443839,0.1150537736843583,0.0730323043461297,0.1645036883004214,0.1330031336249827,0.0624550017295461,0.1237090562008008,0.1087700800318203,0.0252647647618411
0.1036024273850136,0.0954793601516141,0.0799862047535142,0.135995647466435,0.017592275890791,0.1310583125223643,0.1932082862984733,0.0104642537677149,0.129727797968913,0.1028854335570206
0.1120613199473291,0.0797318703044941,0.1011069683769314,0.1183874913179865,0.0913838258306597,0.132231070869176,0.0968910635946422,0.0856783006448401,0.1173287478857651,0.0651993410726535
0.0977651687367624,0.1421924801326667,0.1642688760193459,0.1042816123213157,0.0758919967411296,0.0530588732973977,0.0741162649101972,0.098338536844796,0.0870322995871573,0.103053890930365
0.1098396153553534,0.110576908981814,0.1138356637415622,0.0941366248544701,0.0814663924225856,0.0881838632271158,0.1370233535768848,0.0744381215126581,0.0964506727895387,0.0940487833104377
0.0295582989276274,0.1526015078312863,0.2076664955531311,0.0260111078953328,0.133080461840402,0.063023007981536,0.1469080355306922,0.1822394715753246,0.0090125560278271,0.0498990559615388
0.1312578467105883,0.1318715328633023,0.1778454962235283,0.0211182046691788,0.1769141284712651,0.0141755899272741,0.0604713597068159,0.1613702888293389,0.0447721981385909,0.0802033537842435
0.0160066108396313,0.1635770152907919,0.1645978026553875,0.2164760988808446,0.1835435746966826,0.0281010917396131,0.0111733869678813,0.0045215630999252,0.0348219738701897,0.177180880541154
0.1235330667413302,0.0724804469848783,0.1027530224500835,0.1028569920993437,0.108367629956579,0.1282372042523875,0.0985149267163937,0.0932450229310116,0.11048403124996,0.0595276563236612
0.1260216325279887,0.0712483966717304,0.0453489698675807,0.1329383482858691,0.0921981652377845,0.2283962181676826,0.0284305747492765,0.0643033124936253,0.1460588364345141,0.0650555447531867
0.1187482947048033,0.1459189752585543,0.2136799744672996,0.0123823305135197,0.1492099589816911,0.0757593132560188,0.0031214470740736,0.1716324081952885,0.0189119511814073,0.0906353458964144
0.1153962309052811,0.1187192303217606,0.1113859645874718,0.0871009216650465,0.0573134038601113,0.0739197652836812,0.1864825671547404,0.0458367137865467,0.091070822582145,0.1127743795404929
0.1044289718647807,0.098187130387387,0.1025866428318759,0.1222016182941121,0.0622579699233835,0.1165780330773268,0.1286362510479576,0.0625724386994566,0.1150234493806012,0.0875274943258134
0.1084327366732041,0.1129572334269902,0.1418434897815157,0.0836894610380155,0.129176913519529,0.0774409712604454,0.0576278590342435,0.128912221146725,0.0871438066277995,0.0727753071570947
0.1039874464353442,0.108785737218512,0.1099149665019032,0.0938174038475713,0.0970917495172353,0.0944247122450586,0.1181774189955376,0.0887004651924982,0.0986546354648163,0.0864454644291919
0.1132473937317028,0.1045435368501015,0.1223368957731916,0.0867537528233469,0.1123789332756219,0.0875262268069906,0.0965402575517654,0.106658583286059,0.0903871345339538,0.0796272851820395
0.0953775709464048,0.1682592763099762,0.1365779007437892,0.0890629073300263,0.0166850895442836,0.0249371171867008,0.2118309830664243,0.0227053534347763,0.0810180713865013,0.1535457295852217
0.1126690904148466,0.1149157270177177,0.160017660464569,0.0775921298717579,0.1491708090176954,0.0658981839236047,0.0208202928506228,0.1551019636440237,0.0779946350916001,0.065819507380603
0.1274059757875881,0.0771400401910869,0.0918173873373818,0.0853095895132637,0.1062542378105339,0.1170140512862443,0.1426786873146611,0.079579414006128,0.1021090637153761,0.0706915528399415
0.1115943267452128,0.1172493374610249,0.1338783227068736,0.0908592962812655,0.094760731817062,0.0716405709512574,0.1016544260406448,0.0999684401213334,0.0844189997895035,0.0939755478971944
0.1151653435067266,0.1010539357591724,0.1195387389270665,0.0916296207346297,0.1044919455842762,0.0917629057993948,0.1029952026491573,0.0997568871104539,0.092976510681702,0.0806289090769082
0.114852088092011,0.0984894686480129,0.1092687839565438,0.0901771374741631,0.1018774909930642,0.0966910962251026,0.1193984732017664,0.0923892672161206,0.0944684112054299,0.0823877828771166
0.1092526789637621,0.1320229173808091,0.1405686199826184,0.0975307551981587,0.0605139115231571,0.0564897892311766,0.1324844828905824,0.0726473061152712,0.0841426866208473,0.1143468517491182
0.1169910192419513,0.0955545573724515,0.0932302615144025,0.1101547877834491,0.0474493048141317,0.1095611323366215,0.1819681525987836,0.0359806236152561,0.1102555616314918,0.0988545988696021
0.1132918943373827,0.1210555922058686,0.1485033267050106,0.0854517685710106,0.1116453871983426,0.0597581904185406,0.0707121423593963,0.1253885921957275,0.0737661110113338,0.0904269949056025
0.1143019094995568,0.0966130678466303,0.1246237528289031,0.1046761913880122,0.1019060091562073,0.0997085550841229,0.0791402386233747,0.1070164028731307,0.097002123299038,0.0750117492795967
0.1127454251653288,0.1031976917945272,0.1202824809841332,0.1067784872481301,0.0821476428491881,0.0945719557508718,0.1076709975797692,0.0878100882736884,0.0968464030966514,0.0879488271564219
0.1163215077545643,0.1165496737366105,0.1332729742776186,0.0867601220778026,0.0920188687230124,0.0672824766691544,0.1137067934836604,0.0963791611527119,0.0804488387521059,0.0972595832080053
0.1056428175954263,0.1005040569985783,0.1129105506044098,0.1154478363755271,0.080235640233472,0.1070514806976052,0.1031106349609132,0.0847670017537236,0.106634931621253,0.0836950490302543
0.1145106771833247,0.0906310253990776,0.1039417469870857,0.1076275169829368,0.0836618054250763,0.1125456295533232,0.1224720152120548,0.078018362919161,0.1063094812689532,0.0802817389272718
0.1302183554639695,0.0821310957204043,0.0589755848731563,0.0822454753734465,0.0028779073146288,0.0912476762185492,0.2958359546805872,0.0387469437818907,0.0968342732130491,0.1208867328812834
0.0894548791872992,0.0215037525903283,0.0624074811429936,0.0678536895077369,0.2155879853102113,0.0391937543839793,0.2184825367323338,0.1716118972212269,0.0053950669250421,0.1085089560720808
0.1317883377057714,0.0884898306420192,0.1123632880126241,0.0913030581650906,0.0873109644568488,0.0959121341973398,0.137556411540263,0.0790524324038293,0.091020086034431,0.0852034566858206
0.1291317139931299,0.1116701484676224,0.1418601184976368,0.0717322396056539,0.1113308879971379,0.0567775312653416,0.1030988365809515,0.1148295311731269,0.0665264960886188,0.0930424962087624
0.1291374617695904,0.1054761954682905,0.1425866671472963,0.1148284806098201,0.051782141723361,0.0764901251451168,0.116111545229909,0.0739850231509365,0.0872401636328174,0.1023621958982973
0.1447041213768632,0.0990117917104355,0.129061297996062,0.0743284423004825,0.0839221012855089,0.0646219049135667,0.153820666157389,0.0800896104025364,0.0698777222797627,0.1005623414134246
0.1227068369485491,0.083772792668583,0.1193523962623047,0.1190717174736688,0.0809273283238965,0.1135462036974574,0.0920213845012547,0.0894393154255892,0.1044694069798913,0.0746926175840172
0.1330302369835711,0.0856316809424618,0.128973945041389,0.0880666522571948,0.0430270690077467,0.133707220798893,0.176108325262077,0.0284742622653232,0.0761471479453618,0.1068334588851755
0.1673868246620529,0.080056135625907,0.1172650861660465,0.0414886406896723,0.1119958983316565,0.0643414052985801,0.1856244404368165,0.0803999735357625,0.0607151043803435,0.0907264905279989
0.1443084777680163,0.0453079003179548,0.0861447754193417,0.1283506988939945,0.057814584325428,0.1538404795624658,0.149957286984072,0.0441864334823029,0.1255580888744011,0.0645312740010118
0.1328407123215039,0.1213992107301009,0.1381497658095989,0.0604826103819769,0.0558914727023884,0.0329693521998935,0.2401779728184058,0.0315885180907162,0.0251553258716345,0.1613450583716326
0.1446852906745502,0.0794381493933087,0.1130806317940775,0.0963862882026221,0.0683160017660787,0.0971696665705656,0.1578755168535791,0.0621582609651971,0.0910645679470168,0.0898256255680969
0.1241319099663824,0.0838304034683772,0.1093878393285764,0.1047110513541577,0.0893743741078348,0.1103560857822334,0.1141704520111653,0.0866554954641294,0.0999526336956406,0.0774297546920575
0.2026269065062406,0.061072197626232,0.1147000211367642,0.0400256313065378,0.0607089417550449,0.0594664802559759,0.2723939118002824,0.0218661157783628,0.0584125719964427,0.1087272210422804
0.1228294149088335,0.0953411687778395,0.1134154660447333,0.1034132559874987,0.0721734449434809,0.0957446777962983,0.1364753900688257,0.0722720933538468,0.0958551092756243,0.0924799786442518
0.1229206615620435,0.1058674991218599,0.1454827017015678,0.1104490244925113,0.0744837533083085,0.0773013531614037,0.0878492665963104,0.0964652008303597,0.0864286535443633,0.0927518854670091
0.1292354863916379,0.089402278399024,0.135332389223203,0.0846841848868072,0.1281764689604025,0.0879411997714979,0.066694437835576,0.1288075714002909,0.0825990050901525,0.0671269778605772
0.1256544002039713,0.0941231408852558,0.1274748887478139,0.0925711213863931,0.1047676997646487,0.0891327337609508,0.09370002259733,0.1071965257897284,0.0865151108102668,0.0788643559171684
0.1516427403084027,0.0747721154095284,0.1347698691456623,0.0955635792851088,0.0887312040949662,0.0915860702426135,0.1091360043024739,0.0936789128108493,0.0833138284092429,0.0768056757098086
0.1254212542206891,0.083111851614701,0.1105013904410562,0.0987558006218156,0.0995521254842882,0.1082711811357104,0.1087759426842236,0.094941596991631,0.0966633365778626,0.074005520135828
0.1271959969559284,0.0917441102382937,0.1220460900708536,0.0914665528909687,0.1012062372603628,0.0915815783725943,0.1067497702435599,0.1001356721379276,0.0876712965803302,0.0802026951051172
0.1395285756158485,0.0569958566174828,0.1104209874436478,0.1322479549993479,0.0658150434376808,0.1373055020902991,0.104850397349,0.0730120360484348,0.114582831022639,0.0652408150977936
0.1355048012961811,0.1058559224346435,0.1280716030324302,0.0834681627512935,0.0697387989386225,0.0645024042243892,0.1591645318309991,0.0717076236417047,0.0744284887161603,0.1075576629400309
0.1381898268280823,0.0845185111118478,0.0953931378717226,0.1027504001049872,0.0392596306965364,0.1012078570805195,0.2058357040013371,0.0300615788822003,0.0974256787104638,0.1053576744913423
0.1424369307378017,0.1147748586547828,0.1356639594240927,0.0475399555315332,0.1034721377182603,0.0365987159559307,0.163256409989706,0.0945017378313695,0.0518234680068398,0.1099318259411603
0.1245910825689915,0.0896783039942844,0.1110265986530102,0.0898062211006601,0.0995515069098703,0.0975560555443931,0.1234514996902129,0.09158996497691,0.0916797809015513,0.0810689854888157
0.1188275106180923,0.0876688441872651,0.1097805566022949,0.12255283550516,0.0615376519280452,0.1137186983190693,0.1235703661259527,0.0683872477862088,0.1079296573550302,0.0860266314120608
0.1210661707372687,0.084828001614638,0.0949991284460504,0.092790794128198,0.0945271343902116,0.110560140836056,0.1421265925915733,0.0786245141833889,0.1002585269989991,0.0802189959217841
0.1225136000178124,0.1065404069511121,0.1313445635337345,0.0844000726283645,0.1010780042146968,0.0721504444931955,0.1078199945435934,0.1049470345373998,0.0782289716710431,0.0909769072631957
0.1237148477999945,0.0870210779293141,0.1049462824231707,0.0940565858255921,0.0924501718509091,0.1033924051307477,0.1329486466717103,0.0834851209813368,0.0958261270401152,0.0821587341714658
0.1132079404626355,0.0976154547347271,0.116460608459621,0.1051668104332805,0.0903830072682734,0.098939624574628,0.1030031253232135,0.0945460436777848,0.0968894395606492,0.0837879453989852
0.1118225262481291,0.0881876554367055,0.1034013987320461,0.1167406507185436,0.0775295795724892,0.1173273615779346,0.1165353648495375,0.0777591500133718,0.1098092324296353,0.0808870802608501
0.1290264416196496,0.0936637838186942,0.1233434978185049,0.0686287878667315,0.129744967355874,0.0784489551830067,0.1033647026404394,0.1201132034917974,0.0754771254770314,0.0781885345178367
0.1227631584301189,0.0891461327862897,0.1209700021552502,0.1054857181388576,0.0897410816242805,0.0995130642337288,0.1007942112470485,0.0953633103810524,0.0952733943357816,0.0809499264334318
0.1079498547205438,0.0972209993887392,0.1063749508813136,0.1234602058730743,0.0587190987086843,0.110594979491123,0.1276998513013065,0.0662663409310046,0.1092469613053154,0.0924667572514213
0.1165158415060749,0.0828498375701237,0.0934700499452187,0.1000187552866992,0.0945758200088681,0.11803103833436,0.1313656602507981,0.0815155945990845,0.1053639220821322,0.0762934802864522
0.1029141584619514,0.1063451448489567,0.1136742559437203,0.1041049546036666,0.0894741842138126,0.0954818424300369,0.1081237185340974,0.0925334052613034,0.0988230345260863,0.0885253010033066
0.0937708835954164,0.0087729519400388,0.0703762460635987,0.0210205452856795,0.2580419812155873,0.1369232506123059,0.0655180294033099,0.2034406063247296,0.0875043146395001,0.0546311897828818
0.1064342863370943,0.1183515939037846,0.1177472008918351,0.0914785534853984,0.080611571356861,0.0740984722994028,0.1374435600969979,0.0829535355859091,0.0866558416216179,0.1042253842730462
0.1095803037718292,0.0987480936334754,0.1060822629099878,0.1021628684509547,0.0857539485561977,0.1011754348376527,0.1254774262818718,0.0837335074115228,0.0993189374541625,0.0879672165528285
0.0966797935930583,0.0930991226629708,0.1003903515469274,0.1290128807950092,0.0765023065501277,0.1267640612588569,0.0984934168250681,0.0819623932656842,0.1192213334572048,0.0778743399192192
0.1038382386276631,0.1143415896530853,0.1250710893464913,0.1044078338958743,0.0843270948052349,0.0829159355927254,0.1023180565292655,0.0957054489280359,0.0920974787270091,0.0949772337581918
0.1088481123635816,0.0915993617380722,0.1072877143934741,0.1079390270053373,0.0977622822793137,0.1122463669913524,0.0972866382946374,0.0973460342770961,0.1042053078164736,0.0754791547472898
0.1166948075098381,0.0754225890075346,0.0862938386635465,0.0969431427881232,0.1053193896546854,0.1266704669013395,0.1294431780775187,0.0860796554071748,0.1083548487875318,0.0687780830342389
0.1028056559844163,0.0929606321020467,0.1154495022556162,0.1099026860123158,0.1120422577204798,0.1126377292761196,0.0650952574223914,0.1167774177763939,0.1048534276327149,0.0674754336699121
0.104227340160618,0.0991378260888947,0.1019518691892754,0.1096741820908079,0.0779668056909428,0.1073412223114202,0.1281478861586994,0.0771434804080667,0.1056007579856941,0.0888086297603923
0.1152153927700377,0.0835477216829945,0.1026687771854353,0.1048511688160493,0.0966692969791319,0.1159007924295811,0.1109728223117469,0.0918165812605543,0.104467125812379,0.0738903205695889
0.1247689779745966,0.086600275057912,0.1070254597039467,0.086736201997988,0.1046169012516964,0.0993226012233191,0.1260760076392758,0.0944526224673197,0.09090638983012,0.0794945626919763
0.1141806644482063,0.0890357897462306,0.0915466620301891,0.1028967972205267,0.0787259827457821,0.1130616839863942,0.1502966426295325,0.0683989027256745,0.1046787934630943,0.0871780808845073
0.1144770727253705,0.103204474639803,0.1083630468117393,0.0948621156885304,0.0815518349533197,0.090058060546642,0.1412419707274899,0.0786453441069768,0.0918839713800185,0.0957121083283633
0.1171329626020058,0.0888472590691533,0.1041169054009732,0.0998079475104311,0.0933466075199081,0.1070965995455037,0.1219168948977726,0.0879491172262415,0.0989760709117532,0.0808096352028527
0.1115084411675735,0.0947923746176718,0.1178646099628386,0.1088921641903926,0.0943364110598821,0.1030732965315245,0.0901348384867218,0.1012164664419894,0.0990091845810269,0.0791722128483526
0.1124916057888011,0.0842837119505186,0.09993977026147,0.1144939590291517,0.0847631858886551,0.1213085392883641,0.1136074991148099,0.0830177696136966,0.1094458298426505,0.0766481291224948
0.1158488963443776,0.1094583758956658,0.1399066746254653,0.0898764439800305,0.1102141717483209,0.0711768164959408,0.0760365241754724,0.1225726110685842,0.0784123143326743,0.0864971712011391
0.1149990067286298,0.0834158290063569,0.1070378825718724,0.0965447197468316,0.119875684957031,0.1132333879547816,0.0864860570908159,0.1130608177566383,0.0995293532941375,0.0658172607916678
0.1157399213801016,0.0889892757321813,0.0969431499092899,0.0891718244659635,0.1056654273190268,0.106817418283859,0.1293972585924247,0.0912038791449588,0.0972023317875104,0.078869513294419
0.1093966656571208,0.105270202124123,0.1103052384394225,0.095264008222622,0.0901994405787001,0.0906222555599004,0.1255722832727354,0.0885847386162401,0.0926676553175838,0.0921175121316051
0.1137046384796668,0.1078594262559756,0.112849635128703,0.0844659681211549,0.095948716329081,0.0809603093606266,0.1331327966328059,0.0908585460921975,0.0853069443304183,0.0949130191869958
0.1129853755966732,0.1001466844756617,0.1152064339010929,0.0925917358361478,0.0998214156401419,0.0905850035166153,0.1130341647319755,0.0991390575334631,0.0906198811685011,0.0858702474501067
0.1084952042445333,0.1069826052284507,0.1076444207633559,0.0929551202403182,0.0887098401505157,0.0894062160830808,0.1342179294685183,0.0848496826518434,0.0923377039407232,0.0944012771514981
0.1122540752664487,0.0867216124191944,0.0885033818005029,0.0994223440845187,0.0898504829294956,0.1168317989204591,0.1437506622610805,0.0754087621125278,0.1059490572816339,0.081307822822157
0.1127718946402731,0.0943206058833873,0.1050473308072287,0.104710962019364,0.0836627510467173,0.1045659510593817,0.1256973215520546,0.0827570063399094,0.0999034054140421,0.0865627711319454
0.110158493479437,0.0997100412728776,0.113589105224159,0.1112687254944556,0.0772432719118772,0.0998460130504677,0.1144690252949673,0.0847093101590085,0.0994200071425468,0.0895860068749812
0.1025834875352149,0.0913532869736737,0.1012388031914067,0.1274248876991287,0.0690446024295968,0.1218642341457416,0.1120465155137867,0.0763657418802963,0.1148864210690747,0.0831920194367644
0.1019282916500993,0.0846462816316701,0.0875812338083521,0.1337575277793244,0.057801381170119,0.1352502414643493,0.1322944514379362,0.0595887128258225,0.1239955176881803,0.0831563604114681
0.1115863484477732,0.1074178747636356,0.1191838603760408,0.0870226527227865,0.10396693324248,0.0816785392553838,0.1109251176248592,0.1037198673275711,0.085269712633978,0.0892290935199919
0.1005709620821015,0.0946958406366384,0.0918807123950821,0.1191598902939521,0.0657408962957484,0.1184915842683988,0.1407057430441917,0.0648069393234816,0.1139034715931934,0.0900439599128733
0.1049613647569783,0.1005974580036997,0.106920009249051,0.0957758545540091,0.1017286233124871,0.0992152096216453,0.1127522127339055,0.0975040147245513,0.0974992777181503,0.0830459751992558
0.110454774675707,0.0956813739435066,0.1109058996956727,0.0992980622599684,0.1015652882602118,0.1018457016723346,0.1030528138560162,0.100901108126083,0.0968628127805306,0.0794321646373001
0.0987591024576063,0.0835595924913243,0.0718811521668556,0.1309941183724586,0.0510354456474084,0.1423845522744185,0.1631212277448399,0.0427804964408096,0.1292410879292429,0.0862432243463547
0.1007500590623141,0.1014692622138521,0.1122999793524056,0.1265271429707617,0.0652502496219027,0.1087964720063892,0.106970546401094,0.0793096537168125,0.1092051679254952,0.0894214666209072
0.1151646342381673,0.0890355241211406,0.1150135129608302,0.1059449884683297,0.1000758699770234,0.1071039757673193,0.0905474635522144,0.1040710576701025,0.0985711762271863,0.0744717969242936
0.1110456726818702,0.0745466746692774,0.0871179720243326,0.1230156591085006,0.0723109530775176,0.1358053803283651,0.132594724154557,0.0690929126885554,0.1186542314524293,0.0758158196207858
0.1137539755604221,0.0931317391216487,0.1153749813799871,0.0956379782042876,0.1116306051211504,0.1003954703963809,0.0905356070914909,0.1114136097614062,0.0935809922191334,0.0745450410527716
0.1150167571587943,0.0994695650344741,0.1133685322190341,0.0905684329951616,0.1001010348991902,0.0908883999950479,0.117343696130387,0.0980994276833942,0.0890568889930906,0.0860872648008193
0.0937246728074747,0.1044083466505618,0.0956105191903537,0.1300742517844305,0.048594010195611,0.1159854500595507,0.1408948002291256,0.0559894750089425,0.1168808294203501,0.0978376445526013
0.0816142016061618,0.1045169686729601,0.1057745895338282,0.1304913251333737,0.0812271185317374,0.1195108516530134,0.083664272549123,0.0939537916623289,0.1191824312857317,0.0800644491872386
0.099743043378109,0.0928034363273808,0.084844263982893,0.0970960528058966,0.1004319038347254,0.1173973513464317,0.1354068936901073,0.084173083788888,0.1084702448234282,0.0796337258786766
0.0950685204798645,0.1125714471082552,0.1142419442157573,0.1113317332730902,0.0794531876408102,0.0942771283743321,0.1092351707541536,0.0889963370360505,0.1010233171182334,0.0938012138690849
0.101688467939743,0.1054743057325793,0.1077487567089033,0.1007957175383244,0.0914899972779982,0.0970027794754753,0.1171212945240112,0.0917161161444947,0.0982296639291871,0.0887329006210787
0.0997972941511458,0.1079934586684179,0.1025232122966775,0.0920497668786842,0.0964785961768365,0.0929651800137828,0.130015650281253,0.0910182778524226,0.0954728496616633,0.0916857138737205
0.1054836304184313,0.0992102631610637,0.1099760743934421,0.0971059156973154,0.1067301897944096,0.1004027830411665,0.0998415252255413,0.1050135783102525,0.0969944777400766,0.079241562119666
0.1054548935390128,0.0903107938221787,0.0919552010089241,0.0976500185674016,0.1019604433454239,0.1146307899528609,0.1252569998159545,0.0901082795228507,0.1046397209330306,0.0780328593724601
0.0954892522266942,0.1143783347546059,0.1074121753468319,0.0870639872643795,0.1021713314886149,0.0838891548361877,0.1254558999958922,0.0984744065273261,0.0913877242855592,0.094277733068776
0.1006545055482523,0.0789880325644841,0.0738690257403396,0.1221628343215495,0.0755117339168783,0.1432819248934131,0.1408141258093197,0.0638686256141532,0.1252947364056103,0.0755544550730766
0.106543986877811,0.0975309499665295,0.1048174627802548,0.1016693187194053,0.09333773681492,0.1035840199039614,0.1169642414466721,0.0916323063578805,0.0999301237791891,0.0839898532349212
0.1070041699200846,0.108786221476225,0.124394674958905,0.0982965364570199,0.0959567699166334,0.0834672797898884,0.0978269162663352,0.1058530266826363,0.088374891889667,0.090039512509293
0.093999726950204,0.1125150550980861,0.1051582695166878,0.1283542747020269,0.0413515098915227,0.1008529744825091,0.144351600514514,0.0567486632135406,0.1091231860112004,0.1075447394736436
0.0995833143756007,0.1024872775271964,0.077826828773323,0.0954012330859725,0.0614785497182934,0.0999265622286817,0.2030672999178958,0.0484124871932359,0.1029848270408221,0.1088316197948839
0.1002850135814339,0.1037838178797898,0.1176657018124357,0.1255014509311227,0.0624207211625311,0.1002478382364396,0.108122745129281,0.0833484547428298,0.1040377903382947,0.0945864659568716
0.1098515633703646,0.099998537964982,0.1147627911314538,0.0902893695341178,0.1034905147675877,0.0878586521154329,0.1129686650134519,0.1055442504275838,0.088124979356267,0.087110676074606
0.1051958769341191,0.0996584906898604,0.1125139980355797,0.1047099022608852,0.0945116483116922,0.0995268540774331,0.1021330969549651,0.0996684891257065,0.0980109240194928,0.0840707194367556
0.0986682735981416,0.1087762915295597,0.1055409164694479,0.1297387964016636,0.0344383125171932,0.1003042599627579,0.1529865283177085,0.0514668817555881,0.1084284661600119,0.1096512730813941
0.0991375431242429,0.1239685886899117,0.1221895082204582,0.0972312570381576,0.0698313707618097,0.0658051997126197,0.1394813464152507,0.0846027965834119,0.0840309746892639,0.1137214144860683
0.1010948050308976,0.1166192448750472,0.1182211938562541,0.0940879442358147,0.0864043249998972,0.0758483557633657,0.1247829017394918,0.0945200845898091,0.086562005332565,0.1018591393699483
0.1063551794074273,0.0664172318320415,0.0696062303718932,0.1012955357541335,0.1021427665397091,0.1394263515280503,0.1475297582792692,0.0827947263095861,0.1163930952915118,0.0680391242793935
0.1022571652725979,0.0872859374618651,0.0945066569522783,0.1173720354972987,0.0856475458923496,0.1252279815498698,0.1127205002681635,0.0847657874596397,0.1138930724828718,0.0763233170224242
0.1089107987224282,0.0953380152288582,0.0983437316853825,0.0973102563692424,0.0932571681404954,0.1052980932948518,0.1311027618694437,0.0860610078606258,0.0995547442169204,0.0848234225110516
0.104251461445096,0.0909958924036582,0.1041119394753142,0.1131933120315131,0.0930661104088873,0.116622577757666,0.0988367932769009,0.0954987607621245,0.107747837743386,0.0756753145835391
0.1100127348347437,0.0934401633668692,0.1026638998030118,0.0989814537539416,0.0963646296705214,0.1054863609505168,0.1198469226168632,0.0924312262682108,0.0989713836047565,0.0818012250074934
0.1109610654645223,0.0926205533384755,0.0969716016178025,0.1114515499634892,0.0658281091533189,0.1091697801905073,0.1490436565764273,0.066746785388141,0.1042458708337339,0.0929610273172918
0.112499863262503,0.0933301351365091,0.0912526486672059,0.094767127781418,0.0841075156260833,0.1055868277794395,0.156665852573577,0.0721062917664614,0.0996848564016569,0.0899988808881728
0.1168685190468219,0.1014142433817743,0.1077039228378317,0.0916094281840854,0.0799969748261391,0.0866761059462262,0.1510236887362797,0.0782212976001585,0.0885401018041037,0.0979457174921138
0.106713844419917,0.1195059279787831,0.1346129479791433,0.1029869938469712,0.0752282108458965,0.0681438798359862,0.1086574875404478,0.096823228268089,0.082768245375786,0.1045592337317707
0.1107205285277479,0.0873560739817032,0.0973716526865817,0.1051391123067598,0.0874121451669995,0.1124833794474481,0.1293771956321345,0.0848670558203424,0.1036155950324113,0.081657261205937
0.1162175529437905,0.0857268613353756,0.0945622421395792,0.1014416266854715,0.0848232104475096,0.1123144003197409,0.1420645502033233,0.077353093509882,0.1021867526508973,0.0833097096291049
0.1117319070972634,0.0856211064067948,0.0938585031054723,0.1036048736474946,0.0916366913361599,0.1168533290530236,0.1288397536835659,0.0837863594696763,0.1054844455947386,0.0785830304828107
0.1195952118418235,0.092610759778732,0.1216347033058351,0.1077315728497744,0.0824860647099357,0.0944107419441391,0.1068932183911027,0.0957573765472385,0.0920382995002503,0.0868420509336057
0.1182965364762527,0.0981898344927736,0.1320627353776593,0.0983054375387498,0.104848288203605,0.0860509089990579,0.0787281163447251,0.1177297183202703,0.0852395648936281,0.080548859227732
0.1330463039539323,0.0936660217549968,0.1450562129425284,0.0697811020159854,0.1410980874491157,0.0657977912402452,0.0636472938300345,0.1500871628876884,0.0638498558986419,0.0739701677958708
0.1198142459025822,0.0830336467734878,0.09038943579476,0.1051498191043162,0.073885321110949,0.1157034618685421,0.1557542948032126,0.0653698890657765,0.1044254931788323,0.0864743922867189
0.1239524928667007,0.0892811636998423,0.1122578931966918,0.0869754171187298,0.1071408813280629,0.0947516864612638,0.1162559701408353,0.1022928411598596,0.0875753870466597,0.07951626686621
0.1103327902799607,0.0935443091731308,0.1138131606501064,0.117908182782987,0.0793593553486468,0.1081744224825422,0.1004856376098068,0.0904492807570548,0.1033377462613237,0.0825951145478871
0.1140038201069155,0.0870394280186416,0.1065377455200875,0.107693387864219,0.0926678877251933,0.1116692688220406,0.1072943086621224,0.0939308401799242,0.1020962783194096,0.0770670346623527
0.1180023853532278,0.0810192832055998,0.1015994773051532,0.1055505297983463,0.0949533498308516,0.1164765270225557,0.1134035382729521,0.0917877332100707,0.1029091755597916,0.0742980003238944
0.1101848312278658,0.0874092314279167,0.1027096435991795,0.1144726753800504,0.0869877550802664,0.1180289888838585,0.1070173605184334,0.0883808896414328,0.1077631646985959,0.0770454594585311
0.1148042752924864,0.09586301039116,0.1134438276268471,0.0886110937962726,0.1125719519508765,0.0937987007960718,0.1029736811090678,0.1093955643883675,0.0894586481964957,0.0790792463415931
0.1136133436558793,0.1044888942034924,0.1226755194092994,0.0965315653517428,0.0934801528275581,0.0838278978440983,0.1068491121137647,0.1013184987528335,0.0872142095235018,0.0900008061896864
0.111475842963621,0.0970424863118259,0.1065819869744138,0.1081875757562661,0.0772339802783382,0.1024238886650433,0.1271275133183506,0.0801586073516727,0.1000110548831389,0.0897570634016926
0.1078261196450568,0.0777831144095072,0.0902741948297917,0.1269021009537056,0.0774572640323484,0.1371090820064456,0.1132188490636316,0.076737725140499,0.1203514770755543,0.0723400727381193
0.1125641386351867,0.0973724385021745,0.1076398825409478,0.104820773850498,0.0799790130539781,0.0990317524371995,0.1281009717454851,0.0825227154582023,0.0975867627548356,0.0903815508915118
0.1047094873526326,0.0887228039975178,0.0986132337572781,0.1257886314781881,0.0687436712961614,0.121385829927131,0.1187400927164656,0.0755652484063029,0.1141390728094784,0.0835919280829334
0.1104602154565025,0.0782015910391686,0.0946534908313967,0.1077894651589171,0.0964845625757224,0.1175638494831708,0.1163278544935843,0.0964456821940805,0.1058878498020059,0.076185438582948
