0.0894117494431769,0.1510363062909734,0.0949646961045202,0.0793246920053835,0.050560612814852,0.1747089031266154,0.1447052797752003,0.0917410183372366,0.0885367634379644,0.0350099779343664
0.1042532209651472,0.1037382950313886,0.1022906942346975,0.0974637464906969,0.1026890321254892,0.1094538311996594,0.1091905706193778,0.0927196571939939,0.1020123907064119,0.0761885612461214
0.0928604874063988,0.0920706643206244,0.0977786132714498,0.126609862149234,0.1010131734728697,0.1413237224145174,0.0670064370388435,0.0988242762887321,0.1243229009807907,0.0581898624668057
0.0765473458423013,0.0968025402146325,0.0487953477964714,0.1340607192282311,0.0544029449872277,0.1623707641835748,0.170182499407575,0.0300586513555989,0.1460715560983963,0.0807076306734421
0.1028838658382996,0.1136701795302878,0.1135647060442016,0.0865810726303633,0.113595831322886,0.0900625031199971,0.0999245302366198,0.1070593637122138,0.090812117419009,0.0818458300218436
0.0987095575241077,0.1184517055370872,0.1067792626794771,0.0712298667452743,0.1314284755887354,0.0876735083846649,0.1060827521072079,0.1123320055238029,0.0881915434813886,0.0791213222517307
0.0805649878111191,0.1420172335461973,0.0945266782729534,0.0683375732608694,0.1122267863564408,0.0780108686681924,0.1472954119251388,0.0873753876992512,0.0909524402172471,0.0986926319874957
0.0886564929052252,0.1484946015109897,0.129870461929065,0.0624546283060798,0.1312491445576609,0.0531714311434351,0.0941874535490994,0.1234017866704225,0.073523076433705,0.0949909227782405
0.0862751055090443,0.1220239683916967,0.1076194797481587,0.1094794282659197,0.087511343645581,0.1021550998328077,0.1026826441127107,0.0881569941761255,0.1066234142415971,0.0874725219195244
0.0691541734980124,0.173556359476619,0.0251133651355744,0.1684151953350238,0.1426857975279712,0.1556861142521313,0.0572762341106637,0.0731367556740993,0.0787903684427477,0.056185635774837
0.0820246358295681,0.1296124592294188,0.1156073604492195,0.1109418189481032,0.0889863245036075,0.0951362823305154,0.0884902257540393,0.095284307797341,0.104201691796922,0.089714893188987
0.2170360160031104,0.0498445718194532,0.0854457106828668,0.1064793253992393,0.0598664508383725,0.1413791459800733,0.1504262439082593,0.0597834881166334,0.0815773317743599,0.0481617146760626
0.0480852312485995,0.1713009051469988,0.142792703122269,0.0272182991358592,0.264854977827067,0.0004194546635037,0.0440019630853417,0.2327306316651339,0.0252536714646684,0.0433421620982418
0.2472575457280452,0.0344998772773513,0.0909304803774918,0.0483904490173765,0.0747658687396513,0.0893660714203337,0.2411273980643273,0.0516023332410243,0.0438855729473152,0.0781744023475327
0.0684623062132874,0.1374345560062881,0.1352513936012855,0.1103019871324629,0.1313256873197242,0.0951617657091086,0.005837092902571,0.1455683779077307,0.103528775656254,0.0671280572899507
0.0807077096155391,0.1193802529799085,0.1074191874321905,0.1224227482335667,0.0838738581696027,0.1124918929566355,0.0859642052551629,0.0899448324555898,0.1147943059229937,0.0830010068364915
0.0692152646685948,0.1541635629035279,0.11092444861696,0.0786314504507632,0.1137847870969176,0.0712081894145442,0.1085445636918395,0.1036550833806402,0.0911481829800579,0.0987244665502768
0.0949449393073229,0.1396233514939158,0.1046088670893546,0.1491114555244205,0.0203127401624324,0.0613401667777274,0.2297261867139984,0.1013832491418762,0.0952181469393878,0.0037308960524319
0.0450074647010315,0.1843781104717135,0.1606868113007322,0.1008090269056303,0.1237071132880694,0.0473633829315602,0.0032956115452753,0.1546238555648021,0.0849410781934907,0.0951875447851425
0.079453710383892,0.1411092727390671,0.1149109953877682,0.0947514752336239,0.0937868536523998,0.0779884046690999,0.1088228098627611,0.0943373428065995,0.0946426605273106,0.1001964745892618
0.0446376293295095,0.1903009192844813,0.1461896920511336,0.0668088434925263,0.1608819692709032,0.0440224546152313,0.0172117487237832,0.1630317498066315,0.0784086699597321,0.0885063230119934
0.0793725653434652,0.1456340775696794,0.1279675289571632,0.0979951720318179,0.0987843833972452,0.0740333800804482,0.0810975994871174,0.1072685550283239,0.0918166153435192,0.0960301225341941
0.0997462472151001,0.1049680597253348,0.0981666176594372,0.1009071687388026,0.0996877822453034,0.1130292108206955,0.1112556543235146,0.0884088850678943,0.1062665191290703,0.077563854920028
0.0918424105015938,0.1480206177494139,0.1186548883909403,0.0381058562099286,0.1549630016347999,0.0494906587181342,0.1119277413138494,0.1288260511365581,0.0657974568484679,0.0923713172170544
0.0955966659529707,0.1207083037300046,0.110606327973648,0.0823913357981778,0.1194402436416197,0.0889839828271558,0.0999142547278961,0.108366607273923,0.0916772054560814,0.0823150724565515
0.0976569895579296,0.1035559664832827,0.1058226478024281,0.0975339350030337,0.120121911852582,0.1112569963425859,0.0804754767917072,0.1114584741020486,0.1036682513603789,0.0684493505869479
0.0945751638859973,0.1073866803114845,0.094660243055154,0.0861260582577625,0.1258097240706255,0.1111220190516982,0.101891078867234,0.1050308787306066,0.1031130498437229,0.0702851037574634
0.0820984998337102,0.1239425159072316,0.1109113402321456,0.1244877781230396,0.0706500601407813,0.1043149604712101,0.0977294814187568,0.0813794251324911,0.1117519552270659,0.0927339834045312
0.089782695638906,0.121767142463872,0.1254253732572554,0.0975806439899699,0.1220774638762964,0.0918179654094382,0.0549170582062064,0.126246265997786,0.0954446746777402,0.0749407163364166
0.0716618878166526,0.1679238921393972,0.0249811481112781,0.0674657367927143,0.3005519981005515,0.0959734363694779,0.0044378096162166,0.1614606641821625,0.0834816762807569,0.0220617491506817
0.0865215073044373,0.1189449100646366,0.1162604550662842,0.1053885130087326,0.1131495695256888,0.103958000030348,0.0637029805347703,0.114083305065484,0.1046107786964019,0.0733799805222236
0.0739360228105749,0.1458804485272518,0.1316429019389941,0.0964887151458664,0.1146327257618687,0.074413665271658,0.057468584528433,0.1241404103240282,0.0920092588501497,0.0893872666525332
0.0803299388646052,0.1158408141763008,0.1044644331509752,0.1152263071131843,0.1013500785855751,0.1159648092041112,0.0762488937934082,0.1008927529560386,0.1145452413500422,0.075136730663726
0.0882084474989835,0.1190222355809182,0.1216170621007743,0.0976951380956519,0.1260645827528922,0.0956943122554735,0.0532976276847799,0.1279343003145433,0.0977954640551782,0.0726708295461264
0.0757249468539411,0.1204094860864466,0.0876631580910057,0.1080267014276762,0.0922997241427786,0.1160394037632476,0.1181276752585693,0.0801159213545617,0.1166091417790516,0.0849838410910112
0.0900967534563658,0.1224153627693067,0.1278838742705796,0.0868573632015273,0.1414155972447276,0.0876159795406887,0.0425595238830251,0.14133896467054,0.0903275071816652,0.069489073618179
0.0866999191889038,0.1319617082903113,0.1222369084081193,0.0869548111400948,0.12012219711609,0.0793189081726989,0.0780281367137799,0.1188022994065328,0.0899668423261704,0.0859082690946683
0.0693190910655668,0.1247064385441901,0.0843596827132953,0.1328431067117256,0.0525511921935481,0.1238870058154092,0.1356316946970033,0.0509243372202193,0.1287129881179425,0.0970644627619878
0.0875964319904372,0.1215518706298462,0.1145529950235872,0.0744341679434102,0.1530604229286989,0.0906715947129243,0.0604119649674192,0.1388989179570554,0.0907534841785084,0.0680681495023153
0.0768835562441273,0.1424852161115847,0.1194705185245327,0.105442430565221,0.083288998923062,0.0797093788781372,0.1009663047847909,0.0914732929604874,0.0980502683579597,0.1022300345156342
0.0881551240938707,0.1182566960539708,0.1169506554035087,0.0946613374498124,0.1279653916727617,0.0981457659372861,0.0602716720718493,0.1251579252076334,0.0985279775108218,0.0719074544586241
0.0863335055434334,0.1275288744507282,0.1258048495212336,0.0943195868605657,0.1209172096781785,0.0846280473456377,0.0615251295144629,0.124786281094209,0.0929888630795336,0.0811676528011564
0.0892548640263738,0.1278108134765528,0.1179745384458058,0.0891430764075772,0.112168237901009,0.0813283310698334,0.0913252970820462,0.1105784612598966,0.0912012004156223,0.0892151798260267
0.0855672509411699,0.1074763348799525,0.0988481118282066,0.1158524541992411,0.0986107341210783,0.1213946951687426,0.0864892578906042,0.0953174735635691,0.1161349202489269,0.0743087670534699
0.0926587023675191,0.1219546185673381,0.1218315471881126,0.0886899915477941,0.1239225378165143,0.0852615049144668,0.0715680046535936,0.1231065537790169,0.0904878177913398,0.0805187212742693
0.0900387790243545,0.107239175454737,0.0962617343957216,0.1060633173042332,0.101803524946127,0.1156174216961965,0.1014880379611731,0.0932000336771216,0.1106469199889379,0.0776410554547586
0.0682066280511922,0.1476738828562453,0.1373159755207699,0.103999757642706,0.1172979977297674,0.0773129150961792,0.0346640158011785,0.1324480708064537,0.0954048123580078,0.0856759439399956
0.09957859275178,0.1061232689899569,0.1065303071733361,0.0950626253869215,0.1134871494934215,0.1042130479227095,0.0936373389783322,0.1055858725436657,0.0998012687801418,0.0759805278930597
0.088938753105513,0.1230331846722855,0.1134134602812314,0.0970205936854038,0.1068846144163729,0.0932999306859603,0.0898320127891126,0.1047389755438458,0.0980165792618231,0.0848218954159186
0.095377943342278,0.1140837565913248,0.091601260013975,0.0943634286066123,0.0883131494846179,0.1023073231853017,0.1453192615793061,0.0733603296382904,0.1028762278874761,0.0923973195558379
0.0839536987824318,0.1244462910259977,0.1132065666210382,0.0986311786913387,0.112254898385035,0.0971975245549697,0.0792441403569705,0.109437531161093,0.1013695427604739,0.0802586274921265
0.0890265444721729,0.1018835483567826,0.0898755646747721,0.1052305852549371,0.1105374054362873,0.1264770603293139,0.0968986353966179,0.0959232174023074,0.1151464075535768,0.0690010309735074
0.0272203527583405,0.1640996634417507,0.0970628117670291,0.1257220377054469,0.094306555158548,0.1151121265142927,0.0660673928635995,0.0927970499136943,0.131383630580708,0.0862283788553768
0.0143490230922576,0.1256597846388984,0.0341766719584912,0.1908053555736243,0.0243868067877029,0.2040287579971938,0.1223746385514866,0.0140070365790203,0.1922450374651395,0.0779668869165668
0.074439969886705,0.1409213372681704,0.1163734458536432,0.0937276852363693,0.1082014891413118,0.0811815395211003,0.0880102986878387,0.1080062553916918,0.0958105699495842,0.0933274089005136
0.074796010507654,0.1304506148946081,0.107622626022112,0.0962092865434302,0.1168430873499735,0.0976585365595523,0.0809987732687254,0.1105792565728293,0.103292220022323,0.0815495880705365
0.0845835930307211,0.0995482802188445,0.107701262591917,0.1248187904757257,0.1148407067268081,0.1327860607825349,0.0391020802642417,0.1188024750925265,0.1202708110101709,0.0575459396728247
0.0791859192457784,0.116310722953705,0.1023344313491493,0.1025139747469187,0.1203525255345224,0.1127375667957692,0.0724135385062073,0.1132789357599749,0.1093535264634728,0.0715188584829983
0.0828163686863622,0.1209784758121107,0.1131471202479799,0.1076473683608923,0.1073008608219538,0.104574130187935,0.0709235217349362,0.1090662079545602,0.1055471191064854,0.0779988269049644
0.0764256414872194,0.1366121024281963,0.1467987354206272,0.1106019593743143,0.1234585005665665,0.0831690788630914,0.0059804712971528,0.1474333382826945,0.0940790498973661,0.0754411221923496
0.0863633130587004,0.1283217962350275,0.1236132901721027,0.0685458563772887,0.1656804859601063,0.0848984719171526,0.0403750000718873,0.1528317010774004,0.0845734513725969,0.064796633464964
0.0817826784277723,0.1549191848817858,0.1328539878875628,0.080775480786483,0.1026418812441198,0.0518780555142615,0.0998150178098467,0.1090999375669772,0.0772410873363712,0.1089926883654738
0.0699718472216551,0.1283016879345732,0.0933934448245924,0.1232216079517172,0.0716127513551306,0.1175976985682081,0.1137149639778384,0.0696578243295697,0.12064525940076,0.0918829141835653
0.0506975275855321,0.1373757226556417,0.1216519683344477,0.1485028893185361,0.0885949695180224,0.123571483026996,0.0146761257815957,0.1136306500431287,0.1280552679099337,0.0732433954926033
0.0902066065513053,0.1297586819965561,0.0816191550088154,0.0664256831687355,0.1293845574826563,0.1086134057137584,0.1922169912625023,0.1478860381463836,0.0525823702415562,0.001306509856982
0.0828591845920961,0.1274248773226432,0.1139226280267839,0.0833557731925073,0.1343357505300883,0.0892076568022847,0.0714788005988526,0.1265181425469019,0.0926062132008172,0.0782909730081373
0.0291848635437267,0.0977663331498646,0.0863816593652317,0.0942303720140248,0.184615680611152,0.1373835711130206,0.0770457434020016,0.1734176633052675,0.1139968864504563,0.0059772266351063
0.0159494787614284,0.1252765088365816,0.1073565166136438,0.0775815114044489,0.1858559672402083,0.0947291905664313,0.0951805905983592,0.1867286176177037,0.0914073391429028,0.0199342787758471
0.0614965890006561,0.1101386209603897,0.0901440078832251,0.1452670441622108,0.0889867129856789,0.1504078759056923,0.0560949560791367,0.0930153357140439,0.1393642915929532,0.0650845654888483
0.051164808331857,0.1509710197563504,0.1240367297249524,0.1185790407362053,0.1072792599085506,0.0941520325426452,0.0354569784064313,0.1232823893944182,0.1090362097631175,0.0860415311857403
0.0593292587368151,0.158241417777469,0.1438958979892877,0.1057982595214546,0.1210853048765726,0.0738622138645609,0.0159118872889012,0.1421102609990716,0.0930218344392782,0.0867436641841293
0.1359980506368198,0.1953056412092947,0.0981525939923619,0.0153157131802672,0.0635953573198154,0.1171664159553289,0.1771148026711992,0.1151798500877494,0.030979135244729,0.0511924389188558
0.0382373747963991,0.1762470204096396,0.0965022789029939,0.0749858966576476,0.1232630101289923,0.0777244266995726,0.1087322812364555,0.1044359153427257,0.0968660867015636,0.1030057086227353
0.0583913231008228,0.136617782610393,0.0651096600405248,0.1020715891939991,0.0774517630929671,0.1164044954656813,0.1685034434994319,0.0529018731892645,0.1204366245509171,0.1021114449987791
0.0667299862858428,0.133952525422638,0.1096915707719957,0.1189801471670042,0.0892026752652247,0.1045738898222668,0.0789403756127993,0.0973568963792418,0.1118351369537765,0.0887367961244221
0.0502122745679923,0.1448399145104539,0.1093117760898107,0.1213157478205273,0.0993613396583876,0.1069217236157349,0.057791027588014,0.1078353633026027,0.1165262386216876,0.0858845939700604
0.0443814897830035,0.147779655500975,0.0747087776303268,0.1275194746529415,0.0520522688950053,0.1191468782803391,0.1504367652095513,0.0459345320396472,0.1299696748023439,0.1080704829053293
0.0006460540004081,0.2099020166289252,0.0873491473084209,0.1097938466450322,0.058890153499194,0.0755560551757149,0.1478175505683446,0.0570948404002952,0.1179124857210252,0.135037849592165
0.2235015836049426,0.0409690746022101,0.125871202249208,0.0574338240443666,0.184746944680119,0.1197929778182228,0.0111942383952712,0.1741442271780993,0.0561125675826418,0.0062333593467247
0.0577647615431745,0.1414253520464003,0.0987325352817678,0.1106404099128439,0.093259626536556,0.1048149913747888,0.0970738628947842,0.0914091182185441,0.11347916140612,0.091400180534767
0.2362399762525136,0.2356819578632203,0.0775008836393081,0.0054993415179886,0.1529222003469878,0.075777804536159,0.0096393605365142,0.0676280018185816,0.105212585477618,0.0338978864884017
0.2302783647741984,0.0857919091528902,0.0741233794579798,0.0926762444059927,0.0880371416034837,0.0655811352477805,0.2058564359186569,0.0631913501996076,0.0355824548910827,0.0588815834164095
0.0126292316310615,0.1487191309558317,0.1549383320779147,0.0017708809274665,0.2266518175916655,0.0198184694855488,0.1552418677769126,0.243768140439783,0.0097000763260315,0.0267620524491096
0.06815594924787,0.113228092899604,0.086946079947156,0.1363954882561143,0.0744112887150502,0.1373420618546631,0.0963902094097944,0.0758333125249816,0.1313345470229039,0.0799629699483196
0.0757578270002614,0.1327682763631062,0.1109484647425262,0.0886093442453854,0.123344168886324,0.0895646020772724,0.0809664224192583,0.1177152102102991,0.0959709580995499,0.0843547257767943
0.072480338655736,0.1372558339879087,0.1090793010355483,0.096413652219423,0.1042974873987648,0.0879920332111197,0.0968258399511918,0.1030761511675025,0.0989341522296936,0.0936452099904422
0.007078095231288,0.1876482959773766,0.1429165615681456,0.1184375076777858,0.1128805041655319,0.0642974132165655,0.0265123038877193,0.1500102656193203,0.0992429720507553,0.0909760802573614
0.0766461412799,0.1332846238262831,0.1323955727924875,0.1056103699889531,0.1171737640745317,0.0853945955260494,0.0393200713455742,0.1327617355339653,0.0951109999008202,0.0823021255975203
0.0774330611591649,0.1114869185539528,0.0950887960260551,0.1043754809393634,0.1205315450776882,0.1204536680703003,0.0768056000709171,0.1111171766392648,0.1127249750917725,0.0699827782194356
0.0658835899604706,0.1418361191471515,0.0984095679689626,0.0966626405668144,0.0954487808379266,0.0914942420759751,0.1188949396529235,0.0886620173596667,0.1030061150577615,0.0997019871633159
0.0713757302452737,0.1269824192310177,0.094746450897174,0.1020897519248939,0.1022219219758979,0.1063374841243362,0.1057634812502782,0.0940659728672049,0.1090496263807391,0.0873671609308829
0.0803750885579842,0.1196994812631691,0.118680984729755,0.0915007994203094,0.1457673854494166,0.099578144623729,0.0375483111003839,0.1442024645795313,0.0969286585285256,0.0657186815766177
0.0779275545032063,0.1228174878050112,0.1148045006382434,0.1061541548418351,0.1153849346126276,0.1017592400381688,0.0600282230901607,0.1197605646161324,0.1035941507440028,0.0777691889708798
0.0724983981317928,0.1260747054459905,0.1008952123234691,0.0985982928055416,0.1159199770634395,0.1049336716565227,0.0852865660643047,0.1092550077506867,0.1055231764898903,0.0810149920715479
0.0964641009964238,0.1196621427501896,0.1292375716742634,0.086906128168189,0.1295042658723177,0.0816094607756628,0.059566886272001,0.1336628875532738,0.0849429835624919,0.0784435722715997
0.0621827412435258,0.1324662220016199,0.114040290827698,0.1202816287568143,0.1060105135639267,0.1084889815927635,0.0474483676302591,0.1173248886563221,0.1122271308079483,0.0795292346897997
0.0903950736777123,0.1131589042684588,0.1081771403727258,0.1162204778172129,0.0831246448947838,0.1068229423732721,0.0984060682674014,0.0891474354607387,0.1070645415281866,0.0874827712444148
0.078303213941998,0.1256007226810016,0.1218962349733251,0.0953314511085054,0.13499955419013,0.0944553651131997,0.0424583478047416,0.1381763968987421,0.0959871220345017,0.0727915910630097
0.0879500124790132,0.1088008294098617,0.1078165514036639,0.1236263595471734,0.0851864674451917,0.1158127245515117,0.083618863848633,0.0934951758651372,0.1126775530508246,0.0810154623019171
0.0948517855492278,0.1186597311043356,0.1241477459120554,0.0808762309391244,0.1400252334695276,0.084836824015028,0.0593938174580893,0.1377417048576799,0.0848845122474722,0.0745824142900874
0.0909162570629331,0.1303628986925132,0.1261829029333282,0.0910784987051862,0.1079847044091046,0.0758219380571985,0.0848941920852192,0.1140212818104403,0.0857018048714214,0.0930355212205709
0.077731475391205,0.1122919372573862,0.1104162308663092,0.126514311810016,0.1008511128431089,0.1224877390375306,0.0510759761917866,0.1113752520367074,0.1154862618318792,0.0717697025174378
0.0907202889224821,0.1413875765545716,0.1341596367710601,0.0663019884164434,0.1371295403249879,0.0556907449748643,0.0744150892318072,0.1380075598202984,0.068697936398746,0.0934896383517806
0.0823754953993719,0.1294564877308731,0.1239699822175797,0.0609015923967118,0.177662778134703,0.0782526358917956,0.0364932296506343,0.165929686974717,0.0778740608563475,0.0670840504735778
0.0932095769090969,0.2384812008037349,0.1052967655642871,0.0625626051708247,0.0481557525380531,0.1711901280356127,0.0014499800585021,0.0813330580401737,0.0689429148380498,0.1293780170583524
0.065413264809013,0.1107566554771613,0.0505222797799681,0.0370050837229316,0.2119990696698178,0.1419165992265156,0.0980609601055381,0.1433882427880959,0.0990459791428299,0.041891864322619
0.0259106276416243,0.1005338564132728,0.0875815167138567,0.1803865950202174,0.0827661346377023,0.1847970292363523,0.0378410026248042,0.1120572556101779,0.1528449008147124,0.0352810806191102
0.0863977242288252,0.1232071592721206,0.1267675271797408,0.1015580567522888,0.116331694508063,0.0915262138040069,0.0546665657788165,0.12650179504812,0.0937545355997735,0.0792887276457802
0.0968600738924555,0.1166990250787971,0.1344789431982566,0.0869808449181559,0.1416040933929062,0.0851362221593614,0.036345554425046,0.1484441315109627,0.0837038703578458,0.0697472409034356
0.0981286209456237,0.1012753467314862,0.1103859837353554,0.1092192293620831,0.1052072157168267,0.1131176631117068,0.0780919600448736,0.1074967087807662,0.1045438165233506,0.0725334549448601
0.0978379872504679,0.1050783850044279,0.1098181061111508,0.096194510039219,0.1185102540453129,0.105360962826755,0.0811192617790425,0.1150363626114276,0.0981369867377544,0.0729071834831961
0.081987141748343,0.1317348930380628,0.1172552405866811,0.0998245623954659,0.0974075160878171,0.085913980677222,0.0937208955438884,0.1038510144903976,0.094274240421017,0.094030514849631
0.0981782183638353,0.1229254855991509,0.1148902726513223,0.0675690750243502,0.1314127338426605,0.0752952095384668,0.1044253891890547,0.1197147324581434,0.0792746529140632,0.0863142302873426
0.0932729321830915,0.0954523691253656,0.0981638879658008,0.1213033432708311,0.0942653771448346,0.1306072717106708,0.0857587954417137,0.0948431439715782,0.1164815130840119,0.0698513659757815
0.0843310572498466,0.105744105967828,0.0969954212983126,0.1204600768519343,0.0904314200909579,0.1255851385665033,0.0924397059203894,0.0909659641026582,0.1166950490543246,0.0763520607517318
0.062413768005569,0.1430657057778385,0.1041652944527059,0.1094522542620979,0.0830486073828044,0.0951260267302142,0.1089156227354614,0.0876892891919599,0.1058689923491766,0.1002544388585607
0.0834910282598141,0.1175920992194152,0.1276450326961195,0.0963577889110431,0.1450281922973231,0.0990487762615771,0.0217386721535384,0.1511645973094457,0.095236290502709,0.062697522201578
0.0928270721172127,0.0915854316572918,0.0949996228345089,0.1185647082088354,0.1042349333308224,0.1347125242458559,0.0797687543434883,0.1011505549664619,0.1175718877912393,0.0645845103859094
0.085049663431221,0.1084303328763461,0.0977398507757697,0.1036331707432036,0.1108532919574167,0.1194890934179258,0.0901539220487965,0.1043935573199165,0.1077045399233404,0.0725525772456878
0.0783658150756838,0.1032713429913727,0.0735684388417261,0.0951409972445512,0.1232381720107973,0.1342336387741756,0.1114312816587531,0.0979661745480146,0.1162081462327376,0.0665759923584677
0.0770762394340012,0.1288719594200562,0.1248867762723305,0.103290718402125,0.1195316883485737,0.0920870607164022,0.0478387441536641,0.1303512260715351,0.0966747099894002,0.0793908770167094
0.0612954520673443,0.1326875633881196,0.0974554025803786,0.1184721199762613,0.0848629231971311,0.1123311635805872,0.0985892776135726,0.0896542480093784,0.11423072176259,0.0904211275349541
0.064335017886115,0.1209437913005731,0.0750905771574107,0.095156391481442,0.1164567376980194,0.1266249372131566,0.1159511727168149,0.0949953981629714,0.1142928150734174,0.076153160927174
0.0949231714538238,0.1174556159238344,0.1187124190839168,0.0933499032371492,0.1115761113419495,0.092595250350831,0.0850623596923295,0.114210898181219,0.0904802249115882,0.0816340456009501
0.1024243923143945,0.1179550462146198,0.1094786609223211,0.065582124097433,0.1286483509062303,0.0814999230988309,0.1176110674328017,0.1133606607519393,0.0789361461174799,0.084503627900733
0.1039761470931018,0.1190783274023719,0.1214075997122087,0.0835213715606635,0.1084324160458396,0.0785716648686846,0.1040762338328832,0.109099148794023,0.0814156193248741,0.0904214712080418
0.1010440384507714,0.0989996259991895,0.1030659659807366,0.1100972036169799,0.0932200568242695,0.1165097877016729,0.1016645621488031,0.0920159947933723,0.1063863724404726,0.0769963919164909
0.1224361567449933,0.0821742307422981,0.1015179565203948,0.0707624554413051,0.1457246393389506,0.1137459112162413,0.0969080044823688,0.1229207189398704,0.0878953074602332,0.0559146188725007
0.0658444030881031,0.1680314483698729,0.1128049572966222,0.0706625121892528,0.0941330779784723,0.0668751744274681,0.1445665069865912,0.0922759433997101,0.0745878873016838,0.1102180880938325
0.0804734295414882,0.1073604219510123,0.0863489979130915,0.1324254442093833,0.0620458735361387,0.1342900554761269,0.1234038776018827,0.0636929753985042,0.1250558868544212,0.0849030373004254
0.0988681902422336,0.1041663594787968,0.0999184788278281,0.1050080160873512,0.0905112830348384,0.1105111762815651,0.1171711422156858,0.0866152770746321,0.1041440724047619,0.0830860042325911
0.0776293257087051,0.136937950514097,0.1013412587749764,0.1222333581576267,0.0374513154187395,0.0933083669415094,0.1583355845603526,0.0476931853319265,0.1078377479178857,0.1172319064961272
0.1082329810566869,0.1179555844129852,0.1418175107605964,0.0656160921789414,0.1560647801476662,0.067734918692926,0.0458570525189801,0.1573592618550519,0.0686509673588349,0.0707108508443388
0.0933831431107166,0.1027607460913883,0.1000695530630681,0.1130328340942311,0.0929188119504081,0.1184964031113495,0.0996593332231579,0.0921305617259525,0.1101907548896309,0.0773578586180774
0.0953330550584246,0.1069483017114268,0.0986754760089668,0.1060899784667503,0.0891119903592545,0.1115770441669388,0.1179786946910918,0.0854762092089932,0.1055072389409445,0.0833020112328551
0.1005026957859588,0.1123306860008317,0.1353597026021031,0.0953923395040107,0.1287252322767766,0.0896324097740775,0.0411621120462729,0.1399476961364047,0.0872170477904081,0.0697300779276747
0.0901239446681698,0.1229721879317127,0.1159675203074827,0.0892910201191483,0.1140121405799594,0.0917598179427912,0.0902175758825448,0.1143210701248085,0.0899924296862672,0.0813422924522295
0.0999247649509825,0.0981293575430679,0.0912934440081082,0.1124326756815314,0.0791589814509854,0.1214329811207685,0.1302683147673081,0.073264066353734,0.1112964315715684,0.0827989824336653
0.0908547709423243,0.0991661476354269,0.1196499506593979,0.1288522668863857,0.1048096584495035,0.1260411705844141,0.0351791239017129,0.1212705622073558,0.1130623406067592,0.0611140079527119
0.0725150788489483,0.1215399139528288,0.0988446368474472,0.1425042507360773,0.0468548332622567,0.1250133154388181,0.1131745690376215,0.0627323260112873,0.1236199861902268,0.0932010893892407
0.0998469110867032,0.1095711985394321,0.11560291205273,0.0850271737931877,0.1292808959384226,0.0957245439542612,0.0783687545055638,0.1243289824516433,0.0898525474572627,0.0723960800505382
0.0826833744718217,0.1211609596340986,0.0867107537045087,0.0525142106664895,0.1583628767324782,0.0992747645381503,0.1187485190446328,0.123431129004351,0.0882286742802234,0.0688847375250943
0.0181240269974716,0.1541951851944162,0.1168322493740915,0.1118730136640728,0.1278469937200703,0.1450367899318752,0.0353163868905548,0.1255450619457402,0.087717736559247,0.0775125551173604
0.089323216049143,0.1145380574630453,0.1190373562485847,0.1247707666194165,0.0788846471729399,0.1095960691027687,0.0788334565136324,0.0959224595656119,0.1072986688943509,0.0817953021562833
0.0927982277581183,0.0912278565148547,0.1011010702831879,0.127515705420624,0.0971790416265756,0.140831396972182,0.0681579131716813,0.1020252423736285,0.1197488248467338,0.0594147207807624
0.1016980159740438,0.1029301418482977,0.1086259703445003,0.0965860001515014,0.1125830271141984,0.1088501835658978,0.0905582812678005,0.1085647326118952,0.0981604187175767,0.0714432281893318
0.1126302490741349,0.1093951740948251,0.1351500091808773,0.0797463267601197,0.1349144963894325,0.0811968292114798,0.0598307413659711,0.1389868937063639,0.0770129796545557,0.0711363003620955
0.1114057464076872,0.1059186400743033,0.1386462466279597,0.0883516095142092,0.135337861558372,0.0849404588411184,0.0416489179009261,0.1446075064468753,0.0812191164725432,0.0679238960454637
0.0982481389237512,0.1138456268249954,0.1049796924112572,0.0875334988440296,0.1061078083497534,0.0978384646198592,0.1180531366620915,0.0973308956513362,0.0933719235253408,0.0826908139094536
0.0807536922644584,0.1135707578636067,0.0002427782922828,0.1447261270911007,0.1850448784207047,0.0506829693814213,0.1183669850035447,0.1254882905509348,0.08632934954454,0.0947941707827845
0.1168064350290938,0.1099990043509612,0.1255921085775377,0.0518960854026521,0.1604329308061755,0.0740504119803921,0.0803542151112542,0.1451111098255578,0.0676431261094032,0.0681145725284298
0.0758545299312329,0.0527172628210614,0.000971259095066,0.0525597538591637,0.2053608622117357,0.2274786815422924,0.1125143451489372,0.1167386897724365,0.1307078365449664,0.0250967772746055
0.0792426239142189,0.098091070263786,0.0670945069574067,0.1539541557096347,0.0297908133745164,0.1612615530356778,0.1534096894057734,0.0299418233559455,0.1431030473012242,0.0841107162631018
0.0590950034242136,0.0852632979170759,0.0807249378543587,0.1936911796496212,0.0537113058938082,0.195460295951212,0.0379930872267168,0.0758331300070869,0.1686483752993762,0.0495793864889384
0.1028609098424032,0.1036757135387036,0.1241698486197212,0.12848703568577,0.0713222361123972,0.0977452674918362,0.082003963041058,0.0913953912638333,0.1057647458071538,0.0925748882930645
0.1074820349538955,0.0678997874095664,0.0202597338385883,0.0106377374346362,0.2236939288584311,0.1671754548941945,0.1675079988011943,0.1205842765301997,0.1011417926721601,0.0136172535023017
0.1009468032146949,0.1279939221797848,0.1267693090600215,0.0611733405932608,0.1415667814167904,0.066944330319409,0.0884284778799829,0.1333447448824006,0.0719102189951502,0.0809220711452492
0.1041231403427158,0.1317817171235054,0.1617368808514868,0.0718251365407425,0.1523154362335707,0.0571517261200027,0.017882831023188,0.1701901809754602,0.0625950596763351,0.0703978906977155
0.1107919991391217,0.1084712826574307,0.1301110933830409,0.088993350270655,0.1204897026904602,0.0871567668228329,0.0704008445897143,0.1256132499133357,0.0839225308974266,0.0740491794429215
0.0833647118538781,0.0664494182605972,0.0153476049932626,0.1519438463285554,0.0213851754209499,0.2133457490106025,0.2139053870070904,0.0098225282762403,0.1640158237329164,0.0604197543340513
0.0968632475006461,0.1043025017349847,0.096070615208136,0.1189802324500139,0.0696604087748783,0.1184105914113128,0.1266886160325395,0.0710237330713101,0.111614137274038,0.0863859163578056
0.176339461869907,0.0472672326460852,0.0195456337340366,0.0439539627162482,0.1227200395321029,0.1744046474505091,0.2489727841411596,0.0211865806812336,0.110101982008619,0.0355076742110922
0.1131354085681811,0.1042025726894042,0.1155623958070365,0.0762527497796386,0.1278461692485043,0.0902001246143916,0.0972605309422531,0.1177643756990344,0.0842003647668784,0.0735753077216015
0.1041648810740326,0.1061580820963061,0.1174744378068431,0.0832369481955453,0.1340793808450994,0.0961272215893462,0.0737058918049014,0.1278916227101957,0.0895976598482268,0.0675638738575474
0.0941894946120004,0.1125868890346817,0.1117886563345371,0.1144111591627683,0.0831176964329633,0.1049605042100813,0.0989716726595235,0.0897527764688893,0.1055581741338656,0.0846629768166921
0.0993739864132538,0.0991406837625264,0.0973661131403408,0.1051766063561894,0.0996997738772291,0.1199068083894743,0.1069930485851135,0.0921176804463081,0.1086760656114863,0.07154923322322
0.1024851678939101,0.1181309481267611,0.1297557371334655,0.0842040869659585,0.1239906545449321,0.0796116118483702,0.0731319074312037,0.1271415912130998,0.0830730384476531,0.0784752562407624
0.0676169245089699,0.0955733382437022,0.0553829971223768,0.1402880112888735,0.0682584583048115,0.1727422645624869,0.1344502028961289,0.0514065137184079,0.1504057455140595,0.0638755434604297
0.0881902287422425,0.1149834081269554,0.1303569731105666,0.1088632594334816,0.1239081672527673,0.1021531222685366,0.0297867776851006,0.136770667681222,0.1004354322780564,0.0645519632304643
0.0846764458052783,0.1300269832446843,0.1049951417249653,0.1037102194282798,0.0747546193506857,0.0894014113043847,0.1340654384177173,0.0756437113145253,0.1009961306228067,0.1017298986574839
0.0922050853437548,0.1104888307451114,0.1027047881985102,0.0928698863099034,0.1176938255961407,0.1048998795026461,0.0948904849486517,0.1087569643846714,0.1009126510836992,0.0745776037454438
0.0918518149620132,0.1062172310492287,0.1008737584137755,0.1004108243261687,0.1130589676605059,0.114615850283408,0.0913332751112442,0.1048435605789701,0.1072699240307241,0.0695247934084286
0.0554500782738546,0.1465447725625371,0.1046873323466165,0.1286707753193476,0.0632809969830612,0.1044364310995556,0.1051037313027082,0.0755541787333354,0.1197333281762517,0.0965383748862324
0.0887661740056563,0.1280588660969694,0.1324237175846013,0.0932826648435987,0.1217036335740874,0.0790951611565958,0.0562303565495177,0.1314684952148217,0.0882152332299106,0.080755697610082
0.0825269764405919,0.1067557803034709,0.1072416769331324,0.1132085916039472,0.1192319311076202,0.1217898316877122,0.0536280802988398,0.1196965966711735,0.1142776721349978,0.0616428626642531
0.0048998506695292,0.1163737460321835,0.0234144601238517,0.1028942526530157,0.1918968415998987,0.2021633039485663,0.0471325910799685,0.1321767376038353,0.1707073575132109,0.0083408580648818
0.0300045202310731,0.1563454343828005,0.1303553780775189,0.1667167204577925,0.0671376208790448,0.1151397457579868,0.0063594659738398,0.1108282344799396,0.1351946888515231,0.0819181905724589
0.1477814799564256,0.1514726346315241,0.0729721945582387,0.090465955678208,0.0391479174033774,0.1006061145946229,0.135808646176477,0.07084651827564,0.1342743739920506,0.0566241638111371
0.032443653209374,0.1670541336108837,0.1046830999332539,0.1011449676015841,0.120721023453026,0.092935876010862,0.0652275521039219,0.1196719498721332,0.1134389235432049,0.0826788201903504
0.077911395704246,0.1064337648553316,0.0798347668254281,0.1205233235304297,0.0856837972264858,0.1358564370127516,0.1177874073548651,0.0749094078649988,0.1276286154655649,0.0734310839289377
0.0024915487567663,0.1844362766480455,0.1646295378364888,0.112662445296835,0.103717588191691,0.0359528169483235,0.0841652265612429,0.162492386311857,0.0805443343882267,0.0689078384559656
0.0170997333692973,0.1154940807967711,0.083380129813229,0.2253437693640674,0.0372031566013367,0.2058356485417729,0.0004757183423168,0.0749083501652188,0.1930050787460526,0.0472543337626258
0.1263598033142429,0.016963753781457,0.1025690012455201,0.145097896122918,0.0904085080804104,0.1707922910612918,0.0654642868704223,0.0814785865183109,0.1386546703601024,0.0622112019844404
0.183176067033833,0.0696844568091072,0.1127579224695786,0.0300508013611443,0.1080679290273457,0.045660538626305,0.2152755814946174,0.0789549500077148,0.0408495967713909,0.1155221558139893
0.2231409828530092,0.0216641006096172,0.1194435915020337,0.0410685615755953,0.11266637495674,0.0697942117987907,0.1901482635161117,0.0879667170029769,0.0411816039403379,0.0929255914801759
0.1405771448188682,0.0248571536433359,0.0745914388674538,0.1280730644990482,0.0959678023465859,0.17064900690201,0.1066314092726389,0.0820342682963879,0.1252082029003592,0.0514105080132943
0.0996520652039515,0.0781898589106456,0.0496585794052596,0.112276145374769,0.0268855679986325,0.1313678940466005,0.2708867594922393,0.0173196694573894,0.0798596380470186,0.1339038214707875
0.128525789297104,0.0774938636796529,0.1135359493093295,0.0922498683413557,0.1153433053516118,0.1004403329905027,0.0936876249480999,0.1124248823742714,0.0881428780807776,0.0781555052807931
0.1616954647321968,0.0407866766201517,0.0264824855484885,0.0460437311865998,0.0870290530945691,0.1240072458832791,0.3088708640459193,0.0129883655914755,0.0911994797973387,0.1008966330324187
0.1260521203795363,0.1431831626961609,0.1731692839280464,0.0352645545139959,0.1076778809758059,0.024557195738976,0.1097161925206231,0.1267761450499033,0.0188194546635253,0.1347840090834205
0.1277018853215246,0.1013067501233712,0.1557719997031391,0.0749561334789033,0.1456969918186383,0.0600802823991948,0.0345751156118775,0.1592062044783654,0.0634500843957326,0.077254552433517
0.1088511587668852,0.0802840634662339,0.0990748869198042,0.1265902084807158,0.0810606610131708,0.1293890941369092,0.0985027924212432,0.0843474024435953,0.1154637592874987,0.0764359728927707
0.1444741116889189,0.0326667981507897,0.0923850716967937,0.1006629197054706,0.1384880501489812,0.15005752897572,0.0738976430972568,0.1187789902070063,0.1078576936349962,0.0407311923598624
0.1112209568626342,0.1022766522546662,0.1172449757865598,0.0976645718964736,0.0959436937194189,0.0873560525070243,0.1060162137110343,0.0987579547076527,0.0902484949658335,0.0932704333609429
0.0755298609636291,0.1432731723713917,0.1756412818338466,0.0905512357400705,0.1185290413577244,0.0037563808241464,0.019467458413344,0.1623529768642793,0.0525067186300403,0.1583918711899637
0.1351590019739343,0.1365584740438418,0.2484443931155813,0.0052667510458991,0.0608085673043119,0.0922521888967053,0.1002102786002169,0.149397442359658,0.0662845654876465,0.0056183342733088
0.1076480155722736,0.0997404970501512,0.0988723422140657,0.0989781385759295,0.0853323037030947,0.0992451249419141,0.1380901445058026,0.0778403975858062,0.0989889774731451,0.0952640581965226
0.0550138609488329,0.1729957412528325,0.1577502704972265,0.1516889375253773,0.0096669453468982,0.0356677770009753,0.0878186247812421,0.0719047547945496,0.0935521965467164,0.1639408906413079
0.1212686114409736,0.0611006522716303,0.0807337561230683,0.0993760285994588,0.1089403093015014,0.1297229195679942,0.1263162115522815,0.0883084591226284,0.1070184237761892,0.0772146277263494
0.0974394372544388,0.1006913854934018,0.0860164920863082,0.1400437866853195,0.0206986687573265,0.1174489566807411,0.1731402197064462,0.0275105370106832,0.120679114915784,0.1163314011248247
0.1326901321726333,0.0843168748213539,0.1556965147505255,0.0357242739265429,0.2168850716289193,0.0523841652942738,0.0124830208967907,0.2107484046588753,0.0456918699287179,0.0533796714854423
0.1090709861836622,0.0930264180977337,0.094259987312695,0.127518336804723,0.0408052220832506,0.1129287610615269,0.1592699851428648,0.0456175224240294,0.111331548312313,0.1061712323332951
0.1169520252803268,0.0900749489713062,0.1110972103606207,0.0954027246485509,0.1057328946642803,0.1000455266169935,0.1038276313224113,0.1018324644005326,0.0933835040422219,0.0816510695133824
0.1100060801610285,0.0826341271408902,0.1205877319205292,0.1237495639774986,0.1038538351373255,0.1199685628462314,0.0482547732053957,0.1170110412850489,0.1072457096645685,0.0666885744847896
0.1049903234827819,0.0980679231112166,0.1168830565496937,0.1381873540480651,0.0525604847447679,0.1108839572803979,0.0995097192636502,0.0741416813044171,0.1104095956002786,0.0943659044627521
0.1274452594053455,0.0879917243525619,0.1110853150074347,0.0926883793656216,0.0916389048157461,0.0939101056724236,0.1290670382654664,0.0880974319828608,0.0875358715666107,0.0905399693797266
0.1373215298963646,0.0594554243551055,0.0919943152086744,0.1090578156370401,0.0816316153604163,0.1282558170038854,0.1384873352147663,0.0711858614473215,0.1047680362105352,0.077842249406359
0.1252454512838036,0.0785341703023948,0.0984704548439477,0.096254181449324,0.0980600846026455,0.1125102808657897,0.1275537728725364,0.0866604940896553,0.097951970960086,0.0787591385947539
0.1434543348617451,0.1194466522520146,0.1392890474579667,0.0420456527097039,0.0993420496229113,0.0205112664165139,0.1738009186465811,0.0931869528678811,0.0409372534363819,0.1279858714065711
0.117011642592481,0.0790496758743352,0.0936228126376761,0.1155171231918296,0.0774299363954793,0.1246163862195824,0.1287282325577306,0.072543633726025,0.1099657304405568,0.0815148262299421
0.1252761059987236,0.0715432111838062,0.1111696150490655,0.1048360207385618,0.1148856597597032,0.1197782053726809,0.0758089222688094,0.1133356719487276,0.0995547953420713,0.0638117921818862
