0.0680578665919031,0.1317194438071371,0.0995685763499369,0.1203160362520128,0.0730743543626795,0.1059367136567439,0.1115472926763341,0.0782226448924098,0.1138829209804038,0.0976741502729368
0.0292134644504218,0.2140798578057266,0.1361558308523424,0.0555615133987848,0.129154387160701,0.0159216201547207,0.0908207462250629,0.1342089018661012,0.0637511490933802,0.1311325285745137
0.0404787855019412,0.1335760939711807,0.0168300076493667,0.112144333004824,0.0110462781685386,0.1300232891081648,0.269580792998458,0.0257532207572161,0.1350176287313898,0.1255495698101054
0.0849814564598843,0.1301543167408282,0.1103865176414146,0.0950915570681878,0.0944581987659212,0.0845397545114557,0.1139533600920405,0.0938203941903084,0.0945439076519773,0.0980705367580571
0.0716444933788502,0.1326184206225888,0.101973694471088,0.0911174355043081,0.1150874881633885,0.0942416603408298,0.0979277208740672,0.1074936257311523,0.0996100343896233,0.0882854263289458
0.0773678198000905,0.1260167722002694,0.1147177474448776,0.1147928371176424,0.0926488193984264,0.0993302841629366,0.078558722905851,0.1027871376801899,0.1055446331679303,0.0882352260044843
0.0849333609369168,0.1253197539872055,0.114950710417892,0.1070134218115444,0.0908263921712702,0.0920207472005148,0.0947019774361371,0.0979281646105425,0.0993502037129848,0.092955267606932
0.076084914635493,0.1172023099956868,0.1061871718712501,0.1104257597093042,0.1127775172704166,0.1119541039486172,0.0661974296206347,0.1145245300162724,0.1096467287333941,0.0749995340555505
0.0869121877238779,0.1153605970325495,0.1084239430007505,0.1018581697994684,0.1094939849553006,0.1020985905330495,0.0842901542722707,0.1088849363791625,0.1017765062250476,0.0809009299824481
0.0011416560434072,0.1157824830296665,0.0089024663945946,0.1545399547336073,0.0913073487340561,0.2123926005184513,0.1157533917010687,0.0547918190460199,0.1862083048913902,0.0591799744624689
0.0134851939337472,0.2125876000138942,0.1137971135933812,0.0869504380519994,0.1340076061011688,0.0552749736005896,0.0361429894825929,0.1417721168341159,0.0963802209145055,0.1096017470042634
0.0507827530199367,0.1297109208136759,0.0849839541910002,0.1310001295127429,0.0804248377567373,0.1284310810710577,0.0967281685959951,0.080470484162882,0.1300497164922885,0.0874179541600343
0.0888234960210126,0.1694834432707109,0.0846138507211819,0.0804005588850991,0.1250262789182004,0.0428557450112615,0.1342466565936214,0.1552211971840105,0.0779601246396279,0.041368648202621
0.0375302925325633,0.1341691795736962,0.1098962294937147,0.1199376413307665,0.1408597819633601,0.1185103069770744,0.0087514658487959,0.1509368583348429,0.1188985111398324,0.0605097325487201
0.0253163534283978,0.1310450508222885,0.0907815464568412,0.1233634797531919,0.1243684446772526,0.1086285120314648,0.0980650455829193,0.1504521820924445,0.1140475949495079,0.0339317897975587
0.0045318340601835,0.1512412079230123,0.0658333157675059,0.1378810893286603,0.120068434910589,0.1511865331033763,0.0344756955480654,0.1141530801329078,0.1500975345416725,0.07053127423365
0.1581916252088948,0.3008314784286311,0.0271785938831715,0.0565802463662695,0.0348377107089338,0.0049350444855428,0.1354521875243383,0.0301280632813427,0.0798321164563375,0.1720329323508638
0.0578835797307236,0.1361111003375093,0.1485576825764633,0.0677014921119806,0.1735191559320347,0.0508090901491691,0.0527314897625244,0.1930624537078376,0.0626515261109411,0.0569724293178563
0.1839852455160273,0.1386924095032499,0.0530249348495089,0.0035138651225537,0.0820524877355792,0.0751949604931709,0.2879097106552371,0.1432379615311174,0.0231264758750384,0.009261947794691
0.0681457062612838,0.1520029635606885,0.132878879340008,0.0806725598349498,0.1378383894461981,0.0644491454961096,0.0472516931913221,0.1461245173145435,0.0788641711655961,0.0917719740700263
0.1332606190180719,0.0449605436379435,0.0242939610212117,0.085295729030563,0.0644692031778917,0.131022471130064,0.2694185829648804,0.105261802940695,0.0941516551351346,0.0478654314004731
0.2081149165988512,0.0200573926748254,0.1460737219822692,0.0780287105964577,0.132533236161773,0.0991802632383935,0.075171398407821,0.1296972039180866,0.0700549028780047,0.0410882530680534
0.0310554319339133,0.1932568210972361,0.1343664309335892,0.0942430970789768,0.1082603125402825,0.0476621570228491,0.0580891313162969,0.1301580409005145,0.0834648422032655,0.1194437345550801
0.1800933898970427,0.0824079568673169,0.1510718946593889,0.0593326339592534,0.0945833342367874,0.0421842561127722,0.1474154390462428,0.0959998113230797,0.0497163090426999,0.0971949745102579
0.0133741667958658,0.1184352635977129,0.0244771646035284,0.1570341715113463,0.0766110128101354,0.1953676577683354,0.1154439828910348,0.0535389856100337,0.1736780604039038,0.0720395335494259
0.2068679879038629,0.0257424580176254,0.2188554988122994,0.0049617831973237,0.1791301227727581,0.0261143614983639,0.08108193411777,0.2154580191746354,0.023101416975604,0.0186864168580815
0.0310623147532536,0.1869816824494342,0.1211692257857986,0.0981832067328369,0.0986202771868373,0.0585360292875508,0.0803763397049627,0.1133782922945804,0.0919311084993496,0.1197615229132704
0.171487500636102,0.0700010266393847,0.0034065518286979,0.1477967415863585,0.0177257682160526,0.2352649589055383,0.1762030809141812,0.0209924692569514,0.1532612796773232,0.0038606218811375
0.073781961337123,0.1463011804548775,0.0214982174358189,0.1572038619468597,0.022067369683315,0.150712077245826,0.1388158852672106,0.0302133163516113,0.1629641134835054,0.096442016210633
0.1178108258115421,0.0987495593178815,0.0270691493143212,0.1827200441043303,0.023113838665431,0.1496004337429994,0.1758674641128818,0.0792007144998138,0.1442813826908302,0.0015865870256139
0.19967034112474,0.0331198742798832,0.1379527896273383,0.1174545344040405,0.0484801327711135,0.1036325648023419,0.1330342715639856,0.0668649975116037,0.0830487567770017,0.0767417366570556
0.2258158512887673,0.0224625326128794,0.1422088491719343,0.0375570823174422,0.2335371536009476,0.0309931450899321,0.0881795114631013,0.185610047520954,0.0022172205491131,0.0314186059313666
0.0544229149372906,0.1149075785137741,0.087018623494864,0.1344094777071666,0.1036270780947477,0.1416074061364212,0.0567536706801519,0.1052492296390341,0.1331959551433009,0.0688080654396717
0.0422603525669152,0.1442981602737591,0.0318516659851342,0.1885020632187246,0.050397872231832,0.1864695099326231,0.0421629749515518,0.0577771482724654,0.1845579240756085,0.071722327937246
0.1759375176733728,0.0400568543536384,0.1081953463091648,0.0814543215035338,0.1084557270179769,0.1143611401629967,0.1361386597714989,0.0907587081052691,0.085415089976088,0.0592266348400762
0.234506927797534,0.0048420790862112,0.123455626659641,0.0508867620219681,0.1225536904073145,0.0985132459732375,0.1604752811808703,0.0966243263484436,0.05764805814496,0.0504940019193071
0.159679127725038,0.0647454888545081,0.1309579980048621,0.0948334284617185,0.0967104373744329,0.0961665480064241,0.1026956072615331,0.1016944519227974,0.0810935178606647,0.0714233943341045
0.0074855865871835,0.1650154444286025,0.0799043334801232,0.1263994400880172,0.1285431948224272,0.1257813059853339,0.0241206867262687,0.1289006243712966,0.1364448225644897,0.0774045604421457
0.0884812671785233,0.2221745884771164,0.0339522032717103,0.1008573294341079,0.0752449752010689,0.0779746187950425,0.0929133705282959,0.0656064731570846,0.1243201321783894,0.1184750409794667
0.2581086322410458,0.020569011355266,0.1467252696536265,0.0318710431668567,0.1638235751671168,0.0881659740609591,0.0906702182490845,0.1424696956750543,0.0355342657001482,0.0220623142493546
0.1689663033407291,0.0358073746893026,0.087236756664742,0.1077442271805666,0.0637868959975054,0.1378958544453392,0.1767212266511991,0.0473858533853083,0.1047518733131239,0.0697036341097602
0.1649192185874669,0.0725199462764139,0.1238619624415033,0.0874018633979698,0.0699913867115838,0.0824092438443534,0.1613608414109433,0.0690369381869751,0.0757115592957449,0.0927870396354208
0.1920330908751049,0.0088331899014443,0.0467200504305465,0.1146763816544457,0.0132826881058695,0.1650636456793237,0.2559183082989423,0.0200536372245028,0.1162206519299206,0.0671983555023553
0.2757793958050828,0.013222502788168,0.1852153771776212,0.100681520348607,0.0051642004740841,0.0502007640234621,0.1845533540238279,0.042593297011433,0.0403861606392319,0.102203426911266
0.2168867127177297,0.0838322396827934,0.2119196333206603,0.0710741455906207,0.0597279852653396,0.0023300529813095,0.1146227105822139,0.1041998343756105,0.0195664632400827,0.1158402216994814
0.2790583950934981,0.0175055611915426,0.2649157862567299,0.0652158562582634,0.018584410874346,0.0692527776673982,0.0578841356014258,0.082137411425079,0.0442862542945042,0.1011594103896054
0.1922941839392306,0.0432104334997913,0.1143271945751758,0.0843010681799549,0.0657607539653188,0.0970550880810711,0.187797478735626,0.0547300627720103,0.0764944476272101,0.0840292883109432
0.1789743408046425,0.0230606496202403,0.0717360174173332,0.1057245065675959,0.111608982440215,0.0640490073462873,0.2228009536943553,0.085741924953772,0.0508749812604184,0.0854286352631098
0.2159901736917684,0.0092781157392867,0.0882852584297643,0.0925912647083957,0.0720743460394384,0.142715004903457,0.1880323464366066,0.0458597469090208,0.092524005504859,0.0526497371662272
0.0472155407945615,0.1142158076586097,0.0988788430791038,0.1372143801537385,0.130576417972182,0.1459434370624218,0.0026087916481139,0.1389691877205596,0.1344464160041192,0.0499311776504699
0.0153952385189817,0.1478687225266427,0.0144152235833816,0.0280289546999671,0.2098166658085828,0.1267231828472835,0.1520062899626244,0.1221281568246629,0.1172849357781591,0.0663326288937268
0.2676438741548599,0.0133664896547931,0.1912004048763863,0.0586629157290118,0.1433727191149643,0.0704594678771596,0.0378931760373843,0.1578883565527728,0.0298381342423224,0.029674461217791
0.2465164209746213,0.0068344407129492,0.1558975677340968,0.0536911105250103,0.1930719931064474,0.0083083043963437,0.1025674672972757,0.1593445146721907,0.0324124843469465,0.041355695788931
0.1591605898930719,0.122330935180099,0.1002683854382927,0.0424393438215417,0.1710655513059646,0.1619109314641529,0.0010344685929166,0.0837095926620789,0.1451838478126858,0.0128963529169168
0.043869847409138,0.1661538255131391,0.0837523276146001,0.0739627096004311,0.1117841554333944,0.0738036080485768,0.1451263909010212,0.0917393182298749,0.0971156507878691,0.1126921662079879
0.1341948258788572,0.2901499902638284,0.0077492910056153,0.0330583225687309,0.0315579643420263,0.019347182798859,0.2188484469579658,0.0040789010521886,0.0795030213165641,0.1815120530718644
0.0544823414979361,0.1417550001507948,0.0740578735506618,0.0815687544026992,0.1179240437793864,0.1001017258427761,0.1367655474484732,0.0914828406443308,0.1081432945907708,0.0937185778430153
0.0092174884364631,0.169117092193745,0.058266370351062,0.1018124694102067,0.1080876931430755,0.114666753132122,0.1264168517225716,0.0845492473383404,0.1300743484532033,0.0977916853556349
0.0695610606067007,0.122251136530048,0.1106439255816467,0.1062771075316101,0.1306855845710924,0.1082578615369617,0.041898831015373,0.1330398855946085,0.1081155200681781,0.0692690868037003
0.0372203383704221,0.1897345658751777,0.1249939817004162,0.0859464205260639,0.1320572060610313,0.0311170899121228,0.0825972909346111,0.1677897092754959,0.0771302887288654,0.0714131082016763
0.0333424347192986,0.1540501696486953,0.0961535514244179,0.1183748553162711,0.1041348336063693,0.105853635596479,0.0691003133508599,0.10745068374409,0.1214757608921258,0.0900637614338191
0.132030828134547,0.191704576449413,0.103876812374334,0.0638413973113582,0.0589286192623302,0.0475270228628462,0.1856202017803838,0.1315759037601554,0.0309169420398078,0.053977695509943
0.2659121676475238,0.1287932142462521,0.0717795198887957,0.0058090114356535,0.1041703440124294,0.0072734570248517,0.2284889407875194,0.0944035973046651,0.0459284839735336,0.0474412627454927
0.0288126459420906,0.1665687495196816,0.0800558589205491,0.1185131569988584,0.0657968824816152,0.0979387660810489,0.139145972286979,0.0640645178402523,0.1230266729101189,0.1160767767680914
0.1205012375566274,0.2339329974898052,0.0683331540559149,0.0504155803987535,0.163907576248458,0.0868187611910445,0.042934652614001,0.1529975516024102,0.0014676097328778,0.0786908783977888
0.0440230794945695,0.1567580982237677,0.1050073762856369,0.1235748266481293,0.0768944986651183,0.0938264784781279,0.0904679716007401,0.0899445121143741,0.1151104783848026,0.1043926798762625
0.0224041845380064,0.2051333311988272,0.0748079449109586,0.1193883902192067,0.0655543229851531,0.0845123756102356,0.1107352799031972,0.0695366611863309,0.1261620078761764,0.1217655010873828
0.0509898529936369,0.1666286069853751,0.1066953821832446,0.0822819650404038,0.1098507488104319,0.0651438058684533,0.1110582738554309,0.1052005329133248,0.0926540984612684,0.1094967326863441
0.0358892456209889,0.2240012557078085,0.0965268465996425,0.0892058043844985,0.113273748475715,0.0484921034048794,0.0540899023814469,0.120712444851084,0.1022469964348474,0.1155616517057287
0.0457874566344521,0.1473497226743432,0.1056597615030215,0.0968606426026378,0.1386769258005335,0.0969985217548938,0.0474846544941739,0.1359455178429443,0.1081252864716703,0.0771115099867644
0.0209817054790367,0.2086652415345847,0.1306454301880807,0.0916619468907467,0.0996393526073559,0.035396586217903,0.078844701665905,0.1183393209730651,0.0875766679829654,0.1282490461796932
0.0609246851991174,0.2115901788680126,0.0594160659589171,0.0509101290616719,0.1891315038521271,0.0687267555274758,0.0195215519902533,0.1602428074094258,0.1041953220679909,0.0753409994866712
0.044055536834178,0.1511646657728901,0.093377647130032,0.0615384469111212,0.21015132709766,0.0676491132686681,0.1205592142807029,0.2046940551813042,0.0233334025375472,0.0234765904937663
0.1524176299166297,0.0553415694938456,0.1135538202814486,0.1239450513709108,0.0594306717951256,0.1227427002380945,0.1264295923597783,0.0667082798022577,0.1030980804210011,0.0763326041007437
0.1690995239691879,0.0434706911886513,0.0058745071776188,0.0374571477328186,0.1125045148207482,0.0449923665692537,0.3290145126039754,0.1413027045435392,0.0266135271587785,0.0896705036505156
0.106792373765492,0.1831735257821476,0.0764308889716277,0.0746962129266315,0.0828200678581115,0.1577503962272134,0.0806428323227004,0.1074620460421496,0.0633219852859457,0.0669096703263231
0.1723722084674892,0.0819616054630741,0.1451776296825006,0.0815884636320229,0.0624616659566706,0.0547366456372314,0.1605286650070131,0.0737995842994087,0.0583577422122324,0.1090157893631874
0.0608305139975141,0.1759447787026373,0.1207897178882742,0.0084992414952687,0.1741485408479425,0.0409643633594546,0.1618551461698137,0.2054494611489837,0.0142264387897271,0.0372917971592924
0.0200002910892637,0.1846343910779199,0.1034327916332358,0.0576900400598365,0.19486506865941,0.0551579020236955,0.0478109447226682,0.1926836095505366,0.0845336317909872,0.0591913289358943
0.143807746377924,0.1458195990784964,0.0218321196666156,0.1661232784390707,0.0264693724239739,0.1203164854186587,0.1380179961766136,0.0742921006187673,0.1450477800999514,0.0182735209793142
0.2546558093752659,0.038579768145281,0.2087646225149483,0.0034849919826459,0.0103541287312177,0.0800548753120223,0.1710069479964374,0.0518204588829247,0.055499459031098,0.1257789373540169
0.2028717241220564,0.031336874818859,0.1274753482470015,0.0861612572169868,0.0734859156169442,0.0949586944274496,0.1626402037263357,0.0704727666239503,0.0694919727859973,0.0811052420076486
0.2230475515373534,0.0178159030312973,0.0970817502039954,0.1112276113425235,0.0357164758019576,0.1426630982600605,0.1933121168161527,0.0246757143816749,0.0917447389156913,0.0627150392519043
0.2729750104856376,0.0468123972840466,0.1235997718935213,0.0018087985676648,0.0561173467557568,0.0289636077253311,0.2748389399673282,0.049144349115506,0.0422223869381894,0.1035173904792082
0.0470099932114631,0.2209534221700559,0.0995141563548616,0.034498437361444,0.2026009844140086,0.0269359681628426,0.0290702663472848,0.1930797043635624,0.0749639303082349,0.0713731366226661
0.2113631699094908,0.0091545979570103,0.0649445477089978,0.1001802945837453,0.0209983726464891,0.1462835927470471,0.2610484581603673,0.0114114119109016,0.0974815272670547,0.0771340267471341
0.2372739923394242,0.033816282866402,0.1357686875451631,0.0149712872354028,0.1526732193553679,0.0292805376673196,0.1977371726659229,0.1107545442411875,0.0074774694123932,0.0802468063145189
0.1813481726845665,0.0261954290520393,0.0912934897950041,0.1165204526678526,0.0414797724749692,0.1382254119981174,0.192625254648812,0.0306191221235962,0.1031949704285728,0.078497923869194
0.0429985259637287,0.2096504171529553,0.1141590922438738,0.1002243340950112,0.1185303809434813,0.0438156424340109,0.036645945411182,0.1498575701930406,0.0959554554504415,0.0881626356810779
0.0277771558594968,0.1866643884078115,0.0830397495867241,0.1221177511167334,0.1223278857113461,0.1046405894063566,0.0114711510257498,0.1287664433985872,0.133670071901624,0.0795248131814489
0.1301398026713273,0.1239637419334381,0.0038139098984642,0.0800885417456015,0.13727259944507,0.1013495916224109,0.156283447576581,0.1347107775372437,0.1121252835666758,0.0202523033942625
0.1195573286397506,0.2142551563754834,0.0750239858670985,0.0431571255756227,0.1403759977848788,0.0991088954696475,0.0856180873537908,0.1492603258366705,0.0106688247677591,0.0629742717675184
0.2009465702081888,0.0099219282833811,0.1219959148374891,0.1190451752991851,0.0681270224553711,0.1363906132488288,0.1204322382582374,0.0732484348453228,0.0922134620913311,0.0576786402034154
0.0185142544469424,0.150809595484761,0.1054238108661471,0.1337597658136403,0.1262596215193838,0.1195133635779045,0.0067229831117643,0.1418321990438937,0.1316894175028093,0.0654749883982252
0.0879742723373804,0.1849604170753635,0.0328342806595566,0.1460164071367501,0.0873969793084665,0.1350046298522115,0.0054342029329067,0.0892026047373331,0.1643304243941948,0.0668457811366403
0.018281846294807,0.1710129429741691,0.0708836146884759,0.1133247310636541,0.1447872831763942,0.1212735695223994,0.0198379071581185,0.1352864032091082,0.1390401921456082,0.066271509404092
0.2920132027775347,0.1607407870162711,0.0687087818746593,0.1032329655945119,0.0664783496203429,0.0218287923405555,0.164515733341057,0.0177981872976896,0.0947217525536592,0.0099614468432178
0.2704485345795291,0.0478573977286003,0.1192795827152857,0.0695077152563018,0.0930907515853762,0.0284870415016731,0.1968000914750749,0.0566554632395107,0.0629251313097059,0.0549482900771172
0.0551567859054952,0.1947534975705036,0.0668772483727777,0.1376746781238845,0.0855692211036708,0.1074013979695326,0.0247296236525148,0.0965854820118461,0.146158226862774,0.0850938380141681
0.097080789721331,0.2088865017302021,0.052303570749282,0.1131089617995446,0.1067654031757858,0.0862657609585282,0.0153373371455749,0.1132138200447603,0.1338141529091167,0.0732237012435286
0.1784452849993792,0.0893964774633779,0.0199551152153983,0.0218653815734487,0.1131462530155149,0.0088130239332837,0.3237076909734882,0.153793732255537,0.0258289132085325,0.065048126898393
0.0790110340343798,0.1289856163168199,0.0098613206148677,0.1049042142352017,0.1629983312148892,0.1531411039498036,0.0713494003191185,0.1384893640628714,0.1507661559527389,0.0004934587864527
0.0129045584310799,0.1203915222139637,0.0568868582075736,0.1361255079184471,0.1542137862088595,0.1771966762818945,0.0085808655131889,0.1361040506063782,0.1627450343119173,0.0348511400104502
0.0739636428346503,0.1737808666114639,0.0707709691250138,0.0921938618133144,0.1357760685974161,0.0694664918541837,0.084903990989413,0.1485627689595624,0.1070800676645582,0.0435012711294304
0.0121442475236329,0.1446724181841461,0.0912468800911043,0.1615404881306263,0.0915028842626633,0.1321027309939781,0.0445140809686642,0.1227948558826729,0.1456395474674008,0.0538418661742505
0.2663748624189277,0.0334974894266795,0.154222541782394,0.0187013607564686,0.0453017413684735,0.0726437811837719,0.2139718020903698,0.0161641115161666,0.0779237960740048,0.1011985127504374
0.3312916482658855,0.1516725414129972,0.1014756720842764,0.0012397990651347,0.0872147549407925,0.0977058298862589,0.1651635094187875,0.0505701713086871,0.0063176427945596,0.0073484301327491
0.2468735749285375,0.0666616463143126,0.1008899107478047,0.0632444671917559,0.1174028428307629,0.1402906296561644,0.1046930876961916,0.0939222137054885,0.0576131321984545,0.0084084943344199
0.2778033087370269,0.0260110215472591,0.1632732160081588,0.0784207906241914,0.0521842445992802,0.0803156328243678,0.1514785305060877,0.0700844477271051,0.0315399029132552,0.0688889040318757
0.199084891201573,0.1943027491959019,0.0171546823000538,0.0341492435295988,0.1381078832980482,0.0022430052854392,0.1874110265562302,0.14809187360477,0.0706369163171745,0.0088177280593488
0.2139704853183754,0.1166144600519515,0.066014999930812,0.1499164776710371,0.0015261025110895,0.1328306946878021,0.132446942456415,0.01766160151981,0.1578171237942369,0.0112011115218564
0.0367659397794634,0.2023857066713617,0.0709200898202123,0.0874833727369407,0.1409470231384449,0.0788199716847798,0.046173078225891,0.1263383229152088,0.1215211636459232,0.0886453309990917
0.1486830193849586,0.1959446299172498,0.0100529659616465,0.1904407515476573,0.0061548425137807,0.134823520519733,0.0193132714730092,0.0366591627856323,0.183822362953564,0.0741054725013767
0.0089747598902731,0.1695067701839469,0.0867063426245397,0.1046594152583001,0.1411717609798148,0.1040101519135785,0.0456541130627474,0.13282638368287,0.1261620807933768,0.0803282213763706
0.0020661697015283,0.1383625614311912,0.0890498011373001,0.1283314778879292,0.1434680901878579,0.1292830885137,0.0386221420656902,0.1516345155670564,0.1360316878869538,0.043150465373536
0.1529543953411206,0.2177108435925832,0.0697961855029405,0.0746550592279273,0.0810183125887399,0.0121537010879918,0.1311806862326843,0.1254369474945694,0.0715289603654996,0.0635649081359727
0.0956872344119405,0.1834292418940234,0.0747253664298169,0.0676866619431003,0.1432915450179868,0.0313817470322111,0.1162980303421086,0.1618597640010039,0.0833296486049287,0.042310759953423
0.0094106353248879,0.1383597109483099,0.051854767842798,0.1287723742477553,0.1604096242487898,0.1642143068111929,0.0042106274144976,0.1404230986800158,0.1610536593975983,0.0412911947940999
0.0156998885387717,0.1260292908374972,0.0380426056861072,0.1409518604255727,0.1015213042749413,0.1717749911873302,0.0959775053050855,0.0775592513368426,0.1662493688036064,0.0661939333962684
0.3412223799694505,0.1881711440226821,0.0774831462283265,0.0433321815533829,0.0351568985243489,0.0478385543157936,0.1977022272586977,0.0034546343203061,0.0568190529872421,0.0088197801490567
0.1884037197827276,0.0411223531540219,0.1320562538425631,0.1168250957385906,0.0427122469172315,0.1081219031074295,0.1460918318709652,0.0577752495069166,0.0827483675464101,0.0841429783146816
0.0491091121215133,0.1452815403448131,0.0282268097165952,0.1299106765100143,0.0526661154793315,0.1648077355035428,0.1644791065809468,0.0079862528189671,0.1754276482344215,0.0821050023668548
0.1845187509050994,0.1733722016931263,0.0478790762803925,0.1705666653602322,0.01003733585918,0.1511910959079231,0.0100059863040949,0.0131645132554542,0.1904431264716452,0.0488212474429105
0.2964722267395043,0.0794529479603353,0.074035227085997,0.0104520420121453,0.012295998102828,0.0652538259791167,0.3317465208597105,0.0531335564757311,0.0025188196000964,0.0746388346539298
0.1592967668981188,0.2176613109348311,0.040282067925056,0.0606749058357131,0.1227791004008016,0.0135711767324406,0.1075608036949605,0.1362146798996746,0.0861742340872717,0.0557849530657946
0.3187846934208253,0.0601764773448008,0.178711867736087,0.0836395672466678,0.0045067794359276,0.0711640663739892,0.1646732570564371,0.0364415020920665,0.0142983361227987,0.0676034526065266
0.0053079313334364,0.1507449009825539,0.0888202671023676,0.1202975211795663,0.153519619963184,0.1242933990090345,0.0128199971058311,0.1535161384546322,0.135358335354501,0.0553218892570129
0.2560833604151611,0.1005010819803365,0.1975187217486952,0.0162747632321017,0.0543626685673019,0.0531496878153622,0.091095644964533,0.1187983705075529,0.0953225340984477,0.0168931661697997
0.25251204519522,0.1189141901031931,0.1602808348867108,0.0882333992721079,0.0276292525495892,0.1131662842812865,0.0172056651353875,0.0661945060109231,0.1464221930981629,0.009441628891013
0.03202400168444,0.1478410391592879,0.0998012482971852,0.1385477654055694,0.0950900199193966,0.1171578944524519,0.0450340518783925,0.10889460260171,0.1326822383662317,0.0829271380558902
0.1041662885982741,0.1747374291412206,0.0026257198932392,0.1324730481714598,0.1109344450764325,0.1499197027229063,0.0106263187357252,0.090890450198532,0.1723779840431838,0.0512486129097374
0.1251788363624197,0.2070044348165782,0.0373271899633428,0.0222091638555579,0.2260009590444906,0.0118074815018077,0.0910040899794908,0.1946739199176611,0.0493690061941908,0.0354249177974366
0.0721368299660059,0.194535789891206,0.079244877593304,0.0992972287868663,0.1227595072777971,0.0589302671033109,0.0528612820628993,0.1412443139769346,0.1081952302177946,0.0707946728020157
0.0243832390359454,0.1561511091208626,0.0315234710541069,0.0968162055772746,0.1692452110337499,0.1408777697884868,0.046618028461774,0.1312051971314081,0.1473187109039921,0.0558610575317487
0.0038251827677176,0.1696460955544597,0.0768069214940238,0.1359565260220898,0.1044265304733802,0.1210982027168243,0.0498647852819439,0.1080205407256731,0.1437680583371618,0.0865871563370489
0.1420312720939748,0.2602419110860367,0.0272327707860577,0.015576038384157,0.2007325273769603,0.0150393074329983,0.0008253464442719,0.1629304662718674,0.0912503656373091,0.0841399938301017
0.1868261558011243,0.0651554851772103,0.0685789248312191,0.0820464111772272,0.0671395075117516,0.1032874572754744,0.1926773000476469,0.0708900441337208,0.106630831843601,0.0567678817058986
0.0241840445911944,0.1962505810782591,0.0800797213318445,0.0885786504717259,0.147773384459466,0.0788227784717063,0.0393171217123462,0.1391978288008799,0.1166399987303307,0.0891558900386485
0.023682857138842,0.1670820175495064,0.0856239722080877,0.0930458330927782,0.1299378845215225,0.0918328108399429,0.0843389203810213,0.117313399363058,0.1155845198506635,0.0915577848260996
0.0282109800054088,0.1622533375907136,0.098197779240706,0.1140117038886498,0.109894190155556,0.0958007613616217,0.0653227500696953,0.1148060685494793,0.1190450397668956,0.0924573891844505
0.0118545145471832,0.1493399108140133,0.0866338371482021,0.1190563806680561,0.1546951805782963,0.1281934045889996,0.0040603025882716,0.1513656341293315,0.1364272249558012,0.0583736097506508
0.0056437023490129,0.1586648050058987,0.1021906737341642,0.10756884686495,0.1527152402352484,0.0945700538611001,0.0423923834508205,0.1652610045773739,0.1155374950132536,0.0554557946653163
0.0059614817843119,0.1426376469851046,0.0561131917889645,0.1429600916063385,0.1039343503880177,0.1547212025205517,0.0682606907426568,0.0942209039631107,0.1592031008327576,0.0719873391803949
0.110440129583071,0.1851786593458325,0.0197297618633313,0.1002196512927468,0.1356428103506823,0.1043685269914272,0.0314261606463363,0.1250360145099119,0.1385528438723578,0.0494054411064152
0.0454268521929918,0.1709808527859833,0.1344710614994301,0.0849777497597294,0.143457437661762,0.0554350525316974,0.0297070412784585,0.1562562696672977,0.0871311051286557,0.0921565773243662
0.0566353363810906,0.1735449927975062,0.0978798379283282,0.0849184250811009,0.1383913618416712,0.0438288650766083,0.1015461767213315,0.1675189992737904,0.0860762387351679,0.0496597658255067
0.0142964514809228,0.1658348182130352,0.1079362443576014,0.1013754631230839,0.1620362143875402,0.0936480001178885,0.004933012495357,0.1668275438254153,0.1144044031791643,0.0687078485567957
0.0179021492267926,0.1477092246823642,0.0769385354283054,0.1459484870271128,0.1164341283529462,0.1354638822663386,0.0272466929564342,0.1318954536903481,0.1467870316689596,0.053674414435383
0.0442942668721988,0.1974293301011931,0.0809752786923709,0.1445490852290483,0.0711211213419581,0.093782160512686,0.0317558443186102,0.0959255133550722,0.1388133791475744,0.1013540201395895
0.0466137087360286,0.2225164038215959,0.0852927542626353,0.0803820891877365,0.1335391826959847,0.0462898461465575,0.0408470800593136,0.1354463746519741,0.1032753904021931,0.1057971696397193
0.0064954620910142,0.1918053205604167,0.0754283710556295,0.0895223190716169,0.1280429956022835,0.0819792409685511,0.092385438534154,0.11458411994558,0.1176685957580279,0.1020881361070968
0.0616420365937584,0.1278258792533803,0.0909677601367512,0.1102443373287144,0.1051035053524968,0.1116981786318938,0.0920797646661934,0.1003638253654256,0.1171171819390997,0.0829575306168486
0.0079740987151671,0.1800694476646867,0.076474919466391,0.1232392477209213,0.1000086159521527,0.1053985533330228,0.0737452678693091,0.1010183866771165,0.1352149785914562,0.0968564837526182
0.006995789988292,0.16065764657229,0.0937552678114651,0.125295063050324,0.1350906380163741,0.1176085679842795,0.0136410806296522,0.1417432071920219,0.1340151796033258,0.0711975589227013
0.2642958563587689,0.0087680358376001,0.1935454939723274,0.0414180940609166,0.1484054256487324,0.0367750935980514,0.0524433390992209,0.1508277698126192,0.0599010722836738,0.04361981895631
0.196568316806193,0.2255317920904365,0.022596886529444,0.0766862688017784,0.0883447161166756,0.0180224817643193,0.1047334722881113,0.1143779565746824,0.0955306889773013,0.0576074194899179
0.2989004824831392,0.0418282803246873,0.1638978369736244,0.0393018441186754,0.060766168684297,0.0348069145676365,0.1778730659952153,0.0523634067742724,0.063416533725127,0.0668454658814193
0.0602359555806628,0.196537010389167,0.0341911651990762,0.1075014434410802,0.0902737680382067,0.0992906248159549,0.0985544842470248,0.0756145954451209,0.1395269503890903,0.098274002095767
0.0158632199154015,0.1561353345979189,0.0595042113967022,0.1297224395552462,0.1277265667027815,0.139444351649503,0.0341494471260359,0.1207736157547264,0.1507110086236414,0.0659698044111056
0.0260116258242907,0.1462746793694004,0.0891223258148203,0.1158159703047028,0.1332476293768912,0.1183540913804111,0.0399288114737187,0.1316764401452524,0.128163739427632,0.0714046866871959
0.0656048703374551,0.1221702631537904,0.0928842826730541,0.1011849373866452,0.1253873508299619,0.1123731423008081,0.0772968613631972,0.1165841622003785,0.1132450697952245,0.0732690598422581
0.0027821099179279,0.1462080036007327,0.0375789669687935,0.148471555075551,0.0668026656032871,0.1578405863633923,0.1318585509938908,0.0525035887104548,0.1653997463174268,0.0905542262300864
0.0040131196246373,0.1460054333472663,0.0620520184079133,0.1339974824406612,0.1199783542820536,0.1470274347897573,0.0545651501065583,0.1110469129836607,0.1526021031498318,0.0687119906465651
0.0739408159538905,0.1480209562221088,0.0243126202446392,0.1200756404123964,0.090188663901404,0.1614955317535949,0.1003984714073795,0.0516405149879905,0.1697729943530018,0.0601537903947264
0.1006327424666223,0.1808730974346005,0.024980526647218,0.1351630096052104,0.1019084752511056,0.1292194064344628,0.0065502413845578,0.1029174337326803,0.1590682844861133,0.0586867821198864
0.0628133192727226,0.1240491869922439,0.0187687816501179,0.189623340964437,0.0741247791409208,0.1997121906180389,0.0202631882516432,0.083392472002203,0.1940404439084548,0.0332122968851996
0.0988624383003583,0.1673865568717981,0.022870735570303,0.2161086972733289,0.0059683361462242,0.1677724184155407,0.016162243587441,0.033384830671201,0.1940122307306254,0.0774715120365954
0.0725310638903117,0.2047316347697269,0.057114156120941,0.1485975007995801,0.0436853668037818,0.0969443718426732,0.0574886419303663,0.0676522653931718,0.1456751692520581,0.1055798287933505
0.3595595568422009,0.176003409009144,0.1596172480941386,0.0652010464925747,0.0467450071091245,0.0609178542841707,0.089893644298935,0.0080868635292173,0.0268033095142641,0.0071720599907582
0.0705706392811484,0.167669868163445,0.049011339214652,0.1422703656037188,0.0996218329897399,0.1279787674336268,0.0219918887441457,0.1143349970861089,0.1509210088914366,0.0556292921706253
0.0386607885223082,0.1471893990864971,0.0808386302519191,0.1217241233755578,0.0807838531933715,0.1111557065715539,0.1146755634225873,0.080611689877131,0.1257936636753215,0.0985665818448101
0.017995325144124,0.1409075985741681,0.1067872428772124,0.135897642288084,0.1236827528174096,0.1183795795954635,0.0227368196271221,0.147718629571178,0.1274692159130913,0.0584251933407178
0.0884917562603232,0.191245329893884,0.0058250956838297,0.0841514534258696,0.1136817493546355,0.1098265433918963,0.1077138507892712,0.0779527517459263,0.1400573646344418,0.0810541042518768
0.0766851886447022,0.1240860642486316,0.0925582340170987,0.1033331183837942,0.0919571323363108,0.1022293140117669,0.1225144365302987,0.0867762674756431,0.1077550492979527,0.0921051949359986
0.0139300538040355,0.1674641882798967,0.0772944836835774,0.1577202683718165,0.0750564393763383,0.130129492309167,0.0449320790559499,0.0968106711118292,0.1501865927831847,0.0864757308562646
0.0642763689196181,0.1325908912698325,0.1174153000644531,0.0969885963081106,0.1421359990508905,0.0931907089323115,0.033793429362815,0.1484757848110171,0.0997611366112988,0.0713717844969367
0.0526039727785367,0.1186531699155918,0.0969429559319434,0.1260131633124636,0.1260076686652826,0.1321017298640189,0.0293286009896872,0.1322602049729365,0.1267968276717293,0.0592917056879296
0.0415101176678224,0.1288236800917568,0.0704934401781367,0.0805120413002549,0.1748605592053785,0.1237828654301455,0.0613177447123738,0.1489590193482786,0.1159378124912088,0.0538027191570139
0.0638077180257258,0.1070648970763318,0.0709497853748899,0.1180244234914852,0.1074745689507537,0.1414827435849576,0.0980528425285155,0.0952725251498205,0.1298846861175331,0.067985809512664
0.0304248206550637,0.167739888334996,0.0896337022254422,0.086198645578375,0.1261160832790921,0.0805701724618314,0.0978718783760702,0.1205216250317793,0.1031219645535741,0.0978012191579917
0.0574885766549808,0.1424453859998826,0.1073717276057623,0.1145794320767187,0.0932805585433531,0.0937800876065587,0.083219455132292,0.1049036598332096,0.1084753007180968,0.0944558156544989
0.0746030129282951,0.1337726299523143,0.1142107196606233,0.098491489588279,0.1093384424022459,0.0852283084011919,0.0824480043763351,0.115698372953403,0.0965715412846531,0.0896374783121787
0.0728359189121233,0.1210302079667546,0.090373123139065,0.1040869436514858,0.1028891947537339,0.1095393536526375,0.1078942671425367,0.0962728113729438,0.1110889931903996,0.0839891860722876
0.0686772077548036,0.1292208342368539,0.0988780619489808,0.1099904986524154,0.0941131241456821,0.1018951904599403,0.1006968405443803,0.0969098846985032,0.1092827717998758,0.0903355856147785
0.010617212669434,0.1732120853682388,0.1057890912892564,0.0847022929554354,0.1779495365807179,0.0835992306668944,0.0074491954753836,0.1798169293324903,0.1035106325213978,0.0733537927828961
0.0226006673402511,0.1843593083916149,0.0370341127570148,0.1354339280930991,0.0311139467297146,0.1126125056201377,0.1766630226758202,0.0269191368340497,0.1460667594613261,0.1271966117498309
0.0184907803887351,0.1556207037589485,0.1010459179130933,0.1291260396820413,0.1193381853053578,0.1121827612505519,0.0238223113864995,0.1354744487458838,0.1269237987802072,0.0779750525254668
0.0158803613389752,0.1811245664682816,0.1043827429991898,0.106317880759497,0.1098706528871854,0.0762886566032955,0.0702219288138485,0.1215095696073941,0.1088483810525077,0.1055552592125366
5.592197766623149e-05,0.1312842661669534,0.0254391595677819,0.1680290446117986,0.0576243249397212,0.1842087808954517,0.1249989010321875,0.048968785924096,0.1784143284613724,0.0809764861075634
0.0434292564711815,0.1980926116966125,0.0789997146419419,0.1542443954190261,0.0436909627058178,0.0943164980524421,0.0581148694882763,0.0793855708138955,0.1371394045715616,0.1125867157194672
0.057026348702973,0.128670763106915,0.0957784573679734,0.1100270025416068,0.1178895607446309,0.1120681135015768,0.0689312086533298,0.1186473633070433,0.1148164510469367,0.0761447308205354
0.0469883051662265,0.1351320082697045,0.113311595815013,0.118805862573106,0.1335786362630687,0.10969882287435,0.0118252719586958,0.149620798121368,0.1142253852587604,0.0668133134463842
0.0237468605817475,0.1215550874697478,0.0611034497655111,0.1662202802670558,0.071417195956668,0.1695769890271547,0.0748423582686302,0.0789914800031945,0.1623123810735365,0.0702339172855046
0.0439926852017973,0.1537056678690645,0.1302569827386362,0.1050056799933306,0.1430181535212056,0.0822249025314152,0.0019527942206332,0.1653456458017959,0.0981353091808238,0.0763621786602255
0.055798296902759,0.1358741311784138,0.1167130171665259,0.1298652969931896,0.0964505282814203,0.1046070308323879,0.0438670144135971,0.1192570388113044,0.1146528141310755,0.0829148311089951
0.0620761412287628,0.1111085557617989,0.0867862590114229,0.1329057164765528,0.0959094965078379,0.1375004319259914,0.0726375495224762,0.0999737994612683,0.1301696047557401,0.0709324451919432
0.0584652979202142,0.1362206372721795,0.0988142674272294,0.1198586671054367,0.0833983611625924,0.1035900644491288,0.0984028917503493,0.0923904459886992,0.1143661017295932,0.0944932650241075
0.0415855924774893,0.1524456337011045,0.0144239621162438,0.0898320186038375,0.166911484298689,0.1462961945322788,0.0639101865194544,0.1289599608452049,0.1445903024900479,0.0510446638639486
0.0677038886212425,0.1346340794834102,0.1189838356662027,0.1085602475800378,0.110971199936313,0.0907092500949689,0.0574908678339697,0.1243500427889655,0.1013798834306083,0.0852167044241918
0.003133002331155,0.1749715704230608,0.0891223139575053,0.1153531927418264,0.1276760554600477,0.1015441352378021,0.0402307107287663,0.1374963289277459,0.122512640747005,0.087960049081222
0.0474456170621705,0.1342943137568102,0.0939890772718472,0.1068011950707362,0.1295128596166509,0.1115719105794641,0.0580113710620044,0.1285041842269981,0.1153302570489581,0.0745392140966506
0.0646876578862237,0.1303091957417232,0.0972920399503289,0.1134278761056906,0.092350315545771,0.1046555465970524,0.0986980258328381,0.0957477446385659,0.112215941825232,0.0906156557354593
0.0226810689604082,0.1612245718481409,0.1099152157631081,0.1150472646457334,0.1234255689314021,0.0742851252181367,0.0697866154458813,0.1635360423645825,0.1000724409621049,0.0600260854925321
0.0576271506570715,0.1360574268394834,0.1106560703472968,0.1148700782887206,0.1093402641318557,0.1001510050657051,0.0566732930451885,0.1217153086243314,0.1091572330139964,0.0837521698222293
0.0293952564963925,0.1363360398657686,0.0884147595636544,0.1275594470986584,0.124054915896749,0.1291786893162261,0.0349998215966634,0.1308258750018754,0.1307150619112919,0.0685201329732126
0.0655671029934956,0.1195439505903773,0.0718231822144156,0.1183295765084478,0.0750797640308452,0.1240239732944738,0.1420972780030007,0.0667167862022986,0.1235563945895704,0.0932619914197462
0.0456409896468873,0.1224009626550094,0.0975967609512086,0.1438143731046545,0.1024613770989251,0.1363184865841203,0.0314085747837949,0.118949027784553,0.1339348477390754,0.0674745994738771
0.0318224529675015,0.1479117397410078,0.0862877586325345,0.1057675705522792,0.1266435757995495,0.1091573383301934,0.0694505710539239,0.1229465982395009,0.1186619072985522,0.0813504871286645
0.0480528622454607,0.1226837607325893,0.0788264254413891,0.0945510882858391,0.1550123611474944,0.1257969331695315,0.0589690511014851,0.1385427963148561,0.1181361674443669,0.0594285538555047
0.0581440681553373,0.1391325978974359,0.1086116342354307,0.1041407143964451,0.1162209343361312,0.0933966830267485,0.0670359599888753,0.123197602483038,0.1040670191285712,0.0860527861811248
0.0539168780974912,0.1177770982708427,0.0593598611543222,0.1334132230044471,0.0643622476578638,0.1427218882416235,0.1442812927890892,0.0555024298666618,0.1387115381411607,0.0899535425873849
