0.1442000055243537,0.0691790930066747,0.1076769630140744,0.0421633366584801,0.1908247608998032,0.104943849120149,0.0758231227667035,0.1559428264610785,0.0711601982459533,0.0380858439459005
0.07239176649522,0.1798130174448457,0.1454398812939543,0.1222898908415564,0.0262530118466319,0.0480075322480138,0.1213414906683918,0.0684084112569705,0.0835122263824371,0.1325427707746071
0.1057317597417196,0.1154221439543663,0.1145174725750809,0.1014561959169883,0.0880113722855641,0.0990443158402402,0.1084955300301633,0.0901310633471316,0.094305235327638,0.0828849104512581
0.1118659513630457,0.1078700547139658,0.0678203571462961,0.069595152076015,0.0590923149420939,0.0765195854220597,0.2603695864529243,0.0234292447950825,0.0917189079150203,0.1317188446406436
0.0323300833779357,0.1096630239378309,0.1156599989982319,0.0080673628225481,0.1945633491232154,0.0597887781482403,0.190931904187087,0.2055049578616133,0.0123606336493291,0.0711299043632829
0.1141155207976528,0.0978690466435614,0.1406495863743267,0.0999419346831606,0.1207603017950899,0.0818134026325317,0.0447205307318315,0.1361154628210833,0.0861678880746081,0.0778463250662814
0.1543269371052659,0.0497953465416202,0.1702246988825559,0.1118373845403954,0.1232839787695189,0.0745457924428005,0.0129577758804613,0.1624801664833738,0.0728396309657694,0.0677082872318804
0.0559490371069094,0.0190168935004417,0.0292917482662322,0.1022192120664682,0.1004793383015438,0.0937051873060679,0.2757345744819914,0.1199760586340282,0.0978695553159834,0.1057583940944574
0.0573799569480045,0.0433284920695218,0.0591574847373855,0.1643229508990872,0.0273738189596127,0.2321712212357402,0.1622669627279397,0.0603472398388689,0.1717153428686421,0.0219365289559812
0.105864544532898,0.0316017599393309,0.0273473397788921,0.1523943386038291,0.0527909692898837,0.2029325824390079,0.1776962228696944,0.022903693722073,0.1639235340149497,0.0625450142674063
0.1111900620938641,0.0758795527783161,0.0920375344918836,0.0822262500887907,0.1866768455171098,0.1608854664187979,0.0216712192323351,0.1572040790162766,0.1080332750186322,0.0041957141978006
0.0808576625185961,0.0831970340876954,0.0571395862649721,0.1626667679223877,0.0186538596684577,0.1594930924720615,0.1705073738807912,0.0177734678980956,0.1515076696608542,0.0982034852399075
0.1457340671513092,0.0693134563890242,0.1423806537537148,0.1019483494607453,0.140309309233149,0.1232054619917028,0.0089808679727542,0.1491119321281916,0.0882897905457995,0.0307261107898444
0.0687855145621655,0.15843658405443,0.2016504333246718,0.0645154119079728,0.1089561782093094,0.0542833653053347,0.0140358939551047,0.175406268520005,0.0213335625731142,0.1325967864157193
0.1087678938619886,0.0826263378658767,0.12312806282407,0.0995952582009712,0.1459229211200067,0.1048451836021199,0.0275670229909598,0.1522946326578554,0.0950270102146968,0.060225676305098
0.109413059144299,0.1375930132637686,0.181903397935321,0.1043107450669981,0.1099028148864418,0.0569489827470383,0.0002317758083719,0.152013855794351,0.0688986940376048,0.0787836608272459
0.1415266318855441,0.0500636772312709,0.166575426244859,0.0139355462238517,0.2327386968004123,0.0253861498062302,0.1128264963631495,0.230662805873459,0.0031511228007947,0.0231334461002686
0.1352211761826014,0.1073506456940064,0.1692161421440769,0.0520726451870866,0.1829779615173466,0.0599848752270375,0.0088026762866077,0.189939525727364,0.0494402351891835,0.0449941162802154
0.1174819483483551,0.1035455517651471,0.1170926401846687,0.0992090168977183,0.0900063326512013,0.0973102808484945,0.1098308662909977,0.0910856356397956,0.0920848767908367,0.0823528503422098
0.1051711419742887,0.1125505206819038,0.1218585080828626,0.0774881480425341,0.1221975475245902,0.0701008876227259,0.0983581233320455,0.1201163337204568,0.080288899845356,0.0918698889080798
0.0551982377565913,0.1175029569340123,0.0473348848296027,0.1253168947238113,0.0334873418240056,0.1173105048362623,0.2220777246426563,0.0171332329284881,0.1354946822364685,0.1291435386032801
0.0829439078368798,0.1015565704396322,0.0995953695861623,0.1535054401340147,0.0448718751325024,0.1288693905615302,0.101902851622613,0.065110922007741,0.1293121550960974,0.0923315173893816
0.0767049350553525,0.0926220785728305,0.1539244838813488,0.0801306022886644,0.1663275848948025,0.0462860522853885,0.059804305507973,0.2028137788374975,0.0631801348650764,0.0582060428816347
0.1001913383893624,0.0921042697386114,0.0924514599954261,0.2032038114629678,0.1911475306903857,0.0163175566343898,0.111033323406299,0.0263382735525434,0.0656245812718042,0.1015878535891263
0.0271932247843933,0.0994214199646875,0.1458001177036018,0.0639624245981661,0.03894907854846,0.2236085025873992,0.1701309615115188,0.0576403326627289,0.1353209768699106,0.037972960081875
0.1143491580431358,0.0778681668457864,0.1036877443007737,0.1292930307166947,0.0699690886963649,0.1241445410454811,0.1073929885486152,0.0800102544095677,0.1126980415240147,0.0805869856016949
0.1439099158213323,0.0530446042588687,0.0524967664044926,0.1048174337490129,0.0054606088929374,0.1182202202366507,0.2852757597556293,0.0150906591572165,0.1035965663630882,0.1180874648212899
0.0132518185293151,0.134782500923539,0.1270436628734924,0.0874607100734529,0.1070302215975316,0.1568369555579957,0.1159307965068083,0.1329326343175814,0.0890342491379079,0.0356964497319345
0.1413488912998615,0.0877791917575855,0.1555405204903176,0.0686469983114753,0.1447555101947967,0.0581156476770646,0.051988058680078,0.1586524511228906,0.0574660261298352,0.0757067039736907
0.1159753692582789,0.0880124487120758,0.1165960427638879,0.1529491934754768,0.0041309274111252,0.0970445484431806,0.1597594868939378,0.0354981143103726,0.1069862895284877,0.1230475785610864
0.1440095724216549,0.1117017272377016,0.1738405262101488,0.0483536277658124,0.1483630494904168,0.0217132976389022,0.0584976477321267,0.1655732707470143,0.0357225403196246,0.0922247401643952
0.1473753831414678,0.0608107119959515,0.0982190223928366,0.0999178281236798,0.0734690406966151,0.1124114239457666,0.1621648500869327,0.0675685931219542,0.0934355437742012,0.0846276024525669
0.1458314135302337,0.0696821678063152,0.1250796102572014,0.1060395244044252,0.0799491450672638,0.0980246961280965,0.1140206394205275,0.092488270879404,0.0861362867278227,0.0827482455000347
0.1291969895670087,0.0862815656815229,0.1012361052391732,0.092151515398564,0.0781489023484722,0.0956027262307149,0.1610453520152906,0.0714119318453142,0.0896272741726687,0.0952976373131607
0.1291352730608505,0.0596629510846328,0.0827145698293099,0.1096589062493775,0.0850656025216865,0.1363148269483716,0.1432882287131519,0.0715377948370987,0.1114464593769026,0.0711753871860064
0.1275829783847208,0.0853722985084695,0.0931490246425888,0.0986183650906949,0.0600663384341965,0.0997593433551148,0.1852587599279002,0.0526112475424459,0.0949934562379766,0.1025881876431437
0.178077456976311,0.0296030028891281,0.0773908201437729,0.049250156595369,0.1166339724686143,0.1031138808940174,0.2149955600413721,0.0794134554328831,0.0704307844815522,0.0810909094267361
0.081395663295175,0.1322986528820215,0.1508436749758555,0.0730558068703884,0.1667153069020439,0.0637468130519895,0.0320724846794044,0.1751435565578847,0.0729495126427873,0.051778527708623
0.124456583912238,0.0458636445283094,0.1248633442411452,0.1582219382893359,0.0913849499332502,0.1523634497393965,0.0103030878281394,0.1251219013629823,0.1220127385535006,0.0454083612701463
0.1257625153514973,0.051468337226526,0.1327880568132197,0.142644063769417,0.0976612255804046,0.1257746044640041,0.0219087163820623,0.1360491804856445,0.105492119945711,0.0604511793570004
0.0938089921094452,0.1167874619655831,0.0706410923774238,0.0568780419060458,0.1611266799986737,0.1279379676713218,0.1175997193743845,0.0996503538158227,0.1074458492539029,0.0481238405820507
0.0843353483298086,0.1239031988128942,0.0769018942530831,0.1132901635063701,0.0532628676312173,0.1950434084851592,0.1410820672744664,0.0797490845277388,0.1115761069194192,0.0208558595373585
0.1601796522425231,0.0568715632884358,0.0629901365116635,0.022704942731955,0.050085977765936,0.1057031054242189,0.3762336778928762,0.0553270199195215,0.0485362776313324,0.0613676457491708
0.1585970943353493,0.011873288873949,0.1616377287237871,0.0010601687979496,0.2445393740623801,0.0230217977070515,0.115689187070438,0.2719966889240979,0.0101993137917102,0.0013853564894442
0.1184947301618567,0.0898616615327925,0.10629280161204,0.1030849218644231,0.0798003415454939,0.0985595211653742,0.1344683594839981,0.0819886170512465,0.0948350147546378,0.0926140306017299
0.1167928459142181,0.1055887753932515,0.1277353777438413,0.056667555478976,0.1471662323402037,0.0567739792408335,0.0935572150945026,0.143685843238611,0.0629508745821592,0.0890813006335071
0.0768797151345138,0.0047561135929238,0.039173256592487,0.1390595022175534,0.0248836888456317,0.1953805036101105,0.2472181533075872,0.0586970351079565,0.1493687993150173,0.0645832317234036
0.0637369842913632,0.0860737029220098,0.0746345483447437,0.1720443031548795,0.0024864266613871,0.2661553040543165,0.1218312139766517,0.0287871040783523,0.174717878307487,0.0095325334677435
0.1206669905235536,0.0638572528222736,0.0880721209762185,0.1557955460896144,0.0185712298096857,0.1163758419107675,0.1916901288694275,0.0134691547259452,0.1123552675033029,0.1191464661368459
0.1412586570245645,0.0243079180389609,0.1182876056618712,0.0972313885317435,0.2094664517382175,0.0738977281131553,0.0290883002510177,0.1921703407733661,0.071105554054655,0.0431860549221648
0.1044997289831465,0.1010530969784911,0.1017087346398314,0.091937882108284,0.1177746757867765,0.1116204323939036,0.097918498305166,0.1024476046756439,0.1021822926427596,0.0688570532977936
0.0524782938132441,0.1025114887936655,0.0602921331965995,0.1524813556350627,0.1088238868235777,0.2055875698789758,0.0409683634192536,0.0793352128847085,0.1733946059711595,0.0241270887459305
0.1102278436804315,0.0848234054382222,0.0892971750988047,0.1169807128684604,0.0659138108790839,0.1166374384043126,0.1479166988760259,0.0660523713454247,0.1086849258439342,0.0934656173259683
0.1279207998098225,0.1037361898931087,0.113324313119123,0.0886141259878613,0.0513467713256967,0.0571709298682255,0.1941821720174334,0.061263159340622,0.0721555523984872,0.1302859858062997
0.0923094493382783,0.0568047762524429,0.0598542401200024,0.184159163069893,0.0201129849514857,0.1875395083766556,0.1314028057062668,0.0318542846981219,0.1598985772307724,0.0760642099881752
0.1570118661249629,0.0780021415312793,0.0417818601221882,0.0149214910015585,0.0611101330947541,0.0420583492224362,0.3855964597385315,0.0071745469821853,0.0487078275345974,0.1636353237737542
0.0312273551225238,0.135695481124035,0.0637946204854801,0.0866430453064301,0.1957928204975261,0.1882653673101564,0.0043427486466167,0.1273789385359032,0.1548434075364594,0.0120162139122465
0.0924725903784649,0.1441180809052639,0.115746943802282,0.0981821133358523,0.0573190334427872,0.074203781369513,0.15513256938251,0.0564091048262068,0.0939808809550044,0.1124349012885459
0.0849737385711429,0.1653121373155338,0.1476249319431684,0.0616443477959596,0.127195260348132,0.0354980850514866,0.0812158716166572,0.1283064613893241,0.0662977965564575,0.1019313691167791
0.1027770343916708,0.1502700520650048,0.0240549112052851,0.1658455313287434,0.0285826867609713,0.1952362432427223,0.0961809658645393,0.0106576077319656,0.1903563578950421,0.0360386075007872
0.1883008885016938,0.0491530274989956,0.0356782156641576,0.1205124055236952,0.1491017718653557,0.0450622504871744,0.2033077136542684,0.086795482445021,0.0727916555014386,0.0492965878770388
0.0263178428362084,0.0767705447480358,0.0311150745397121,0.2280038759367545,0.038288237513199,0.2491934258352723,0.0749544669068535,0.0512363166092688,0.2141233433527006,0.009996871071653
0.1794195010223023,0.0212266618067235,0.0742001297699501,0.0784644365015411,0.0881678130660425,0.1177639004038162,0.2084004573613825,0.0673387791547812,0.0805609777774506,0.0844573425916688
0.0844562432856965,0.0882410197491462,0.1165683491601229,0.0318796992437404,0.0847539368511211,0.0415091306252399,0.3380292629837743,0.1568904748721506,0.0056396524083543,0.0520322301147753
0.0997621486141111,0.1158617275649951,0.1231357919972125,0.0886980725090913,0.1244074250623104,0.089266817877695,0.0706733429173925,0.1222256504557762,0.0908342173688363,0.0751348054931628
0.1370981207808796,0.0500397425919592,0.1133333154679901,0.1236931704352848,0.0994111527486313,0.1281322561068153,0.0690830789903692,0.1143737968563826,0.102552133995144,0.0622832316737379
0.1465448293362501,0.0899965529652299,0.1378805228043716,0.0792561307142876,0.0915526068120536,0.0524945442931315,0.1276538921302904,0.1084640404396453,0.05822396362524,0.1079329164730553
0.0461781327563401,0.1298485470575079,0.1011745769081616,0.1248445186901632,0.137022859634392,0.14265358201266,0.0062435708371264,0.1313962223416528,0.1354721261340201,0.0451658631635197
0.0939797810009256,0.0951258491070256,0.097904016085578,0.1124093801322007,0.1147775577238342,0.1337156320306489,0.0712376516289962,0.1053019231504261,0.1181089590620822,0.0574392498965155
0.0902260538673241,0.11472007090471,0.1081163925056216,0.1074735009269608,0.1020912464694108,0.1149855684702879,0.0848406583239798,0.0961570797277927,0.1105031169972686,0.0708863115279721
0.1191958417115579,0.1505859803497686,0.1530334370231992,0.001609499818712,0.1975104889682696,0.0163948803692195,0.0819580349022637,0.1675561165871442,0.0324398038420049,0.0797159159821961
0.0883793824087524,0.0549730731586186,0.0788900336146552,0.1295501903924624,0.1009403197206295,0.1747300177488801,0.067239578143119,0.136071736449487,0.150365811869381,0.0188598550797147
0.0843015262717559,0.1188603479627767,0.1030056280870505,0.1479678179312568,0.0346238012024093,0.1332595664510298,0.1171862679314015,0.0435784312260547,0.1311177824378192,0.086098830079415
0.107393921824344,0.1336129205570565,0.1265082933053466,0.0473253209461618,0.1419223720421766,0.0565199810361782,0.1111387516134833,0.1218844586172042,0.0672839724936024,0.0864100073002344
0.0245939733987539,0.1548429214100765,0.0789962718627018,0.1178479152489866,0.1206756858280201,0.160221977313347,0.0604766738071773,0.0850089207501712,0.1545704670741268,0.0427651923425916
0.086952460845427,0.0938888399090122,0.0887409886110462,0.1133481002679551,0.1192613116504631,0.1441782351221207,0.0725298366610439,0.1035415927219992,0.1251157792287362,0.0524428547675765
0.0991606340667969,0.1055394888720149,0.1062457593596507,0.1026174202106318,0.1035893903326718,0.1112234628183511,0.0955632057360078,0.0966497229565623,0.1055175210609894,0.0738933944315019
0.0190723117929495,0.0757403911502444,0.1191993721343729,0.0603548164702518,0.1413474587071433,0.1001883415579363,0.2235754320797005,0.1726493112708455,0.0629639505653743,0.0249086139408795
0.1073850622912664,0.0947149298542514,0.0901442034359678,0.0880284956191889,0.1137284927415728,0.117689022299224,0.1238809986274011,0.0895228050442551,0.1046347034323176,0.0702712865063506
0.0335130620533323,0.2008712251673473,0.1468138631601749,0.1163011429146696,0.0791643576761947,0.0671446291816675,0.0498421087755862,0.097786069703045,0.1066134379491944,0.1019501027198485
0.0902142219355258,0.1228878592312002,0.1233187582868314,0.1045302014278367,0.1034448289107701,0.094585897766541,0.0724909287544484,0.1087412218896627,0.0994389847352302,0.080347096884176
0.0437685605259266,0.2019623797469993,0.1810694670803285,0.1056218953157489,0.1029234794403095,0.0318807101280478,0.0020536782038062,0.1452143731314814,0.0796342364171028,0.105871219571673
0.0550328657186822,0.1975800198733104,0.1597954467555913,0.0765625205320761,0.1096351929501406,0.0280879039785051,0.0645213191525798,0.1238760021339119,0.0739538440199146,0.1109548844376059
0.0594269821009866,0.13629208248038,0.1140575500475984,0.1278719543580989,0.0938891148851968,0.1158870386626749,0.0522543216022092,0.1022646662654152,0.1221914374776507,0.0758648518356442
0.0787097163704048,0.1128499158201969,0.0882666303075216,0.1231110586114164,0.0763076445270395,0.1296623530542005,0.1163598338873989,0.0693439373285599,0.1250226434239042,0.0803662664648669
0.06082185925117,0.1585115268530573,0.1145369710781761,0.1079035874375451,0.0745475427458352,0.0840639307579916,0.1117435237854809,0.0781513088414961,0.1058965618851981,0.1038231870332893
0.2720318711006116,0.0122480433770136,0.0916712884010753,0.0004816292349413,0.0980787498609652,0.0365615816971494,0.3065878621814427,0.0590493569894372,0.0076810893618293,0.1156085268195284
0.0293037426301209,0.1607092963215239,0.0573694521921176,0.142891732870573,0.0083038574450081,0.1329359961890729,0.1976660450608329,0.0052858098053306,0.1494002101897722,0.1161338568049022
0.1360304549719498,0.0687207894100194,0.0377555347051455,0.1254765977202517,0.0047675435587256,0.2065256352736995,0.2169832688612296,0.0440697253699592,0.1319594838566468,0.0277109657339935
0.0649001866514824,0.1189447948174952,0.0955305445046271,0.1052705403386955,0.1339973680450225,0.1308968907396535,0.053679833845292,0.1191755965027725,0.1212648280137057,0.0563394162176575
0.0564673254490308,0.1413501518120156,0.1186734808599585,0.1209718500798427,0.1058674863204931,0.1090554212328762,0.0409741658175304,0.1152616175790363,0.1164467805243826,0.0749317200051472
0.052272632020606,0.1544738284881497,0.1457137529570317,0.0761721731728891,0.1656004886757756,0.067591295499678,0.0245462343583196,0.1729217940170415,0.0823268665119599,0.058380933863342
0.1044942055958922,0.1139650197236964,0.0736836094685486,0.0712068923722418,0.1046950244362873,0.1060107410224379,0.2167116673838333,0.1240942251520747,0.0567435203658783,0.0283950936316739
0.0679851833341788,0.0694542177238342,0.03183723537709,0.0987050183426956,0.1217062031334418,0.1393198805481352,0.1797321546416597,0.1212144861275697,0.1158468941422876,0.0541987259310042
0.2447011198920069,0.0712195538931497,0.0487953530148253,0.0648884279727278,0.0612218036757239,0.129861709207357,0.2345631492041005,0.0275134218970378,0.0637402238274783,0.0534952365992563
0.0519018316298149,0.1501565717274975,0.0916863505129131,0.1112679234746265,0.076954790239112,0.1041099400151434,0.126182683081461,0.0700825430879995,0.118007251276938,0.0996501146684186
0.0625509199207198,0.176335993082367,0.140889421082304,0.075742607439943,0.1093703425381471,0.0014042938344676,0.1799392879635755,0.1658660269899968,0.0522844169536824,0.0356166896574595
0.0357959380596295,0.1513863299369371,0.1178603447728582,0.1026480704725014,0.1546402636092063,0.1091393902354111,0.004379925130711,0.1523229498225611,0.1156308586767725,0.0561959288714774
0.2056815359121785,0.0546671847203834,0.0435438857996577,0.0931452765350572,0.0862858641339797,0.1727159469852045,0.167265178412416,0.0515909855999458,0.0988397841672542,0.0262643572283092
0.0628083909954139,0.1623614117595913,0.1081081252174354,0.0337931256127738,0.1754568540588239,0.0582287165215968,0.0982874260374483,0.1410952425642458,0.0748440415023855,0.0850166653791783
0.148959070685878,0.1678539369540535,0.0498290313924522,0.1747432443238238,0.1190801136823684,0.0534290952828894,0.0706219843055176,0.0367922161334753,0.1140418133933707,0.0646494931365923
0.0819679917386746,0.1058654180129873,0.0850400613610815,0.114675364197763,0.0925788625844036,0.1305755054763669,0.1114637750750688,0.0814283998382697,0.1212422873401404,0.0751623342232516
0.0049196093937872,0.1962604840816354,0.1155385520059432,0.1362820982643136,0.0663033961441994,0.096017955869671,0.0664132753166559,0.0858601882406304,0.1276086439395109,0.1047957961931826
0.0788205087965106,0.1273113711229324,0.1314998578312577,0.1036137956923401,0.1273154418010508,0.0962228691636774,0.0305437060913058,0.1364263270966531,0.0997077486270283,0.0685383735598072
0.0200180977018106,0.2148403567526784,0.149538137479283,0.0883082719290786,0.1256976094598227,0.033276355439677,0.045284851094709,0.1555673423211905,0.0831841801951174,0.0842847970372215
0.0967274425612781,0.0877659287929342,0.0581779889840632,0.0962661258493381,0.1084456769376271,0.1263885209277782,0.1990898020913292,0.122558202344186,0.0772490157782198,0.0273312952298569
0.0340627337396783,0.1642101833353485,0.1066981207350092,0.1540860402653406,0.0306381254996139,0.1116790232965715,0.1026638852114301,0.0528352802051951,0.1339179094626304,0.1092086978761463
0.0378181497869866,0.1573080899678479,0.1836186442028899,0.0557671575731067,0.1557793401720484,0.0031246506661677,0.1162159544345513,0.2025041654089278,0.0329498322278225,0.0549140152161939
0.0153463636634129,0.1032994360806327,0.1333788731549859,0.0165391275300877,0.2244820635708863,0.0321056913715091,0.1902527257870616,0.2340392568010513,0.0314520062352287,0.0191044552790028
0.2821749295593351,0.1002344898295802,0.0334131278681926,0.0123970153745152,0.1101232490865924,0.0994238055402758,0.2712366548344472,0.0347739840171881,0.0231604132817096,0.0330623297459887
0.1700706768702093,0.0052663643480003,0.0588907769453218,0.1535606758394027,0.0357409378546622,0.1490024608116788,0.2076275778481479,0.0227992269432251,0.1137315380775244,0.0833097639120679
0.3035983019967641,0.2229008938153157,0.0884109130238441,0.0114695458664089,0.0856750456314578,0.0480192230843856,0.0219193362432273,0.0956218599773902,0.051246927647674,0.0711379515805984
0.1906197549903575,0.0320522014629409,0.0699421737536862,0.1299217872899961,0.0716774654728885,0.1814067210924946,0.118302510448974,0.0627155760873965,0.1149808110826981,0.0283809979074825
0.2294953719355237,0.277702975345518,0.0072014580678545,0.0151804841364689,0.1748709182884082,0.0196814446702935,0.0290507073111327,0.1101273415162495,0.087841054086469,0.0488482432153246
0.0120100978921949,0.210665076578719,0.1260631019528332,0.1063414402764118,0.0769031105405133,0.0513611674397627,0.0921904084882461,0.0947029646307991,0.1008267802221433,0.1289358515938141
0.2074885709772831,0.0303912015686199,0.1074804091451872,0.0729568330323546,0.074805876424792,0.0896037078334365,0.2018590191936878,0.0608449071037235,0.0656966289508679,0.0888728453331612
0.0812260827507121,0.1325341438872038,0.0094161319439413,0.2057522883238944,0.013688305269037,0.2110969582860575,0.0688829169711962,0.0133746809226346,0.2078586935477594,0.0561697975187394
0.0314433254200418,0.2069112746489593,0.0199147909165411,0.080893846755751,0.0542519832114051,0.0967401125279737,0.2414200076868703,0.0046077355009059,0.1324758624533681,0.1313410602740913
0.1777655438574963,0.0458191014754255,0.1590858362060346,0.092376454574799,0.1390297534390401,0.0905406836189533,0.0197601047541736,0.1585221671894252,0.0678458512865543,0.0492545033253791
0.0792285914912874,0.1577795151647695,0.063992255459768,0.0986010795162496,0.2174910989060957,0.0695460194416071,0.0986039609515968,0.179757985745195,0.0277904709875985,0.0072090216104647
0.0070781856480868,0.1582068094533645,0.1225270441102407,0.1326127656138947,0.1060833711168522,0.0978636459334666,0.0616663283746805,0.1421645934780658,0.1148232241061503,0.0569740317443174
0.0518502096605637,0.1226325862912346,0.08969444912829,0.1330831977435637,0.0940524164699495,0.1401280298464163,0.0701653559620845,0.0943364652077059,0.1343709512307067,0.0696863381951208
0.0241416483585157,0.1421358600075446,0.0906428904628936,0.1232335249857531,0.1307608342841175,0.1396565905095608,0.0288159992774496,0.1250772564792502,0.1367787116222915,0.058756683609595
0.0205535698830512,0.1721419543574422,0.1148420288411148,0.0951942498903373,0.1483941281821293,0.0933297600005356,0.0233897116399888,0.1470242126350596,0.1104858963560734,0.0746444877996758
0.0212984218879716,0.1387634239678808,0.0726870602566652,0.173387523759192,0.0388577419853107,0.160457938050829,0.0947062478722506,0.0505775058613918,0.1621338632337018,0.0871302728090108
0.3391525343035349,0.1212809666305179,0.0847767469231266,0.0126799635989717,0.0114201899303382,0.0158615389800438,0.2846106428504164,0.0238124851906467,0.0234234504045543,0.0829814798220698
0.2803411961527202,0.2287064077957784,0.0195540182719642,0.1098923922047275,0.0747901269802722,0.0187155525365506,0.0745165911461921,0.0278985839783046,0.1030368149263598,0.0625483150578551
0.2010954747724799,0.0438468695132837,0.1541238040131978,0.0800214190962741,0.0737479534819439,0.1415269917604073,0.0291304341135987,0.1159548768701284,0.1276808943709803,0.032871281181525
0.0215960407779403,0.1908133185452355,0.1637113235676973,0.0622570106210515,0.1658322073149171,0.0218476421285865,0.0428061787274034,0.1913730502749313,0.0609958962542125,0.0787673314032881
0.251640213278545,0.0879863981478361,0.0905852493597704,0.0931208077468972,0.1858903075741839,0.0168085041698648,0.0712631257503718,0.1334414614366681,0.0620737981571145,0.0071901335897831
0.0510927337675949,0.1884029926871107,0.1462326727103616,0.0633627590995799,0.1333349667607124,0.0317878352407082,0.0678539619181347,0.1413449788045754,0.0684874917492132,0.1080996069017012
0.0951518286007645,0.2601145241353204,0.1304151122360609,0.1276589610125452,0.033169244598783,0.020187477349826,0.0200538385125688,0.0923383441165395,0.0989187108198458,0.121991957884815
0.0029566031245744,0.1960169953520208,0.0997147476654421,0.1318520205762559,0.0601193583051136,0.0997599340996497,0.0975582408941266,0.0726896413968462,0.1298025928782305,0.1095298651146374
0.0746418724708693,0.1218402021626202,0.1097427529458169,0.1234673543341488,0.0854145194778924,0.1121358125711002,0.0805357352302489,0.0947222425292818,0.1147844759000932,0.0827150322328963
0.0850283989914375,0.1388201679738007,0.1275748743037834,0.0803135013322913,0.1166562070699877,0.0692701164373249,0.0899780857340226,0.1177950089208202,0.0828897021216167,0.0916739369306892
0.0823599717181934,0.1139899350865663,0.109586578855127,0.1227728523027542,0.0860239124340901,0.1166535216294184,0.0821266369731528,0.0943596881567747,0.1138746783018556,0.0782522243742847
0.0719447926067449,0.1484104910441397,0.0945808097234384,0.0863126085844985,0.0732841997287217,0.0794385579701784,0.1743291778748554,0.0604271471424906,0.0970897925314897,0.1141824225648663
0.1992094563377905,0.028191426474155,0.1413067793913555,0.0588500677762498,0.170628528905556,0.0856379830848854,0.0511235490759589,0.1630273710902625,0.055676888504145,0.0463479489421478
0.1568226036871493,0.2319404269828185,0.0299802385819938,0.0430713698405381,0.1588021915311528,0.0837805577545797,0.026120358321633,0.1241955147454056,0.1134908902332293,0.031795846966587
0.0548740001467854,0.1871539063195074,0.1312329324777021,0.1411893255496725,0.0511148938424094,0.057857928007159,0.0862665107862526,0.1174529899883356,0.1024685821980833,0.0703889301554871
0.1713091394126857,0.0885477480816242,0.1864787935892841,0.0744396676339462,0.1272849180670189,0.0305082382497788,0.0333701333471307,0.1602479380747708,0.0405540774990521,0.0872593456964594
0.048521190592618,0.1128049965725928,0.0293717521865967,0.1250994904909632,0.0655570542596078,0.124292774578429,0.1922663987123369,0.0808554388048793,0.1349141721593851,0.0863167312015132
0.1433580617936367,0.1311619656009351,0.0135914081752662,0.2116554063716833,0.0508501433575049,0.187742446707953,0.0260714835981295,0.0142297806165356,0.1906594965861406,0.0306798064503605
0.2420341209099518,0.1722873906878264,0.0082554406197249,0.040573791946884,0.1244056017654181,0.1675454106261827,0.0599866025401222,0.0699242097747546,0.0569079892108979,0.0580794410334155
0.0289545390877154,0.119422646847638,0.0947672076442184,0.1294165264385902,0.1139393512888009,0.1267613872250841,0.1152958496952177,0.1443789641780578,0.1196763567222449,0.007387170259943
0.0830241236480456,0.2191290696985356,0.1141309006819621,0.1385580022041959,0.0433740915906377,0.0563474619021436,0.0446886567694196,0.0991112914280809,0.1115206513263256,0.0901157500970577
0.0561529122086011,0.1009418770494433,0.0386516586659952,0.1318516269472255,0.0688901795660155,0.1762785549491761,0.1640869721841082,0.0385378853162063,0.154080085662066,0.0705282471406587
0.0734883167613002,0.1169533033626037,0.083840401492094,0.0984985979629206,0.1084762654469246,0.1190113937114599,0.1164630027053703,0.09122735226571,0.1141833416322423,0.077858024488055
0.071414203095584,0.1421407413403705,0.1165684144864043,0.0898110773483111,0.1110775699268473,0.0793917625577787,0.0914351370966018,0.1119807096074574,0.0931838059343471,0.092996578449755
0.0059936615794184,0.1488702737253505,0.1171980808011019,0.1291645111398186,0.116207815654529,0.1020345966325952,0.0663801056610765,0.149824799120716,0.1153856013265652,0.0489405540114026
0.0488549627194831,0.1311244384819771,0.09423741509517,0.1227542698189401,0.1024249313078949,0.1259632031892222,0.0706719471508843,0.1028200396912369,0.1265231898612671,0.0746256024622081
0.0347271324129608,0.1365966936308754,0.0630113342468327,0.130147368009784,0.0709915393124519,0.140637353130119,0.1340494995421316,0.0583969489697737,0.142362341307527,0.0890797891745672
0.0745249063871136,0.1179714514642622,0.0993372464064767,0.1309347011864547,0.0695542932639399,0.1198903795492937,0.1013823634445687,0.077902672153357,0.1208203790830934,0.087681606946503
0.0585153485205708,0.1511327938935457,0.1405117523248352,0.1283889725994029,0.0860424528373874,0.0835435661151794,0.0355798370942832,0.1186894355835955,0.1043204046166647,0.0932754362459271
0.0594239517040444,0.125920461243011,0.1047799041691069,0.1351197960196085,0.0839468208083799,0.1239136850776577,0.0664781362110014,0.0967532704641591,0.1252767571961725,0.0783872169181936
0.0634458053534438,0.1157470658159677,0.0711140541423722,0.1313070359930556,0.0626056569684346,0.1399899044037799,0.1394286371641014,0.0544475970348913,0.134877549513645,0.0870366934321954
0.0829614533614478,0.1138814300643559,0.1121966527257551,0.1163255965152544,0.100233481177605,0.1106528588466692,0.0697830634379409,0.1079062483137559,0.1094649551069681,0.0765942603581994
0.0724365912832318,0.1020380957968962,0.0840922040054705,0.128968014238818,0.0940471119855301,0.1444862492969773,0.086485592959746,0.0895804971396107,0.1312838655000703,0.066581777660136
0.015029737545879,0.2048482286977972,0.0915250623091192,0.0626905535504596,0.1535945056449855,0.0724075332342281,0.0751288011877583,0.1355661486009421,0.1009006743839506,0.0883087542201868
0.0268495354546145,0.1826558721196037,0.1385917459719101,0.1186821314424593,0.0978143654125782,0.0707058442803104,0.0323521185937838,0.1276922972927086,0.1039221676603946,0.1007339214890352
0.0777114981384265,0.1122942802799489,0.1067976801886948,0.1190145702458312,0.1042705047805836,0.1195136767787375,0.0646433219110731,0.1095621114815423,0.1148948351489587,0.0712975209216865
0.0443836076475869,0.1502018778894482,0.0780935520150764,0.1015303021390196,0.0858825696979783,0.1052122638885328,0.14490071458188,0.0712409310575486,0.1175850431587571,0.1009691376642594
0.0746575848229618,0.1193354872325201,0.0864931283334951,0.1114628831641814,0.0826186976230618,0.1170853846831065,0.1285341863354394,0.0749379120070787,0.1161457622658732,0.0887289733777227
0.0391953365325057,0.1222075954884492,0.1073486418097699,0.151237031848479,0.1081557839196756,0.1467681655512384,0.0047354494509309,0.1280923186617767,0.1395554897745144,0.0527041866880326
0.0684217081297714,0.1068572720607762,0.0886183128975658,0.149924233753734,0.0630673858232165,0.147200706004746,0.0897098287192217,0.0727290887508458,0.1374552198586809,0.0760162438320397
0.0693688253309029,0.133529011126549,0.1311936756151292,0.1145476386301957,0.1133010623586208,0.094129769703922,0.0311038305182853,0.1335250464139158,0.1015576012851562,0.0777435388433511
0.0968348090785804,0.1010679315773851,0.108864346196709,0.1106225022986756,0.1034422762437728,0.1149598880326231,0.0803204259063708,0.1054514979312779,0.1066161045436985,0.0718202180924557
0.0743461435701879,0.1074479963893834,0.0969293404717543,0.1293114409734436,0.0928999509660448,0.1372549586571781,0.073351909970406,0.0969108704813258,0.1246522049889452,0.0668951832719843
0.087207976134739,0.0788474232084277,0.0718340902565497,0.143213531987419,0.0749389203803946,0.1691590978207738,0.1050034697766448,0.0684894517869257,0.1415797409858589,0.059726297489409
0.0269002832218941,0.1435840519284799,0.0652783169723014,0.1702709266067047,0.0238213849660266,0.1359841105903159,0.1679338904398979,0.0041922570122132,0.146699586721904,0.115335191107096
0.0821551002233812,0.0955751314406521,0.0986659982406555,0.1239478023861479,0.1137546886288471,0.1423048390032364,0.0523075962601418,0.1141674421080548,0.1229834206374044,0.0541379808523167
0.096987768802429,0.099706735477206,0.0737321077520557,0.0517748803702436,0.160216664720023,0.1135891224956332,0.1344251110568387,0.114351902947418,0.0939366953122993,0.0612790107933098
0.0359996126555151,0.1500942280468437,0.0627937958994634,0.1046740817786266,0.0822580210498554,0.125577701939047,0.1582444727470842,0.061773396847983,0.1258039013555445,0.0927807870927604
0.1076025659472191,0.2550516729504276,0.0021716112808616,0.0544301782531953,0.0151346804888383,0.0294531319532301,0.2519470880607819,0.0395248404129267,0.0924430421216439,0.1522411873167218
0.0796754156675326,0.1350146887178383,0.1276120058097316,0.0924413426567411,0.1192325530238844,0.0784865761018472,0.0647692789140723,0.1275406386308514,0.0893250582985177,0.0859024420329096
0.0581598818346627,0.1540424025584184,0.1158904091643505,0.0712921923918886,0.1451243968741929,0.0757004530520028,0.0717140705467362,0.1379283885319305,0.0877324890686365,0.0824153156357329
0.0605753271200414,0.1207768070957758,0.0970911024016708,0.1453770316908024,0.0681152079583567,0.1356201119746856,0.0794333422143354,0.0822658665621044,0.1319717597650548,0.0787734429627871
0.0505186805343719,0.114839568156096,0.1307468559115985,0.1278582902709646,0.1174765296792196,0.1085119385924071,0.0482718899839749,0.1518985174385917,0.1053914231411501,0.0444863060041759
0.0412955418888644,0.1629003647393379,0.0982454408147887,0.1084084745416633,0.078449444703485,0.0913545915323004,0.1215227930795217,0.0809102077862861,0.1109476403614578,0.1059655001930269
0.1219636511632601,0.0983990685212516,0.0438353499241706,0.1135853185411396,0.0680506964459314,0.1740666710929244,0.1735487646016123,0.0976849992955345,0.1063021813725483,0.0025632986008587
0.0699136053692756,0.138686658430771,0.1228920051469996,0.1023629251060797,0.1114214678161276,0.0859122262431679,0.0628045837688865,0.1225999463612385,0.0970331192043474,0.0863734623561991
0.0440708688593398,0.1492592875223491,0.1129894133375811,0.13756905407396,0.0754888433263674,0.1069907090377117,0.0621513652766201,0.0976826311724673,0.1216586289675667,0.0921391981542722
0.0487225371680234,0.2384048240276851,0.1427079855198229,0.1283431172371151,0.0617106676487759,0.0272235850726199,0.0130958952008404,0.1205254120623712,0.0976477975896752,0.1216181780252139
0.0484741638085263,0.1766989470713902,0.1264051382876378,0.090966236395538,0.1162541573546037,0.0326410462308089,0.1187399162519693,0.1660809951901778,0.0724579671644193,0.0512814317382641
0.0749477583165474,0.1221621828457733,0.1170049211162467,0.1005193465322955,0.1343421535904003,0.1034925675774976,0.0407613594188125,0.1373356721065404,0.1028178224885329,0.0666162158188453
0.0567498382790027,0.1830653837124147,0.1561089867804478,0.0618050839541053,0.152838265718305,0.0273687683387404,0.0328308327981548,0.166413263483029,0.0641113716599213,0.0987082049746625
0.0039428761951206,0.103109612349731,0.0388833055875956,0.108498211656838,0.0155826108457359,0.1527303484313993,0.2702862948082284,0.0677807185325701,0.1462048369332682,0.0929811842494413
0.0480611161827361,0.1234970369474788,0.0811092853569053,0.1289676772338672,0.1008645379457992,0.1401267828872802,0.0752398181106142,0.0973968766175066,0.1347730268385885,0.0699638416169246
0.0616301790884949,0.1362939844559264,0.0976746887139525,0.1306117338458802,0.0589902203904919,0.1097045900893252,0.1160343602633309,0.0685317104171272,0.1208815572704894,0.0996469752722319
0.0886792457737193,0.1045912725955059,0.1069393262835611,0.1125120161471536,0.1101162250873483,0.1186486712077902,0.0684905016468289,0.1113133951892578,0.1108642256492027,0.0678451202922377
0.0717862710237092,0.1499266069549226,0.0143260643851469,0.1165343839508067,0.0820069003017337,0.08220920619016,0.1823682424569456,0.0807491330856984,0.117342049636804,0.1027511413487111
0.0589971093746716,0.1575349155350303,0.1236380667820901,0.1040478614863187,0.0933165413040412,0.074696403914458,0.0828790915623396,0.1067578527949273,0.0975915189396523,0.1005406380733535
0.1960848194023613,0.0234328486634127,0.1691442535614823,0.0589696470085652,0.1677142646684263,0.0629221458841408,0.0987587911974732,0.1970033831134351,0.0243082167287975,0.0016616291353392
0.0468259268605087,0.1472822553976505,0.0605395074831277,0.1106744859762688,0.0563314174266486,0.1218611786926746,0.1889966934435439,0.0373059487033364,0.1270597307470098,0.1031228547415051
0.1086094681262196,0.1196899812190098,0.1131086877172952,0.0608047477742983,0.1257976889762082,0.0710181667315604,0.1272061061841714,0.1101381750394159,0.0749129360485563,0.0887140420281121
0.096544712914105,0.1252036101208032,0.1163698005693209,0.0978807463462837,0.0826487375972439,0.0827154931415021,0.1218415322148723,0.0871213767961451,0.0918109981229884,0.0978629920301612
0.1069077604782928,0.1095920363574919,0.1256239248700856,0.0875812949690574,0.1234806013560884,0.0883263831618321,0.0730206639179822,0.1251489002589011,0.0864718229358069,0.0738466115597735
0.0939837131389367,0.1150838235809687,0.1264010919543131,0.1155904577983934,0.0944395515363165,0.0989073374689811,0.0649787014961123,0.1105481291058624,0.1005323104718091,0.0795348833116698
0.1029431491351702,0.099547015642152,0.1040687282733163,0.1134808948393953,0.0843533005463674,0.1151810344587138,0.1084171712291884,0.0850750467467619,0.1079110768127612,0.0790225822055615
0.1096262327516712,0.100701701177269,0.113927308723889,0.0925063532577629,0.1136872946654212,0.0991560512294563,0.0919645961224114,0.1103814340395845,0.0931650647561101,0.0748839632025821
0.1095416594256005,0.0980710069037475,0.1180591859899953,0.0824714528619069,0.1425264990494575,0.0992752005699845,0.0632737433474975,0.1354916131002517,0.0893465915172511,0.0619430471349302
0.1095404628958927,0.0940184213602828,0.0976634243337494,0.091635811634493,0.1109053248949224,0.112033662386177,0.1148050890582689,0.0972453162026794,0.1001120424489848,0.0720404446673509
0.1048018297900208,0.0991436841602922,0.0913743153548239,0.1013723905027022,0.0882498273331407,0.1172370673526594,0.1359789426749009,0.076879549565754,0.1061720880763741,0.0787903049519874
0.1150820031422313,0.0981846152326337,0.105015684895937,0.0931160160428892,0.0969520061817315,0.1021269039276956,0.1243863568666115,0.0893133581263035,0.0946882084971782,0.0811348469623538
0.1077154201521698,0.1292663055519086,0.1322022323702333,0.078383174871122,0.1022817236301843,0.0612847788177091,0.110525809154536,0.1072245121791266,0.0736864163350907,0.0974296267475095
0.1073002793383461,0.1083328098723483,0.1217176140506151,0.0985946916444158,0.1023557797801597,0.091995220607268,0.0890205375935522,0.1074294651282725,0.0918772859409355,0.0813763159499305
0.0996290955186884,0.1120935908925958,0.1191294486824248,0.1074947242433051,0.0961072038776106,0.1009610745738533,0.0836902705318708,0.1047369477750849,0.0981836349956509,0.0779740086581918
0.1046158561902741,0.1186902199998515,0.1240316555988728,0.0998001286127821,0.0866741174550347,0.082480671742736,0.1057462419120685,0.0959290198754745,0.088938319112299,0.0930937693678254
0.1063383452470736,0.1037883839543902,0.1187790268756372,0.0987599242348696,0.1121518588845737,0.0997607467137671,0.0774748123708372,0.1148200420110515,0.0946558592757801,0.0734710003082863
0.1140653367997629,0.0949021910275707,0.1203186484974999,0.1155556386619942,0.0919175683796345,0.113719292151328,0.0771453235018862,0.1020480539466165,0.101704175709031,0.0686237710644763
0.1126082866936104,0.1057586261634658,0.095656340819205,0.0911580148327839,0.077048195279745,0.0956541351873821,0.165051097364905,0.0655697539198311,0.094247740092234,0.097247809545703
