0.1177273136738664,0.096360699576242,0.1053914626957152,0.0994779441938755,0.087025677117168,0.102684525873749,0.1277748458573234,0.0834851259912179,0.0962573914286873,0.083815013477724
0.1179706489097384,0.1027104987072668,0.1286772129801246,0.0926732683923191,0.1132742756999109,0.087556745975517,0.0768987200043274,0.1196134131968548,0.0849643627482675,0.0756608532618401
0.1175933092257368,0.1039338104535845,0.1243854128899798,0.0951022796098885,0.0997104021562126,0.0868903708946088,0.0969162807426264,0.1053522375448336,0.0864106963371142,0.0837052000672034
0.1187065675464086,0.097135990672688,0.1174176409380864,0.1065886356429536,0.0882506498895151,0.1006676080618862,0.1013489827479045,0.0949399504362845,0.0951632312694905,0.0797807426419742
0.129369206716797,0.095971690907662,0.1366298403190839,0.0720157593416539,0.1465313608892359,0.079234471567641,0.0573932125533326,0.1464915611396484,0.0720341937170502,0.064328702722966
0.129111758396695,0.1007128339601076,0.124936281512709,0.0696857254735695,0.1252995399741014,0.0756056495510626,0.1036392251082516,0.1190190807655758,0.0727392171049188,0.0792506880462399
0.1141724356734409,0.1113263447934762,0.1207814596601094,0.1075112936517033,0.0704413628204931,0.0877805225624015,0.1203904978911419,0.0819316490153994,0.091838437974701,0.093825995750871
0.1214162577131258,0.0968230108013371,0.1180642386981091,0.0883206861470015,0.1116931040779886,0.0930545190229703,0.0985185959145812,0.1095720894814494,0.0866979439767287,0.0758395540505012
0.1183124491490569,0.1122625757322175,0.1191270805648802,0.075706366745407,0.1076015770057888,0.0734383330603938,0.1229422641714232,0.1029692142952204,0.0772282566075182,0.09041188253127
0.1179322886450783,0.1068107619742946,0.1198415299441857,0.072920073599656,0.1256945040590608,0.0789444803137652,0.1015272697796622,0.1187227058503333,0.0781436816233639,0.0794627040821515
0.1174652711120315,0.0884643793134379,0.1131203099221653,0.0943330947674431,0.1244467608236389,0.1095880909714644,0.075531258777923,0.1207393312503096,0.0954151869894141,0.0608963159116645
0.1202563560141399,0.1037741455673459,0.1153005949438865,0.0795022880388529,0.1103081557901231,0.0841647332168758,0.1175232883647709,0.1037974967699337,0.0819792492899684,0.0833936918742449
0.1170405651049298,0.0984163822419807,0.1191483637093591,0.0938057976675925,0.1113770389705041,0.0965227238535939,0.0880428726807851,0.1127300464364055,0.0900097045185929,0.0729065046537486
0.1182724472377767,0.0981195619763613,0.1108096061857259,0.0876741979013204,0.1077003213386671,0.0952155889515272,0.1125486830063537,0.1015337427923506,0.0892859319875473,0.0788399185124154
0.1090254773906277,0.0968949383404338,0.1147915573927843,0.1056239618160591,0.1069096378430951,0.1077839987220396,0.0784916815988473,0.1106262415218534,0.0996091788140504,0.070243326429387
0.1130555661132626,0.0834657198316936,0.0822420740275679,0.1107422537888698,0.0783081952878616,0.1296594101816053,0.1459616510919543,0.0662929965041786,0.1129490168491557,0.077323116201826
0.1085014511703824,0.0909348048338735,0.0933071971139016,0.1142289128283048,0.0817833450590646,0.1242787340467243,0.1224576078564321,0.0780311868142621,0.1112503272315358,0.0752264328601577
0.1207349574604944,0.1022775549156627,0.1353324666819779,0.0892546015018072,0.1241548671265177,0.0846000225072289,0.0601561824191957,0.1347613094626294,0.0797854691965503,0.068942568492179
0.1153092306185766,0.0914298402676601,0.1095199572271482,0.1105398819939879,0.0898949959142829,0.1124686292108913,0.1010116995775679,0.0933728752419747,0.1018658689382759,0.0745870208672075
0.1119433438319702,0.1046580257827552,0.1241714317890432,0.0958913830250768,0.1110214758419824,0.0913410440717305,0.0790444060317745,0.1178983664161707,0.0886416758964938,0.0753888471483466
0.1164193284305244,0.0899882945560171,0.0949198453868135,0.0971205380141803,0.0945379410402568,0.1131545194173257,0.1327218931890934,0.0839450014105824,0.1007622665470276,0.0764303718466439
0.0959490788163708,0.1164751880878082,0.1270549629369756,0.1149074473923272,0.0920953687891783,0.0935612442700745,0.0689829201772953,0.110356552959988,0.0981959605670455,0.0824212758467423
0.1085322301933817,0.068036614893315,0.0910094546043529,0.1313071417386507,0.1010974367477317,0.1566543920731175,0.0701188493497514,0.0995046587921126,0.1266992289558532,0.0470399924730417
0.0990685073019446,0.1093179471719071,0.1177471439311095,0.1248795842676705,0.0729906364575487,0.105128514150029,0.090019968779857,0.0906913874731125,0.1056173098630635,0.0845390004248381
0.0963106934966071,0.0977015851479188,0.0662100704208187,0.1333221157510428,0.0319176674902999,0.1380633606074016,0.1882740483041622,0.0256253005360164,0.1285331657680327,0.0940419921689889
0.0944069315599703,0.1735203191298928,0.1869563181727052,0.0513983145095433,0.1418216627536952,0.0091559782150155,0.0281699586480565,0.1755195158166034,0.0335221169462444,0.1055288839188193
0.0981463926481614,0.069027229337085,0.1145306087917096,0.1479983521008436,0.11193745646457,0.1554526152362874,0.0126173852836654,0.1349415015693728,0.1259772355416957,0.0293712227363851
0.1165691069876321,0.086576445579049,0.1081937396760972,0.099148913049713,0.1156316836936114,0.1140485857710901,0.0852232952395687,0.1123995734138749,0.098644393293258,0.0635642631382309
0.1093409001692034,0.0829042348081657,0.107053281004196,0.1245889152289954,0.0963950722736373,0.1315624436178272,0.0707475124664899,0.1038471552952116,0.1134079602853996,0.0601525246794537
0.0991990246025795,0.1062412443610312,0.1077685364281792,0.119262669833449,0.0751783889910491,0.1084378628745069,0.1070270400288604,0.0841342411443268,0.1069128619832695,0.0858381296224925
0.1065766837894905,0.0814056129051137,0.0886915308204852,0.1476899154688776,0.0469482524491903,0.1474612780165922,0.1215192212032362,0.0567291473251025,0.1290345791059801,0.0739437786524495
0.117312131894848,0.1118172551353985,0.1289065835374891,0.0716353468922722,0.1298712082396273,0.0709990676082979,0.0879964860677222,0.1298224441180828,0.0725383887583628,0.0791010875332391
0.1096555415909832,0.085162939729562,0.0884770793385918,0.1143250157732253,0.082723609626496,0.1291955725449927,0.1272088868410348,0.0751830309035014,0.1137680657810032,0.0743002577552782
0.1118356660475317,0.0983430928132846,0.1198109102399754,0.1049936227627745,0.1029541849543108,0.10153432743148,0.0804165242222567,0.1109464156139709,0.0950837372146613,0.0740815185632342
0.115650242477072,0.092819549401575,0.1155586146833845,0.090767166294264,0.1264868557630474,0.1032580926732348,0.0756347236799292,0.1246245372200247,0.0910968779088359,0.064103339717349
0.1027710310936968,0.093277158401695,0.0851737185683146,0.1258244670094797,0.0582725674449273,0.1297359572470953,0.1450677562582118,0.0572813869669037,0.1187253886503856,0.0838705681479056
0.1175502724018,0.0797734670310091,0.0671971867420769,0.0560524102467015,0.1509736185127967,0.1194543560023174,0.1505615622399969,0.1052868458972342,0.0943913162730164,0.0587589644022757
0.0783448701814703,0.1250688011106661,0.1049448559266945,0.1694111765331605,0.0076092946906573,0.1203124155950303,0.1186501972772564,0.0496045621330087,0.127122582918319,0.0989312429360975
0.1264653188555549,0.0662079868260913,0.1580625761298316,0.0415699682537747,0.2151267106603858,0.0351060092854256,0.0832037124459387,0.2317302822938536,0.04115733302378,0.0013701012618172
0.1051508752727701,0.0901814846364717,0.0817131798728889,0.1142511179206015,0.0759373480666373,0.1280498655726613,0.1429937084485674,0.0680491911491512,0.1139689382595284,0.0797042905621588
0.1111072354487434,0.083207244771604,0.1147539982722352,0.1009898689994731,0.1412212482869648,0.1206874804971767,0.0387025196276644,0.1416750104179331,0.1005015148740316,0.0471538785678207
0.1090633816758381,0.0721745276902072,0.0726149555560118,0.0999172305475534,0.1209973014357481,0.1451914246973765,0.1139507977885849,0.0982187498586715,0.1156016886259323,0.0522699418170696
0.1094787749243738,0.0868255477356074,0.1026347975557546,0.1131446992626498,0.0982469119870889,0.1225227875592096,0.0920173503826735,0.098161402976506,0.1081386098662674,0.0688291176526039
0.103253452539839,0.1006565883220974,0.1048475027055353,0.0949001092538162,0.1173336763394439,0.1066307204397211,0.0915925044263226,0.1138899249605732,0.0972298842356637,0.0696656364946415
0.1077961320865923,0.1100286960527369,0.1170710165810677,0.1044964819922081,0.0827215242346661,0.0911610274569646,0.1123770748973317,0.0916407977683619,0.0929695256264686,0.0897377231177259
0.1043274686946122,0.0889220204307446,0.0848308934576049,0.1036670982546869,0.100503631040879,0.1263777862955086,0.1223068234102722,0.0884272102695047,0.1097169464751189,0.0709201214750938
0.1039825402304454,0.0945330149693325,0.0913446672790935,0.105641330834598,0.091744402695516,0.1186125502493324,0.1248216024534495,0.0837784347860314,0.107748545840868,0.0777929105197045
0.1063737931587345,0.1055909012065374,0.1094886007200112,0.0929105898789341,0.105698902058528,0.0955291454063463,0.1065514594696619,0.1049636828654048,0.0916490172736214,0.0812439077866469
0.1044092758068296,0.111417109873659,0.1149073762413218,0.0862218666638293,0.1152793185474283,0.0874614771865589,0.0983250199833038,0.1147972263281542,0.086784491967818,0.0803968371736274
0.1079025714897112,0.1422266347699375,0.1632608803449164,0.050012126755283,0.1613718346595259,0.0262595785450942,0.0403599236023082,0.1787762297215823,0.043961165689193,0.0858690540567957
0.0833236696381569,0.114325969867524,0.11763169615697,0.1134433373994929,0.1148979392580875,0.1061774310847393,0.0484282982806209,0.1286128325781536,0.1043366416499302,0.0688221837976671
0.1010835037370164,0.114301786178566,0.1382144057971805,0.0768765951551633,0.1616615912197459,0.0778722495680266,0.0226726463310253,0.1702951833269192,0.0758278132786437,0.0611942251138991
0.0682181613372647,0.1290833537321122,0.1032639015213409,0.1406746463327401,0.0530428998261254,0.1108164084269598,0.1032766756196088,0.075798900459848,0.1191656464537398,0.0966594059810747
0.0998555635617334,0.1274920328339644,0.1104015016124897,0.0741682536871501,0.1041703637008507,0.0683304935426908,0.1371565643395858,0.0976584096110719,0.0793835850142649,0.1013832319434766
0.0618498506422273,0.1848308925272804,0.0955297677866306,0.0594866951649229,0.0745423417510862,0.0295355146733832,0.2128880239317845,0.0746452764146065,0.0658710084126122,0.1408206278191164
0.1117576077455743,0.0488128237664874,0.0129801512096603,0.1238453003794094,0.0511756528001615,0.1915025447447522,0.237650370887714,0.0066249774058681,0.1469185993731862,0.0687319713673623
0.1581972735838779,0.0304736599119801,2.887200832217992e-05,0.0863759666623312,0.0215595281607603,0.1568248513622338,0.2778845308955198,0.0925545735617106,0.1142505302443968,0.0618502125446593
0.1055324088835566,0.125174035996197,0.1658567210821924,0.0598233396736873,0.1764798016558884,0.0420291124741598,0.011607299856286,0.1966525130525077,0.0514205007537052,0.0654242663365751
0.0660663451159796,0.0313749128850154,0.0155116967109472,0.1685147617880115,0.0334546328605552,0.2060203316579764,0.2074050615390877,0.0486357151833163,0.1624943594132666,0.060522182459431
0.1032773442154308,0.0875380657773087,0.0775398065698678,0.1109566381371159,0.0849368174415854,0.1307359193168313,0.1402589707617714,0.0754316405523546,0.1128660271671843,0.0764587697519799
0.0797935330192419,0.1162850304141302,0.1392227445410929,0.0049497378205119,0.2650642262484486,0.0217586704157214,0.066050857776973,0.2668451972032818,0.0160754140539374,0.0239545875793618
0.0895164640640127,0.0110471746059598,0.0777382083956406,0.1116745916727853,0.1599040992837775,0.1680840263199388,0.0791903127431452,0.1648044431273003,0.108576555990763,0.0294641233614733
0.157254083172913,0.075968351381906,0.1510029843734651,0.0632630972556675,0.1474774488236374,0.0741450195201789,0.0602327567596245,0.1324776271675974,0.0700693645858719,0.0681092661492017
0.1149248291029701,0.109157955941161,0.1914326647005715,0.0651511055068635,0.0282289189869503,0.1774897488588109,0.055717721059015,0.0497851167633386,0.0858824337524853,0.1222295038028023
0.0656389793662743,0.0860283460936405,0.0678797857169031,0.0293165910002542,0.1988892571617738,0.0316495636088212,0.2311428167353057,0.2303641823793831,0.0218586524773325,0.0372318243015391
0.1167388216529167,0.0951852451230899,0.126931038714609,0.1104194118797265,0.0932378527136469,0.1001817769871907,0.0789571698769786,0.1011335062737321,0.0979342776769029,0.0792808989099892
0.1243479354294848,0.1078309014752883,0.1169859906435837,0.1019204810559016,0.0402663349730952,0.0393213402324237,0.2226736260215741,0.028882864376007,0.0739078765566019,0.1438626485207891
0.1169501216856692,0.0891038947604611,0.1235051985049945,0.1051100981774199,0.1109434656704444,0.1065647819342636,0.0667703150079497,0.1125564675867291,0.0995793445937198,0.0689163118644576
0.1512543814546128,0.1075888580142343,0.1408399762923258,0.0454404849512511,0.1109263396592581,0.0408921424566594,0.1510819371874852,0.0897065764425626,0.056919164665143,0.1053501383334319
0.0126638020680667,0.0428854723864177,0.0916198964283453,0.1081994369005436,0.1630066113806639,0.1200835805325436,0.1596101052332147,0.1797404716175261,0.099861173117888,0.022329449818924
0.1241061447312463,0.0705189175973044,0.0923552183288995,0.1102569189531376,0.0896197163585345,0.1330541966160107,0.1225443586199814,0.0724773728409293,0.1150094103915575,0.0700577452672142
0.1433423016287647,0.0672013219470344,0.1599150281598995,0.0366044800470087,0.2118829857361647,0.0624117159508584,0.0391078416317041,0.1987653556052506,0.05138296089197,0.0293860077275272
0.1672327095254019,0.0036698299495978,0.1263288514117932,0.1496245647832792,0.2067701871917631,0.0983582325365366,0.012437715538332,0.1402112150526125,0.0892441724792349,0.0061225204485805
0.0405569759108018,0.1244260278616822,0.0505282864604678,0.1701086016286825,0.0264356662492191,0.1365272885439084,0.186536238773608,0.0046758790556977,0.1417718381749205,0.1184331968708734
0.1374965122331316,0.0763688889641042,0.0653736395227756,0.0721053977070885,0.0164500497665341,0.089735205231569,0.2818537858565813,0.040235858649259,0.1024372373393221,0.1179434236413166
0.1197389222095303,0.0705251336804019,0.0839082365790393,0.1467164702761152,0.0246383735123352,0.1495220063925037,0.1633463096495724,0.0138705812470619,0.1396013389490458,0.0881326268699447
0.1269731106798347,0.0888062312521206,0.0928235460589183,0.0804313869994719,0.0925146212662796,0.101236887357435,0.1674767760171101,0.0659769369427814,0.095147503484133,0.0886129997172787
0.1028592349410632,0.0950950025711671,0.1042330770239754,0.1377079723041762,0.0519963325419046,0.1242265887350545,0.1144176821575527,0.059353793090987,0.1222103843217028,0.0878999320791551
0.1091074861288994,0.109395546050361,0.1418254791082781,0.1092057149696022,0.1008188773270515,0.0848818662289354,0.052597350745217,0.1189342170744298,0.0910988990328505,0.0821345631715726
0.0980863808133787,0.0957045006334298,0.0706017318538018,0.1315669090093429,0.0089281852592981,0.1238091234303669,0.2048921157434873,0.0154356169907397,0.1375048806495076,0.1134705546461211
0.127247048723417,0.1334607018295932,0.1636577544964055,0.0394871132321359,0.1481091494351719,0.0176903115926648,0.0798416936980441,0.1453462446902832,0.0445133653028001,0.1006466166578617
0.1073714313480343,0.0910048701511841,0.1104344505707358,0.1251251656339993,0.0794465380202408,0.12030326516122,0.0910843239990474,0.0842993665182771,0.1143379485374349,0.0765926399057617
0.0978147918225205,0.1213504783581032,0.0953235076553029,0.1106850229513494,0.03800632590577,0.0910309067907298,0.1875524782925861,0.0294779463296725,0.109096383121379,0.1196621584605194
0.098569061114409,0.1142379667744074,0.1422809306035319,0.087644492906181,0.1475707562219836,0.0805316108670674,0.0214765265203201,0.1493879175364038,0.0897667352690417,0.0685340018468323
0.0965663331082516,0.1464286208407014,0.1260358436246849,0.086571980443829,0.0619969432408618,0.048392154829489,0.1604592304098371,0.0612647725138016,0.0839033219721507,0.1283807986915001
0.0952954158330099,0.0610086954143062,0.0856196863914467,0.1715254282673805,0.0658174398914337,0.1841952531267723,0.0592866793413754,0.0705982694274802,0.1576206286890865,0.0490325033373009
0.0849502700475217,0.118105917807559,0.1120485347283442,0.1493180882269247,0.0269088518571017,0.1118266001191618,0.1210642242268622,0.039111926835365,0.1304200002153644,0.1062455854335108
0.1030063347854635,0.105839454135416,0.1135497282542844,0.1074631431284224,0.0900794213794913,0.0999851986230325,0.1005678308539478,0.0911668560536102,0.1024731911700531,0.0858688414801783
0.1217695909011288,0.0671613988602833,0.099869594808522,0.0901129358816249,0.1446614159347203,0.1310757800716606,0.0710851209488237,0.1185896885468398,0.1095868901410657,0.0460875835709307
0.1065113855382283,0.1085911143641134,0.1378651935639428,0.1019160469011255,0.112868418379858,0.0864274674646602,0.0533882352970497,0.1184071662523996,0.0963133470131441,0.0777116248469335
0.1098255292056154,0.1008015609446448,0.0951787140829578,0.1240790315373352,0.0341399308205484,0.1100453360052844,0.1736078457000661,0.0302230447119434,0.115816468736476,0.1062825379895666
0.1194176843508983,0.0939060764118197,0.1224574849659393,0.0972793999942339,0.1065016092102264,0.096139050394154,0.0878516460579671,0.1042993273635992,0.0948925496638127,0.0772551713354432
0.1316910854856173,0.0595844077806489,0.0445081283059614,0.1343035316420973,0.1029970553421069,0.2163154148679535,0.0297198186844371,0.1308368972042755,0.0978551865896185,0.0521884725820631
0.1089495292837834,0.0835143508510596,0.0916290903717323,0.1129550612509635,0.0910058861279001,0.1287537500997125,0.1149595513276818,0.0785727852212379,0.1166555033374474,0.0730044919682181
0.1022685273619319,0.0790764390801077,0.1133372741030036,0.1133784128278976,0.1362874082843311,0.1297084025789826,0.029914732031179,0.1072160697258872,0.1358189567419127,0.0529937759740916
0.0797541716607968,0.0839576769562444,0.1547719598308109,0.1984926899784173,0.1062580470995641,0.0566535066187759,0.022466875939107,0.0520439525740197,0.1293895872525421,0.1162115296380454
0.1041351959713386,0.0933177948515816,0.1055123990261699,0.1123589372916678,0.0971357469679449,0.1164918660734801,0.0920908301596641,0.0921172755040476,0.1119272298830524,0.0749127240698471
0.0047695512880206,0.0779837483527894,0.1091913183806239,0.1055753375465477,0.1830099581763609,0.1265056487062681,0.1468895866894854,0.1714912472002655,0.0705286593306759,0.004054943630163
0.1167716875244273,0.0783285774593239,0.0994082496709084,0.0877052804967574,0.136980338935651,0.1185526211358613,0.0853039035574924,0.1107629266165511,0.106959949552088,0.0592264646800212
0.1226411025460397,0.0101316989755124,0.1398439098218071,0.0005983251678344,0.191629492430819,0.0291382094844116,0.1793479038424716,0.2387269657758973,0.0316720442466773,0.056270346541802
0.0409246928215795,0.0771703283037809,0.043278359000349,0.1584240115339085,0.1169575372818635,0.2053148568512689,0.0497920989088297,0.0735929290999141,0.1940943386536896,0.0404508466225233
0.0545145748472517,0.1448602916728807,0.1120434249783322,0.134010761410881,0.0588012760084459,0.0901772915863374,0.1009180783424652,0.0534267665354823,0.1380585186291738,0.1131890149733746
0.0714661814175753,0.1503989271385495,0.1556050083303341,0.105733359072674,0.1134301074264392,0.0562081986984423,0.0224502416937781,0.1343721909824614,0.0935772769469928,0.0967585078519989
0.1058093747569211,0.0225999822223061,0.0058201506588558,0.0587283191341865,0.1922999101706161,0.2047060952893051,0.1647837418808603,0.0694597066223092,0.1606749156750755,0.0151178026200097
0.0493801033696997,0.2017677945200384,0.1769786132655808,0.0737678613972854,0.0967262302465685,0.0219573407615392,0.051837703492363,0.1167703704425766,0.0676889297209625,0.1431250517202403
0.0708028162438673,0.0330945011276477,0.0477291226458736,0.100049350851455,0.0335151727348661,0.1660225011243674,0.2960989503257557,0.0696728152250839,0.1116048542391169,0.0714099143510769
0.1371016995518572,0.0909790221188138,0.1538106250600556,0.0785134909677818,0.1537146578450604,0.0810937035732492,0.0155636969830087,0.1826473477699921,0.0542812278245359,0.0522945275215582
0.1306282166912052,0.0717225608362887,0.1153586285295556,0.1017133504552633,0.1204236330535808,0.1216898568587457,0.0670917984271598,0.1284613787375363,0.0896841878751492,0.0532263881160237
0.1152543694111626,0.0657871786309868,0.0693317693881905,0.0981839587478833,0.1109615673781325,0.1422329324735753,0.1377130060890417,0.0732883019439951,0.1229192918379131,0.0643276237156401
0.1147815472235484,0.084692014080049,0.1196349610694561,0.1146242278047682,0.1086150032886516,0.1185739359198611,0.0569510488927313,0.1209730689922996,0.0999707203838337,0.0611834721454589
0.1077831320092582,0.1558455274824346,0.1648619209167572,0.0910634434998059,0.0621422538944092,0.0233954429454306,0.1096752053924718,0.1030534918579752,0.0539263416752787,0.12825323997302
0.049940743334546,0.0228599314766639,0.0300239603078818,0.2462943975213185,0.0293419302820809,0.3152182908550259,0.069448094233119,0.0115539272613674,0.2093585990725963,0.0159601244373073
0.1182909267629002,0.0833054378303234,0.0542197142800961,0.1016777374641031,0.0464028656757573,0.1324815389040596,0.2355782410844956,0.0222490829617279,0.1091396866908151,0.0966547679024961
0.1326075668401597,0.0378143593437343,0.0829912710713,0.1003652907258176,0.1551127152413549,0.1688678865585293,0.0566024106636176,0.1341451880057314,0.1125233401261248,0.0189699710352981
0.1071752447307714,0.0459474847125178,0.0027189103598736,0.1255109773097234,0.0054651167622147,0.1845388797191621,0.27990491050938,0.0391186640439767,0.1337908983939441,0.0758289125140919
0.0745273433748318,0.0298881477945103,0.0650764136491014,0.1839634221085586,0.092605540061037,0.2315725160250357,0.0332041503486014,0.1262867402153715,0.1493624009395623,0.0135133240891863
0.1157026622069176,0.1296564386087235,0.2029718160534813,0.1529801938864753,0.0338146190058367,0.0421046507340701,0.0130253351482444,0.104429943912562,0.0858754655057732,0.1194388740321069
0.0882775010834748,0.0972580803490988,0.1391913200962786,0.1396265540739569,0.1030606386699752,0.1125704410203736,0.0134950580468263,0.1345166714097559,0.1122333109573353,0.0597704240433585
0.0918577635078013,0.0474264905765645,0.0121320413137542,0.1216549187276634,0.0660514656814692,0.2158315369135224,0.2289498923214816,0.0142751918277715,0.1525960346709448,0.0492246634331373
0.1120155102848203,0.1724090909057845,0.2396762757309971,0.1109237163340784,0.0330684931674565,0.0344198345839551,0.0066626455253198,0.1445874402485879,0.0135118955421677,0.132725096997248
0.1402853117546831,0.0851491136526401,0.1105278469129277,0.0323020402294943,0.185906123445908,0.0839818798410449,0.0934873864383591,0.1639303608532766,0.0512716184047272,0.0531583176226577
0.0523282021418814,0.1492829071151449,0.156815834439733,0.1849914452683865,0.0223648994111383,0.0104137857766799,0.119185921626026,0.0432607432342851,0.1449590589375766,0.1163971977248702
0.100374927254004,0.1046843150513391,0.1326031895343879,0.0969767182781371,0.1340152958067451,0.0892921502143349,0.0366896329995185,0.1391227372441389,0.0947617353391104,0.0714792978531274
0.1331310650743624,0.0686457761367445,0.1208124030524487,0.1019671720497965,0.118105416821533,0.1129136743699741,0.0688573953221502,0.1158907694480257,0.0983788331456302,0.061297494188044
0.0962239755114633,0.09631094634132,0.1780806665213348,0.0822226961904101,0.1403885521407845,0.036360694645224,0.0885988212973612,0.1844848030426216,0.0506650564699814,0.0466637875414564
0.0462743469621857,0.0162294750098349,0.046486464115773,0.1551610006487522,0.0683307484928048,0.1939103577078147,0.1788058518043582,0.09716744629283,0.1581039219682777,0.0395303862786974
0.0183057484637635,0.0756136356242129,0.0532858091899682,0.0338073261502907,0.0671471275956687,0.0438738692768781,0.3508501801733074,0.1388431531382331,0.0845971753191849,0.13367597379914
0.0429773284446804,0.0233733065811604,0.1095359991442047,0.0693157636748421,0.0627249199811677,0.165353888861736,0.2769834348908385,0.124680940467102,0.0995883585224656,0.0254660582623335
0.1040016730240796,0.0452878762189213,0.1079218494522738,0.0139869544490741,0.2381193351966272,0.0859442534095537,0.1104491177905506,0.234677108600338,0.0227804225769479,0.0368314073881693
0.1138338049159514,0.1163037234625853,0.1241565975507314,0.0727364089911495,0.1101778533212368,0.0643704340218765,0.1202948192294483,0.104669702455663,0.0762325425515365,0.0972241133155107
0.0770293373977963,0.166623281954421,0.1851606856909365,0.0120395177021178,0.1566341370461372,0.0805557675152547,0.0225159070088584,0.1738635415849108,0.009166373665314,0.1164114495007799
0.0360427650887037,0.0457354379755517,0.0150033924862821,0.1970206307146444,0.0831814587300316,0.172556716140647,0.1457899380644729,0.0639518724487664,0.1633692344612026,0.0773485533266968
0.0684857567687758,0.121325615394782,0.1369320268973682,0.1760054664427136,0.0299111388126311,0.1055387980263668,0.0457568990979524,0.080641387848193,0.1304956705046654,0.1049072393318327
0.1017453518799643,0.1220192660496618,0.12989164114947,0.0973247595442639,0.0844164459080791,0.067670879006072,0.1096491956031683,0.0942696370371612,0.08761071582908,0.1054021075806255
0.0635638198003038,0.028632721614071,0.1149560057019156,0.0368329405824077,0.2199804335718853,0.0059123406451264,0.2126598016148233,0.2283310283725168,0.0307285086849039,0.0584023983004639
0.1339699484184798,0.0732829443456871,0.1104549248192274,0.115815338057794,0.0672941530555349,0.1140170047464385,0.128927162107818,0.0701090387732365,0.1034191461489803,0.0827103391646508
0.1026831407506098,0.133566672019996,0.1448372362964463,0.0987037998926305,0.0762324882447845,0.053145710309939,0.1016910833181877,0.0981662056918222,0.0785075080746481,0.1124661551606845
0.1130851727873212,0.0937558280097104,0.1472618128637741,0.0967924632707474,0.1398306474086194,0.0867527788653742,0.0170347870443848,0.155758012992284,0.0864299675808453,0.063298528727701
0.1028450219642413,0.1010850155910594,0.1402935697805909,0.1297049747132908,0.0918745539382061,0.1020420602497265,0.0339946155535987,0.1204186601006173,0.1032072250400511,0.074534302865131
0.1132695343499623,0.0893307293786438,0.1051768433627247,0.1025053292481623,0.0960858876827443,0.1087033231632133,0.1120811390519469,0.0918976765781381,0.1015192490730539,0.0794302879012487
0.1167181981431826,0.0542753069011723,0.0776781673263638,0.1204747348198582,0.1034136129471129,0.1591070189575302,0.1021318226146889,0.0877601773548549,0.1263142852008764,0.0521266755078629
0.1014851429504093,0.1099587341553007,0.1136699922781135,0.1198960109045896,0.0579702353757632,0.0949757034433385,0.1260993689535406,0.0709067546670718,0.1032525937392931,0.1017854633179471
0.1080047619996068,0.1141218972042627,0.1219022412449569,0.0960045238515628,0.0832140234903252,0.0763340109751613,0.1219970377240231,0.0896441032574811,0.0874526609682211,0.1013247390508148
0.103339718536606,0.1092690337954372,0.1198857521888436,0.1120487468564412,0.0775342398565925,0.0913037298769402,0.1045413572769263,0.0898946626799798,0.0975499569819701,0.0946328017739038
0.1072194649152103,0.1180331565065576,0.1245568255570286,0.0903841756261247,0.0887813793544113,0.0698195624472594,0.1203950701136155,0.0953723026848858,0.0828642236032527,0.102573838981822
0.1101157381277371,0.0675641936802589,0.0816832507984278,0.1019478095774223,0.1243172632407211,0.1421135643463964,0.0982625117392125,0.10313346931134,0.1165849311788677,0.0542772678116151
0.1170793413165031,0.0925513229186354,0.1057570581894236,0.0743807901610255,0.1290904033406717,0.0936066977787859,0.111557040441519,0.1127444123031912,0.0869950907846047,0.0762378425940183
0.1012922818003377,0.103046354961707,0.0966646230851988,0.1112605933880186,0.0688803193110963,0.1058516394196308,0.1427267518909072,0.0669217130540881,0.1068554694579878,0.0965002534764478
0.1069456627751656,0.1003508322389624,0.1150411137081811,0.1102825217370838,0.0857823032845118,0.0996206903385035,0.1020010368685959,0.0928798653825575,0.1000025118818909,0.0870934616037265
0.1108079333580322,0.0924814140940222,0.1096599818472844,0.1059799851828148,0.0970608408768181,0.1077298188665287,0.0992396933869468,0.0977220695175444,0.1011102102097645,0.0782080525469804
0.1023735312680255,0.1003151268499033,0.109661732391145,0.1077758309128218,0.0940230426409912,0.103782607274157,0.099379106094788,0.0970877326784094,0.1020180899989105,0.0835831997340893
0.1159189357207239,0.0954674410766628,0.0962799071043553,0.0759529073486946,0.1082835658033872,0.0926859850371039,0.1489075105716584,0.0888772024435494,0.0894591093623122,0.0881674353243893
0.0928761160214778,0.106593150958888,0.1166820706971069,0.1333565464393998,0.068401145266884,0.1095719135720232,0.084287342948352,0.0878375121200382,0.1122221576720325,0.0881720441793831
0.1132849180956332,0.1047899130349029,0.1044453981419354,0.0791754754062908,0.1000260463893084,0.0839518483301722,0.1455732622943452,0.0874339326504244,0.0867651687635572,0.0945540367391115
0.1027545042256388,0.1039225116479772,0.1134608830394844,0.1011179998713483,0.1021810665152713,0.0974142284132055,0.0946532732776835,0.1042250429203443,0.097307617314108,0.0829628726648799
0.1031718273990157,0.0977295032155283,0.1078887656549683,0.1104317915659479,0.0938275073231518,0.1094695134123661,0.0969395511032963,0.0958728435434718,0.1048019962717642,0.0798667004324461
0.102127130591616,0.1134470883284037,0.1260836658269138,0.0852721714125727,0.1233819148817866,0.0779368773350321,0.0772463238342542,0.1266480899483893,0.0838706740755423,0.0839860636379548
0.1037066696638515,0.1050440298110887,0.1161324381009625,0.1067067040106777,0.0916995912169003,0.0959865946514047,0.0973686109379535,0.0986652957551759,0.0975443489881546,0.0871457167553299
0.1016777824001411,0.1054964325645289,0.1198313649165574,0.1114713702361263,0.0907091912352105,0.0965332119977732,0.0867570913022135,0.1025229776767015,0.0984444199684674,0.0865561575727589
0.1074370808481647,0.0984112867220742,0.1128132826904324,0.1071692918925704,0.094832519661676,0.1031161078994443,0.0959292516940508,0.0990787288078633,0.0994861429731832,0.0817263067392646
0.1087260495632943,0.1048498668403852,0.1140423733869953,0.0916770957627387,0.1029549729166744,0.0882268788859872,0.1089580654638155,0.1026918095457554,0.0893164795915403,0.0885564079259239
0.1135783034974067,0.0907433826481896,0.1044367696623239,0.0914321063037295,0.1110912396254444,0.103385689491228,0.1095386084169889,0.1031689361607693,0.0950936726179457,0.0775312914395607
0.1014007827567412,0.0997957394709456,0.1175565149561621,0.1139141994589478,0.0974407707012491,0.1050824310214606,0.0757790465097018,0.1078820832279362,0.1024639211726525,0.078684510600358
0.1105765997827652,0.0978204327041123,0.1130646642122964,0.0860479130094756,0.1220564703985872,0.0940497236115978,0.0930678885734024,0.1166640908763757,0.089566422811498,0.0770857939002607
0.1078906399413228,0.0987186993066637,0.1117806821271565,0.0938328970574907,0.1083596645066248,0.0953630553009831,0.1011924320242962,0.1075220031472208,0.0928097964447249,0.0825301299666843
0.0998157512651481,0.0963362943842296,0.1019908058135851,0.1294826025828553,0.0610571333584992,0.1168936360146906,0.1183421236078927,0.0715688934207265,0.1138950730151601,0.0906176863641606
0.1012951795072827,0.0847781142133885,0.0995040597362428,0.1253364934744939,0.0860332144412936,0.1271508865647974,0.0930936700589522,0.092310087441048,0.1152449821023329,0.075253312242435
0.1059300178331017,0.0932079648403712,0.1022482083177842,0.1102084482883592,0.0875050429402088,0.1110477534196567,0.1129739901582606,0.0886578835116891,0.1043681802101698,0.0838525103271286
0.1096714360373888,0.0979844577764391,0.1089336252471506,0.090162209176046,0.110215581334141,0.0957073551743187,0.1074811024847555,0.1059200372369412,0.0918216399825275,0.0821025554104202
0.1089102098345907,0.0944501571636328,0.0980944874704045,0.0935079166072631,0.1029390913126539,0.1058401472350877,0.123490107726246,0.0926427284896916,0.0987083769835501,0.0814167770878141
0.1019848418829184,0.1209565713128829,0.1222179910725801,0.0978671646952168,0.0809036072072708,0.0741771851655902,0.1202583836375698,0.0904742875408681,0.0869772739325674,0.1041826934469569
0.0992045145238734,0.090209788305112,0.0858876627398306,0.1112500397470819,0.0890958342811857,0.1255882424669551,0.125639821626242,0.0796054940636297,0.1145363200554951,0.0789822820929373
0.0760764205241479,0.0925884257299306,0.054688421200415,0.1266730864481327,0.0639449279508749,0.1464205617481201,0.1670754686354983,0.0474012941501597,0.1356882246235746,0.0894431687487207
0.0661446745951721,0.1057006177371179,0.0355732806493638,0.0808650269228151,0.0960980159141443,0.0038398565419709,0.4284611526699988,0.0123690371096271,0.0201322590561006,0.150816077807273
0.1005507922286948,0.0800859836022623,0.060692507858348,0.0885272055242576,0.1101106371761938,0.1327558533943361,0.161825768965629,0.0762996821641445,0.1142920563159436,0.0748595125547783
0.0925057013688211,0.1086967378014705,0.1090769093290959,0.1141897769658118,0.0848549121380804,0.1025975281903355,0.1011472994445832,0.0928047769984404,0.1051344726222672,0.0889918850153607
0.0886872840399643,0.1160083986239234,0.1135429534466078,0.1204365304424353,0.073602259489187,0.0977700234003598,0.100856759092997,0.0881340213125317,0.1052744657639687,0.0956873042830488
0.0813745277889406,0.0891420325017007,0.075709566850452,0.1356816588677348,0.0721002007030869,0.1446643077813584,0.1190031242077207,0.0707880252635512,0.1327089750336738,0.0788275807812113
0.0885134834139531,0.0900692062431183,0.0776440241011596,0.1180027582933701,0.085438245226762,0.1330812090881188,0.1286530782161421,0.0767406661994836,0.1224437355747983,0.0794135934273086
0.0906165129484509,0.1231342281493936,0.107345711950417,0.0814041030581394,0.1059602508992028,0.0754863238598126,0.1273089541603993,0.1011701934210881,0.0872076365323645,0.1003660848309493
0.0839961782868119,0.1147199641637028,0.0902789345083646,0.1117434303305729,0.0697908690985965,0.1046333175812276,0.1454929721324281,0.067757740581075,0.1105077164162694,0.1010788767473099
0.0531977103490563,0.1435778395105831,0.0109041662045242,0.1199815205784244,0.051240696641173,0.0810353425497997,0.2268111043904437,0.0496037480324462,0.124782829622163,0.1388650414360868
0.089779519280636,0.1052957543274785,0.0890543001215211,0.102889545538419,0.0913183423911099,0.1093382633444709,0.1319974715211272,0.08291428213843,0.1081923319659823,0.0892201892209361
0.0764295790630075,0.1081048374741877,0.1110732519018982,0.1312452524788073,0.0929398682724328,0.1168210099520093,0.0581517790448767,0.1105374441854225,0.1171396002209475,0.0775573772313025
0.1642057220163057,0.011916243594731,0.1999170488834177,0.202697958647855,0.0682485053079784,0.0926594060089059,0.1286376476739462,0.0443704862216153,0.0708931701172924,0.0164538105430199
0.000365465272268,0.0484353422775,0.0745194973517304,0.1173840609618947,0.0568631916441449,0.2138924178295339,0.2362244759989117,0.0138045005477516,0.1795438597769342,0.0589671876536551
0.0716193506331096,0.1029982366752503,0.0617427138024711,0.1043444448892939,0.0940234584731313,0.1278062574945642,0.1538307363970206,0.0728625968037463,0.1226166838242479,0.0881555207416863
0.0040868524361112,0.149697080769241,0.0693387746900262,0.1775051479026096,0.0182670520762269,0.1314435010071843,0.1231856644223691,0.0475618493038222,0.1561150786690449,0.122798998243248
0.0574449173963624,0.1301103556548142,0.093341461581122,0.0817929863710399,0.1383601308030923,0.0887037904818345,0.0930228955237727,0.1283968492134937,0.100167793868499,0.0886588187696509
0.0834370417837583,0.1066466027279798,0.102175956752574,0.11200212949707,0.1032028372084964,0.111035434944635,0.0854921535835108,0.106139605860696,0.1100868236248102,0.0797814138618204
0.0196762322535561,0.1396510803059945,0.0679362378511152,0.1419955941663208,0.0610623119845152,0.1217011679592031,0.1265502782592811,0.0712865647244079,0.14009825219935,0.1100422798255939
0.0942236334395444,0.1007981175502078,0.1026057927175742,0.1133193346571063,0.0933719371313503,0.112491882563927,0.0975560924948687,0.0960193622131913,0.1086416502034831,0.0809721969249732
0.0754176603877223,0.1209493195454064,0.0982250796464778,0.098166469756068,0.1033375903968578,0.094471777747205,0.111464693134681,0.1016864466584973,0.1024964599788244,0.0937845025241173
0.0898414082482599,0.1104067534304465,0.1120118281403451,0.1091670415169091,0.0994858303468438,0.1004461410917041,0.085136841694507,0.1066199613853798,0.1028292558115528,0.0840549382174681
0.0780471821001206,0.1261852258839922,0.122249990990416,0.1117179708348555,0.0964261139737336,0.0868077947510534,0.0729706006073351,0.1137602954382292,0.0994623911222286,0.0923724341498384
0.09035701124473,0.1188408958517768,0.111353780924964,0.088387109680387,0.1115751602414399,0.0824940844153214,0.1030189299339532,0.1118503820720313,0.0901337639821422,0.0919888815046791
0.0701539057713744,0.1241249171805539,0.0972845759183781,0.1191540605282222,0.0746807539209765,0.1022307274081446,0.1171364966179977,0.0822430156280726,0.1129841320124283,0.1000074148382656
0.0600267819828336,0.1107050900173515,0.0905893920971774,0.1440565938664062,0.0778200758322595,0.1344299217958907,0.0774502819231657,0.0905821226647689,0.1336112097151789,0.0807285299214227
0.0834626797443582,0.1107310374503191,0.0909895487067502,0.1160810144131704,0.0764738267372716,0.1123799004327271,0.1275195174490222,0.0755117624647272,0.1141224003674084,0.0927283121348442
0.0700455276962951,0.1131065477272134,0.0858243547128277,0.1186154788464226,0.0850617867223306,0.1173175932645546,0.1157830121624705,0.0853421143884153,0.1191476145405138,0.0897559697307784
0.0924171713856717,0.1064552835725473,0.1028907092536519,0.1056050171845474,0.0981212690560362,0.104892849470842,0.1027732515871718,0.098449427421075,0.1040675939447085,0.0843274270265408
0.0809366931974173,0.0991841853078026,0.0948447421827708,0.1311290846247839,0.0870050955149537,0.1306973942437321,0.083603322889178,0.0935889034891133,0.1235421556260681,0.0754684228108958
0.0876941217783059,0.1192236577303482,0.1097863132637706,0.0888861548191963,0.1136594190015594,0.0853383651278223,0.1009454103746086,0.1121382691564599,0.0928295024877356,0.0894987861180217
0.0623591516496187,0.1254266019301122,0.0919673211995414,0.1174841676625537,0.0851933260579215,0.1071256478988204,0.1093660867978857,0.0891077355703749,0.116290666881077,0.0956792941629959
0.0760015389653395,0.115614679401976,0.0933670674102967,0.1105205658164943,0.0919965029621107,0.1078814220261154,0.1115610909802499,0.0912755861915735,0.1117365940301494,0.0900449520620365
0.0888376933708411,0.108013500515394,0.1018211650090208,0.1129259821627375,0.0880183193189059,0.1070165162212532,0.1060234236111786,0.0918728729962682,0.1080878615325877,0.0873826651389117
0.0921820164684745,0.0956661474810432,0.0928304917961647,0.1174372664133454,0.0895920466976468,0.122517871697166,0.1064036229798338,0.0891552879193747,0.1148564843864418,0.0793587640292068
0.084523735638571,0.1073734695018152,0.097310948186599,0.1220875308859802,0.0792277264968973,0.1150129313045753,0.1073343128512689,0.0842836876359212,0.1152715192682342,0.0875741381146078
0.2276910992896647,0.0402672921338429,0.2284711291638388,0.1754952467875078,0.0006842584488598,0.0945236304104431,0.0257417627569972,0.0836231205072246,0.0691384942912786,0.0543639653001282
0.0620779992879995,0.1374040948593536,0.1304021364183106,0.1166486748959299,0.1050005716556981,0.0814501167243789,0.0423515458254455,0.1319995873620895,0.1005021449558994,0.0921631277799098
0.0527998037895315,0.1595478484125298,0.1143442214149639,0.0934333091279335,0.0925526151950109,0.0568729706546845,0.1139393013938925,0.1057347221708583,0.0905613339429603,0.1202138736000877
