0.0525377451831985,0.1447479074469166,0.1133172357864826,0.0984673102146977,0.1271064905343641,0.0836984485237885,0.0576856275928335,0.1280551898260701,0.1056614406431373,0.0887226041058461
0.0769775938389475,0.1154165238604418,0.0984707990886614,0.1152203166239353,0.093868372227195,0.1111139941560541,0.0956568478810161,0.092498550690953,0.1156939873349423,0.0850830142152801
0.055318673865398,0.1290801218781435,0.0851984016173408,0.1173161685454234,0.08989033969178,0.1129609809290922,0.1095624526792567,0.0828130492722856,0.1249992182305701,0.0928605931567031
0.0415036292265878,0.1254236442165633,0.0802001786433187,0.1355961193204511,0.0914867219713055,0.1330626916241628,0.08116677099368,0.0882245882080048,0.1411755318180673,0.0821601238149336
0.0104144866048805,0.1704719390004664,0.0963651080219803,0.127707253057985,0.0913470849921885,0.0938814744096704,0.0727650973001203,0.0984191488079453,0.13120395571224,0.1074244518570832
0.055017642880806,0.1154578484171375,0.0751034581036236,0.1383001999649741,0.0744319811153624,0.1383260213752629,0.1072760750017828,0.0703153571983758,0.1404942689812622,0.0852771468458377
0.0100263628924049,0.1490686818284049,0.0717642066627549,0.1560633971699661,0.0633817067576905,0.1344428270745203,0.0915558489369799,0.0681822915580521,0.156190877709578,0.099323799215002
0.0452387230912403,0.1687604009465027,0.0881428184887201,0.1478609475998079,0.0868979084100075,0.0987836828223882,0.02849477851365,0.1148117449251289,0.1402042045591998,0.0808047903704565
0.0086272601515087,0.1441318141966361,0.0376485787362276,0.1287682473212478,0.0802928658276966,0.1416987046033982,0.1488673665518702,0.0523880109554494,0.1572144541557014,0.1003626972808157
0.0089544411855489,0.142420824474289,0.083969539333851,0.1496643868299959,0.1048602403736047,0.138286138725092,0.0308826053453799,0.110740589698254,0.1532894689856632,0.0769317648412515
0.0431015818702908,0.1388906411957143,0.1074069790248562,0.1231878017594901,0.1120622303658965,0.1062766454722007,0.0430415903917863,0.1204712364253102,0.1226084368768961,0.0829528564725347
0.0567812841855626,0.1234028093802958,0.1044679610595002,0.1289419095362975,0.1034796324814154,0.1179952913902306,0.0506926641437811,0.1116667067756183,0.125120164339858,0.0774515765965156
0.0538232879027773,0.1320698113643708,0.1080304925852531,0.1341836257865857,0.0870440875507695,0.1105257008114289,0.0606017502098046,0.1015801979722679,0.1240897906720707,0.0880512550443841
0.0439566793912196,0.1328160224753601,0.0908145332791648,0.1351930762809133,0.0829894656384146,0.1206933354198122,0.0824223341379272,0.0873551906193345,0.1339614957654201,0.0897978668617499
0.0236224564183856,0.1504792926715779,0.0835960310067742,0.1337975638832526,0.0809511781385005,0.1148969379695382,0.0925014754625928,0.0824581025607502,0.137824258006996,0.0998727037120674
0.0030077238902338,0.1558919980450253,0.0633858109459121,0.139431199229573,0.08702426791184,0.1305800666857301,0.0906121591375247,0.0797505282166491,0.1543630385318195,0.0959532071714893
0.0181867872881438,0.1534313706516832,0.067553002536274,0.1247485973081175,0.0786643857714752,0.1157896648322213,0.1279909781823668,0.066772218778262,0.1404444341707114,0.1064185602728572
0.0160735085050611,0.1854628646742258,0.1255103109839547,0.1099351105953173,0.1084777860202588,0.0604294820546333,0.0473793825021535,0.125994410882254,0.1078794637442681,0.1128576798162115
0.0209480960669065,0.1560370124134923,0.0716746668489449,0.1393317981280148,0.1138237116382867,0.1296427662514724,0.0236619627864149,0.1131799681954282,0.1538139427910529,0.0778860745788027
0.0097790518690679,0.1357697808681236,0.0715738497853599,0.1509129345750565,0.0990367757629434,0.1492360406003289,0.050768114783538,0.0974535922817505,0.1594761059692022,0.0759937532809182
0.0499954507247384,0.1347816499477003,0.107159551792409,0.1277124855886782,0.0972268648570635,0.1071966206525091,0.0576771152047703,0.1084909588567916,0.1220349268855988,0.0877243753533904
0.0613569806344041,0.1303640730843592,0.1115275817489107,0.1205656413394382,0.099473964022742,0.101867104618134,0.063189508569086,0.1092564538943734,0.1151909245618528,0.0872077673984935
0.0259916376011866,0.1527695883641026,0.0902086842609929,0.1395339390475339,0.0666863561725003,0.1095951063243686,0.0969387090512179,0.0754325409656613,0.1360570320991135,0.1067864059156932
0.0448516325638147,0.1279967843500579,0.0830145189433826,0.1416686533957806,0.0688143341571153,0.128707558303513,0.1007316170869961,0.071448815532826,0.1397518320979376,0.0930142533951574
0.0626819594157624,0.1288035852615775,0.1006317910191622,0.115208307855667,0.0956842014692971,0.1041707898249492,0.0890333240173705,0.0968901959712121,0.1160106527881392,0.0908851922578973
0.061557724808253,0.1247469854127566,0.0959474119382351,0.1123464069234484,0.1049253183464587,0.1094965393587147,0.0860845757005959,0.101214447158125,0.1181883204406852,0.0854922697704933
0.0456394366445469,0.1239057729480409,0.0698942994096619,0.1356424886230671,0.0699694094965936,0.1339817382591888,0.1230592677405659,0.0624105174995788,0.14161946107758,0.0938776081213659
0.0131671769567277,0.1508296088945055,0.0290007722303699,0.1711648616409824,0.0039148212336794,0.1470105582355189,0.1793508671174129,0.0082119304066309,0.1738127061885124,0.1235366968187983
0.0691027859914279,0.1579431551329364,0.0079412386103003,0.1442357127406,0.0125200615904486,0.1229524902390728,0.172727608574043,0.0295309344505798,0.1644295675723034,0.1186164446914525
0.05128972211498,0.1251932074494366,0.0797008213429757,0.1212258112709768,0.0903174574952385,0.1227944094167704,0.1083617936546099,0.0812949794411882,0.1306386825863538,0.0891831150613688
0.0410849057400636,0.1403167041360189,0.0935071974373058,0.1061921035808906,0.119837115699771,0.1036806808801908,0.0755431684901572,0.112463061006787,0.120042917601005,0.0873321452234141
0.0190454466462694,0.1331709704060555,0.0716430633119605,0.1283041030210411,0.1187949647948553,0.1389900516947362,0.0615480678173725,0.1068165730414694,0.146936946828787,0.0747498121775513
0.0719027823617866,0.1140390931328155,0.0966343138649849,0.1052685694716733,0.1192900811117774,0.113414814819449,0.0778270986197762,0.111538841316986,0.1143121629294236,0.0757722422511152
0.0792968922754923,0.1207111364171021,0.1182234094145898,0.1086727937816384,0.1106408657296156,0.096377206460786,0.0616620391949341,0.1185339583017453,0.1037168972447955,0.0821648010925567
0.0535549307210347,0.13884335901987,0.0858140152005082,0.1087597100711028,0.0843094549838339,0.1004310327965648,0.1304125936389031,0.0755033644078852,0.1180718796442032,0.1042996593708706
0.0673878221508607,0.1154809778595227,0.1049592709414977,0.1112278982276739,0.125495143687136,0.1143272897049522,0.0500656571609604,0.1245524463999549,0.1159089646862205,0.0705945290485525
0.0777670630897049,0.1288839524799723,0.1189766236501995,0.1146752523626517,0.0854951380427406,0.088947847342105,0.0863438144814289,0.098503979216622,0.1035005955911668,0.0969057336425248
0.07154414433927,0.1053547616164584,0.0903523492348079,0.1260501559286461,0.0961721567349509,0.131147617597071,0.0832409770974098,0.0936903042360382,0.1274179370123273,0.0750295960648754
0.0533079086408241,0.1255488421703358,0.0790482158631246,0.113361718309072,0.0961664614866932,0.1186116731289513,0.1141912547622113,0.0830523288799548,0.1267288562328979,0.0899827403383798
0.0497785298926257,0.1185910923136065,0.0900719513444395,0.1311638997272785,0.1043125265399471,0.1317014094188519,0.0610402604720969,0.1042293731100458,0.1343021052467461,0.0748088517596702
0.027121559047365,0.1362233889850227,0.0530618178199308,0.1431217732856358,0.0461613766139733,0.1382746567321499,0.1603587949540749,0.0337667651021137,0.1528080996432987,0.1091017675805045
0.0568584203681302,0.1789579594552381,0.0701535717061334,0.1564604561470115,0.0579228494650695,0.1088847444208314,0.0363536395015237,0.0750767166584225,0.156066793725621,0.1032648480682286
0.0612116186133177,0.1349962144791604,0.1114691398848337,0.1140592889430237,0.0984093069824847,0.0943697901670871,0.0755203312951462,0.1057904491025776,0.110757788292746,0.0934160720940567
0.0789709669995814,0.1231062715515252,0.1174206493515144,0.0942962138832885,0.1263731291423878,0.0890541134897344,0.0648076960023527,0.1259767649227332,0.0982510929555272,0.0817431015684771
0.0517007812760392,0.1527759159128745,0.1097478943778743,0.1188959923648619,0.0693799363517104,0.0818347589650503,0.1087314124514463,0.0807336241723084,0.111071477801062,0.1151282061647517
0.0721226799978143,0.1152376763993374,0.0961351991342984,0.112489747918372,0.103475700710905,0.1141083515862635,0.0887415726024917,0.0987476761638114,0.116992519767271,0.0819488755924779
0.0635640075176526,0.1234544471641714,0.0991790014765894,0.130694130930526,0.076624012208641,0.1143703898281234,0.0923998764388157,0.0836857236544377,0.1238831265988581,0.0921452840433763
0.0663942223229802,0.1293536219913053,0.1113489756799945,0.1145957497298248,0.0994842398949286,0.0981600821575846,0.0737801327476236,0.1062201966323358,0.1109345300031406,0.0897282487154058
0.0530312649145757,0.1544728911819419,0.1014543912951986,0.1093611356907677,0.0686710497351328,0.0777992480335012,0.1342299731764124,0.0716193363371577,0.108240434397828,0.1211202750643059
0.0778025347350458,0.1142352017055034,0.1044020708843097,0.1217499627191824,0.0888416866374248,0.1123542266140122,0.0859237887372858,0.0936644045712701,0.1162626835711463,0.084763439726333
0.0781449133493061,0.1115428353364931,0.0830372606094964,0.110607134426468,0.0862585423332376,0.1172313391559289,0.1307288454590139,0.0742371213091821,0.118343277571964,0.0898687303525248
0.0815067965737919,0.1143532909514503,0.096937473862146,0.1140116403624661,0.0838558451177384,0.1089382800316157,0.1140695944892699,0.0815492537595898,0.1134133987456014,0.0913644260015142
0.0211332854251153,0.1836921327884236,0.0868348458557266,0.0591985703371514,0.1287991739333791,0.0504448171755419,0.1454486193384704,0.0997631348600522,0.0963028160375093,0.128382603838933
0.0741114363609297,0.1134059800977261,0.0893297687286951,0.1232089513478712,0.0764484623783065,0.1195378449397591,0.1167161086231181,0.0737035435549206,0.1226036503996663,0.0909342534397796
0.0513413601438845,0.1600769294723608,0.1112277884457747,0.1091665421994313,0.0710122633613351,0.0698849918806277,0.1205535259128928,0.0795478391376415,0.1042107109792777,0.1229780482705272
0.0736062142486392,0.1009917757573041,0.0899005003137886,0.1213119643066811,0.1091092690061961,0.1337978701386772,0.0734472178106705,0.1027143853396408,0.1264953144067577,0.0686254885349018
0.07379101204079,0.1232109512070485,0.1127738061423424,0.1124399987219084,0.1007861457776586,0.0985149176200763,0.0752579688087534,0.1064032876592816,0.1087155377130175,0.0881063741406529
0.0590059884611346,0.1321922048892365,0.0969660458314344,0.1233709923869129,0.0726393334047302,0.1044440666879975,0.1123124433474952,0.0751305646911115,0.120721750682955,0.1032166093780417
0.062492223979335,0.1115427579373784,0.0691168930266074,0.15072193225173,0.0340992380338522,0.1421621714968632,0.1514467873656364,0.0331565656517611,0.1444578095701504,0.1008036205180565
0.0370969993295036,0.1703781452706884,0.1066249357639871,0.1365499961466555,0.0243395438656947,0.0753282918301087,0.1450541406485141,0.044011220456876,0.1190007576709587,0.1416159687294271
0.113105094147844,0.1480416979008023,0.0250350150272254,0.1989552129672418,0.0842780443851407,0.1045744828252503,0.0271880314351783,0.034287854419118,0.1602328941816697,0.1043016720539511
0.0616334242103466,0.0935117818900908,0.0697294772803763,0.1176280346302303,0.123842048693914,0.1507723182411855,0.0808242304865976,0.1006365874487407,0.1384960458191093,0.0629260509241835
0.0200394888150725,0.1967738738062995,0.0749547568604966,0.0823342544914624,0.0474905097575572,0.0452262612321744,0.2342400603974182,0.0248863754286405,0.1052069832436651,0.1688474354861046
0.2045613391813554,0.0595214379563186,0.1495055264487811,0.0038340484066763,0.2116130116228242,0.045900640423304,0.0801455884406408,0.1864130425849111,0.0157267498468009,0.0427786146434931
0.0608828285771936,0.0270098985049002,0.1114127623597142,0.169485659148879,0.029603767141567,0.2800957593739029,0.0381897577831155,0.0296767100533109,0.2168776592755375,0.0367651971862976
0.1617234482624932,0.0850046947052101,0.132783080345071,0.0581392110440657,0.1229378119773753,0.0676481714050429,0.1199550883876138,0.1188492814413217,0.0551825928642522,0.0777766193106504
0.1926583755656996,0.0268785460705549,0.0240391705473442,0.1675292163101562,0.1551099784037384,0.0553305967114228,0.2081892237077243,0.0625212295499556,0.0957331998412908,0.0120104625979039
0.1751771654627306,0.1179429795754738,0.1641209358353873,0.0012648937915657,0.1312816305313703,0.0201357218338655,0.1420422674840636,0.1350942186667223,0.0070622917083887,0.1058778946094245
0.1743304428360719,0.1238773142620296,0.1431503020402884,0.0061356536850723,0.0930911094716297,0.0259975237820602,0.2187488719528676,0.0835906022677626,0.0043062070116209,0.1267719722180519
0.1169295523015172,0.0969911352244506,0.1299622620898635,0.1170952578812068,0.0900389127795559,0.1013948479979845,0.0673370126601864,0.1100738178436179,0.0949027393777047,0.0752744616851719
0.1262519063786345,0.0803661118762493,0.0983062625289673,0.1042145472547796,0.0902806584057509,0.1194588479067874,0.1231062151509132,0.0854455243337397,0.1003856739775318,0.0721842519900197
0.1168050384437625,0.0899127350748373,0.0974173298172828,0.1060898099477356,0.0832029474761084,0.1147187001717931,0.1304031815348173,0.0783080637230828,0.102974946747804,0.0801672469316002
0.1438315725945109,0.0703342242628886,0.1023294458260244,0.070218414177144,0.1368831780830066,0.1090510647197863,0.1113383000280096,0.117370798879124,0.0819474279898193,0.0566955731871976
0.0980399976548202,0.0337857893483974,0.0981642403768081,0.1797386257301705,0.0253830876012079,0.2383271237919187,0.0344080438934211,0.0568647291363301,0.2010167011952731,0.0342716601533161
0.1278437912835141,0.0829012780574709,0.0845660231814491,0.0907835972485802,0.0849369251057323,0.1151026106735816,0.1680045141396793,0.0671113448429236,0.0973987525262804,0.081351162735636
0.1281624353315939,0.079891786827907,0.1212207932537642,0.0950748910396704,0.1289073469877418,0.1097873784677923,0.0600660025198361,0.131337399198623,0.0898744915630727,0.055677474632485
0.126986923678548,0.0897276782137209,0.1276860222478907,0.1074870525582363,0.0956547879740266,0.1005417379717807,0.0796820599630059,0.1091025968820083,0.0902999943557627,0.0728311460018789
0.1328204205466651,0.106912993067947,0.1581969909259154,0.0882755063484034,0.1146780585719037,0.0631842554388437,0.0518254506981428,0.1388673359678104,0.065236066294361,0.0800029219824617
0.1734493028464722,0.1106437479964676,0.2110195016077031,0.0262210005844917,0.1863808336719116,0.000421344383153,0.0031077553013169,0.2167908391157377,0.0044668643629267,0.0674988097658802
0.2504630409949152,0.0100358045225713,0.2049872085376635,0.0341633812884393,0.1737662947499697,0.0288708041284469,0.0153826797797721,0.2049356571575277,0.0663542249170514,0.0110409031647616
0.1606477356884578,0.0677640989764524,0.1070184004417637,0.0738422666578738,0.1011475615245877,0.0986499027420361,0.1536715214708004,0.0872442322712503,0.0753409929838888,0.0746732870554544
0.151538587178958,0.0759168528769486,0.1205934573498438,0.0655399212282283,0.1320184171705049,0.0884894118677069,0.1085699525143045,0.1215459166996353,0.0693173427585413,0.0664701402058134
0.1351858852056295,0.0887731681478375,0.1267467637000756,0.0842397464660146,0.1147665990700031,0.08845527559385,0.0935740665546513,0.1163299607837094,0.0782394752610689,0.0736890591128111
0.1444631826583787,0.0835544150349911,0.1429316920331453,0.0942027553053626,0.1115369694661502,0.0877648981958157,0.0650549004684353,0.1276783192997917,0.0748540458035611,0.0679588215717756
0.1784212226386739,0.1029923307715439,0.1582865298958403,0.0158251128076031,0.1425904390379334,0.0153806740210887,0.1379443818783162,0.1367110356920134,0.0177684757108585,0.0940797973021291
0.1513921368686559,0.0928398180092809,0.1633978153543423,0.0694989732592091,0.142246475830769,0.0602726004704576,0.0408608128325727,0.1602572380053505,0.0524679392624497,0.0667661899102915
0.1352000832773387,0.0901491274858285,0.1327746665896161,0.0975752493335198,0.0981232609089365,0.090182450463463,0.0879342607558092,0.1114430560216504,0.0803627115507919,0.0762551334556229
0.1297348050782023,0.096019230600396,0.1420048693431066,0.1212457547890151,0.0702226860631173,0.0916838721088112,0.0769086941027073,0.102454017474224,0.0861614993132464,0.0835645709458263
0.1252855294200294,0.0347801778747741,0.1029028520006939,0.131643269694663,0.0957926336627021,0.2298936469826541,0.026088163703761,0.0166166949464632,0.2099901358054245,0.0270068950925459
0.1471488521004776,0.0849192115582849,0.1284799776312802,0.0802933905607102,0.1069587141361001,0.0844653897651263,0.1098823002377801,0.1104880320593911,0.0708604601762509,0.076503671584162
0.1674400827259804,0.0598692518735105,0.115700319335548,0.0650620404728326,0.1271050714807647,0.0984358030896741,0.1235710728212828,0.1134660728749667,0.0686604777967738,0.0606898073320927
0.1413356735480805,0.077942083973154,0.1157839325158649,0.0836450213630982,0.1131033091093896,0.0999130673370977,0.1089142389509521,0.1090513156064657,0.0808399778533958,0.0694713796033675
0.1332074996716447,0.0896713196681258,0.1238381398722349,0.0853988806411185,0.1109894784299636,0.0898590559455044,0.0996191141782803,0.112510254965462,0.0792935578841022,0.0756126986337857
0.1417946919782725,0.088207100993739,0.1330306737492868,0.0851707667843667,0.1086186890152446,0.0838962199073075,0.0939564293366147,0.116960479222548,0.0725375532689691,0.0758273955803779
0.1247071340691893,0.0984390727658411,0.1165519678070372,0.0982812892323086,0.0803637737735032,0.0907996836516471,0.1279168746436723,0.0857983610784338,0.0867101429777767,0.0904316998925295
0.1374008577151459,0.0617828863210405,0.1075022816392168,0.1100955006450599,0.1036185302019918,0.1313294647678717,0.0875216465270447,0.1049505406439682,0.1007571145683897,0.0550411768158485
0.1711829628100297,0.0037113086072649,0.0175391030112919,0.0596182285538987,0.1134918545082663,0.0636590395473758,0.3386383841167765,0.1112937646560955,0.0253407422450949,0.095524611148752
0.1577231143311251,0.0724790198700031,0.1187459418603698,0.0485508201747103,0.1524075491813569,0.0840925945991041,0.1100448499033473,0.1338514390715378,0.0604282814156926,0.0616763893974985
0.2100091084507599,0.0226809666619069,0.0905614292274154,0.1590663796643052,0.0155840392448793,0.1912563578663281,0.1308416762351789,0.0493483739728889,0.1026281461181231,0.0280235216543439
0.1421514062639147,0.0740373761183009,0.1285904528319496,0.1010277310846312,0.1071421041725057,0.1058033523608477,0.0751837300599259,0.1194318343564493,0.083850342600391,0.0627816699325824
0.227444737097831,0.0436040701069254,0.0586760795147362,0.0606780261425283,0.114449470489943,0.1668131282809719,0.1720787594394181,0.0763651038249999,0.0715378414137626,0.0083527831574592
0.1198150452766278,0.0159207705067156,0.1479209129415616,0.0837139959484098,0.1349508416088147,0.1079634785016315,0.1049692197173845,0.1723976250052344,0.1083610527562057,0.0039870573386875
0.1750157635662442,0.1018862079696178,0.1575114310816097,0.0483596383322327,0.0960070449187029,0.02654548809293,0.1497420057512226,0.1098956871425468,0.028606330810711,0.1064304020563583
0.154722883074572,0.0205676091060551,0.0532867331695377,0.0341624404104347,0.1013101927866208,0.0742618810320947,0.2929952503117615,0.0876739081485255,0.0701420067331768,0.1108770945814781
0.1854779726363956,0.0329713636774721,0.2067988538398316,0.0054605892931485,0.1611991848741556,0.0230424899678162,0.099678512894916,0.2237160710431443,0.0475525183834938,0.0141024428380673
0.1487365140123782,0.0583322518708721,0.1131101256884406,0.108580468179534,0.0957502915336742,0.1249393636756466,0.096183726352472,0.1021939082506246,0.092925607539583,0.0592477426951979
0.1998248742993737,0.0693127018843191,0.1456539718589962,0.0206588200592208,0.1455882516757659,0.0434537608295326,0.1415511364367445,0.1365713338711263,0.0209651791137592,0.0764199696280212
0.2355675005479373,0.0109898171688598,0.1568878244641822,0.0428862992132848,0.2029924038226557,0.106529013361696,0.0006509844307532,0.2061965645239031,0.0312430114732534,0.0060565805423364
0.303427683179584,0.0867777728713267,0.1680652960100897,0.0368542002901296,0.1062694175179721,0.0059669584037393,0.0382365300040796,0.1474805243556845,0.0933637852496477,0.0135578311654391
0.1032475733575464,0.0846662211788084,0.0415736547980341,0.1747414520058471,0.0922224873619141,0.1375031679784987,0.0569706227284645,0.0847975753212791,0.1653564352964903,0.0589208095409313
0.3027585937867784,0.0973640318505807,0.063618540320152,0.008750533506735,0.1089353619244159,0.1173175691871674,0.2274697190977919,0.0684453193134631,0.0035796675336558,0.0017606625606819
0.2830008093900389,0.0697724340519783,0.2002957487028899,0.015700829628362,0.1013931209922344,0.0142795227998618,0.0476613720885506,0.1783295565625568,0.0677989251192331,0.0217676796458622
0.2901076649718392,0.1047976915735355,0.043980193896755,0.0955814416870254,0.0220927152945013,0.007686845475339,0.3004096958934429,0.013443880613035,0.0971227544163882,0.0247771151747157
0.1578740640225669,0.0248383988992277,0.1581488179597716,0.1091775578263219,0.0823561443520635,0.1535414216284724,0.004111601699549,0.1271475451464478,0.1466295169744333,0.0361749308114349
0.2206865333262516,0.0050838240050072,0.0646248655703473,0.0223272419203665,0.1550718728005394,0.1351497642096761,0.2102706899274395,0.1000924674842139,0.0548481388019134,0.0318446014058377
0.1321926061026409,0.0849952978578012,0.1241535252971874,0.1104546849260697,0.0806903142011071,0.102623421188761,0.1008181405847819,0.0953892682630452,0.0897428320172228,0.0789399094299424
0.1799768428734521,0.0709300976105696,0.1358280494798734,0.0468374162124356,0.1264433328941303,0.065258348640938,0.1342018156318911,0.1241424384605684,0.0416505654091986,0.074731092463571
0.1376451273718585,0.0865890701858446,0.1338010395432192,0.0815018354876854,0.1251051701623181,0.0867017272156835,0.0761187040844056,0.1315174215244911,0.072613093288995,0.0684068109859729
0.1777487969254086,0.0400752573440285,0.0537595673369148,0.0839564181362248,0.0364238774570645,0.1344170196624703,0.2881210810395198,0.0029665785872127,0.0912889644346141,0.091242438768652
0.150448998796134,0.0676421638747356,0.1228139745272435,0.0710799298680623,0.143319300523175,0.0993542364577148,0.0811012030274553,0.1379248789227408,0.0716386871009509,0.0546766267216895
0.1576383131554534,0.1035252412335539,0.1834992642811071,0.0201732729316871,0.1312750448098111,0.0577093044601361,0.0616122598363199,0.1585906710931869,0.0406063422106798,0.0853702856377911
0.1591760139178712,0.049002537972268,0.084111466523426,0.0976858434485676,0.0736677053657127,0.1342741513860778,0.1772804000364182,0.0638463951233188,0.0922762975939481,0.0686791882910188
0.0360246710916158,0.085490898927512,0.0109603241617576,0.1932024340794674,0.0654159752955629,0.1680936569825715,0.1105981668318127,0.0680676563952979,0.1850940279359363,0.0770521877985153
0.127709179040529,0.082269188672748,0.1041786399609319,0.1031024680851164,0.0844762069920047,0.1126478311871698,0.1281359994651726,0.0855994478546762,0.0944038447747663,0.0774771937764154
0.1197814775375371,0.0997270459883541,0.113954961173666,0.1010820152067967,0.0786028821822059,0.0936496863354318,0.1280644169546968,0.0849635706245794,0.089052133831961,0.0911218100478555
0.1125816248528392,0.0629934795050703,0.0685519759643795,0.020130853559841,0.1147260809288725,0.0891960832552691,0.2688733072133447,0.0575646545042385,0.0820667745327222,0.1233151644399986
0.2399118345967784,0.0336648754844737,0.1546227757934553,0.0022625687026791,0.1714482023805899,0.0515766873159735,0.1324717191233982,0.1635050757147473,0.0010770161271207,0.0494592441444359
0.1431957303465753,0.0760249656111467,0.1507915933343901,0.1167622953162287,0.098443072744582,0.1013477781869537,0.0376300369702783,0.1348592088152701,0.0793190653238752,0.0616262530779037
0.1510430613531206,0.0859545900658878,0.1496787296837929,0.0951728982683535,0.0919738489963998,0.0781951030520633,0.0850409268193614,0.1185002516623748,0.0654775791802799,0.078963010673444
0.1283589092234321,0.0793398730636449,0.1081216307217834,0.0971707559656456,0.1042015720203974,0.1119376024701544,0.1060112710364208,0.1026204433220634,0.0923085186990611,0.0699294233646694
0.1437405357553213,0.0563505360821918,0.1086497309964355,0.1007792472670049,0.1147517242880369,0.1298920521044541,0.0871952056572865,0.1136741494526026,0.0940615950820379,0.050905223136614
0.1367272321784591,0.0778710255114571,0.1159724821826583,0.0854138265171272,0.1174116448796671,0.1033411682016014,0.0997863474207231,0.1149190289987621,0.0824482189340507,0.0661090250151564
0.2436463259646548,0.0388432291153942,0.0631111537739595,0.0843375939277993,0.1417570644167798,0.0340093233079869,0.2327450693800739,0.0916952878138444,0.053082827732414,0.0167721235821865
0.1921224497083598,0.0200963482918351,0.1149196553585079,0.0175721970462721,0.2342084593285988,0.1151038782721305,0.0544855711357888,0.2013283429486879,0.0455583709355375,0.0046047265451226
0.0613043335786572,0.0840661485712585,0.015531970210077,0.0696890894529981,0.1203574976263136,0.1611768396936688,0.2410472449893622,0.0073780272844788,0.1599849574277917,0.0794638904234507
0.1439431145049355,0.0779818076941206,0.110385867924251,0.0766591633392991,0.10670309360442,0.0978488909744705,0.1360276199338256,0.1018674510611894,0.0746575333209405,0.0739254573664289
0.0507561964724094,0.1847574554539721,0.1951456364815935,0.0166598044632799,0.1437674520270375,0.0776558972725235,0.0408378387601729,0.173710707814458,0.0060853783567697,0.1106236324162405
0.1450199496040989,0.063710708272451,0.112937300580453,0.0881969500953275,0.1219088223965393,0.1163254609563596,0.0927855982782591,0.1202450246541028,0.0833989069545318,0.0554712779604654
0.2277852954788495,0.0117398776587892,0.100006120172905,0.0123833275969519,0.1619719550793878,0.1017661126339199,0.1847653913091128,0.1276299188497019,0.0296355300547086,0.0423164705382137
0.1754535651867719,0.0557051374756577,0.1050033804359538,0.0700094026119916,0.1412360743202918,0.1361688947390346,0.0621336497004423,0.1672385065590306,0.0390812506826498,0.0479701375898789
0.0006245764274331,0.111563438712359,0.0768096680292479,0.241968567540854,0.0227931420210906,0.2018805117687174,0.0160267489677249,0.0538858659815788,0.2117271052583715,0.0627203747723475
0.0666173818034692,0.1259211159737565,0.0875780264472007,0.1092668673183859,0.0919261781834476,0.107010189000027,0.1192917177180087,0.0723313688360367,0.1247454467233778,0.0953117076570505
0.1026259250925918,0.2216427864168159,0.1304979793215676,0.1037806268664169,0.0231526510218346,0.0482296792436512,0.097514470217169,0.0814510987940235,0.075010419562329,0.1160943626980694
0.0794923150859412,0.0386700282361375,0.101809330440764,0.1644440213739039,0.0056094819050798,0.232507353270254,0.0873046048751037,0.059102218302649,0.2162536131126492,0.0148070327555296
0.1590639137296707,0.0600847426831195,0.1114129123240644,0.0857240801650779,0.1004561778255033,0.1096532197576705,0.1308743191675619,0.0980717196050766,0.0776564931627261,0.0670024213258923
0.0005688276577066,0.2075055981984616,0.0773645296915499,0.0851659998272769,0.0864364900178676,0.0511812739426719,0.1684273273202907,0.0527750388740528,0.1231020164461484,0.1474728974585212
0.0417058514933649,0.1401441204483339,0.0980721546395179,0.1011359501409396,0.144437121088307,0.1027636292498125,0.0431620263684083,0.1267991497512121,0.1239520920954374,0.07782790438391
0.052151130442299,0.1382247405108701,0.1112306119411593,0.0919124688476579,0.1570107830764332,0.0908808455678224,0.028490964969784,0.1420549207247634,0.1132310470466299,0.074812486521817
0.1491356725334726,0.1913687701102991,0.1118110538044472,0.0486465662886883,0.0063101672001373,0.1231356719696052,0.1964378970436372,0.0781457433094936,0.0135332286061288,0.0814752282997267
0.0774304782853184,0.1133824533400118,0.0840926413550004,0.1058263859907878,0.0979347022922921,0.1136529028996023,0.1213061038015111,0.0772315970660098,0.1213440922841329,0.0877986424417974
0.0761532743113739,0.1131063576718852,0.0717109573813321,0.1098107664071903,0.0811325029122653,0.1177996292462758,0.1513881509766639,0.0556165508750674,0.1272189900027445,0.0960628199345893
0.0369972634779107,0.2341784576302613,0.042916987272086,0.0687334650519959,0.0144788795250004,0.0007850422367035,0.2567896143939902,0.0342817970264771,0.115556689773867,0.1952818026576646
0.0894685099142986,0.0904932186169492,0.0957854638778586,0.0796426890114156,0.1830913422047509,0.120258667615177,0.0335859649974681,0.1503536260601755,0.1114373912891335,0.0458831261122674
0.0109515044215906,0.1036121693066882,0.0172537476707826,0.2051216526302321,0.047791645632251,0.1696337304615758,0.1180044639001181,0.0436742212686538,0.1904071054282862,0.0935497587923423
0.010501849977065,0.2201129663282172,0.0498735111768985,0.0724235315748848,0.0615524906371454,0.0344839185136922,0.2421882504221713,0.0054421368992631,0.1256638905258859,0.1777574531371032
0.0644596408314124,0.0809204098858518,0.0561812910259288,0.1350669085818126,0.118430501226086,0.1741118288343827,0.0736406900628337,0.0857680491502845,0.1602693771449964,0.0511513028892867
0.0487630531795952,0.1601423411609948,0.1228378096882227,0.1368551602264437,0.0550221577255683,0.0762056657301971,0.0842679631862861,0.0759673325222816,0.1186142407304924,0.1213242755303434
0.0907333383579551,0.1176330901713897,0.1059202576189905,0.0832942611474137,0.1245111106571288,0.0865497599991804,0.0986685572972299,0.1083700287718328,0.0974611856156432,0.0868584101550698
0.17554317397368,0.0725190594286094,0.1631973689155965,0.0736290850335811,0.1167202932614555,0.0726970898101792,0.0723382128509059,0.1503868031821854,0.0393959500771111,0.0635729628554377
0.152616314441556,0.0599741535673666,0.0738018168099456,0.0990563434561287,0.1189879181914619,0.1827158382054785,0.0450649134366044,0.1319998038682405,0.0780384392493641,0.057744458120017
0.0161558388316093,0.0551197842450702,0.0468739869840151,0.2365652919968592,0.054599207303687,0.2374665283286602,0.044215901501249,0.062562514472467,0.2222504248446953,0.0241905207326263
0.0656693317918867,0.0336559788766285,0.0386871530432589,0.1663815152819009,0.1480485810294171,0.2365338747682204,0.0018066758490736,0.1087055909288438,0.1949134661588474,0.0055978316656934
0.0526098536195348,0.0561591929240498,0.0753117630913509,0.1623137174020121,0.1225866545528992,0.1847832312064202,0.0470374152998405,0.1209993774722217,0.1626824878239731,0.0155163061723782
0.0604858648770292,0.1042991846693215,0.1450896824609757,0.0146349858791797,0.0825616594219902,0.1099849630956454,0.2842053853187045,0.157340035838897,0.0271623878869136,0.0142358498942778
0.2033080672545238,0.0279798425642399,0.1477513455112909,0.0266052524497822,0.2669197295267497,0.0651102924298394,0.0180534467459788,0.2391968084257985,0.0020657162142112,0.0030094982108429
0.0932958345836438,0.0952828753102503,0.0740628595677839,0.0958672843205833,0.107059643388928,0.1216267123721492,0.1377129087220552,0.0752924538680445,0.1186300535172932,0.0811693740648623
0.1400863472155474,0.0335671957131458,0.0626746761260428,0.1758689751344318,0.0651130023706699,0.2484513679294309,0.0169109490126794,0.0906768292956274,0.1380211627534283,0.0286294934922999
0.0411180888035864,0.1031238369019916,0.0865622019819132,0.2082705177307289,0.0357569013194229,0.1718081821750595,0.0335790814418838,0.0574018275230968,0.1826158812453658,0.0797634802071215
0.0594210450450422,0.0880854788835674,0.0610188494390354,0.1984623131267818,0.0125250073645237,0.1860053044522521,0.1115723598608091,0.0203196668375757,0.1797954437192493,0.0827945309399463
0.0771706867591481,0.0037910645450675,0.2006626792793274,0.1806382857366301,0.0613146409473666,0.0470279272332119,0.2671761058172703,0.1242773530016597,0.0142320946253131,0.0237091609012305
0.1038286819879554,0.0054592627029347,0.1319701494670551,0.0226947517257776,0.2043887853365855,0.0616106108055575,0.1762424458045885,0.2275605285760393,0.0129896241104253,0.053255158981082
0.1203118420839917,0.056177132315817,0.0606747144033028,0.0989390815887816,0.1108976272597354,0.152348119656795,0.1461169412195093,0.0700908767092463,0.1247839176085149,0.059659746875705
0.1019278112104832,0.1118634161000924,0.1367015928926055,0.1022000053440355,0.1169008344021774,0.0838427835622313,0.0465111197867748,0.1300225604533633,0.090874943510605,0.0791549325927562
0.0906566507645067,0.0989602402734068,0.0834540509496723,0.1159980870389223,0.0819340834114637,0.1235322404736972,0.1289927855175746,0.0701425691642175,0.1208894789375846,0.0854398132924456
0.1082338749104886,0.1141553132585473,0.1346737569148826,0.0879378382790053,0.1184923035451295,0.073199878159753,0.0709798164619613,0.1243750158083316,0.0825137880704179,0.085438414458426
0.1072787493243304,0.0970355831956617,0.1107662954738781,0.1010074781245736,0.1078840254707152,0.1036693505966132,0.0897618877010354,0.1048465546015949,0.1000972843418534,0.0776527910394513
0.1057039318700717,0.1002406569532426,0.1173476442899404,0.1118009190887152,0.0942037141278522,0.1028278440695726,0.0840775280651044,0.100781444272732,0.1019512778048614,0.0810650393511229
0.114562576064408,0.0775977152628499,0.1637874185461477,0.0712221226012072,0.167883016338344,0.0510991777778646,0.0665410094088575,0.1841106472696506,0.0613427784933633,0.0418535375201602
0.1103673679034016,0.0981008822422167,0.1206954962372677,0.0972075847309153,0.1171287350594386,0.0969631269220917,0.0728131215564825,0.1184144126721113,0.0938425360177575,0.0744667365581169
0.0914328772848271,0.1364441357793451,0.1621516089433571,0.1375491941491086,0.0559396136749656,0.0602982625591535,0.0464824524534696,0.1011446658805433,0.0951626297758604,0.1133945590863713
0.107458362466059,0.1120346949736603,0.1245265129946094,0.0847811795863988,0.117581631864919,0.0771873011212307,0.0881702402194012,0.117107795203308,0.0843060039539493,0.0868462774959802
0.1053286105206874,0.0726943319487271,0.0875865911807099,0.1046320177693841,0.1319433156590754,0.1384533586198968,0.0751006901124362,0.1129389743891031,0.1175837173407007,0.0537383922507567
0.0965696171768338,0.1047191855643113,0.1164148352663642,0.1211070361983807,0.0870550741854264,0.1050458437912102,0.0790270222772286,0.0972692613047691,0.1085825540543214,0.0842095699957419
0.1035967025179762,0.1039259503170263,0.0984562267936501,0.095608362105712,0.0932921896293818,0.0980499675559009,0.1322788738253412,0.0820018585698468,0.1006579327876782,0.0921319357153544
0.1048209282350194,0.0838733863197182,0.1000800291981653,0.1176031837560298,0.101398207265283,0.1281905496626066,0.0830981526378719,0.098902622176879,0.1147829688274993,0.0672499718110409
0.0942581959981181,0.1017168444605152,0.1031597621106895,0.1242557342799917,0.0777912442624915,0.114978013472731,0.1004711453091045,0.0827383872009896,0.1147940678697961,0.085836604898995
0.1009285147870882,0.0948961747006962,0.097797542722446,0.1137367059690363,0.0893998786767954,0.1173653871869239,0.1078538140130196,0.0858143573985575,0.1114063857797657,0.0808012386599475
0.1073481388046819,0.1104847468273786,0.1235962346648445,0.0919515180224934,0.108188344793082,0.0805883846375459,0.0904350382279257,0.1104214835906999,0.0878511749529326,0.0891349353120087
0.1084974621657511,0.0896581815299609,0.0921860739827855,0.1103394418700716,0.0826025027464494,0.1181038843244639,0.1302449047500102,0.0740585010341669,0.1103434733859417,0.0839655740777859
0.112888074004621,0.0957713704243303,0.1144403339077945,0.0917175838274161,0.1178619109619124,0.0976277395242821,0.0879054911042274,0.1136006067898699,0.0927163768507709,0.0754705125129997
0.1023103374589874,0.0904843372170261,0.095024092664519,0.1178774028969138,0.0855998546175201,0.123624444616432,0.1097240939313712,0.081968471533322,0.1148817036930812,0.0785052612645039
0.054673240910432,0.1548398642443625,0.1311820214033338,0.1593165157998984,0.0180921489958663,0.0735319828617543,0.0917104583459743,0.063558093840352,0.1172661350566856,0.1358295380201776
0.1049429719259444,0.0929214980626077,0.109459374459534,0.1157189922993332,0.0952599912336094,0.1139711034173741,0.0845834528249166,0.0993426284122135,0.1075394393149732,0.076260547932525
0.1059342518208162,0.1041723241662087,0.1172581536424524,0.0950453948254448,0.1111193695931801,0.0911279498034178,0.0882947538850326,0.1112680637889753,0.0930204939655426,0.0827592443614147
0.1101572389550959,0.1265160916085115,0.1121680561174226,0.08054861761085,0.068547188435628,0.0561382536983592,0.1778098330437997,0.0645921649252525,0.0783753954561321,0.1251471599019743
0.1057261579591703,0.1281255009804119,0.1407324703587261,0.0772905412642405,0.1147441380655525,0.0496974037062566,0.0872241458175474,0.1233637081810786,0.0705641910959657,0.1025317423490135
0.1111036615838109,0.1011616069904439,0.1269075955482813,0.0961808795663299,0.1163648647328537,0.0881732290987831,0.069363779096256,0.1223307519742892,0.0890936054241532,0.0793200258281326
0.1051019748772741,0.1327203165444618,0.1906078917099135,0.0892102529077343,0.1248888067019843,0.0189637772154596,0.0169049786072353,0.172992137249192,0.0520244167541727,0.0965854470335563
0.1100859608608274,0.0926263562194779,0.1147237321699845,0.116006832333505,0.0895273347813851,0.1050772910353878,0.0875243754004654,0.0978951399583863,0.1028888718443578,0.0836441051635428
0.1184121474075642,0.072669208414681,0.1186983163303196,0.1151293797918156,0.1200080793200997,0.116559157044068,0.0438729027482114,0.1270738853676943,0.1039158085162606,0.0636611146876228
0.1552014496338712,0.0818415733653361,0.0915443376037365,0.0650641267081116,0.1540690928487399,0.1010433661592127,0.112478230638111,0.1585092019850396,0.0492809182725051,0.0309677014411209
0.1254693251292504,0.0890310346155848,0.0954085112341727,0.0889849641714454,0.0834076731736989,0.0940496071974255,0.1636055068784374,0.0697285573092939,0.0916888184069202,0.0986260016288528
0.1297442251628069,0.0856714448826757,0.116657396246743,0.0889241700137075,0.1078252652405551,0.0907329165212365,0.1074305984408783,0.1044447938523894,0.0855770964976651,0.0829920929260506
0.1194680699375088,0.0947164493243187,0.1127349370747188,0.0900959612072827,0.1043342854661852,0.0902551977894564,0.1128323477620262,0.1007353069927712,0.0883294599706051,0.0864979843171661
0.1216375333856204,0.0997964381512172,0.0918796740482922,0.068104023885096,0.0973439927546823,0.0803257619270944,0.1818940245677573,0.0726922261113391,0.0829999965149383,0.1033263284450744
0.1161885103250701,0.0906477094772278,0.1055655069137545,0.1001207752406249,0.0955874684260378,0.1039359804054066,0.1157418935421695,0.0914155961758961,0.0976946658946651,0.0831018934782872
0.1033062803177242,0.0756853800311411,0.0776166587100616,0.1193935935403192,0.0897436197064002,0.1413181900001319,0.1212434423020787,0.0760526088512447,0.1238393686007992,0.0718008577564704
0.106673696511933,0.0903990563191281,0.0790621159779614,0.1003650799338774,0.0833474875467291,0.1163002748837153,0.1600472537372989,0.0644535263194389,0.1092997346016581,0.0900517740103536
0.108009902489639,0.086891054954219,0.0924131690810347,0.114585867132291,0.0817669115643123,0.1214012502537096,0.1246295389997883,0.076194278124805,0.1119854610104879,0.0821225662693381
0.1168776633584805,0.0988928975810468,0.1154285591525335,0.0690166651340842,0.1366537649419542,0.076721101070381,0.0994133168214883,0.1258394534172082,0.0776897014420825,0.0834668768371626
0.1204551408138307,0.0729810846424737,0.084328533988571,0.0908036688755438,0.1135212594255666,0.1229307499741493,0.130120539041763,0.0905622987648718,0.104418536032323,0.0698781882878973
