0.0896185011722447,0.0881766535034438,0.0814287838903367,0.1222008461218589,0.0883375658682599,0.133545912549198,0.1135592690743476,0.0835700295051564,0.1231172002034942,0.0764452379144907
0.08967313842725,0.0928402056276759,0.0969945549953741,0.1267504555814789,0.0914133207774381,0.1276100459966012,0.0845311694664167,0.096388232922612,0.1201660942311486,0.0736327818026784
0.0867263600167522,0.0591547408685883,0.0640437860445052,0.1563947480266773,0.0786164492423576,0.1828661575206433,0.0906336021660678,0.0757611527973309,0.1531660013362389,0.0526370017263022
0.1107053314907096,0.0886632846966931,0.0857056695699681,0.1071683699187751,0.0690252698049689,0.1127772873860784,0.1643336935875302,0.0611896276869216,0.1075320922398236,0.0928993733933261
0.1050895145403046,0.0925038663377976,0.1041757757705561,0.1214677854005484,0.0765996197388729,0.1163260858139945,0.1080593059971613,0.0833503538427034,0.1102870228751313,0.0821406695741067
0.0965189889129174,0.0840681503810186,0.079392444345909,0.1289546820218281,0.0693606255531928,0.1395743808788047,0.1320924922367089,0.0649368123670357,0.126662923528268,0.078438499624815
0.1073095406698607,0.1028727064665356,0.1180293298931323,0.0953492223973947,0.1080472135985504,0.0909732481050778,0.0924352907516036,0.1115001595700557,0.0916765397929347,0.0818067486215136
0.1060561263896611,0.112712061846591,0.1304919153751063,0.1025264946900761,0.0925113707975804,0.0797120045606546,0.0888535378326466,0.1073615295680769,0.0884864208116456,0.0912885380018933
0.112288957848685,0.0932940581286687,0.0995469953589781,0.0976647265544407,0.0916884448885573,0.1044841342349142,0.132357163901946,0.085055139685153,0.0992127099956496,0.084407669286752
0.109777879871283,0.0943727950394914,0.1020428179434355,0.0951143655799349,0.0994312535740086,0.1017253360444813,0.1234567827763521,0.0934788757455315,0.0979796223238757,0.0826202709164215
0.1081253198228638,0.0947791086474528,0.109998543636151,0.1116301112740843,0.0882976052960472,0.1075398964070912,0.1021000346925323,0.0935012232890866,0.1032698221249594,0.0807583346983633
0.1065959470161027,0.1125893434171116,0.1272493277270944,0.0985848261094547,0.0925581093686184,0.0782034259026923,0.0994732252487264,0.1040449682278101,0.0879554648638117,0.0927453619471564
0.103539420236041,0.1067210484308866,0.1245779288419168,0.0892638414393611,0.1241521303605237,0.0844969195662648,0.073083714970981,0.1288262757532007,0.0880915235108366,0.0772471967043874
0.1075219545064154,0.0873557079287364,0.1064732925856455,0.1087821960632402,0.1070212013351551,0.116876787990623,0.0840657820142828,0.1073228083519863,0.1059802054114883,0.068600063701129
0.1037605149050412,0.1035478510600614,0.1126248598454089,0.1133215460986947,0.0786297152590926,0.1002469951379427,0.1094306776747671,0.0871728956165526,0.1021520910459497,0.0891128532390594
0.1113975221902448,0.0909565853064616,0.0970375272025921,0.1043261100871343,0.0851006487995653,0.1104940892262876,0.1331780614298284,0.0795697130408161,0.1040532646691619,0.083886477914926
0.1041194377719278,0.1084456156011806,0.1150980357637568,0.1199923375451185,0.0557252494659255,0.0921879335854161,0.1288895652870274,0.0723393769360963,0.1010580501418874,0.1021443976839525
0.117561761692507,0.1114085054405292,0.1009286806850743,0.1025465828263092,0.024783567871684,0.0728866754121117,0.2207154763142082,0.0288918673663253,0.0914458827316099,0.1288309993087774
0.107012126011341,0.0979618881864315,0.1234002122358209,0.1249305456057095,0.0765762236827782,0.1033887857416979,0.0828368142888229,0.0962700635556363,0.1042620451123035,0.083361295396992
0.1160620883546721,0.0800296402501654,0.0960324643732196,0.1032955668286275,0.100731223503592,0.1205386441655862,0.1145865007510576,0.0917392928715632,0.1060551640939478,0.0709294147013773
0.0974463767796885,0.1012790484297334,0.0880903934260289,0.1261223527781835,0.0422567391903036,0.1122734773404397,0.1667648891917791,0.0457548166351425,0.1168497355211815,0.1031621704523789
0.1289771415329614,0.0928063487931333,0.1404310620386612,0.065328996898261,0.1575395639912306,0.0711670285213681,0.0524928899879403,0.1576844485417838,0.0688132805923671,0.0647592388682444
0.1101339521851447,0.0958024708263041,0.1071226226481347,0.109467827222812,0.0812876419928228,0.1043114209347448,0.1189836600761848,0.0847061063178296,0.1020402847891139,0.086144012858003
0.1192274914751125,0.0896668832269391,0.1072555975472835,0.0889483878466701,0.1096243115892218,0.0999665182292402,0.1139988384742431,0.1016672108181404,0.0927192077116832,0.0769255529592615
0.1121674169310057,0.0779768298864915,0.0977111429733841,0.1226944678649837,0.0818206973021473,0.1294708348915871,0.1077265040310577,0.0832723863081128,0.1157941061177259,0.0713656135106243
0.121413526903995,0.0915503361577601,0.107546154212852,0.0898681618627893,0.0992520792064669,0.0959432609970776,0.1270909551527917,0.0929813267695724,0.0912357922180407,0.0831184063825967
0.1172028747528155,0.0942289197528489,0.1213705743220214,0.1024397247990685,0.0999553614965227,0.0971314544901117,0.0897238358198677,0.1061964654928117,0.0936572638637633,0.0780935251077022
0.1080727627548184,0.0933609199677233,0.1065633353878914,0.1164458785294108,0.0814409235210797,0.1125551070046336,0.1070201874140112,0.0860294363420805,0.1072463405626092,0.0812651084242183
0.1155844942502724,0.1104225275592967,0.115251599783122,0.0893211481757875,0.0797572070934344,0.0750065095120567,0.1464933651685089,0.0806354574094258,0.0849000036426418,0.1026276872405082
0.112890544363243,0.0849990935717154,0.0908823434549561,0.1065532015476105,0.0859750660503274,0.1196047772293505,0.1346729095104563,0.0763338094230729,0.1086853808076597,0.0794028739304733
0.1281501724534427,0.095098860547401,0.1153759985197971,0.0825921213651478,0.0977957091891079,0.0817047586718585,0.1337945131357475,0.0940853502849428,0.0819579259666868,0.0894445896819945
0.1348138651067069,0.0847631880018357,0.1016561970091033,0.0766594314552101,0.0986752868680396,0.0914122841309188,0.1582064011327517,0.0830442396658064,0.0845375231356425,0.0862315833261979
0.1386201367965016,0.0795691095639547,0.114484473829963,0.0912778313719818,0.0919191764628859,0.0949259043224961,0.1313552672230632,0.0889913192030677,0.0878077982720348,0.081048982725038
0.1282826841931294,0.1005505993016186,0.1356924587152624,0.092276231285932,0.0948636265517346,0.074097518153671,0.09988060521584,0.1068971209642626,0.0782064812919187,0.0892526741871451
0.1444333884952318,0.0727612825166131,0.1384602507261285,0.0885614473759573,0.1293288897830863,0.0910172295317478,0.058263068637292,0.1372799697883656,0.07964311781288,0.0602513550813975
0.1670786285690343,0.0809896519188339,0.1632272217941001,0.0357062033334211,0.1489768718117419,0.0549309392907919,0.0908722515363193,0.1480244040670256,0.029617777928082,0.0805760492695241
0.1347106379993914,0.0643686480281431,0.1024806835509219,0.1168245397707553,0.0800542018958934,0.1270594584361157,0.1175633010973423,0.0797725084128304,0.1075485202799156,0.069617500375004
0.2374834506570436,0.026625634410196,0.1168945760811401,0.0582397634519904,0.1272050289597001,0.1105655441648248,0.1257697556178473,0.108876401170496,0.0600249221007158,0.0283149227232524
0.0701367172179351,0.1228931862491878,0.0786404507892308,0.1096608197117615,0.0853524272183831,0.1216635142285702,0.132630921865883,0.0694933789499201,0.118351460738837,0.0911771227079853
0.1606255117255945,0.0175091019330748,0.0874675094761956,0.1403178929785069,0.0668227312273585,0.1678086237037854,0.1194505571031003,0.065119144571221,0.1265569894733603,0.0483219373942682
0.2137349305606753,0.1070893499496321,0.0224540977637156,0.0687562323232847,0.100559508177869,0.1830533730053244,0.1335609356092383,0.0505848056152555,0.0926005659753709,0.0276062002330525
0.1574545495682209,0.0735484624502902,0.1215076321208581,0.0700349901601954,0.1086682557783801,0.0798963750514979,0.1375764172869029,0.0996871429376607,0.0712810278367656,0.0803451465651631
0.2067004898160163,0.012812816969975,0.0573067618583416,0.1060216882824235,0.0224602592612065,0.1517854601941095,0.2608616415810365,0.0068616052922198,0.10798242795142,0.0672068481775446
0.0743670109053762,0.1184584554441608,0.0948554090917851,0.1205222083619905,0.0864114596024991,0.1197021763237493,0.0969113924498614,0.0865518242288744,0.1161757264333965,0.0860443369039943
0.0721609537074173,0.1032765784428501,0.1176576710002045,0.1210303313293236,0.1367775882014505,0.1264316522413622,0.0141221950429905,0.1488618064292096,0.111633322297735,0.0480479010121745
0.0608152797141963,0.0975554796873634,0.0805274737649723,0.0347023347019061,0.2108217430446289,0.019026365612572,0.2368032310403405,0.2154677121017964,0.0129962059590415,0.0312841735109113
0.0969807575228168,0.1072248858025291,0.1143864839371334,0.0985738064960509,0.1197207889031016,0.1035343688192951,0.0700132129448579,0.1186021800551468,0.0978980046113092,0.073065510761545
0.0779198697988469,0.0936642725349337,0.0692950621366107,0.1439215484490876,0.0656617445159095,0.1681260793347903,0.1136447126894911,0.0579240417939821,0.1386469926653554,0.0711956754962478
0.10581384054207,0.1087165339198866,0.1441350161612535,0.0823570387874704,0.162362014369202,0.0848852751743872,0.0043902876129104,0.1711605465218661,0.0768755850465838,0.0593038616273204
0.114086175248281,0.1283286156864931,0.1556788795438136,0.0658851025909727,0.1395543404772953,0.048271258337492,0.053122624151156,0.1503537470806514,0.0577679348892368,0.0869513217738312
0.0936549210270721,0.085776391581532,0.0572526248636813,0.1053451613112145,0.0933609698821467,0.1503308214421559,0.1560505134570637,0.0617827672985366,0.1242909895968595,0.0721548392717995
0.0786992614222755,0.0449079957181948,0.0965982192453298,0.0074529093000911,0.0965172762434291,0.0414075992542854,0.357179694662194,0.1720691498788656,0.039544389843774,0.0656235034363708
0.0849363717139658,0.1162413677242521,0.1086446947682563,0.1214465474248689,0.0812827881155258,0.1102075996327599,0.0904051640622573,0.0901467274164933,0.1095584975458931,0.0871302414100266
0.0784816552582873,0.079296985173185,0.0908955515441339,0.1559084548000596,0.1005311427037424,0.1803445842699,0.0236290341687518,0.1073439043465916,0.143385975706887,0.0401827115719831
0.1168511444320643,0.1008789684793014,0.1222994319641386,0.0766245367164589,0.1339360724796619,0.0879134222030586,0.0809510717728544,0.1275409427520767,0.080515412530467,0.0724889965486477
0.0468629841494438,0.0686947110479428,0.039652929085867,0.1983373990253431,0.1434665669701739,0.153419776116238,0.10086391278659,0.0779892465298095,0.1305212106198967,0.0401912629941741
0.0914545255357004,0.0043428550758101,0.0509148947332104,0.2068026502857711,0.2680575086929335,0.0090394766742712,0.1882072742022586,0.102765357702116,0.0598292036540265,0.018586252305161
0.115498599004703,0.0740302077533132,0.1015065629134213,0.1055916811068781,0.124605911103802,0.1387149857203032,0.067697221296963,0.1152968488377419,0.1072998989409008,0.0497580830306127
0.0546677285732091,0.0794796448807287,0.0295999150591162,0.1459630822484351,0.0676888594648643,0.1124658597636986,0.2137822131603456,0.0613388848206774,0.1267876277875487,0.1082261838972746
0.0840956416059073,0.027273759833261,0.0021645608468595,0.1812850220756358,0.0031133723411096,0.2183857320151428,0.2020900523695882,0.0257020653061147,0.1928349914360255,0.0630548013001646
0.1229835995601151,0.1039282729950656,0.1069565343763121,0.052673497285077,0.1355100313603445,0.0794269742127486,0.1340043201723314,0.1113630092323738,0.0697170390397454,0.083436721489988
0.1028761275430381,0.0009341299214856,0.0109975720684265,0.175804337267028,0.0253801013676378,0.2507486935336427,0.1899628925969371,0.0154425268580471,0.1934945061453342,0.034359112273094
0.1204599391747709,0.0253742711450183,0.0517293259882217,0.0082561057796829,0.1243511501799462,0.1162443134238333,0.3604269301205685,0.0116725520119326,0.1075355247434107,0.0739498860691906
0.0528917432866706,0.1464965980283603,0.1560409186802961,0.0677876724722143,0.1340164849455766,0.1245021459203913,0.0086277794617082,0.1541643403980697,0.0708296616309068,0.0846426547267102
0.0918304502365568,0.0140906829463823,0.0745647009370428,0.191214828670364,0.177868340783888,0.1280935261848266,0.021112040212884,0.1358818340554377,0.1522040894859798,0.013139505224665
0.0630984914609518,0.1334252103987547,0.148327636800951,0.0684155970020095,0.1668306366273783,0.0895313635745472,0.0270089236560531,0.1749287322492654,0.0644790462052439,0.0639543611709042
0.1138633145304967,0.0899530801999728,0.098734892244805,0.0924730241888221,0.11105099474053,0.1194672854421708,0.1096245690986452,0.0989314799161549,0.0957578526502546,0.0701435066142587
0.0353937647644714,0.1811907011131073,0.1574342487856827,0.1790845145970038,0.0129769184432452,0.084366807285784,0.0274690827930924,0.0881316978350489,0.1115703533847709,0.1223819103506227
0.1276480022325904,0.0348607893625225,0.0142291703506542,0.1524335168062328,0.0434932436605425,0.2462831475233347,0.1798750119723693,0.0090714877162407,0.1780284769275299,0.0140771528898587
0.1038095318894724,0.1125642402615203,0.1308563192977762,0.1233814762863843,0.0738396722258958,0.1036337797858016,0.0733280092893221,0.0989317082471189,0.0934913366007879,0.0861639256100142
0.1123031319624515,0.1055671927028896,0.1490296107313415,0.0654669711040616,0.1819427575086393,0.0785342492543057,0.0041357747639324,0.1870382630871869,0.0649921375561859,0.0509899109885768
0.0837986321954818,0.1581225894747222,0.1563649515151399,0.0719842046105538,0.1293152587621657,0.0402662511276738,0.0513220664665192,0.1484274285609588,0.0607147795251753,0.0996838373939268
0.1253632698918831,0.0569854027494981,0.0607908189010729,0.1362922581999611,0.0201961468978505,0.1202142360005602,0.2262286435560954,0.0259676818815728,0.1230895877394775,0.1048719535731418
0.1185125102961134,0.0596557536427253,0.0648290120778278,0.1602617289059429,0.0065193666716545,0.1524310350573884,0.1952126696315436,0.0060732887472726,0.1422099114792727,0.094294723098392
0.0316391469332034,0.0726524022401692,0.096879737865512,0.0728474065674845,0.2734913281128677,0.0005448991802901,0.1459153839288963,0.2464086274929905,0.0267255115456948,0.0328955552477065
0.0993570680861499,0.0950408519786659,0.1165114758233404,0.1155677615499256,0.1138687444263415,0.1204566383361635,0.0481796859095322,0.1234353081012049,0.1046637612304454,0.0629187043709466
0.0001566710165002,0.0796086161228223,0.0837297297979712,0.2707448255381026,0.1203324053210647,0.1799403474130622,0.0237925329486517,0.0166588675641028,0.163974198122918,0.0610618054651466
0.094249711141511,0.1064024341532386,0.1016884488831608,0.1160545595762781,0.0833455543283124,0.1232729116794448,0.103060469032246,0.086487380155192,0.1064393312697869,0.0789991992894817
0.0767868352006245,0.121806074841793,0.1306024267987682,0.1426139178854054,0.0781305269319369,0.1132548277882206,0.0338998276201306,0.1125650904621924,0.1104169594305911,0.0799235127163787
0.0318229789804141,0.0494074553800823,0.137484571230265,0.0522999924867598,0.1615765984587168,0.0521741684977739,0.2405571287926258,0.2165911785925638,0.0165022081824119,0.0415837184214809
0.0476456414003465,0.041578827238584,0.1037343642269569,0.072790661633516,0.2295291936985642,0.0201211520046432,0.1664950422556795,0.2241385492197473,0.0515899500370272,0.0423766173357497
0.1399575674521346,0.1199572032673911,0.2006790162933257,0.0862888141769137,0.1164315837535425,0.00278567171139,0.0178323799492742,0.1550227210795711,0.0565496660846317,0.1044953751214555
0.0976147184173561,0.079311803288052,0.09498621695966,0.1881397497357531,0.0117773730124549,0.1433768268158501,0.1220053854232246,0.0202302944574043,0.1465076206644465,0.0960500107769362
0.1529403393662877,0.1073035004399852,0.1676934958041117,0.0058632676538595,0.214636537564826,0.0301053349915946,0.0373628204966345,0.2036948239340874,0.0193420127371128,0.0610578665835258
0.1003224223869435,0.106209954260187,0.1068879584043641,0.0998392684086623,0.1000860386624378,0.0908927842021073,0.1084548139320576,0.094381803318829,0.103898417637693,0.0890265383482231
0.0264894007303141,0.1354063243028704,0.1720612152955998,0.1843121706850139,0.0057368558081643,0.0082414813389685,0.1845792476319249,0.1155661509424431,0.0953619115439576,0.0722452405438735
0.1083097187504512,0.057197493483058,0.0658898292050823,0.1642953990197989,0.0319969810794571,0.1715721156356016,0.1443791474756765,0.0292866047084749,0.1535989117296629,0.0734737984862281
0.0639611170181596,0.0778311831191396,0.1514147741425398,0.1875453114033573,0.0288230751730574,0.1258738279490153,0.1101505793466858,0.1197885140456182,0.1015074529326882,0.0331041640912379
0.0981268307915251,0.0982258553523689,0.1189346739576581,0.1456237858175484,0.0563971021666564,0.111214289287379,0.083201879579273,0.0770510060091474,0.1229214455995547,0.0883031309503077
0.0025999966779798,0.0881233902307091,0.0516643264656614,0.0287722417762404,0.112297666392842,0.0034751057154905,0.3481517962159453,0.159795477126644,0.0602823784187881,0.1448376200255268
0.1085436328535863,0.1165193365558013,0.1088872687699158,0.0978980242656171,0.0668405464733442,0.0894005030114964,0.1521375625993755,0.0684401362281744,0.0889916133463737,0.1023413755639012
0.1383866055419829,0.1168165221893465,0.1237091361680153,0.0304967754216599,0.1319615522907262,0.0465418981145216,0.1584014229692397,0.1107727010303958,0.0448698939816328,0.0980434918875482
0.1094930646103767,0.1028397596042011,0.1029495388530631,0.1066456712752105,0.068563889060238,0.0904099660775298,0.1476555845094488,0.0645619001271544,0.1042250229011516,0.1026556025471518
0.0502126646268268,0.1031431047687474,0.110371894578582,0.1100689728449911,0.213943458753749,0.0688774843980756,0.0528998576176705,0.2001687211961812,0.0802432161049356,0.0100706235700605
0.0091612976325464,0.1200787631391348,0.1544795955470468,0.0491078633159981,0.0800441722414816,0.1444232473278964,0.1662070561416526,0.1510629616313337,0.0916250121931929,0.0338100300436427
0.0967689818996982,0.1979489491458944,0.0074269863277665,0.1714907564616632,0.0185152012042792,0.1694107942696154,0.0952889151402169,0.0055446359243944,0.152342141028308,0.085262636113299
0.1301725933279951,0.1342725903142138,0.1909871536119203,0.0040937230963916,0.1707450824280623,0.0495732022996846,0.0311586681461476,0.1853988187345298,0.0069327946283042,0.0966653730632817
0.1094123801006548,0.0781246128002345,0.0787417711356642,0.1373292912868183,0.0418772496149873,0.1393420511147063,0.1597753116856909,0.0373137334251694,0.1297489138741827,0.0883346847089399
0.1262772232150921,0.1146201648013051,0.1583812066799054,0.1366351948381263,0.0391925312694817,0.0223493804087657,0.1594825126758555,0.0143492618098818,0.0797466083994423,0.148965914824546
0.1618303181608388,0.0398187893262372,0.0464317881435625,0.0227229814991132,0.1504965935493253,0.1020877550355424,0.2448005391215515,0.0655917000122393,0.0910243033659932,0.0751952306381128
0.119877945586642,0.0851086020488446,0.110521633061677,0.0539061815195666,0.1697165406740121,0.0799671475590835,0.0909601393000766,0.1358362147800669,0.0881891615649028,0.0659164330697417
0.0881772878839404,0.0696495046527818,0.1117847018645651,0.1273487245286436,0.0920146628283305,0.1754426558351444,0.0675946041689795,0.082294820172761,0.1091933402884851,0.0764996970286122
0.1086217907374787,0.0909863934230195,0.0819052151201968,0.122694545705265,0.0361670287215832,0.1119402716526884,0.19179977736829,0.0261060083815469,0.1218180079634926,0.1079609603200276
0.1090499985992622,0.0936171995956993,0.1178084523789092,0.1132359045510386,0.0987139393387472,0.1080800009514266,0.0760008749371987,0.1058832844939217,0.1032595503183321,0.074350794727986
0.1096449178750824,0.0484865382736501,0.0581442929351835,0.1448888736416172,0.0673334539384285,0.1808305077897464,0.1349368216636851,0.0486526691159572,0.1494590011033802,0.0576229233778591
0.1155421055986267,0.0780988092089739,0.1081455239509892,0.1236163171931142,0.0882382423599373,0.125545624095845,0.0858197753478451,0.0927388222684514,0.1131182546479495,0.0691365251478137
0.054645458391097,0.1233152813769182,0.0060619532004526,0.099087926197705,0.0359226927603755,0.1710784684891487,0.2747030898599798,0.013000279288328,0.1261180697985596,0.0960667788418855
0.0977468670980298,0.0719432811733768,0.0979453357980242,0.141368024845512,0.0962256106409244,0.1481269145388569,0.056133109247594,0.0987034228108405,0.1348918235919824,0.0569156098530809
0.1221944205994258,0.0679927996417082,0.0823302173715533,0.0973312424376102,0.1070089944385721,0.1290558842195207,0.1322049238811677,0.0827350568175906,0.1114333803763723,0.0677130799515427
0.117301114094256,0.1067033151707919,0.1507593414024636,0.1013925774745764,0.1101665691524102,0.0728627171334008,0.0459000573553002,0.1311253032453806,0.0819762658218901,0.0818127389559585
0.1060075083663571,0.0992776870639795,0.0971352956882563,0.1135126063130546,0.064442612126612,0.1052780725109994,0.1462555074660955,0.0616873008886053,0.1084492116243457,0.0979541977114896
0.1072424517244282,0.0960051702275287,0.1132218970629004,0.111678524761114,0.0932956214059858,0.1065330969771352,0.0910824804834274,0.0972488439225606,0.1038522992962708,0.0798396140067062
0.0983805921439014,0.0897134260302127,0.1119828415942494,0.1227041010782813,0.1047876906773518,0.1212807846135134,0.0581611402432606,0.1103373916894244,0.1155766682577568,0.0670753634171353
0.0998291094411732,0.1056642285452304,0.1307796062149152,0.1101556217941689,0.1085576937990595,0.0906030389997643,0.0537060972337007,0.1221788788894172,0.098321193987628,0.0802045307743194
0.0943820847003474,0.1270569210280777,0.1060122092645324,0.0977430374793342,0.0641419066862301,0.0739475969801555,0.1615696752779349,0.0623390299369123,0.095311676584755,0.1174958618131432
0.1004991190325382,0.1031132465689108,0.1102725374864044,0.1021410392182883,0.1037766944143671,0.0994647884100411,0.0945330705716488,0.1018401158308489,0.1015979312384641,0.0827614570321891
0.101868769065621,0.0810485570753349,0.1357065122511752,0.1026235788154847,0.1524104668295342,0.1028235321780097,0.0200358072861157,0.1633597527348048,0.096300485140247,0.0438225382685948
0.0970487869503183,0.0914327049531087,0.1055140512538546,0.1249377245049174,0.0944308697111007,0.1245234050494637,0.074686404619461,0.0992836318556538,0.1170004400612381,0.0711419809019746
0.1053361403166207,0.0927970308731632,0.1043266597123782,0.0808931664211885,0.1433978104668947,0.103926784935591,0.0810591347016177,0.1255526003799105,0.0967930184459005,0.0659176535525187
0.0994784613828365,0.0959821989359426,0.094534214323536,0.1048075622852554,0.0968708427963318,0.1123948403173741,0.1167589564189292,0.0871819627943956,0.1093081718637145,0.0826827886591723
0.0583027594705854,0.0962580934487934,0.0819415087821747,0.1734166215259748,0.0435255679393195,0.1512581170827958,0.092405677783988,0.0539392948382903,0.1597786280962343,0.0891737302475914
0.1034093460504229,0.1041039323245709,0.1125114934735086,0.103575652256373,0.0965208949919032,0.0979070661651231,0.0995855983505925,0.0981423926577937,0.0989340668887208,0.085309556733229
0.1022729669435077,0.1131865404063423,0.1334489178212074,0.1042252645655676,0.1033352413139946,0.0830101921876591,0.0663961298126696,0.117803712741705,0.0908767291418719,0.0854443049542515
0.0999257876712947,0.1002106247265049,0.1044303807858752,0.1162398614156405,0.0812818039086548,0.1102598416840345,0.1087818442664355,0.0837971730689285,0.1091755616211045,0.0858971207322234
0.1005022252505163,0.1039914415534979,0.104453032319403,0.103936168200199,0.0913245152284989,0.1015831909356219,0.1150243224580237,0.088288761777716,0.1027907011496403,0.0881056409952777
0.0887352311641846,0.1187821932337374,0.0804179367801847,0.1033367093102555,0.0541584095661922,0.0965291429795696,0.1929210327416487,0.0398479458955714,0.1094280238918235,0.1158433742343125
0.098627086819211,0.0825090501857903,0.0855872845530628,0.1205287606819879,0.0926264293154378,0.137595633841163,0.1062175540799036,0.083081046849658,0.1231017062258261,0.070125447306609
0.0949505231811753,0.0961881123821558,0.0984796753636337,0.1217096046217111,0.0852547244637402,0.121611152027087,0.0997069440583268,0.0859783159239503,0.1163411084149626,0.0797798394450722
0.0604233675779557,0.1014940947563451,0.1033348104707192,0.1961935795539234,0.0254710698012987,0.1547454875701147,0.0536916309410882,0.0628691673481404,0.1573233934058147,0.0844533982501022
0.0909984741353935,0.1187315196178449,0.1126015352691712,0.093170171928024,0.1048674730868059,0.0837961613992162,0.1045663206213323,0.1016509982289986,0.0959004914129025,0.0937168540853477
0.0667182678359949,0.1002481240991158,0.0377045403050717,0.1285208766697359,0.0450221792600502,0.1486138813140893,0.2090019689958981,0.0138451398856382,0.1476872471407462,0.1026377741535613
0.0715288369207957,0.1321169819689356,0.1310886282602658,0.1330808896393088,0.0735900865930048,0.0875913856843015,0.0602278563788371,0.1015933498431711,0.1089396401676215,0.1002423443032588
0.0949624660478869,0.1033008187998445,0.1098022664141548,0.0929141235151915,0.1283038410689284,0.0999916713427824,0.0752905972175131,0.1214003052607715,0.0997333153550155,0.0743005947768745
0.0709998268188916,0.1029844960294775,0.0766856696322664,0.1116446567624191,0.1068349377052838,0.1285534297559551,0.1078390483350834,0.0892793118380945,0.1265905843025521,0.0785880385219199
0.0968474030651597,0.0911317696187828,0.0876535305406831,0.1074886781765093,0.1009444088456164,0.1240292852005842,0.1133490942615226,0.0880852632413755,0.1146191334407397,0.0758514334640712
0.0807385743859387,0.1061134745523827,0.0940987044722052,0.1144873720951895,0.0977029730044383,0.11635446572829,0.097666912402189,0.0927709799590965,0.1172416107733111,0.0828249324072019
0.0333162098988744,0.1787541268780281,0.1545865121943829,0.1145746214166761,0.107298425188911,0.0408808353743553,0.0132831414598946,0.1439885290629712,0.093278349735068,0.1200392482735425
0.0670603913215565,0.114372140780542,0.1066493285086815,0.1393583399702321,0.0811877574380133,0.1181668196683308,0.0655535769020239,0.0944011211551679,0.1268238905532654,0.0864266333984918
0.0937259273195672,0.0972542239064151,0.0935433774952059,0.1082007852966179,0.1005915629724875,0.1175926156248654,0.1058555368332359,0.0917888373935073,0.1124761851823799,0.0789709478345857
0.0834179915874005,0.1108977595431746,0.0788108782365371,0.1096702546129718,0.0699788944962324,0.1108109398213957,0.1609267757268839,0.0569047277502458,0.115697930965942,0.1028838470525444
0.0958787453731902,0.0961646910508724,0.0910502627540352,0.1081214749142677,0.0955602723302224,0.118828072367253,0.1158151603785564,0.0853171187864902,0.1127197666224184,0.0805444352970935
0.0947607539969573,0.1151361054715769,0.1105699949106768,0.1018170065695811,0.0905322522285565,0.0906124385075438,0.1117803253454005,0.0917197497926994,0.0981887307980824,0.0948826422705921
0.0946665552754595,0.1183000623483655,0.1192723325923522,0.0923455570176856,0.1094350860878808,0.0814470890912566,0.0914844117587471,0.1109508996183546,0.0908734875308363,0.09122451854456
0.0961790071983877,0.1003917543446109,0.1042141004069738,0.1109240443360296,0.0977731799952453,0.1113721563840052,0.093773859713606,0.0970414035322085,0.108257867771918,0.0800726262149263
0.085077745028302,0.1051747363754743,0.1071356717318357,0.1267156728852117,0.0888034593403825,0.1168919238875099,0.0757280593887575,0.0975138850260076,0.116474231570699,0.0804846146445886
0.0978546077642026,0.095230028922192,0.0879751546404691,0.1041979730224994,0.095790973991934,0.1178480620684196,0.1254508889822524,0.08237808451483,0.1110964939170213,0.0821777320522696
0.0972396029321985,0.1098222826800008,0.1079352409377741,0.1010019294408292,0.0948674060726931,0.0951691387071264,0.1100599589256497,0.093796818429764,0.0989408448533883,0.0911667769021101
0.1012396403201486,0.1147322738886115,0.1101820705897086,0.0889356044624053,0.0976807503787514,0.0826782917766025,0.124078867906933,0.0930392852227141,0.0902645509261977,0.0971686644142536
0.0972482996909399,0.1021016106280813,0.1056702097685601,0.1207817337269088,0.0777721589942862,0.1118664597046691,0.1038624726767348,0.0833536671992138,0.1105411386918391,0.0868022488365352
0.1019216656632878,0.1013612161990791,0.1134378702165782,0.101120188616125,0.1094417539229101,0.1000227161956222,0.0843819365523501,0.1096790787885096,0.0984499963427354,0.0801835773685041
0.1010686906471002,0.0912126250567424,0.1117271058671902,0.1112792803193807,0.1136948110806516,0.1148858700706115,0.063888157812493,0.1160472567656028,0.1066368109836061,0.0695593912256576
0.1058665405750162,0.123900682706158,0.1250622492940795,0.0873887182582868,0.0873566968852295,0.0634271323985124,0.1256563254828435,0.0922934370900604,0.0797282685214873,0.1093199486507949
0.0922472728717162,0.1118661633317843,0.0919912932735376,0.1072843647310869,0.0665179794761266,0.098061532924916,0.1569542279488682,0.059898088536034,0.1064336902563298,0.1087453863909734
0.1096964431756059,0.1042505121018131,0.1187633412286028,0.0827219837118443,0.1241336364416747,0.0852780189057025,0.0889624358967848,0.1196570548997787,0.085396420539539,0.0811401530002055
0.0941478057967839,0.101556418654774,0.1228108507697692,0.1220592239365857,0.1018442097317123,0.1076468102892865,0.0496053612801414,0.1167144425245154,0.1068111271560783,0.0768037496720474
0.0920493503630861,0.1151039635165204,0.1413386839502857,0.1081596104622599,0.1216100320406169,0.0844560966209543,0.0248360117802515,0.1410013271049288,0.0930332256891845,0.0784116982741937
0.093542173228366,0.0993214485766571,0.1083794384999192,0.1201459486276881,0.0931895000695611,0.114274290881066,0.0806490623009012,0.0987460494556639,0.1116124511291337,0.0801396370591034
0.0922982606472066,0.1029487416460328,0.0962089841903054,0.1117876196648719,0.0889383107290834,0.1131870890018244,0.1125870520664247,0.0849157222534394,0.1111295608127785,0.0859986588760851
0.0951485731328202,0.1046951345394747,0.1073242998363732,0.1052547457880697,0.1031355001100295,0.1046238954813691,0.0919447779838254,0.1020740062029078,0.1038280438785224,0.0819710229401269
0.0915768243091709,0.1128945685245594,0.1147038276429349,0.0964301348959324,0.1147285716859151,0.0913672999810498,0.0817379270295896,0.1143860621416301,0.0963628421652001,0.0858119414466936
0.0916270116161454,0.133195176929874,0.1261199193724063,0.1011410779889691,0.0757893178019649,0.0663607601575776,0.1165024811513884,0.087960232308178,0.0882004908673235,0.1131035316549019
0.0894644600926178,0.1239499829210945,0.1198821376184176,0.1122012459239551,0.0758891410846139,0.0838677979924421,0.1042509339708012,0.088670935409233,0.09803510637032,0.1037882584778481
0.0946160289289884,0.1008562062217177,0.1056014257439478,0.1212409232184531,0.0838708414102396,0.1138019758727163,0.0945118961583853,0.0893174193977844,0.111655611418421,0.084527671505174
0.1005460985791597,0.1098754764614286,0.1096750718366887,0.0936639341383154,0.1024356516197665,0.0906615558687544,0.1097448963636275,0.098866426403179,0.0939953081801589,0.0905355804509071
0.0915558867499373,0.1061129807542641,0.1005789343268612,0.0965788786466282,0.1089141441920419,0.1007109744451702,0.1058531311168145,0.0996137192916831,0.1025471656319548,0.0875341845979378
0.107523550069831,0.1024455688674039,0.1011186717441689,0.0869453431104697,0.1027238279313682,0.094067847537915,0.1308165764019543,0.090374341331512,0.0933018471969674,0.0906824256756107
0.1040051806505956,0.1039323780511864,0.1206717805659937,0.1012172762084097,0.1086045510708654,0.0948611509350415,0.0775265660746501,0.113352655328122,0.0947391058635876,0.0810893551454152
0.0902750836977935,0.1135136923665434,0.1278443423650418,0.1127462338987647,0.1057779630097173,0.093805002815849,0.0531819463193304,0.1198523607933988,0.0997931877055561,0.0832101868727048
0.0853010263011617,0.1169349687905115,0.0972954955763084,0.097490078236277,0.0973776612709892,0.096241458155759,0.1219114601364522,0.0885994714996258,0.1030799717668734,0.0957684081058611
0.0824989563520227,0.1181521926079288,0.1167756414836278,0.1058461431792106,0.111297702638851,0.094492533622366,0.0672526227137796,0.1168674971418459,0.1016238570825985,0.0851928530253639
0.1031916861076674,0.0881804680120148,0.0969019725935553,0.0915935318582991,0.1302371563636583,0.1162931535196952,0.0890946904442569,0.1134106429720879,0.1040217314991678,0.0670749664702631
0.0965719462203664,0.1247503532374303,0.1399145597722315,0.0802245768140689,0.1371346750842088,0.0644202048969393,0.0499459982752409,0.1447959609511587,0.0769346908171839,0.0853070338117238
0.103914514350861,0.109557082304183,0.1140442871711069,0.0843114868517291,0.1169016953299549,0.0855418098514017,0.1005955681067564,0.1106940069506907,0.088318958782262,0.0861205902133004
0.0802269785282468,0.1109404844322083,0.0903703672167256,0.1139673435735874,0.0862896256122794,0.1137117097146549,0.1171120945740965,0.080375367832823,0.1156445727831172,0.0913614555875558
0.0684538867313222,0.1376736553469044,0.1183350676462075,0.0984724977765438,0.1106057596128429,0.0780576060541244,0.0770097885889586,0.1151952682225651,0.0975466869103584,0.0986497829097823
0.0701511367986988,0.1264676651627612,0.0732699505507051,0.1077499397843394,0.0606772972196886,0.104011696850108,0.1806255670122293,0.0446042797514698,0.1169007270723748,0.1155417395960132
0.0777272690327726,0.1127746011904373,0.1155694894062456,0.1431401097404736,0.0715435346580877,0.1162533573099798,0.0621590953669242,0.0940048473006024,0.1203315230173747,0.0864961728585241
0.0766973710215537,0.1158575603783348,0.105474530228676,0.118450411961446,0.0941233324293896,0.108562928028663,0.0820479176867725,0.0986320749878221,0.1133879313730239,0.0867659417580772
0.0613964573882665,0.1148853082739739,0.0659168315914927,0.0941018730539163,0.1114566626838939,0.1157215756613428,0.1395172933919062,0.0806018016640601,0.1200575581494092,0.0963446376724803
0.0815194773497886,0.130525129940742,0.1198697582268984,0.1115104860436655,0.0795820787337344,0.0817740385706199,0.0988171071772196,0.0916474818586532,0.0991323268273469,0.1056221151036423
0.0657827464350047,0.1280792631227992,0.1269711485680375,0.1343333776412347,0.0872771242503277,0.0975455239916253,0.040891141922331,0.1127241708289199,0.1122534628290374,0.0941420401239018
0.0425709309456935,0.13328679736807,0.101179995104478,0.1575217363767788,0.0549912084636097,0.1195341769519125,0.0734218910585854,0.0769612220086332,0.1367413747191598,0.1037906666879078
0.0938046312149999,0.10683999438073,0.0991102923396713,0.0696154048970832,0.1477623056521005,0.092205189657546,0.0961462154943524,0.1248338339136425,0.0908602730980084,0.0788218591279739
0.0910893483839343,0.1093864802155417,0.1005555900830778,0.1005151115568239,0.1002331686336396,0.1018728036800501,0.1100563150414914,0.0933440379811885,0.1036965914278078,0.0892505528329027
0.0760171395044617,0.1082958654816098,0.1176330491789172,0.1289135249226986,0.1068062446264851,0.1160508906637418,0.0345511429670023,0.1207955995209284,0.1167340176378132,0.0742025252614396
0.0664353600697976,0.1044180199159697,0.0772833086871751,0.1294300470496518,0.0840427670778392,0.1371008865923689,0.1081474174447567,0.075207429623987,0.1336740440280853,0.0842607192500204
0.0669679164240366,0.1294565181551892,0.0918845076372472,0.0956828418137451,0.1041480176624977,0.0948894602111897,0.118324678563881,0.0917861248071287,0.1071334814934695,0.0997264529981444
0.076186793973446,0.1299725415491998,0.0941375348212813,0.0967986832682344,0.0820620691152623,0.0876388573531306,0.1471154785801458,0.071881373103766,0.1034827400490355,0.1107239279545626
0.0724587453799484,0.1148974417952354,0.0834102868100845,0.1407814775641323,0.0414578348321286,0.125191030573084,0.142349165141821,0.0450089012861239,0.1306428862750864,0.1038022301939843
0.0872447057061078,0.1035245356548757,0.09645904642356,0.121633905250819,0.0824874596337836,0.1198601343741488,0.1043493657458064,0.0823616914901138,0.117362874540974,0.0847162810608905
0.0481771620714159,0.1296187580155947,0.0825854965906791,0.1259873664353726,0.0836568491817818,0.1198769875722626,0.1051881032627817,0.0786374039824756,0.130776563246612,0.0954953094131478
0.0573694822065788,0.1253599874314249,0.0819419815731276,0.1250761319955633,0.0735721475476343,0.1188835136855409,0.1229399480236309,0.0674265811943971,0.1286063657706236,0.0988238603526352
0.0782849353600605,0.1208891742283199,0.1110782068459337,0.1113610300914353,0.0980058047143369,0.0991799887723093,0.0825978695968625,0.1022339168332487,0.1075258903956508,0.0888431830291824
0.0908865838082747,0.1050894717522628,0.1051666663873179,0.112917646468389,0.0972668304755413,0.1114779069753515,0.0890309713089724,0.0978696262690285,0.1098405073646825,0.0804537891038611
0.0589560370169191,0.1360714406489253,0.0892853216776388,0.1223212568152397,0.0599959653415474,0.1028698332027892,0.1385909221873659,0.0587608909946354,0.1210799727630513,0.1120683591333333
0.0885252610033432,0.106280118638985,0.1110631358930916,0.1114890719691726,0.1092417967356266,0.1098930329646343,0.067755678261774,0.112016217424824,0.1082320060445294,0.0755036809608025
0.0676237470344182,0.1137677796868443,0.1025575845514454,0.1371538606758441,0.0827355873320538,0.1241849610680956,0.069324800264479,0.0925689237580841,0.1269317868303618,0.0831509686029999
0.0924697696655027,0.1045680134000457,0.091193843982228,0.1128082709718133,0.0777769602574252,0.1145957169175747,0.1317545479953843,0.0711157136666993,0.1132007253453951,0.0905164377118669
0.0955467754802542,0.1115327292692968,0.1190146711892187,0.1029657995277323,0.1060977130265296,0.0946159790679711,0.0787695831554485,0.1103391335541343,0.0981995743584633,0.0829180412848759
0.0914268744700695,0.1041440692669886,0.0972275065757326,0.1036424902759162,0.1036493594745268,0.1120192261281675,0.103717361168432,0.0945738311087943,0.1089452076680836,0.0806540737573644
0.0868710495410251,0.1305696763068063,0.1132173952765635,0.0965471603666752,0.0850258566639545,0.0772677316618813,0.1239076066134102,0.0858894810621219,0.0942946525603206,0.106409389820677
0.0893873074216688,0.1000866315104172,0.1072597730893636,0.1078482438919363,0.1216406054248863,0.1160500664732237,0.0607322516472766,0.1189791165396941,0.1099157537914418,0.068100250067572
0.08282738399898,0.1137634473051258,0.0989575739267461,0.1176492990953335,0.0792730158647505,0.1095634459690809,0.111938682553874,0.0789773117547534,0.1141966056622556,0.0928532337222376
0.0845875627437885,0.1181803278231061,0.1110950890965647,0.0992785173072711,0.110509336686183,0.0946743815287109,0.0854509051172197,0.1083862859518216,0.1012863550120954,0.0865512385779813
0.1002795674762376,0.1033896368982574,0.1127206268909372,0.0930377779608887,0.1230955716309695,0.0995338072023617,0.0785279547074208,0.117877796884145,0.0968834274296671,0.0746538328348936
0.0811647256540145,0.1312878789595211,0.1148090386708981,0.1036547801032762,0.088069883589075,0.0826703858807919,0.1049879860883263,0.0922493387517533,0.0991894019265141,0.1019165802572042
0.086020504565223,0.1075161015828124,0.1012099971728151,0.1209354632435422,0.0847122774535744,0.1157277441721043,0.0970202692371308,0.0864976599948921,0.1158978344216958,0.0844621480563959
0.0745404797516428,0.1337133683043486,0.124534208971501,0.1020794636424802,0.1104523577801488,0.0814157117425648,0.0652057613887682,0.1181515714707493,0.0983584201908434,0.0915486566027846
0.0765580052565204,0.1147662387016484,0.0988081872443114,0.1268729617592377,0.0766262658334829,0.1163398985518905,0.0996721584900706,0.0807099825485265,0.1203675890908367,0.0892787124131893
0.0680482470420702,0.1241298093978367,0.0891264841770699,0.1057829698695907,0.0963416708339518,0.1076463767752239,0.1159761984093227,0.0841711287743672,0.1162385755953193,0.0925385389515845
0.0723113896277048,0.1258006566428311,0.0969561594232237,0.0966623798820775,0.1069258898992983,0.0976983194166546,0.1088237099651973,0.0947686250321445,0.1083947326434221,0.0916581372885197
