0.100763993720059,0.0985638261053534,0.1054267514229549,0.1147921035986776,0.0884658300474652,0.1148216138656137,0.0997432906724442,0.0873498531344377,0.1113805768891239,0.0786921604364138
0.1084550298222275,0.1252967852500544,0.1375196467502511,0.0776586659121874,0.1128244432507011,0.0590970410094796,0.0929973481967317,0.1154764337883769,0.0757839943604185,0.0948906115288368
0.1072947624521887,0.1033511469532411,0.0973541647164603,0.0988140677969775,0.0792525065324034,0.1020671533506829,0.1486749315437069,0.0673730256004885,0.1032290002814587,0.0925892406570963
0.1037955830771818,0.1076853042639023,0.1206200884591201,0.1080140796819882,0.0914748808582236,0.0962679913332527,0.0905624044631419,0.0975479659574093,0.0996143693037084,0.0844173325115064
0.1042589936608157,0.1009836582383628,0.1069745306512314,0.1106400019918525,0.0834182061058855,0.1079248610835054,0.1127221713207451,0.081961262436435,0.1070824613238085,0.0840338530798022
0.1077357013644916,0.101980716674837,0.1048091172395113,0.1024010863547733,0.0850748193677673,0.1020996405228845,0.12641682885678,0.0800223448175549,0.1016124936753034,0.0878472510510206
0.1042903289782059,0.1064335731208463,0.123888673994135,0.1012025820441474,0.1084506542219294,0.094456515592471,0.0746302164155891,0.1124711928603008,0.0964407253397178,0.077735537338178
0.1116697851177088,0.103513585326926,0.1107899209342764,0.0944485498355197,0.0936572667918826,0.0938169141698917,0.121502906337407,0.0882386514492594,0.0947809042398154,0.0875815157181253
0.1077525392000774,0.0903625646102206,0.0971059405725598,0.1065682786500674,0.0951220222942175,0.1189269537767818,0.1137153034046088,0.0856535256778358,0.1095454011709617,0.0752474705656403
0.1083472412746446,0.1075405070238936,0.1121208355914539,0.0934231007770397,0.0951628338122645,0.0907656079787553,0.1192977166935697,0.0901241749930433,0.094270071123625,0.0889479106463132
0.1047566066805455,0.1059052755245978,0.1117149937123998,0.0958601697305469,0.1021740745744192,0.0958590027571242,0.1054712276840125,0.0972737530279245,0.0976877480421164,0.083297148161441
0.114115585384384,0.0953054184989005,0.1106760024058886,0.0906249041429022,0.1123947785019188,0.1005318053791267,0.1022810117775962,0.1031410107460381,0.0955796483640725,0.0753498347048809
0.1077847990271561,0.0914886120816127,0.0945050525896829,0.1078846165351457,0.0860818300317675,0.1186528896018358,0.1275590024780717,0.0755380706831144,0.1110772652896383,0.0794278615864218
0.1063127168950398,0.0975644439585281,0.101081970195764,0.1091073811754356,0.0821418341190448,0.1111018478369412,0.123523960342291,0.0773307461491647,0.1075461040360975,0.0842889952157086
0.0944258251704724,0.1111569541612776,0.1070564405470125,0.110455179613842,0.0826965709566363,0.1023469719099018,0.1127773536935869,0.0822704552879829,0.1077090903302571,0.0891051582179512
0.0978084751454567,0.0957462973688283,0.1046937625112374,0.1202678129661985,0.0909842969899851,0.1219498737725077,0.0879623847559879,0.0911679221168271,0.1163476152543126,0.0730715590078854
0.1106458366562915,0.1003674067444405,0.1166460792024191,0.098070467829583,0.1039812944713254,0.0976717295459103,0.0948889110296045,0.1024562837069285,0.0963555190331696,0.0789164716956337
0.1090686986681855,0.1012288870510699,0.1145702287351835,0.0961103941204889,0.1054531741612536,0.0976462135484605,0.0983496638402625,0.1017185455121079,0.0967607968520888,0.0790933974183716
0.1014169516694081,0.105751408986591,0.1075558043191548,0.1026639274900443,0.093292419083013,0.1013839296202066,0.1109907869957905,0.0892424477971129,0.1031052432882708,0.0845970806518227
0.1030433368364544,0.1085323052905384,0.1098448302712319,0.1015770540467275,0.0883531948959331,0.0960924068636673,0.1173246964871235,0.0860958951909759,0.1000156809472041,0.0891205990875166
0.1062451056667223,0.1091624593308558,0.1221773310067923,0.1064585947768787,0.0872917841101979,0.0910806905890983,0.0976862424452358,0.0952293252245796,0.0960570938177983,0.0886113729604119
0.112279683112291,0.1102674295318756,0.1213397630511855,0.0935449328569492,0.0907725201784419,0.0823936772895274,0.1162816445922303,0.0911964283927575,0.0897206570141227,0.0922032638652038
0.110954294151141,0.1117261075014618,0.121327119534216,0.0918649963028952,0.0930837510599048,0.08091436465407,0.1155663609649725,0.0933338187300778,0.0885545138343393,0.0926746731710756
0.1088850657696946,0.0917708962339481,0.090159904993781,0.1092007278040139,0.0751202498703157,0.1187146591513085,0.1457772064498742,0.0628794963166799,0.1124954717969978,0.0849963214961466
0.1103725708065971,0.1109146857212146,0.1252062858053433,0.090371251417002,0.1026724263216208,0.0806941931027543,0.1007927783129754,0.1028406755648019,0.0885104640284925,0.0876246687752166
0.1123230297154507,0.10066788504236,0.1057599726472803,0.0929940176900227,0.0944991585689387,0.0971222786912665,0.128438044188406,0.0853664912427773,0.0963020561757582,0.0865270659546314
0.1065900511645286,0.0984676052977677,0.1126730547184903,0.1134880708163247,0.0862834779860519,0.1075576549197616,0.098229928791226,0.0905254321752646,0.1052050724271491,0.0809796516226164
0.1054661491272865,0.0952646015822963,0.1007240622779156,0.1184885933522148,0.071024053672934,0.1166420042369091,0.1251089671884545,0.0687480392977853,0.1140517694360177,0.0844817596783059
0.1090357404350784,0.0985098117903596,0.1027638714407806,0.1135861822314849,0.0681650078378429,0.1081933492164907,0.1345440160985197,0.0672239473460924,0.1072049114800102,0.0907731620237731
0.1155889725754338,0.092743353735589,0.116243479952524,0.0999945739744542,0.1059297953622722,0.1033049308494301,0.0902349388692237,0.1044362041360227,0.0975219626676756,0.0740017877773097
0.118369231598254,0.099227001383857,0.1200707666946859,0.091089416814117,0.1036165371215289,0.0896417066042158,0.1049703175516854,0.1004096816385073,0.0903256583202175,0.0822796821345256
0.1127131922521868,0.1076624073227239,0.1193154984322831,0.0952338056539459,0.089490001867282,0.0847380182536369,0.1176056714516965,0.0904733308279881,0.0906571503845714,0.0921109234147346
0.11358708405683,0.0967735355531289,0.1299007065332308,0.1022777664261269,0.1081800063454994,0.095858443934201,0.0709783986636151,0.1119415067586608,0.0978194988355452,0.0726830525898553
0.1165445889632601,0.0910967064758038,0.1222684649585716,0.0953323682972487,0.1195199289698309,0.1011169292802696,0.0737926281958916,0.1169995623445614,0.0959999259731299,0.0673288963455825
0.1116994132324321,0.1159660295657113,0.1474012423867395,0.0865839193462051,0.1201190595917026,0.0661252926090309,0.0590764762109473,0.1321150875035509,0.0779081869956331,0.0830052923655786
0.1093857218527314,0.1121938428629734,0.1245566660564115,0.1160123516833124,0.0546262218367136,0.0862249876128937,0.127841534973146,0.0679958936255745,0.0986481100076893,0.1025146692853902
0.1099036350691535,0.0896377232410198,0.0896178892546845,0.1148859600634367,0.0633091030457441,0.120733005263634,0.1550655554006241,0.0532755901648712,0.115630800914509,0.0879407373757433
0.1063892890478905,0.1078500738447042,0.119637525847805,0.1041297420800342,0.087336970966737,0.0912977467264456,0.1052560788575243,0.0918176038153592,0.0970377746838317,0.089247193971671
0.0906700785584868,0.0803773550701425,0.0986359504246596,0.1559624473946077,0.0686085395113566,0.1550213094926249,0.0683671390194099,0.0784601995018352,0.1418881983259557,0.0620087824423283
0.1101605573875462,0.0850609837016797,0.0924475774845265,0.110070852473165,0.0852008603935653,0.1235816208166615,0.1290545382203656,0.0738414824041113,0.1140918140717686,0.0764897128462088
0.1052626671195021,0.1061498494574123,0.1164129773031125,0.1082142655608899,0.0833840717993982,0.0959346224751651,0.1073280377647146,0.0879566130574938,0.1005643772222143,0.0887925180795549
0.104280561515336,0.1118082315799666,0.1209591010760346,0.1013763552148632,0.0911962352113602,0.0870560342009148,0.1018590864690175,0.0967017820799408,0.0940741525924673,0.0906884599404739
0.1108630828243574,0.0895197562119965,0.1102384336106949,0.1023288879869475,0.1105610264866292,0.1117329653766687,0.0859903804497896,0.1065742198652355,0.1028429498680927,0.069348297180688
0.1029345429276745,0.1109441141174581,0.1099430395148601,0.0978143574879859,0.0874777786989094,0.0908190232552953,0.1250757575271034,0.084663768757817,0.0973216020199646,0.0930060155566356
0.0993382826449117,0.0922977284366489,0.1062611229605507,0.1200457525002651,0.0941499628147912,0.1225140809372128,0.0830670557201503,0.0957811622107569,0.1154474666348562,0.0710973849600145
0.1037878908647691,0.0938089437757315,0.0944593138928748,0.1001522081664867,0.1003594942542471,0.1148227399237508,0.1201017396917948,0.0873093749229283,0.108041987005157,0.0771563073642307
0.0934803768884015,0.1168050051103791,0.1065440131689385,0.1081321329760627,0.0733597266113089,0.0941805922270838,0.130188221233264,0.0745214731327334,0.1038640010148852,0.0989244574922169
0.0898521317195628,0.1085517843394928,0.0844098335910162,0.0961871598292433,0.089705005610788,0.1078264316186758,0.151246175432576,0.0702484320808989,0.1111895344529334,0.0907835110953434
0.1033378884504009,0.0926772431272261,0.0861577435066035,0.1075484993723454,0.0804558229710177,0.1202822245575769,0.1449854595899829,0.0668452144895467,0.1135543142213004,0.0841555895720114
0.0910841165265625,0.1186114421604095,0.1091675692347588,0.1085001866166289,0.0774846430414391,0.093268530443046,0.1204986225059749,0.0806984766937074,0.1033140336702786,0.0973723789806373
0.0935911893449304,0.1105565355397337,0.0970431433514311,0.1017938590160262,0.0849515690267285,0.101841938867884,0.1349429137891939,0.0768111051235778,0.1063110720543168,0.0921566737348914
0.0931402278087406,0.0942759814775946,0.0983816604949064,0.1252276604809761,0.0869571685778405,0.1283457114505069,0.0916205051983499,0.088401283062567,0.1202057975457979,0.0734440038117855
0.0930454828437639,0.1127444082951353,0.1152508459492327,0.0973332019841857,0.1114167067999342,0.0940625870200093,0.0854549096450554,0.1108554179411313,0.0988690204551731,0.0809674189423328
0.0801835407100853,0.1080164526665516,0.0950533478286365,0.1244176647818276,0.0815640167674356,0.1217817031617436,0.1024419806231399,0.0820779678431382,0.1219705920829772,0.0824927334179858
0.0889042694186085,0.1171718084767911,0.1244311474373369,0.1125787903458283,0.0978788151066056,0.0937008538330004,0.0684542874796449,0.1109532666394088,0.1016415110227111,0.0842852501390094
0.090257921860076,0.1018402847856375,0.096842358839623,0.1058823435556967,0.1050912938004325,0.1153251948424093,0.0997568552116859,0.0973027940203704,0.1118772695646432,0.0758236833958469
0.0941073348590849,0.1013052950121854,0.097533576668852,0.1194663905332489,0.0783294788008924,0.1178354780085915,0.1139049252639836,0.078354527885227,0.1148731095910547,0.084289883303017
0.0884553612026498,0.1137911142470992,0.1066466688454256,0.1092156788148246,0.0896860902206253,0.1010789933324992,0.1045071939618246,0.0916137447544545,0.106321257248388,0.0886838972587383
0.0963068955710382,0.1024779442398052,0.1069622801859696,0.1089354674971182,0.0995256505562951,0.1093912939007488,0.0917321590727689,0.0996826078700063,0.1068048467311087,0.0781808542955663
0.1001003349785872,0.0954857274561792,0.0905889743520434,0.1016176730165006,0.0986272553509121,0.1167982567203648,0.1232091090494664,0.0857602624118951,0.1092466353260886,0.0785657712606909
0.0952475095431872,0.1016846575441705,0.0855102228433028,0.1039475721167986,0.0833625586951733,0.1143332983039341,0.1460027407363137,0.069844141535787,0.1115690928632981,0.0884982056986549
0.1015833052321806,0.0810471819389258,0.0765311987960854,0.1103314523467682,0.0945910361306812,0.1383223041111206,0.130455037964059,0.0759446709569094,0.121206779228552,0.0699870331946118
0.1084990377773547,0.0936594545060935,0.0967625845992316,0.0870157481156396,0.1141471576672085,0.1068017987799567,0.1205593711036656,0.0976021101217948,0.0990808506528274,0.0758718865776184
0.0930388516512517,0.1064536013543507,0.1075275767107188,0.1226785963328875,0.0754636073707903,0.1106020606441969,0.1019658199793051,0.0836514768350371,0.1117872500132002,0.0868311590299378
0.0941170044298489,0.1146888213393187,0.1096844166797082,0.103385556199622,0.0886436196610959,0.0935883873031615,0.1129604588178807,0.0905205999921403,0.0999735403884257,0.092437595097599
0.0885186397634773,0.1072485433142227,0.1033543393321165,0.1230810076397391,0.0775286263372511,0.1137626180668426,0.1023820150138576,0.083587141404591,0.1146967169538055,0.0858403520911065
0.092737570382583,0.1056990555577463,0.1014354899023464,0.1151787763122152,0.0823318944901824,0.1104799661422835,0.1112409768232296,0.0837378549583661,0.1106857052772702,0.0864727100647602
0.100187451846309,0.1021128431521006,0.1109732195630524,0.1037624206190398,0.1047630689978512,0.103999144183765,0.089204951457489,0.1054649288070962,0.1015419080246195,0.0779900632731872
0.0973946344326028,0.1065855663517063,0.1010415510169941,0.108581508679141,0.0800880496471972,0.1044708120406286,0.1264741078819662,0.0784519610518878,0.1061055712367874,0.0908062375756243
0.0946716399730639,0.1212723158918417,0.1206480946633351,0.1033507751281064,0.086761934533175,0.0827828257003595,0.1039164468612216,0.0956518362447435,0.0944280137511998,0.0965161171753529
0.0901635266331895,0.1055535237142534,0.1133087310626842,0.1264848628221978,0.0840175623094076,0.1128851650053583,0.0772838694449938,0.097090900697102,0.1129154120275864,0.0802964461991965
0.0975770915534064,0.0963742167373258,0.1063781774939276,0.116434394692051,0.0965623248716855,0.1174004583438474,0.0846169102890282,0.0995584886134488,0.1110567322586132,0.0740412050667161
0.0968919972222251,0.0949195396963223,0.0960986225414614,0.1048127992369673,0.1060972764438009,0.1180808727195854,0.1018509492756955,0.0977357954163655,0.1102195497355923,0.0732925976055444
0.0945501310140354,0.1103597263918136,0.108920938646622,0.1023323619790556,0.0975901283896655,0.0977737977997539,0.103351587086461,0.0978357454424635,0.1009972312665561,0.0862883518936095
0.0935153321779072,0.1033146062705107,0.0997571835575952,0.1061889500453507,0.0981562623225178,0.1103335513461001,0.1059419889956521,0.0937809891449598,0.1080947562437426,0.0809163798089661
0.0875130175810552,0.0980283244864739,0.0947182192911832,0.1267483715243645,0.0830973054626938,0.1280782720682424,0.0978960432133787,0.0847071181838447,0.1219783878141529,0.0772349402858432
0.0896199153076137,0.1138061337336093,0.0969694393778603,0.106235137760404,0.0790189688572568,0.1009248790777669,0.1352915070963056,0.0753622098619841,0.1066461560356603,0.0961256527910906
0.0916219435748981,0.0981979640753151,0.0918896457954998,0.1140222572723477,0.0905260196100553,0.1219114849523951,0.1123018670061292,0.0844927664685454,0.1162436144356884,0.0787924367167186
0.0940184794794408,0.1037376231958785,0.0987140486609099,0.0982497369216235,0.1066880640903461,0.1067293764717541,0.1085386392364559,0.098456214622666,0.1047071145796398,0.0801607026320797
0.0925856095173259,0.111234715897595,0.105548845488567,0.099683316617806,0.1009467227015012,0.0982250237461716,0.105931474341172,0.0984688750727072,0.101000433014702,0.0863749835209252
0.088312213765735,0.1026556167910117,0.0903572170058367,0.1047501825972205,0.1014421951307968,0.1163348858868376,0.1131730249854966,0.0909788368679161,0.1125637029124384,0.0794321239509678
0.0945983727381095,0.1043373834764418,0.105242995766932,0.1138272993590579,0.0883180654114475,0.1093544744564464,0.1010537675055814,0.0915723131962661,0.1081853542066786,0.083509973812083
0.0990479149373341,0.1170228041385287,0.1202356156608999,0.0960609753622725,0.0968389222660356,0.0819656515761581,0.1031556642648319,0.1020673304306913,0.0908378039795122,0.0927673173001702
0.0822723980714849,0.1269311822618856,0.1069861129686607,0.107004083373242,0.0743188070073411,0.0873308439500835,0.1295056684978685,0.0788163857734308,0.1025155252070148,0.1043189927470782
0.0985879175231444,0.1005389462149122,0.10500107552833,0.1056023713287137,0.1006951688733003,0.1083083548129373,0.0982494007169908,0.099466874128833,0.1046225967086616,0.0789272940841714
0.0904183201934081,0.1069655514933891,0.0946036219543297,0.1248704865692606,0.0591972994532664,0.1145561990984317,0.1350367614813904,0.062772685428256,0.1163054422583754,0.0952736319869494
0.0923840514332963,0.1062466681243774,0.0948663534428413,0.1105740703119675,0.0797966456653238,0.1097169334534513,0.1298211089931629,0.0761716980411992,0.1102430269150512,0.0901794435286201
0.0884510065753546,0.1105801154369491,0.0969431993596188,0.1023336277338392,0.0932881238416641,0.1034542385047109,0.1220308453005741,0.0875804633137256,0.1062567614289407,0.0890816183830167
0.1016293524792397,0.0996033085421343,0.1010352138407987,0.0978122437145125,0.1034354094115581,0.1055924992816643,0.1120881789990235,0.0965298533051761,0.1016267040785854,0.0806472362574916
0.1028862777930855,0.1038399552837038,0.1079173198128133,0.0927666001131688,0.1056177089461801,0.0950572341705759,0.110851118632646,0.1013225020209714,0.0955150870937358,0.0842261959974273
0.0945565031333173,0.1090901415545421,0.1097288937138735,0.104003796522548,0.0964377080253704,0.0980772391314742,0.1019822410175185,0.0987676097350485,0.1011783772324474,0.0861774898167914
0.0940839677744931,0.1064534016972349,0.1132471137074555,0.0990342400162241,0.1136365477490145,0.0986150308394657,0.0827857614398577,0.1150107613860136,0.0992739135630562,0.0778592616867292
0.1055193301010271,0.1009539434455691,0.1097512337043381,0.1028900430409739,0.0945849704751602,0.1011005773587413,0.1072515055206059,0.095244379031963,0.0991769506189119,0.083527066632461
0.097459193168567,0.1071413512669643,0.1137110027394457,0.1102252164707681,0.0905767639619545,0.1001877895600851,0.0955260726886676,0.0978186365649417,0.1019763253751776,0.0853776481139905
0.1036144155004147,0.111491509238297,0.1269135055900312,0.0903976556124966,0.116056068231489,0.0814843758216226,0.0791578826267467,0.1216837308211598,0.0864775312371962,0.0827233252302507
0.0964911902230037,0.1099109692011355,0.112656440491295,0.1120901778651012,0.0821206455100564,0.0984489904748454,0.1053766300800669,0.0902057409203209,0.1024482445600989,0.0902509705923104
0.1016752263648372,0.1086455715158804,0.1221247749894906,0.098950796789443,0.1066809573460728,0.089936441037131,0.0831495488734903,0.1133119013606366,0.09296147894109,0.0825633026949707
0.1028871281310484,0.0991921490534347,0.1083551341607439,0.1128896142496119,0.0845903016706896,0.1074221437368359,0.1063829708014175,0.0896554527524457,0.1047659933452912,0.0838591120089787
0.1115478385081649,0.0923464035162951,0.1162211371475376,0.0994495025777199,0.1123821939374343,0.1035938487269054,0.082385955946577,0.1139776244140832,0.0962524356318614,0.0718430595016059
0.1057441837875359,0.0893475536504596,0.1039419287786345,0.1140338710513018,0.0923685094029849,0.1180159169680602,0.0989147761475333,0.0939897371781442,0.1086005699129032,0.0750429530172467
0.1137486673717258,0.0868156804803426,0.1220717540914188,0.1021956600855803,0.1207941156365161,0.1061690524915853,0.060506021891712,0.1269682213022806,0.0958590015084609,0.0648718250082175
0.106262829628415,0.0970137608776083,0.1012405173858747,0.1053414857056317,0.0829560877156376,0.1056834020435283,0.1300485262027481,0.0809168829530791,0.1028540487214935,0.0876824586343559
0.1130428384768697,0.0902537273604165,0.0887794936621751,0.0983592163427919,0.0805765563900485,0.1099642708922846,0.1587508530886759,0.0682412641857135,0.1027304549665887,0.0893013245117831
0.1075368503041683,0.1098271536656901,0.1038857149688992,0.1026601071338053,0.0544966692713551,0.0850735194898983,0.1729294459257618,0.0574728451925332,0.0947868303688731,0.1113308634656726
0.1105775323384125,0.0955870309518047,0.1146147992898213,0.1034907469983354,0.1001979161913922,0.1019799931499741,0.0940070081927769,0.1036267527223717,0.097344492909978,0.0785737271772215
0.1131534641252463,0.0928027584707667,0.1078331651944763,0.0978855224821231,0.1015593949810083,0.1032332351959698,0.1088301864931212,0.0987307033201926,0.0965709261066627,0.0794006435457538
0.115273268476478,0.0871420750954986,0.108531382163103,0.1076516303127801,0.0930213117240586,0.110329665258099,0.1047501053231518,0.0948597880922115,0.1010608784912786,0.0773798949622386
0.1100444593190591,0.085320289570888,0.1023108652709339,0.1170556240548682,0.0870442459357491,0.1212934086050635,0.103250868040533,0.0887174511769186,0.1097385086170271,0.0752242793295139
0.1156779082779986,0.0795081743269877,0.1104341055567655,0.1073075596174246,0.1114609856063117,0.117842602748975,0.077663571275194,0.1128355191248702,0.1026740181792763,0.064595555170015
0.1100780673007157,0.0901394402129029,0.1074461128943398,0.1113941697026306,0.089464110390659,0.1108786834368279,0.1044142315352303,0.0929737255051116,0.1039272759092748,0.0792841829875201
0.1122836435276472,0.0940967509880388,0.112734075820472,0.1034680042835983,0.095397341543404,0.1012158066555754,0.1036409607651971,0.098669368513372,0.096958514710123,0.0815355330768129
0.1049720322473639,0.0865184932526956,0.0969484713541885,0.1154925037570438,0.0884805229305452,0.1217657291769724,0.1096804667045003,0.0877884883561019,0.1114059301714294,0.076947361905013
0.10918526904067,0.113682777465772,0.1245615436943112,0.0809000960474977,0.1081074367685043,0.0676663030529689,0.1100613714678122,0.11192318873324,0.0777343933577506,0.0961776201885762
0.1142897734059238,0.0845893549777078,0.1027264764287929,0.0975065644309666,0.1103367194439018,0.111314690357974,0.1032492990407761,0.1040797911157074,0.0994950907693873,0.0724122399027035
0.1050104353176915,0.080379265260839,0.0853788022108022,0.1181826864760116,0.07649590110702,0.1278631493752677,0.1367262416553475,0.0723073466145989,0.1164412976480109,0.0812148740750345
0.110696516816989,0.0685532847855484,0.0814603653941907,0.1211245054137172,0.0873342672488604,0.1438384279171614,0.1197579670445021,0.0788302678486016,0.1215685178519545,0.0668358795265892
0.1126518030549103,0.07950612485125,0.0999332154340867,0.1076843636866414,0.1061218143245361,0.1230039110628783,0.0950824525897627,0.101453707763788,0.1073213738065778,0.0672412333187564
0.1037620062096992,0.0953087668595268,0.0920053696238696,0.1096998068384107,0.0782270379106389,0.1135675025929863,0.1377382147345874,0.0730339453854388,0.108358137336834,0.0882992124170518
0.1064628738671667,0.0905296128800745,0.1010748547897846,0.1096451272190834,0.0939900025379279,0.1151370995862557,0.1065663016189728,0.0922830414905317,0.1067217858076417,0.0775893001086544
0.1076596239403219,0.0964279160936033,0.0968656517721781,0.107844002743314,0.0743122868275209,0.1065776199384679,0.1422253431650336,0.0718157229119979,0.1039991052179578,0.0922727272686289
0.106658314480425,0.0908719763073148,0.1042295599596275,0.1097518540447491,0.0979496365338601,0.1149463432470166,0.0969977649157048,0.0975953327608636,0.105949612462831,0.0750496052208705
0.1052664543491449,0.1054073170758502,0.1126752040531438,0.1007298715689267,0.0893635064812429,0.0906744204665076,0.1158038346472133,0.0936584125359897,0.0943671040098515,0.0920538746628443
0.0982905391456574,0.1059901435098066,0.1055802291990619,0.1090314845323943,0.0822038995082774,0.0996851564571851,0.1185014971406353,0.0863590992130009,0.1024044281344933,0.0919535230298505
0.1029411634792365,0.1177034062295267,0.1204089231342923,0.0798911977663123,0.1073783859827978,0.0665475123892848,0.1172370404956833,0.1093802806112935,0.0796957850010294,0.0988163046891814
0.1078882199959035,0.0888027144386835,0.0928670660947878,0.1061355299360589,0.0899354444964013,0.1172901592215494,0.1272507878663476,0.0819403092455141,0.1078832861597166,0.0800064824458728
0.101830166055378,0.1003850606998864,0.1173995522591501,0.1179142015437842,0.086936345248001,0.1039116134155115,0.0852188904423557,0.100191229106043,0.1035850811852853,0.0826278599202499
0.112139179571107,0.0967052728792587,0.0969444893388041,0.0958991592851453,0.0837350890075046,0.0995749895065205,0.1491131951019736,0.075808289926708,0.0973802130800232,0.0927001221735283
0.1149473873523321,0.0920916154890489,0.1192409308945956,0.0988632096808074,0.109518245418257,0.0975421063671078,0.0847715622354917,0.1146648514415254,0.0923250832473341,0.0760350077285011
0.1056249697834473,0.1014721004961343,0.1012187187371803,0.1135104498845529,0.0647357536869077,0.1033007915955686,0.1410260624958666,0.0680388024219209,0.104299412202252,0.0967729385895654
0.1094622279141447,0.0841052998459224,0.0943270170587578,0.1057856060095797,0.1005793615021917,0.1217464461517184,0.1110650804779982,0.0922877909121021,0.1082087332914391,0.0724324367514895
0.1073039880222115,0.0789287779045708,0.1060659285495118,0.111415842002594,0.1195015291853525,0.1260988224122123,0.0631120989209578,0.1201053172777477,0.1091996717518888,0.0582680238326857
0.1021824727964605,0.1160426242631322,0.1092269137951095,0.092850074769145,0.0837179199231898,0.0807340018174235,0.1391543556627917,0.0832315646635399,0.0905781921122812,0.1022818800848952
0.1041279938425239,0.0963561262651511,0.1082329988841456,0.1134981769915477,0.089681837457734,0.1101795085280269,0.0979179776152579,0.0942356537623343,0.1055242847593852,0.0802454418187182
0.1036138141994614,0.0843065553400238,0.08757481283876,0.1173545994127955,0.084585108046201,0.1300350744132489,0.1214050527419751,0.0783136356719198,0.1170514587257201,0.0757598885090366
0.1085004092002552,0.1087495806989927,0.1182764502460495,0.0842815765738942,0.1107689413845307,0.0793725011134894,0.106665585497825,0.1102125111720622,0.084367534723315,0.0888049092567662
0.1059808368847938,0.0927916537510502,0.0994677592999286,0.0956737704728845,0.1095136436181112,0.1077690578886165,0.1098942711756373,0.1013999123394353,0.1008200929604779,0.0766890014700042
0.104441671601772,0.0886957356917183,0.0999240743129644,0.1067284206209422,0.1026697542805771,0.1153018371999175,0.101057753805078,0.1004152836758013,0.1064294181063725,0.0743360505268887
0.1061364183521516,0.1010834363570793,0.1226157456530666,0.1016918137270893,0.1095542617232781,0.0944038382832471,0.0751500226031886,0.1173840443130565,0.0943603998420683,0.0776200190154695
0.0975003029934738,0.0829019619022749,0.0924975649260318,0.1280825812777589,0.0882578588193546,0.1364998963861366,0.0926605710791403,0.0900309841845006,0.1221870849694314,0.0693811933225525
0.0981010471946831,0.1011089978887882,0.0797073519800062,0.1221292063880385,0.037962322000197,0.1139801744170129,0.1876564099851639,0.0350620637045073,0.1164847287024922,0.1078076975400842
0.0909455274325627,0.1118260873232827,0.1049561875105311,0.0988401176680293,0.086919992629789,0.0800642886975094,0.1323690065081298,0.0956065569512862,0.094506885392812,0.1039653493433956
0.1166152260911518,0.1183961372966024,0.1229781025347427,0.0971353199507217,0.0519980099767651,0.0604320752301463,0.1648380319951103,0.0665921592766403,0.0789387410169567,0.1220761963951632
0.1200636347751648,0.0774171700457592,0.0770273413645718,0.1011789572953348,0.0740962564596678,0.1209523850675563,0.1770423780908908,0.0571844204162475,0.1074056586651359,0.0876317976255015
0.1220990097613984,0.0824178214461996,0.111258862055883,0.0983457749446687,0.1074150056211458,0.1052321611059604,0.0979185941587339,0.1073064346322198,0.0945951280863704,0.0734112080205973
0.1448403610666402,0.0730901627808214,0.0710896620476787,0.0502333248065025,0.099099464482567,0.0874515945628391,0.2380265953941501,0.0586942629436533,0.0783932265296864,0.0990813449933672
0.132988404239995,0.0636552404700735,0.1169645161305908,0.0911583541061164,0.1362029192373462,0.105218110474985,0.068012519060436,0.1376502296754488,0.0900382012453995,0.0581115048857692
0.1090599643808368,0.1045292372675237,0.1236021282865792,0.1073288557316429,0.0832648385534427,0.0842028520155475,0.1035360292874333,0.0983035805295649,0.0923486136659278,0.0938239000073646
0.1084276765541886,0.0695374184473174,0.0761432537331878,0.1207537971107162,0.0846744638061257,0.1449297790407482,0.1295627334619583,0.0731547097677405,0.1239244915387415,0.0688916763536884
0.129636625324743,0.0755751600084404,0.0975908040055396,0.0901701242432694,0.0998401950555609,0.1069452928284441,0.1388433295373116,0.0885512972903785,0.0944303283406567,0.0784168431259488
0.2115255902936247,0.0822678061197969,0.1049971867407937,0.0961761570958952,0.0238642295870618,0.1422282962705105,0.1491856004248729,0.0078059448336965,0.133191620417686,0.0487575668476922
0.1357778144868292,0.0779064057537359,0.1223379399690271,0.0960317535049179,0.1047719602916653,0.0979499951835854,0.0956190594115983,0.109106153754077,0.0869371381875006,0.0735617792934694
0.1359921104570305,0.0810704375283001,0.1008348968248295,0.1197836693605338,0.0267781617161793,0.1018744442858595,0.1907769074893648,0.0345400680798232,0.1002632180975198,0.1080860858551023
0.0269499663116554,0.1041311950997179,0.0982023577437988,0.1753547988603672,0.0825362081989725,0.1620799819504785,0.052829079844516,0.1115401567005915,0.149900669113058,0.0364755857789998
0.2277735026651466,0.0925733171284986,0.0217281658681213,0.0062209501938007,0.0184141885096014,0.0845178312931615,0.3787429495589138,0.0893580768688667,0.0243302442978526,0.056340772857875
0.1897508163359368,0.1158025995511568,0.0791527822045913,0.115916575177075,0.0482953866879033,0.1691258429462729,0.0873592916985534,0.0113629100177154,0.1606836249886517,0.0225501689833012
0.0086963117523077,0.232737698668118,0.1082757598845638,0.0161228654182844,0.217945899794182,0.0034177729228383,0.0914174958327339,0.1616416110025763,0.0523904292412987,0.1073541546488192
0.013848902316354,0.1930021905220464,0.1071374999993909,0.179465080649038,0.0257279028456532,0.1144287259102442,0.0436924754445648,0.0611739562694517,0.1508606275365647,0.1106626379597673
0.061834791036774,0.1165806583717704,0.0993191173164089,0.1402578184028523,0.0946134343480485,0.138578452548905,0.0463309159962096,0.102031285777344,0.1321663681566305,0.0682871577927489
0.0532131182385955,0.1760805045049916,0.1204104638063685,0.035987460282705,0.1746148472231681,0.0702123427720581,0.1398443233586903,0.1809088559507368,0.0141141165524546,0.0346139664773587
0.0634502116106898,0.1225432162895426,0.0956847756654634,0.1320736705043785,0.0833949587049101,0.126059316633217,0.0809361108185752,0.0870993852339375,0.1268321237904131,0.0819262305668994
0.0353764186654739,0.177250463189842,0.1294237109588072,0.0205485138641311,0.2398163661268946,0.0442013863148254,0.0171167901621751,0.2103771002623885,0.0647618633944051,0.0611273865064559
0.0646172291189761,0.1256162036267068,0.0939034835551259,0.115482438012338,0.099852308154053,0.118656320910278,0.0872162564459717,0.0935949097561887,0.1204196878653926,0.0806411623470509
0.0570480533844472,0.1438679042352876,0.1188767154357087,0.1073670329294939,0.1200837196667712,0.0946541861494826,0.0437957619033678,0.1262515798677137,0.106537138920002,0.0815179072643887
0.0430323725749637,0.1526211899237724,0.123369326925012,0.1004490659781602,0.1504872360626762,0.0954393594712701,0.0054027876087491,0.1531981948154605,0.1074198567814718,0.0685806094934226
0.0123906789769149,0.1736238536436771,0.0720379532618312,0.1264305599047631,0.0675993630979011,0.1146284067885348,0.1287194526804968,0.0567815624571184,0.137468274261295,0.1103198944833668
0.04539311037874,0.1700483928488351,0.0911447108694541,0.1110986678550034,0.0479010298294899,0.0822097713177639,0.1666954125272634,0.0442653895250801,0.1119233208646148,0.1293201936464913
0.0649398154171691,0.1509783252597949,0.1463375466459188,0.0912540462082317,0.1469394443163134,0.0690952790618053,0.0039956713840172,0.1616073639362643,0.0861820006703565,0.0786705068386501
0.1341755057482711,0.196332950521452,0.0474337490848809,0.0681773273638138,0.1259876288116563,0.053837539459212,0.1188733189917835,0.1256413704317367,0.0914046067233891,0.0381360017162836
0.1693030311832586,0.0317108355099855,0.0101956317676446,0.1102078957391101,0.0253447275825941,0.1498260977983827,0.2762229493289018,0.0503634127629826,0.1075900602612359,0.0692353572021612
0.061683766819116,0.1987109317311108,0.1970044877262554,0.0547997617205056,0.1373444882736198,0.0207075089666457,0.0086064627407079,0.1759695728832002,0.0332178400832328,0.111955178636427
0.0846484144900644,0.1266014951753922,0.1152737135330202,0.1026873403725096,0.0988342536594907,0.0932560537778893,0.0897375368512499,0.10116498466347,0.099062681655716,0.0887335255999988
0.0897026038451425,0.1299794945433626,0.1347382187384224,0.0682315370684178,0.1646004869242668,0.0750058569373875,0.0321942874946473,0.1589984279246005,0.0771638541233756,0.0693852320494174
0.0752259456890713,0.0765619483897724,0.0302518530277977,0.16654554709889,0.0138338377742958,0.19765697355005,0.1867980289393947,0.0070658813110692,0.1672103752960236,0.0788496085701237
0.1328393607966377,0.078578748748469,0.0973889764060247,0.0971436364058966,0.0785850874276482,0.1049141832888591,0.1569936717635387,0.0696295438490739,0.0966269765510044,0.0872998145149934
0.0319121506851215,0.0963237914334337,0.1269706514008021,0.0276789170019442,0.1527123913965467,0.0719599588975042,0.2427719340045861,0.1949476219536786,0.0414338430016099,0.0132887396128917
0.1975676893691282,0.267799256028197,0.0438587235747324,0.077926352900573,0.098371586764183,0.0594381529325119,0.0169814828239479,0.0508657858637167,0.0453135459850983,0.1418774220246766
0.1043591858447639,0.2680086375143264,0.0858265003856846,0.0974406770147681,0.0718691558563957,0.0325383032914569,0.0218588162774754,0.0876274266525599,0.0971043644553764,0.1333669313985873
0.0652989374591968,0.128099026478655,0.0859087107590028,0.0789492509826033,0.149605489561811,0.1138987728724737,0.0822340630084598,0.1205456830109117,0.1047388684587922,0.0707211968777756
0.0975212653787067,0.0325289261192351,0.1531765317991893,0.0380110956422888,0.0873129413894281,0.1047345061866501,0.2055457718233662,0.1585414540549505,0.087289801201297,0.0353377055459682
0.0560360564091373,0.1337339270630084,0.1118372329781739,0.1186949975962721,0.1160179045759845,0.111655381214994,0.0382177644642562,0.1231396326939387,0.1147964961622462,0.0758706065383398
0.0453387000980691,0.1535519495611459,0.1065813195668246,0.0947260980258047,0.1325239572880293,0.0942530783747781,0.0564182455152922,0.1275732815890702,0.1038453403000146,0.0851880292338672
0.0595706898039692,0.1298147250474798,0.1529295325554004,0.0600997034283082,0.1790909268380322,0.0438500870262931,0.072455838762467,0.1993376363915701,0.0546885469503734,0.04816231289638
0.0360068796785648,0.1332791009483319,0.0946016710553743,0.1686528176407022,0.058338513886863,0.1456379465782264,0.0520093940203416,0.0805197724436129,0.1469784193575515,0.0839754840828923
0.1881422040770762,0.0553825865254686,0.1494480331973787,0.1377709596074003,0.0014368105287558,0.0853475424318848,0.1533221387033237,0.0420723028784148,0.0836976422275624,0.1033797793408687
0.0613345810924404,0.1443616393831179,0.1401704073552968,0.1248575829809855,0.1048922501437082,0.0887569468746152,0.0141687361676199,0.1334416570575423,0.1032638963198748,0.0847523023844361
0.0111845793745589,0.1328994340799898,0.0220378431649834,0.0648968002843893,0.1567484630743578,0.1709347429770565,0.1653123206890958,0.0678781656148257,0.1467667972482136,0.0613408527300748
0.0672056597090259,0.1381005563148203,0.1329844991394484,0.0820841840506149,0.1682566274958033,0.0812984412363932,0.0038340236442794,0.1712935893436265,0.087983089376024,0.0669593294456395
0.0429086476638626,0.1632394483110687,0.125046236467968,0.102805064518025,0.121089227391496,0.078153994377981,0.0411282549179558,0.1322720057557423,0.1004417360271988,0.0929153843000428
0.3087018604249324,0.1591996435088386,0.1388915002321247,0.1291237408769467,0.0385219060242529,0.1115356889596999,0.0415177353081296,0.0236624612945062,0.0356588150621431,0.0131866472225311
0.0510101114916544,0.1224244555362657,0.0925595498746875,0.1321377535278693,0.1064071441445995,0.1356247051570653,0.0500844818314192,0.1083960840017147,0.1318149460381111,0.0695407681690914
0.0049496609279316,0.1545468777989621,0.0632886588816932,0.1504386721181832,0.0717981354014432,0.14832056454,0.0915032007971855,0.0691861474203761,0.1538181524813861,0.0921499291651758
0.0401852818566937,0.1650745947443278,0.0735136543387454,0.0551535598158297,0.1381522176422696,0.0803931044341546,0.1498677560038623,0.097610620914739,0.0959715260232846,0.1040776837719405
0.2655657153669544,0.1752821211552742,0.026088569861388,0.1092576613427305,0.1130806558312232,0.0113764013975465,0.1373370350167518,0.0414610250781644,0.0661779405096146,0.0543728734393949
0.1262203014059569,0.0268248262646296,0.119211936300551,0.1398377111299983,0.0999886998633534,0.1737422917637346,0.0387731998804994,0.0979933817011276,0.131161749279468,0.0462459018099936
0.0778326779450935,0.1246243192998967,0.1249878778070385,0.0843519551969841,0.1592721398767248,0.0928460470965971,0.0232358987549405,0.1583003953168481,0.090753915273808,0.0637947731523139
0.0441315925011943,0.1715993946347359,0.1476279555263779,0.1095478666670027,0.1180045292991166,0.0651010177868249,0.0085668948534604,0.1485727613421801,0.0904331112856381,0.096414875717071
0.0286123568218745,0.1455681026649393,0.1331977031210584,0.1302666536347583,0.1096327143149727,0.0912687676975299,0.0396158072681274,0.1473187548569739,0.1053650809930226,0.0691540583022336
0.0628718096395556,0.158635314446089,0.1286063648763092,0.0615457490621916,0.1596367293031013,0.0563531793042708,0.0533914974765131,0.1546135716754804,0.0747138041132593,0.0896319797796443
0.0222395657261602,0.0924203933207833,0.0200210408187682,0.1459821999382702,0.0015173225292634,0.1900524459897422,0.2304716763042655,0.0398860278611227,0.1695179308923531,0.0878913962594726
0.0509267141521172,0.2071516725915507,0.1591766652592373,0.0273588890551868,0.1509555315497251,0.0176422872852922,0.0687900811125544,0.1569802361477419,0.0353395569022357,0.1256783655117416
0.0162886120193341,0.1552103712717181,0.0627213539220664,0.1190940118616292,0.0947137551693441,0.1297747417242795,0.1136637628176646,0.0777396232649808,0.1366631304140816,0.0941306370827669
0.0426958625517909,0.1377820186441245,0.1322605318262951,0.1013532411110169,0.1464520721198627,0.0836798410927237,0.035362779424552,0.166982533908466,0.0934896151547629,0.0599415038755779
0.1357995079282791,0.1814024038168357,0.0638706858388675,0.02353232849558,0.1681904309064052,0.0503002258180997,0.168997915286691,0.1757480750972546,0.0049126481914188,0.0272457777870896
0.0476279816720472,0.1655503432202865,0.1039036456694483,0.0937913038551139,0.0944819576772888,0.0731501406217204,0.11644991625116,0.092913316256073,0.0982305257098207,0.1139008687716604
0.0490134659117581,0.1408984784383812,0.0949861479137062,0.1102204018049263,0.1068727922319894,0.1069390548482796,0.0823313262196693,0.1046501576234189,0.1148553083885214,0.0892328663776417
0.0462621325189564,0.1509508537299776,0.0935109942064661,0.1296159696944586,0.0565430185864534,0.1034301259496116,0.1222770880545365,0.0654063152349893,0.1202185055509366,0.111784996197249
0.0023785045976183,0.1336852535408559,0.0790001593626258,0.2016006580218931,0.0632503974770278,0.1846799869473588,0.0018791351366761,0.0910799357755573,0.1785739828158953,0.0638719859114474
0.0690010424864006,0.1224900107938831,0.0997712643822334,0.1190442752279389,0.094119896485615,0.1151050840498638,0.0843766969197688,0.0969477473632786,0.1159038049709794,0.083240177132299
0.0355884717029578,0.1870427336901286,0.0761377639700229,0.160021072833949,0.0456424119568636,0.117406388261767,0.0562070819387471,0.0699836803233582,0.1453150407952838,0.1066553539525944
0.0783145473401347,0.1300825626953895,0.1061274839237208,0.0941858394453247,0.1062957731139875,0.0895287259835925,0.1024105291811415,0.1026235148090117,0.0977835406180787,0.0926474827515057
0.0635612047845644,0.1268269750843803,0.0974897329082659,0.1090767914797309,0.111964131355253,0.1120168708730522,0.0765745591914461,0.1089677987248421,0.1129083645195169,0.0806135708554968
