0.1056156216585274,0.1001894590359884,0.1024955211691354,0.1068959575127876,0.081934924819667,0.1042507725137607,0.1262607515954426,0.0787256479683415,0.1042701104489683,0.089361233150829
0.1219494585788098,0.0894637814208523,0.1138725908733658,0.0753329064776648,0.1323903589001586,0.0894595155693057,0.0987024663671598,0.1188577180924746,0.0855825947537654,0.07438860869235
0.1078486227569335,0.0884290242743001,0.1024247505120124,0.1166777085180856,0.0864410324829172,0.1182848913018805,0.1044283025238162,0.0861397621971027,0.1109978577824924,0.0783280474846299
0.1294054548764575,0.080672528804097,0.086705424505828,0.0862957671305266,0.085321938155869,0.1063631951050747,0.1764578595543715,0.0621201191825827,0.0972262349239412,0.0894314775594616
0.1225610557767757,0.0887568542568413,0.1449511713461548,0.0970331390549759,0.1349489341677137,0.0892259290122047,0.0259489089484665,0.1492724238798948,0.0845904423901722,0.0627111409490447
0.1003231640013538,0.0577831565220195,0.0413032614041876,0.1552349765240955,0.0261051661703733,0.1827787190485532,0.19277250811827,0.0058125094476146,0.1578381584814859,0.0800483799591607
0.1161216071400531,0.0811671316353736,0.1074189905766834,0.1053954267447092,0.1077727378442527,0.1165635819754094,0.0892655973739379,0.1043902974167666,0.1039769595540526,0.0679276695890106
0.1180357463048786,0.0996850406388938,0.1059293084886651,0.1123891091651131,0.0423199260218293,0.0915990269214055,0.1733595712736033,0.0453286911939389,0.1000907347423866,0.1112628449181761
0.1141202150411147,0.0710577482692056,0.093640435531242,0.1056841818004775,0.1164300911775412,0.1330729578306088,0.0913597842042669,0.1035893191736708,0.112306548425837,0.0587387183747541
0.1011962438120632,0.0974789663539582,0.1142170711220523,0.1224986346020914,0.0851170951947445,0.1118951029812265,0.083227072189735,0.0957773407022931,0.1092854864720682,0.0793069864546379
0.0949419368988847,0.0785649584068695,0.0588198516589345,0.1175290861090505,0.071325169331142,0.1437960192440781,0.1725349896022304,0.0474715964419764,0.1316472693858178,0.0833691225370808
0.1073641390780931,0.1134328508752163,0.1154137180601381,0.1106354367226237,0.0488670360811757,0.079770288937808,0.1556588831867443,0.0589087099501574,0.0958352972661706,0.1141136395437864
0.1063240908769181,0.092289230879955,0.1184412463561669,0.1045169007463488,0.1176679795566732,0.1064646855028159,0.0639062248126954,0.1214078079738987,0.1003326985118599,0.0686491346064038
0.1078530232526349,0.0989749081313287,0.1207431749853241,0.1059301519300493,0.0981345565281667,0.0957656120869063,0.0873745629223003,0.1055030106130253,0.0972689490125022,0.0824520503076912
0.1056253402819303,0.0907240267658155,0.0706617150036099,0.1285173302380199,0.0216002462489426,0.1259535945224587,0.2113722605215628,0.0128136752573058,0.12366797144779,0.1090638394778023
0.1097156921836031,0.0925138902553749,0.1214939700837483,0.1043651729259047,0.115778434614284,0.1044916954595566,0.0633558924577749,0.1213885677939683,0.0979593087008561,0.0689373754027002
0.1092835695376059,0.086762514927309,0.0963260595671573,0.1081184355555339,0.0922104246217385,0.1183493890101834,0.1173310997285371,0.0856418914677073,0.1084989542472198,0.077477661197026
0.1115053125733151,0.0759857039346622,0.085382794821208,0.1070678568404273,0.091315130938111,0.1267718940682468,0.134886171418297,0.07833138542805,0.1130193033876043,0.0757344462828143
0.1030369929081982,0.0854070240540807,0.1107893347366611,0.1127113069473266,0.1171421857752713,0.1211172070904026,0.0591183156046955,0.119508212243701,0.1094024785902432,0.0617669418790313
0.0910336584841641,0.1030941805641728,0.1048507204564676,0.1168986015929094,0.0901511125225452,0.1118736384419642,0.0945759268050633,0.0937781006900236,0.1116786624058612,0.0820653978769674
0.0960856745711851,0.0905892392452713,0.0920582383283037,0.1166880570765633,0.0922095464552313,0.1267142905498967,0.1064141892304843,0.0871528574549699,0.1173888911156336,0.0746990158398924
0.0938591407015371,0.0869815797828001,0.0729685489409885,0.12499053728622,0.0686521635040331,0.1397341077699562,0.1458709680988163,0.0567762684272013,0.1281395634711635,0.082027121890836
0.019466580882455,0.0667471240964807,0.1078668424206173,0.1385682015077637,0.0009330081493105,0.2494526590236236,0.1632855686883003,0.0610292163831993,0.1816551893683377,0.0109956084664696
0.0974512558228181,0.0944020869153657,0.1047291478191208,0.1307192727864106,0.0737816272000567,0.1217547026201038,0.0954541936024582,0.0841917562787962,0.1166963645676757,0.0808195922602166
0.0891908696355518,0.1191301185302628,0.0912196341119343,0.11241876792176,0.0461120303233334,0.0932796268754667,0.1785950412651278,0.046291540391462,0.1070657893462314,0.1166965813757981
0.0975383158028363,0.1097481750449311,0.1428652983392837,0.0664384501228089,0.1756563065878217,0.063319866895637,0.021505709029122,0.181746210857816,0.0722250387552431,0.0689566280662641
0.0720819000339901,0.103026875992194,0.0796538275468245,0.1455046813281683,0.0469980537900713,0.1344870685047068,0.1341177128219415,0.0535099551289722,0.1355910940214992,0.0950288305215169
0.0847099896931765,0.0823403152917468,0.0712501555457911,0.1211375045564268,0.0920483188735116,0.1423989657878337,0.1230328155548214,0.0797496493609284,0.1298772946667268,0.0734549903013127
0.0559849151607683,0.1179676370239184,0.0932676133507431,0.1816117924917219,0.0053322771497424,0.1285503601582275,0.1278484094033699,0.0298521200666827,0.1456507510919299,0.1139341236840391
0.0633667438353399,0.1666343219958687,0.1215073075495922,0.0619773523503717,0.1115035517224259,0.0273244669053654,0.1350828548563747,0.1110958991478199,0.0721367695703996,0.1293707316544789
0.1105214744406333,0.1058692621222032,0.1113999490460734,0.0715175462990019,0.1196387518090664,0.0768907644647279,0.1244439079490928,0.1085333350372378,0.0813065227857322,0.0898784858226681
0.0958096159880475,0.1034498371720652,0.0913256645285161,0.1149523022248936,0.0674375162175868,0.1114781789831262,0.14417384198253,0.0643161335053038,0.1119253294129457,0.0951315798783832
0.1006952826662065,0.1000083376478336,0.1121317115729654,0.1129191711769745,0.0935651361935943,0.1064203344360154,0.0891375372434947,0.0999082023364342,0.1044955969030927,0.0807186897195415
0.0800761202840726,0.1154685562596108,0.0963988332090869,0.1338083074690945,0.0474241053243695,0.110024451195543,0.1343360135237179,0.0587595520837976,0.1193884678466831,0.1043155926256358
0.0970883439188939,0.0885438725262962,0.1048683281130585,0.0965535915651407,0.1389300122192647,0.115078623156456,0.0616596083661675,0.1322519970349702,0.1047427421141907,0.0602828807512133
0.0702697195631523,0.1029392826970631,0.0834041118599622,0.1266669636017045,0.0814339289472542,0.1251370549406637,0.1144578019802422,0.0821318758395273,0.1269931713238128,0.0865660888437968
0.0826976878960263,0.0972997658704426,0.0708123383621469,0.1129968182763191,0.0823588982660361,0.1278635690178862,0.1481907974443084,0.0675836579925494,0.1229294400041875,0.0872670266383462
0.0420430267939431,0.0963825138261233,0.0194505072766819,0.1538619153421465,0.0183923094438938,0.1490604791548016,0.2271759364200838,0.0273531111312168,0.1529327834456691,0.1133474167681505
0.0869894374943512,0.1290105777511459,0.098084283708742,0.0867333604635499,0.077586813423799,0.072811301492512,0.1697004926008931,0.0705919292667939,0.0922740691750263,0.1162177343939943
0.0325878151720635,0.0852691218745964,0.0242702002535427,0.1867758202090807,0.0230035920121201,0.1757514803982179,0.1823130493547164,0.0167485828697311,0.1735678991561622,0.0997124381910214
0.0323476554982474,0.0653784225550783,0.0126015713080157,0.1780019009637014,0.066846184000238,0.2206300076833148,0.124912129875375,0.0475686146952955,0.1945779911964945,0.0571355215930379
0.02748887124298,0.091761952876314,0.0481166976370223,0.134315136253657,0.1356592209531324,0.1716140721741119,0.0603955773399541,0.1184720954414577,0.1595869713151805,0.0525894041583134
0.0658308028211508,0.0877715762970955,0.0527871421493731,0.1450594447167233,0.0627224641586796,0.1627403375537521,0.1410260977817505,0.0519490461587162,0.1503735908061483,0.0797394972723882
0.0603177021098436,0.0772572467831355,0.02783747459168,0.1179233876769614,0.1688974726106514,0.0342953297669227,0.1833328437281551,0.1352006604898221,0.0833149840569833,0.1116228976311098
0.0774768010059493,0.0553915250789093,0.0127364467292478,0.1779186179879184,0.1665005393787891,0.1802831530075266,0.0589332189051814,0.1406045180633756,0.1132602433135403,0.0168949352788374
0.090515642016991,0.1004661865219428,0.0816260156117277,0.1001074455282219,0.0734821954885655,0.0981855120681733,0.1775364990403951,0.0643093119997056,0.1071247615544906,0.1066464296071449
0.095722907867003,0.0864793089469247,0.0703816465384569,0.1192136009179807,0.0579247730861095,0.1274360456636935,0.1775072062493172,0.0480053208047401,0.1219069867991061,0.0954222027741697
0.1053039659963334,0.1131268751232118,0.131257189121176,0.0933222519383152,0.1040102171358915,0.0727692663712935,0.0882809679910406,0.116596776929975,0.0829342990286729,0.0923981901665418
0.0830187642904622,0.118645879904362,0.0790869632331835,0.1244678085976229,0.0071138705423359,0.0886733067622846,0.2312972362467965,0.0140290282990223,0.1125042085398326,0.1411629329960427
0.1022764585626884,0.0860501209646525,0.0775157658227852,0.1242515932916526,0.0533088977554244,0.1293376514463775,0.1662079006597283,0.0476061184397732,0.1206915872290255,0.0927539056388252
0.0896995235109696,0.0866086382228787,0.2170644177078002,0.0447164007092401,0.0684627386955216,0.0537967425774723,0.23679679669298,0.1610005359938484,0.0390195159329469,0.0028346887087403
0.1069038634318367,0.1223260563080454,0.1543377128640618,0.0774140946898683,0.1218733813799632,0.0391899305285168,0.0687089572217097,0.1450739894188303,0.063025565487916,0.101146448217158
0.1132564260234561,0.0934179797929153,0.100474016327535,0.0662308629028934,0.128654546283256,0.0823493359578943,0.1356240334120416,0.1105791619312436,0.0831265562341148,0.0862870807423965
0.1060261240525076,0.1279734955035091,0.1844490016647719,0.0074914400463388,0.2082379548472688,0.0191953528901234,0.0874075915331544,0.2169168462399169,0.0057507287668454,0.0365514637586947
0.0908918242399682,0.1002475326737151,0.088615299543943,0.1428249858960515,0.0194269594694941,0.1121863983952802,0.1733356420198708,0.0347548819437598,0.1219164588462046,0.1158000165315288
0.0909575266387599,0.1920939607308992,0.2067941471367674,0.0008373855556328,0.1194622374782387,0.0842638299080303,0.011024969947648,0.1558863759137822,0.0233208569845775,0.1153587090866824
0.0106737147909517,0.1535018613568446,0.0756768931718436,0.00851131925387,0.1514155867737565,0.149786722764987,0.146121239849909,0.1044273359648627,0.058782841556782,0.1411024836739822
0.1113523060380828,0.1333725803213441,0.1507433675161483,0.0687760785340387,0.0952286164338227,0.0185363716034706,0.1256758311975268,0.1172658681296204,0.0536752947115049,0.1253736850341817
0.1391539665869788,0.0070585422786979,0.1337265031855796,0.0518800808164165,0.2249854117855008,0.0896253963746727,0.063328947836627,0.2317399296488552,0.057035152493128,0.0014660680299686
0.1254550234449112,0.0855559027128429,0.1269045682014253,0.0955852200740222,0.111463614471461,0.0898806264167253,0.0821000026343731,0.1203766562303211,0.0850391816988326,0.0776392038748011
0.1301578190344524,0.0610209675551827,0.1242322957298622,0.0788650622181796,0.1716234773289107,0.1037847595842206,0.0316214110660461,0.1695626931669318,0.0837635874854026,0.0453679264160792
0.0918621466184821,0.0048726783147943,0.1056700130644621,0.1632849065226091,0.1018130347634571,0.1624736687897589,0.0942253181983578,0.1511480520217778,0.1207827416608429,0.0038674393401504
0.0986991792970376,0.0706148153732813,0.0921815054540782,0.1396880686676574,0.0824236169021406,0.1432009889480202,0.0856612207712735,0.0916942478976586,0.1269122951340902,0.0689240612074894
0.0040222193113986,0.1320717302212455,0.2167357726217142,0.0842735059442718,0.0172254177421464,0.0762226838108745,0.271552517888765,0.1467036149991031,0.0196825764451318,0.031509960269582
0.0608238775824518,0.059184997218575,0.0147715564818568,0.1842863557747013,0.0094343605179654,0.2030296721989542,0.1968773815616598,0.0008584167619092,0.1834088725627476,0.0873245087503939
0.102122430378298,0.125909238085783,0.1067301521030977,0.0678068166635762,0.0887866480812606,0.050844754080669,0.1794093664055398,0.0820913795129278,0.073954330057187,0.1223448842955293
0.1065987576311473,0.0793220359534163,0.0529931902400069,0.0757360095449293,0.1042316948390601,0.119547143494885,0.2028963452343873,0.0636657830642968,0.1067860694439439,0.0882229702309215
0.1300278198710133,0.0720655611631657,0.0576907909880872,0.0321842865936971,0.133474587770461,0.0855978837183951,0.2356484201728856,0.0801363411342268,0.0770508241258427,0.0961234838677184
0.0584732029405732,0.0217255985089156,0.0204094617108272,0.1450496587404967,0.0758133474140323,0.2148451345159701,0.1909968517252805,0.0384453984717673,0.176139459957475,0.0581018849893866
0.1042600505300961,0.1142912119539395,0.120901444516495,0.0703441611094179,0.102594930200032,0.0424233576003546,0.1467905268703815,0.1127204072938974,0.0672751075569196,0.1183988016240722
0.113455049450719,0.1393040550885684,0.1168994407397168,0.0868380817460059,0.0057198570306983,0.0214596158390507,0.257405801168763,0.0232233253133649,0.0648975172000035,0.170797255893712
0.1159489649684075,0.0936576858712441,0.1246349619089785,0.091281275009451,0.1218367247823135,0.089622933070644,0.0747757370077465,0.1265605971328615,0.0865939029464831,0.0750872171205032
0.1122239091162213,0.0861198222953101,0.1113597756124397,0.093060379884951,0.1510930326219721,0.1269291058327294,0.0375515322737214,0.1359740465992403,0.1030970302695683,0.0425913651868461
0.0051011396106178,0.1221340521716561,0.0798468429430578,0.1537425514402274,0.2018845604233948,0.1085936106371206,0.0931666799487326,0.1373233399384925,0.0846305684820338,0.013576652681005
0.1023762084696039,0.0635734947815504,0.0637779548561531,0.1553143793092404,0.0320470314039768,0.1634133188818838,0.1612698096297375,0.0326475640144492,0.1432258296413619,0.082354408720285
0.0161537744198558,0.1320220682066123,0.1807115307499749,0.0125308572095787,0.1083981847262458,0.1058546161794538,0.1901484163286672,0.1708693564747076,0.0516009086280388,0.0317102864187703
0.1127340125144976,0.0910204165872491,0.1095402780414363,0.0757862305412416,0.135716265135479,0.0904059324351831,0.0982900133581819,0.1263104985833293,0.0856746612516778,0.0745216912795
0.0845891263086983,0.0824646127395432,0.0830808275398994,0.1596332574901607,0.0457569637761089,0.1497645041104545,0.1114871971802145,0.0608901540547831,0.1404082485490714,0.0819251079303839
0.0454769642019945,0.0764736034373125,0.0256634393129108,0.1925151291524322,0.0058830178169603,0.1869007658213417,0.1867197099319983,0.0012917345776247,0.1808659087763195,0.0982097262428255
0.0894057648995737,0.1550661167495873,0.1621665366683282,0.0941982866089594,0.0757850710064571,0.0172981459699066,0.0929755229378237,0.1168287657219478,0.0637546416224918,0.132521147384543
0.0208735144375791,0.0433613216023199,0.0260759728523613,0.1699651076371129,0.1342792029983582,0.1215833418669382,0.1609194120938894,0.1045479669243775,0.1330774837725462,0.0853166752345419
0.0391972911150945,0.0469958578134998,0.0610171627757446,0.1742612222210831,0.0531562710268889,0.2193855983909944,0.1553833847218678,0.0616026659857159,0.1676646108073957,0.0213359342812123
0.1102955763589019,0.0862423708430895,0.0844453016936114,0.1040154150585166,0.0795521005238116,0.1146980105360175,0.1559031228810482,0.0690218099228157,0.1071930882844603,0.0886332036848825
0.1141527176226662,0.1173419420931978,0.1176620844489936,0.0696329513678046,0.0973088958836883,0.0555226134621396,0.152842439423108,0.0938450444699499,0.0719008849510931,0.1097904260163388
0.1175978960394779,0.0931522674531724,0.1096957123890995,0.0907475084830459,0.0981956216130823,0.0886113165788695,0.1265218874263835,0.0971441909493814,0.0890489430117565,0.0892846557801599
0.033136884760684,0.1011635978234466,0.0990496926650839,0.2478286411405609,0.0167313022315109,0.201173357564771,0.0211838224917092,0.0423598367969119,0.1834556554737742,0.0539172084730239
0.1050358147276996,0.1263578907645639,0.1305750856637708,0.0850470245205885,0.1157639378458431,0.0827099859405382,0.0768691358905638,0.1139811706398231,0.0831552333263834,0.0805047202128458
0.0790895503806108,0.0598881161384644,0.0504655808026183,0.1095040203596648,0.1243065225329787,0.1588484997034854,0.123090360741717,0.1406605985159873,0.0967671889666646,0.0573795612157857
0.1499752010356674,0.0405352485558007,0.055581731107931,0.0713915386128225,0.10390601767125,0.1256492351159224,0.2156590783079333,0.0618065527187114,0.0983326118749598,0.0771627845259302
0.1033187663291929,0.0575455850247334,0.0480727890214176,0.16973340969733,0.0014469288070791,0.1720298971432816,0.1999757397581163,0.0005454807829808,0.1532041527326801,0.0941272503095984
0.1127556119720584,0.0927243754107106,0.1038866738985407,0.1030228253867627,0.0889112787061584,0.1035234060527778,0.1229913124839062,0.0866288020272327,0.0998948888008676,0.0856608251205943
0.1147871356829481,0.097719201807573,0.1417563389503878,0.0911097478177642,0.1352093155113803,0.076760325002726,0.0388013498422583,0.1506527370208258,0.0803101786880076,0.0728936693806938
0.114215746888356,0.0894728384555204,0.1058360707413417,0.0955449426191911,0.1083062059321784,0.1038574221955042,0.1059929171781237,0.102961956168639,0.096937524799773,0.0768743748827631
0.0995877838790661,0.0857506953066355,0.0784965003450721,0.136714144117756,0.0435300726325828,0.1326015229398522,0.1579112724134443,0.0449812630092877,0.1267742881134483,0.0936524569869215
0.1161467082609373,0.0860610250495627,0.1114017988438805,0.1149194478817964,0.0853446450674932,0.1103563120406292,0.1012004208569744,0.0920467899355382,0.1036028592204375,0.0789199926832638
0.1243368261707482,0.0694381646752932,0.1015589372165028,0.0915549835906635,0.1284609054408185,0.1178463757732259,0.0916660480422043,0.1167071455374603,0.0990470792484986,0.0593835340948563
0.1330465197690227,0.0557295745852599,0.0924248258840563,0.0916059060493646,0.1300562046181865,0.1308962619541967,0.0999414026529459,0.1112225490670175,0.1028016055211207,0.052275149712282
0.1221945480745669,0.0771987572207021,0.101272345125173,0.1041762982119552,0.0987721574963607,0.1170719103311191,0.1110464704892708,0.0934964264807698,0.1026999181274882,0.0720711683122855
0.1330351195332053,0.0784040495943462,0.0921642808891979,0.0777105690387941,0.1030531624698776,0.1009287588613478,0.1604463422717611,0.0815815848832577,0.0896740014069145,0.0830021308791022
0.1676371748289156,0.026219556585919,0.0698624113177847,0.0832244947708114,0.0993543318321913,0.1349969781587056,0.1885878585785492,0.0664899365904593,0.0991875441055709,0.0644397128110087
0.1204860686358563,0.0864737316852906,0.1132722864064909,0.1057255758844916,0.0942014333375898,0.1037657137759849,0.1016205616230072,0.098397851777962,0.096838737376703,0.0792180393470213
0.1387519107102171,0.0891042745641962,0.1047728354527425,0.0835074422281959,0.0680614157379048,0.0764567911781822,0.1888448607863875,0.0622506924880483,0.0804793563859651,0.1077704201351322
0.1198189197464028,0.0861255993917821,0.1031865818713707,0.1031926095779117,0.0888030693423074,0.107700641961133,0.1239363879708867,0.0855632977269982,0.0996127851981054,0.0820601070911263
0.1439750584746994,0.0720814499805693,0.1047203258562912,0.0747342285770592,0.1128536948346701,0.096151451072862,0.1398682082351928,0.0964983468341017,0.0823853354509724,0.0767319005037173
0.1497706067608767,0.0650257733282861,0.0814818959918817,0.0939609147695585,0.0528482577394668,0.1064290285911153,0.2196333080729891,0.0347518820278805,0.095727465487659,0.1003708669021982
0.1362545389130151,0.0808360621291566,0.1274792872844146,0.0856854220243612,0.1217706693598173,0.088143355943089,0.0834897459488995,0.1237312148000619,0.08062262339834,0.0719870799916158
0.1369120017535803,0.0722604643687645,0.0990299727056909,0.0935117864751738,0.0890238184952527,0.1046997022748836,0.1486618038922912,0.0789249157172724,0.0944937677466847,0.0824817663069616
0.1230308602495554,0.095155057459093,0.1201460398030091,0.0968168704268753,0.0938838297164714,0.0891785758711806,0.1093240780975498,0.0979498909323999,0.0882664742554669,0.0862483230756194
0.1166712535726739,0.1016970101825776,0.1188737404814941,0.0940026638342196,0.0971064230726252,0.0860578902923864,0.1094528383570413,0.0997579530373683,0.0878274225161464,0.0885528045542038
0.1198149219205368,0.090635518053401,0.1270591181865789,0.1153526451239579,0.086375946827808,0.0972965703627543,0.0826955303677986,0.1032113324356183,0.0961422253154153,0.0814161912063819
0.1363932702499281,0.0804940301910529,0.1144675672749484,0.1029256365180233,0.0757373852650869,0.094693022158845,0.1349633823329658,0.0799857403259865,0.09137475983567,0.0889652055852799
0.1319491278981164,0.0781134875634716,0.1127048290299213,0.0889741433434568,0.1162624259836873,0.1012241095468447,0.1000887403408877,0.1102881502524543,0.0890613839878935,0.0713336019067693
0.1371688720289474,0.1068229625786917,0.1266056694992901,0.0735664559973381,0.0800259536921768,0.0512447024777765,0.1635683350515537,0.081479242656636,0.0664626857052328,0.1130551200608101
0.1361504795137183,0.0831983968551722,0.1186003634720825,0.0861493822009789,0.1058820095965637,0.0874141885154313,0.1145684337530343,0.1036078308710356,0.0826360991827581,0.0817928158401203
0.1243108237930535,0.0897810298824193,0.1255256247485412,0.1111791515018455,0.0855572622396184,0.0925535243777121,0.092466555770851,0.100392471465614,0.0926325676821983,0.0856009883145644
0.1494649084550205,0.0669407778716125,0.0811809811791784,0.0664445000489048,0.100009104151562,0.1008416569724212,0.1972406527782773,0.06600613532375,0.0858112341586546,0.0860600488519253
0.1280781958742999,0.0544993927383442,0.0656060820274425,0.1284823670735435,0.0519574699453191,0.1483610917278434,0.1774057992404609,0.0374349570418248,0.1271804708017768,0.0809941732098306
0.1196503026776952,0.0732332997820683,0.0850224065286904,0.1376048956265577,0.0387490445452457,0.1342268799463247,0.1581755690152995,0.0405088893412586,0.1231464340033399,0.0896822783290001
0.1276722021341904,0.0934088772413898,0.1185264198117457,0.085411145200968,0.1057883586955815,0.0853299920459397,0.1135371137486624,0.1026921562687493,0.0832982972387339,0.0843354375123805
0.1256101863722632,0.0753481729542555,0.106146633711212,0.1099105235942174,0.0938393761459524,0.1151799458601149,0.1039966546666879,0.0933466171436473,0.1033087537490266,0.0733131356193812
0.1273757670777743,0.0733838548462128,0.0770823182782005,0.1435996599046084,0.0044304542574144,0.1244509297017259,0.2142984256721144,0.0005118504301202,0.1221812227169907,0.1126855167863952
0.1294021696689168,0.0567787388207058,0.0877942283146346,0.1193832225439486,0.0895416938288632,0.1437098403156693,0.1143487203408996,0.0797961012463426,0.1174335081559125,0.0618117766296664
0.1341243833454312,0.0692199175523607,0.1041560697430355,0.097895457878457,0.1071781577808274,0.1155337186387991,0.1078696780534593,0.0981695442988098,0.0981254679991341,0.0677276045836398
0.1340208450473318,0.0813714761653244,0.1123707766195918,0.0949364979831542,0.0955228027444054,0.097660972937381,0.1200713866797504,0.0924076353803013,0.0899973403819811,0.0816402659256563
0.1497202833449123,0.0697678474220098,0.1239630148646783,0.0947019398214844,0.1003593217218213,0.0944751893967841,0.1043624339474919,0.1027997291677322,0.0840036308302745,0.0758466092779469
0.1513115584580458,0.0829077148190332,0.109227859488601,0.062436386429104,0.1039277789288008,0.0743048025363287,0.1675444625875083,0.0845604487376969,0.070574710300086,0.0932042775499871
0.1783968250424938,0.023810796753593,0.0955861908610838,0.1041946894781842,0.089679707497502,0.1356336682775622,0.1392331187822239,0.0748468480317211,0.1003995462631094,0.0582186087239817
0.1726200595631916,0.0740511096277324,0.133561229790378,0.0607622425961072,0.1091628130986172,0.0591754856211093,0.1406422506196228,0.1027424641427586,0.0569594413578349,0.0903229033175438
0.1504547489586467,0.0287140299162847,0.0789114630581234,0.1559740195929879,0.033468741204058,0.1668780624239577,0.1476141444961226,0.0347671940660232,0.1353620018488529,0.0678555940905285
0.1365741203624027,0.0874521953584362,0.1314722448322012,0.0807594443277684,0.1240096895478948,0.0798147205746512,0.0831382518654017,0.1246262391740892,0.0764973422422387,0.0756557515603486
0.1312854785179649,0.0886102308857044,0.1136122906660424,0.1063731521497025,0.0678531060431723,0.0914208388380978,0.1391859423425371,0.0725789670126884,0.0931155412886445,0.0959644520482564
0.1294351114168853,0.0866100460821435,0.1289251979264296,0.1008724894306159,0.1055751862071024,0.0875410454561571,0.0787866668014627,0.1136435954855497,0.0889835537291329,0.0796271071753302
0.1470931115430849,0.0675603176235486,0.0457943412782269,0.0874272832387802,0.0129461029960886,0.1861685041195079,0.2503661724296577,0.0575440360849735,0.121450204991209,0.0236499251651943
0.1250312858117126,0.0828170985082905,0.1196835919125793,0.0964610897000408,0.1200812822544842,0.1008244394079043,0.0738516906702535,0.1202351681501454,0.0924209188975405,0.0685934345420002
0.1930796587179815,0.0071300815157505,0.0401627037072167,0.0924056764494872,0.0765795022263556,0.1433402752159226,0.2352173197671112,0.0225410194093122,0.1158164690607045,0.0737272929800819
0.1315587689470265,0.0741097513478196,0.1111174092983505,0.1053600853745289,0.1002349143157614,0.1104741036335311,0.0974176375953434,0.09859074812639,0.0989848372362288,0.0721517439528454
0.1385897361899523,0.075872648017373,0.0962459705908921,0.0751941767385453,0.1118200331859371,0.0991418933691865,0.1474928825961351,0.0890906374452152,0.0872516985913629,0.07930032313625
0.1302627003183115,0.0906529578235752,0.1234567759853288,0.0922450028254731,0.1029499079653834,0.0854818658503755,0.1014270648192757,0.1048254367562169,0.0849201492708585,0.083778138226489
0.1811912148799423,0.0568074665096403,0.0952953756178232,0.0807042730666417,0.0527110570823469,0.0753829385440166,0.2314919672508704,0.0339083574789218,0.0784369296539926,0.1140704193161769
0.1453991858135785,0.0695659420485251,0.0958728065487172,0.0775861076302292,0.1092728396576221,0.0950051526008394,0.1493371374490096,0.086769717760523,0.0882003056988911,0.0829908044305904
0.1241597308446328,0.0844899567532886,0.1025757660467135,0.1060852026497728,0.0808892064180534,0.1076375755445187,0.1312829444179159,0.076719720599697,0.1010410260025976,0.085118870600607
0.1310889039852296,0.0816714186662212,0.1014862325362419,0.1009474163603154,0.0799617027685549,0.1028712835128285,0.1433725195520893,0.0726873117081336,0.0975663207116516,0.0883468900203717
0.1613678230654467,0.0724817998524697,0.1665634540233004,0.098741252265935,0.118225005892807,0.0646104653373796,0.0303821193859901,0.143748713697206,0.070427897941509,0.0734514680698514
0.1364069684956756,0.0855203852704523,0.1225064523114825,0.0924164039308987,0.0998128964067524,0.0835767429124575,0.1085711700225582,0.1001674075638405,0.0852854888814621,0.0857360839424542
0.1245001889293756,0.1023303822200922,0.1333392035826688,0.0958665861047054,0.09557740563586,0.0755537286565887,0.094242288611215,0.1060605629242271,0.0819635646028641,0.0905660886122032
0.1281564078863889,0.0675933785949796,0.099703983768258,0.1309606815186862,0.0676414998861884,0.1284365890034536,0.1131551784755544,0.0705258045665767,0.1166526637143283,0.0771738123249731
0.1603461820142714,0.0753665494764773,0.041344161568122,0.1408397909797514,0.0270642673434591,0.1784658857064971,0.1437648883416714,0.0488027453899724,0.1396636654883553,0.0443418626271809
0.1952397276606951,0.0295166902185766,0.1116011187394744,0.0743435808936406,0.1129435054531303,0.0959837688261701,0.1423252862560966,0.0918887672283635,0.0774749152368142,0.0686826389605728
0.1284164119154266,0.078779979663995,0.1104692500576764,0.1121841185794019,0.0856446894663928,0.1086142694526452,0.1067078728249001,0.0875849914906643,0.1016397488414653,0.0799586675015578
0.1282606080266544,0.0370013186723287,0.0536595961900197,0.1706908305814049,0.0082925482847732,0.1721618247963856,0.1859970328610752,0.0100075452846573,0.148840046423402,0.0850886485170178
0.1321747724090577,0.037171335935348,0.0496092992834183,0.1335528692295832,0.0424190630915564,0.1176174219628977,0.2315173646805624,0.0431551662892755,0.1094358874476142,0.103346819287282
0.1519909712598044,0.036367700118186,0.0812960431568029,0.1193713438559851,0.0812993036881977,0.1477908128380513,0.1362798172005795,0.0657888631361812,0.1172122941468729,0.062602850306135
0.0942244316002251,0.0590689588136978,0.0869547687471572,0.160065225311816,0.0454592021306432,0.2730833209514871,0.0513260356481045,0.0007655632645572,0.2063879819816883,0.0226645106358282
0.143106181827237,0.0515389088893391,0.1179156310100901,0.1337638151141574,0.0871205840171735,0.1339422647445221,0.0633044529733044,0.1004189071434822,0.1104943029434719,0.0583949511180455
0.1598922107490059,0.0664840401866239,0.1203395599139516,0.1037558246929519,0.0697994053650584,0.0909311759349414,0.1375772870653507,0.0739079996774505,0.0863956942146671,0.0909168018656846
0.0676808554398167,0.1215260992363522,0.119933511805423,0.1225567376633469,0.1151326883747724,0.1191097778212419,0.0268747941720222,0.1300794806549538,0.112785035106292,0.0643210194274889
0.0657362897279865,0.1640333310146781,0.0983004973631782,0.0984214378768708,0.1082893017909521,0.1412267725131356,0.064745750451469,0.12759334703524,0.0845759415626578,0.0470773296351753
0.1279024370278045,0.1545089844584725,0.0181140062178997,0.1665740969125392,0.1517049721719964,0.0594967071526214,0.0429703169975415,0.0778110351604035,0.1053345434013908,0.0955828997472099
0.1274895651379015,0.097134886750271,0.1220087536594485,0.0887581695218202,0.0994818224189405,0.075284648893541,0.1136300484717525,0.0989048416958961,0.0838816643943009,0.0934255987377077
0.0874799954026388,0.1106105184082341,0.1265414936013775,0.075189315082795,0.1827587445523235,0.1087748733427416,0.0034295023005584,0.1786517285329703,0.0855696008796833,0.0409942273685277
0.177496953761126,0.0316119800124914,0.0747667779062596,0.0434047178076924,0.1508888393521203,0.1059603097923474,0.176330190502012,0.0928125458599132,0.0831296649019645,0.0635980194055912
0.094446945982259,0.101913263209393,0.0971893460900073,0.1647399246602081,0.0040683760923391,0.1208901060386203,0.1455647272579744,0.0263120827667897,0.1334900359659039,0.1113851915928968
0.0061422861335644,0.0888454966690855,0.1557760049694369,0.0328487202112093,0.1066686143326609,0.1116583854006821,0.2357645675492207,0.1827803316906638,0.0782482115668704,0.0012673808753909
0.0978866008586853,0.0911356378955006,0.126527852566342,0.117455186240657,0.1357358431575546,0.1098871408479266,0.0073896054930527,0.1463684319746112,0.109940143406759,0.0576735571819861
0.1195025353546704,0.0886631654028786,0.1557504869734075,0.0430468397245321,0.2085309660622935,0.0459333899364637,0.0339424234067661,0.2074214116771398,0.0537709415199135,0.0434378394558277
0.0946512813966929,0.085256967879839,0.0307235746321575,0.1145725002290212,0.0109057782818582,0.1234902273743094,0.2649186191166547,0.0260386646355037,0.1324464699967913,0.1169959159396088
0.1036735515512971,0.1929721712476972,0.0453063913601432,0.0737360091914443,0.0250620410341643,0.2239155809094727,0.1038754094467111,0.0227153335870973,0.0506079342287057,0.1581355760796172
0.0641542066454493,0.0658410775292285,0.0259595632566546,0.1890981814789155,0.020870628059216,0.2063507972343592,0.1573629650371982,0.0027300514850511,0.1927003695646331,0.0749321591917581
0.0571985500405382,0.0964241555790356,0.0955294788662974,0.1895350523957962,0.0545328030494424,0.1631040458732863,0.031608627796209,0.0806795167797242,0.1637833433543911,0.0676044259336901
0.0851444281736772,0.104776952000187,0.0727456610922951,0.1108015877729933,0.0760514047590441,0.1182810399124456,0.1578957045617964,0.05739177993881,0.122602607311292,0.0943088342349183
0.0970705824924737,0.0880392292612824,0.0769363668278909,0.1146527052352415,0.0857575081602943,0.1316317856295782,0.1348085736916093,0.0692153014046042,0.1232565720605938,0.0786313750683359
0.08539046800302,0.0834221842032613,0.0643336568369435,0.1669414318938689,0.0193834849027312,0.1617525438248203,0.1551778068364968,0.0186041070741792,0.1557244948911531,0.0892698212606049
0.1011461372311711,0.0645647390306799,0.0686162642500467,0.1393990284505343,0.0782444337251349,0.1642452209960671,0.1147240762937697,0.0647827898081604,0.1423459154006811,0.0619313945835252
0.0949801142071363,0.1109733851247572,0.1012368456942822,0.1057842226486015,0.0841571114286403,0.0975642276500521,0.124793292891854,0.0805984641632968,0.1056605603346206,0.0942517756858771
0.0967180061549808,0.100400325878665,0.1067495131129272,0.1085016714697891,0.1058111747024313,0.1086316263894153,0.0843133673665289,0.104737504204465,0.1079354569671102,0.0762013536003496
0.0829345240526183,0.1262245501886171,0.1260673311557366,0.1181319192704426,0.0853759765552885,0.0839336718323434,0.0754290255679794,0.1011752450789806,0.105069779336313,0.0956579766800695
0.1042399991135157,0.0930533915173922,0.0981088126696552,0.11014699231088,0.0914732682645921,0.115879105582299,0.1122575128279398,0.0853733751970229,0.1108376228212371,0.0786299195652506
0.110312916784326,0.0875262381166432,0.1174618041602809,0.1088491000617387,0.116441799429131,0.1126389366569299,0.0592904911608667,0.1193118299287518,0.1040221906885292,0.0641446928745487
0.1113720971507644,0.1018486544675293,0.1159884313781845,0.0934977842979127,0.1058729980338481,0.0909983353651298,0.1009193708230793,0.1032013726640269,0.093096186519587,0.0832047691579335
0.110831035269129,0.0864040898270489,0.1001096009324218,0.117176197433612,0.082489529272721,0.1203300069226657,0.1119921519689634,0.0804981670601649,0.1122018836755912,0.0779673374993058
0.1119964083614265,0.0909744347565584,0.0991412274227529,0.109475925843361,0.0808380664764725,0.1122738136448129,0.1281901715528431,0.0757450343152794,0.107200439143824,0.0841644783567897
0.1039691985656117,0.0883090189925704,0.0916634971305186,0.1231508840286263,0.0717314331431911,0.1244765684885716,0.1257818924965091,0.0686173669240691,0.1188974944766251,0.0834026455245048
0.1551330860202169,0.063154561505585,0.1556279326037754,0.0568898888883642,0.272217356641092,0.0189424550494404,0.0064101582901409,0.23304712826572,0.0077635751161193,0.0308138567279751
0.0170904386809327,0.1400147740918961,0.0979300953028263,0.0420240667137306,0.0758865842226051,0.1897942072434709,0.1675723373821263,0.0423399427517893,0.0656834459878476,0.1616641066318834
0.0630110142145012,0.0946528087162909,0.1502016091991348,0.1135686757292783,0.0243144876715027,0.2405021147066481,0.0191059129615339,0.0620193115314599,0.134791974129403,0.0978320902807037
0.1241084571676312,0.0742083416068897,0.1149624229263663,0.1150299435463147,0.1006866550548587,0.1190849489177111,0.0764754177598791,0.104698173139008,0.1053746009811148,0.065371038712557
0.1223705857822517,0.0885722376417326,0.1240991421794289,0.1028506544876975,0.1049422939908038,0.0983046959292951,0.0798856890745657,0.1103393980829193,0.0936096132239244,0.0750256894496929
0.1246089106956562,0.0646097436570121,0.0834698092148702,0.1150514438955403,0.0787350003027827,0.1317721310806123,0.143368374019718,0.0627782660953468,0.1190579100557237,0.0765484105368454
0.1227110692777357,0.0579503730267875,0.0647720524122716,0.1143959777714918,0.0791610976241565,0.1508461230607155,0.1616759083648948,0.0529199133131718,0.1256392913540953,0.0699281935744323
0.1183917021734636,0.0844589189047707,0.1115843100488069,0.0961131362051546,0.1169328345117571,0.1058619493142919,0.0879335200401584,0.1103775230032139,0.0983887088281008,0.0699573967548958
0.1245958848232149,0.0584215255250087,0.1150213691135255,0.1537065559434457,0.0668140645873134,0.1443425786934284,0.0624631914023252,0.0858673592305297,0.1269645089445687,0.0618029613617814
0.1244730271347232,0.2861088171642285,0.1214903124751285,0.1076793264463264,0.0337736957324867,0.0523704074581817,0.015162298946749,0.0617598743091965,0.0441154077046183,0.1530668311955701
0.0963888619558781,0.1641408350811817,0.1098896456499332,0.0197858039347568,0.1379680252222271,0.0390730044883938,0.2238204638854036,0.1908611119782435,0.0060542627269172,0.0120179840906304
0.1612102333184274,0.0973517830931273,0.1502111973840162,0.0634469664593616,0.0898099210984773,0.0380133569011707,0.145470499610716,0.0936400869757062,0.0520495385176865,0.1087964162862454
0.0354358132090606,0.1048984902414794,0.0671542715379895,0.1756804638553468,0.0857091463420717,0.1928708654989055,0.0291797217302819,0.0955173866917214,0.1657399259006728,0.0478139144442739
0.1015135458105545,0.1269003453234545,0.1382159489873341,0.0872205315242606,0.1164246788814028,0.0693090820887898,0.0674516874547268,0.1290284229456645,0.0769312794555496,0.0870044772876409
0.1412413277131141,0.0324333609979276,0.0850215691291117,0.1227573671732438,0.099228691830968,0.1605593674082244,0.1033725955295838,0.0823891402830944,0.1259018610508611,0.0470947184319948
0.013195720195231,0.1121183020402402,0.0551212808220348,0.2644659981949555,0.0335801727335495,0.2265109141351026,0.0069939853574927,0.0247004814269667,0.2062422425303312,0.0570709017832415
0.0835515448374875,0.1184646220592434,0.0933682478629227,0.1074125378527923,0.0875724578476037,0.1094213930314981,0.1198114567772644,0.0844304252112958,0.1073515804845292,0.0886157337828485
0.1500124784606805,0.0370953172490889,0.0711000125070916,0.0876694181495562,0.1775272770441783,0.177588910497237,0.01558948919487,0.1464913939958552,0.1077075332539795,0.0292181691002403
0.258853246416503,0.2682280818635354,0.004755988891721,0.1081457711279831,0.0067833203249528,0.0172723245244657,0.1238687295419823,0.0609111067533868,0.0838297801475925,0.0673516482106406
0.0866008313155555,0.1326259953223572,0.1258355363900919,0.0966767041974105,0.1053898419611616,0.0781887330802151,0.0788602087755995,0.1153105329519749,0.0892224374569648,0.0912891783734116
0.1310333889109846,0.2618129984399698,0.0102864164351246,0.068803064959311,0.0921212442364144,0.0648620209506339,0.0867252121514276,0.0714365894429307,0.1132643125790131,0.0996547501801292
0.000193899241023,0.1729130313216228,0.1462762207214417,0.0418689000805624,0.1953869576897352,0.0145657843325875,0.1211963836059254,0.2213949273047858,0.0441358066624639,0.0420680883174805
0.053109975831116,0.1442845599847946,0.0991851823484742,0.1195930766993865,0.0886947677341599,0.1072495004633918,0.0873195247581136,0.094093323363286,0.1172982284995735,0.0891718599329866
0.080977919079037,0.116773209596529,0.0991172642792396,0.0887726571146687,0.1387954845176522,0.1102591119848789,0.0715556384132769,0.1260580716250524,0.1026521974799506,0.0650384455745349
0.0605381486451282,0.1332651344322041,0.0966710400410579,0.1299683335131568,0.0737088592830442,0.1148781597640769,0.0954694524182819,0.0823150608484545,0.1216530781940705,0.0915327326215569
0.0842109213550284,0.1035214109625432,0.1030308170347221,0.1200625739906369,0.1089119048770494,0.126266199085802,0.0601736161555524,0.1120516836350401,0.1163023232613172,0.0654685494751893
0.070054339846076,0.1128755704535384,0.0932598322095629,0.14635796357171,0.0668572162182533,0.1364226647094187,0.0835541209026175,0.0794825351574468,0.1315076115824304,0.0796281451149655
0.0965911073938017,0.1050694088152752,0.1044423680023369,0.1006443342153949,0.1121987461754368,0.109039757681712,0.0876434298760913,0.1084533430965441,0.1022156915985464,0.0737018129872294
0.083985129006719,0.114902724078954,0.1082454060819887,0.1145916071047826,0.1031316031828583,0.1120264994180901,0.070646868081476,0.1084692456826059,0.1091697904353129,0.0748311266943323
