0.1624244167153766,0.1056257908498225,0.0863240158663761,0.2140092583776416,0.0196115812979988,0.0368649053837408,0.0711950575666963,0.1364851427833616,0.1414793477927194,0.025980482477338
0.1852143697034566,0.0456288669067671,0.1331737069025967,0.0506930421802529,0.173570364680796,0.0540583160251595,0.0574422916415043,0.0843458343543037,0.121710558975892,0.0941626478888138
0.0080230643493813,0.0209942608540821,0.1033984622740495,0.144221896206804,0.1593273094410374,0.119820672756945,0.0893889559568077,0.2280513680695016,0.1152668323726501,0.0115071772917251
0.1745276854415874,0.0483318611445859,0.145973132146447,0.0225156552774698,0.1846819043833189,0.0346107100135054,0.1004648122858507,0.0511210658075269,0.1522863738802396,0.085486798770344
0.1156172649545455,0.1339133761635648,0.1352003652703078,0.0764315699201909,0.1558815975844024,0.1301369440611652,0.0017160450251174,0.0510988579731891,0.1570386241615818,0.0429653541980451
0.1950054305544803,0.1273046934627443,0.0390465552702995,0.3103261104220156,0.0675022374226992,0.0903910605592409,0.000471017780717,0.0519947285846059,0.0930604512355451,0.0248977139862608
0.2187121374003917,0.0776434498704913,0.0665814970448038,0.2645864989071311,1.9333208392320685e-06,0.1457177663258036,0.0606536409988383,0.0036180031275051,0.1053243515847086,0.0571607205018289
0.1310011762122791,0.2036862639655269,0.0788619406839182,0.1254711810390324,0.0091443865158617,0.1251922781273148,0.0669483073437855,0.1187612444624764,0.1362963853869924,0.0046368356131515
0.13635772779902,0.1824986919624073,0.1038034028204073,0.060024513154473,0.0702226158824244,0.1226583850990352,0.0415595358838836,0.1091989299087031,0.1492397563471939,0.0244364405114712
0.0346270461931312,0.1969523858385665,0.1093909974741525,0.0326757282895938,0.0826808205388479,0.2633514761184197,0.0364026882256879,0.0521803158927567,0.1687334826810072,0.0230050581782506
0.2013427748483982,0.1381499650146733,0.1357882208833364,0.0381728716751349,0.1210018390499318,0.019308543690862,0.0063114804755313,0.1155959423726145,0.1561592958652858,0.0681690653875482
0.1342565031859945,0.197022709174111,0.1064510171146997,0.1549530864440883,0.0287917671067398,0.1212207724196494,0.0021144742431979,0.0737031986506395,0.1800577646588735,0.0014287061361358
0.1885362304318331,0.1712495109754862,0.0793577946573381,0.1602062695766398,0.0049374347405822,0.0160466424373575,0.0513707930791893,0.1750647544429232,0.1187629001264979,0.0344676689092054
0.1349362233211076,0.1905659784352903,0.0603352179416803,0.1453252485429856,0.018009368863636,0.0888257373741763,0.080452043151274,0.165178530473302,0.1103764218130386,0.0059952295887955
0.1418635319049602,0.1810745055924402,0.0416587048891263,0.2007932892527952,0.056107190489856,0.048968089566638,0.077210448804354,0.1555497933318861,0.0946151440693296,0.0021593015730228
0.1194698272173194,0.2071614098241129,0.1073530027141428,0.0668809452642074,0.0546966317271715,0.1663184110245216,0.0472392278771798,0.0610073135596698,0.1640920340546625,0.0057811960609118
0.1698702771112328,0.0877264735787003,0.154502054596639,0.0303415703754656,0.1769472248489035,0.0211333645921384,0.0759457837021549,0.0397890170114274,0.1707033488305344,0.0730408842965224
0.1742384659561967,0.1411268162284817,0.0468537276313489,0.1216432731250572,0.0065822513352964,0.0097364089311034,0.0866344255652772,0.3033679073059807,0.0667937411548955,0.0430229822112681
0.1928233976780441,0.1364308926914622,0.0540558099182136,0.1881453215608421,0.0212208674723864,0.0449257977896016,0.0436022307697933,0.1908617487404381,0.0872595685918902,0.0406743639989361
0.2023080583281198,0.1274745892376916,0.1055748770004815,0.0569111326650365,0.0935478703924448,0.0044882957861219,0.015548638114343,0.1964335486523435,0.1259382308328134,0.0717747579755122
0.1883469669789588,0.1160120671199819,0.0459525430789624,0.140704562233175,0.0078257814374494,0.0580838763906855,0.0593929621185256,0.2686442314096106,0.0632127937625676,0.0518242147832257
0.1659835776225649,0.1195608759162296,0.1370142887205684,0.0597401879171825,0.1160410488108008,0.0329100062749642,0.0638026756407819,0.079465697473867,0.1771348976279675,0.0483467429461875
0.2150823514082142,0.0768237079324679,0.0894041418390359,0.1408285417520496,0.0590256819601319,0.1078324421503172,0.038016794502735,0.0897840141657311,0.1082016426673398,0.0750006807326774
0.0939729078267602,0.2292377776149682,0.0825315992911159,0.115112888342659,0.0019301412905918,0.1961990347620213,0.0671599569422385,0.0328334248587836,0.1581743890302406,0.0228478792235491
0.0475837871103773,0.2063097008995369,0.1031650563795232,0.0274965583253138,0.0596086874395239,0.2489349743954451,0.0286747826059683,0.0758818590149746,0.176482130870707,0.0258624622274889
0.0242762324095656,0.1057050640916144,0.1088868480957367,0.043445657814721,0.1101089392383409,0.1704049252063486,0.0561248181455388,0.2160923939411347,0.1571420081733832,0.0078131121157614
0.2154593847199451,0.0834523011949645,0.10820861795257,0.1221480835075208,0.0819054494508595,0.0875641874155359,0.0550486342699018,0.0396024434591752,0.1313266706758485,0.0752842264315843
0.2158494974923542,0.00011872556605,0.078420249282575,0.0573531888145744,0.085081862847604,0.1939226601812582,0.0468399679530562,0.1640454265407175,0.0551647877781304,0.1032036329385431
0.0999592861419478,0.1477363295263352,0.106639111238247,0.1043208579227348,0.0548626365266646,0.1086159336819059,0.0429043213696926,0.1626152744548279,0.1709345429671509,0.0014117053897721
0.1229241974638063,0.1735726414774529,0.0001700629880397,0.3164053340692633,0.1410416621856517,0.0158908657107222,0.0654238602136877,0.0640646984628821,0.0745488717655551,0.0259578050132904
0.1187026522922012,0.1408564348529326,0.1342506158983324,0.0768930871134142,0.1399382684884887,0.130233961433014,0.007040523191595,0.0566420551238913,0.1561858841872128,0.0392565167265148
0.1002770368118386,0.0411645436095771,0.0145536462372223,0.3232913477508133,0.1313020805379459,0.1298210440199841,0.0519705360088947,0.1577471883105623,0.0371502678332956,0.0127223083015061
0.1045086376075202,0.21613377075328,0.0659860456521144,0.1662406956770787,0.0284479244266767,0.1504109148970197,0.0648176525061827,0.0434634910555889,0.1402718641613492,0.0197190026465078
0.1234378765290155,0.2063416606052385,0.0768792192280657,0.2057663465099481,0.0288074209217847,0.1162901803425266,0.0249792656077923,0.044519223262969,0.1574036699302255,0.0155751362832919
0.2261348295288466,0.1002464379995514,0.085712451161704,0.2129452169788272,0.0093174943601424,0.1153140987790598,0.0384922532622703,0.0350594467039369,0.117710489047911,0.0590672812767193
0.2237593556345425,0.1449179378484183,0.0927809534373899,0.2437185143099813,0.0032639254829764,0.0629730148804907,0.0230292116034702,0.0184835535615536,0.1430175017646907,0.044056030615874
0.152994484096445,0.1519600211053802,0.1561369482217607,0.0279134567695545,0.143748674766678,0.1056493844490559,0.0224026788252774,0.0066950927886193,0.1864689068834401,0.0460303513508945
0.1550341162238435,0.1932104017840076,0.1127248872546472,0.0880957781346495,0.0546859993805468,0.1102663042892383,0.0304199309710287,0.0675690043141026,0.1647426013020336,0.0232509755842871
0.1704477430822891,0.1429830039220195,0.1526263196683698,0.01552998765592,0.1376233640735263,0.0710198031921331,0.0411125869578422,0.0270103399328401,0.1881079339344821,0.0535389166986966
0.1874199906292168,0.1010183420418086,0.1011048449378736,0.1811910666128534,0.0337777795475139,0.062327210586264,0.064818030017164,0.0838062184475733,0.1407330671508453,0.0438034493140193
0.2142028908628471,0.1047232484228164,0.0876052681202488,0.1163062785317779,0.0410570832504738,0.0790696563299022,0.0104695423529606,0.1791617442055496,0.0980788481227897,0.0693254392425472
0.1345178178354607,0.1951564055262729,0.094544010292294,0.0721714953825968,0.0332290473598748,0.1243864620344757,0.0639018304193365,0.1282366531526583,0.1397473743247813,0.0141089031089057
0.204995712246455,0.1072026579554993,0.0668337055717989,0.1353490618282879,0.0142768220554862,0.0787921432460515,0.0314608617685638,0.2192414625458203,0.0795047268303114,0.062342845391415
0.0997716502827757,0.1716059168168884,0.1220658122464181,0.0483796525048003,0.1095008829687456,0.1741393848236942,0.0339333181326474,0.0635926004012482,0.1575173930618167,0.0194933881501883
0.0462145264575179,0.1910940556622715,0.1162932251433343,0.0720143122453841,0.100343634019883,0.2549281106179373,0.0443200655669929,0.0003990511345909,0.1649576944785836,0.0094353240913338
0.0466475619492939,0.1644804019084915,0.1227025818568806,0.1092840992010449,0.1294495787038138,0.2342204965947092,0.0282841657246094,0.0020524435683568,0.1590766735994107,0.0038019964025324
0.178795740751327,0.1799487357599214,0.092095105871147,0.1341945603394843,0.0186952815195062,0.0468686168409385,0.0448313783524611,0.1374420153989345,0.135608700430729,0.0315198640989639
0.1046945788468646,0.1552705701286731,0.1025560804663332,0.0481980242753998,0.0937811399258329,0.1397759936592864,0.0547117581892804,0.1475145928362455,0.1257375791096778,0.0277596820846721
0.2223137802390525,0.113656517985936,0.092583081650944,0.1574965617318242,0.0313870037263584,0.0806255685369396,0.0108375597706524,0.1092623918690823,0.1173093128464892,0.0645282208762499
0.0987461489046841,0.1940837595056077,0.0342493779973914,0.1772509155018473,0.0639422677769755,0.1110950936586478,0.087962309036085,0.1168368269389333,0.0971084196484223,0.0187248805641433
0.0339169826010844,0.1138277681542384,0.1205648471586506,0.17887547247393,0.164581913745219,0.2011315718803773,0.0125224335333789,0.020378802672305,0.1336734619126545,0.0205267455044137
0.1357097917658767,0.1338006361309615,0.1465162640283739,0.0045937320002444,0.1322503636927754,0.091733728053222,0.0481959200980071,0.0855481902475524,0.1830459405199752,0.0386054327866705
0.1314587692126755,0.1348136983964669,0.0307457407471868,0.3200153780180752,0.1038283738768749,0.0290237929732022,0.0165345219797545,0.1156920087766156,0.1029356205939981,0.0149520948333254
0.0630276109943583,0.1678921554757364,0.1179524716068825,0.0849322536660258,0.1166579411678023,0.213273119935271,0.0371228357377264,0.0378203945305773,0.1529921997218578,0.0083290167055831
0.1033676599975327,0.0792779765769681,0.1439457672521639,0.1285471331678784,0.1919854593391194,0.0894564878290959,0.0451404400353092,0.0122409324120179,0.1476095623185725,0.0584285806201314
0.138232040168907,0.0559210309304139,0.1502695226776461,0.08201823129958,0.1894009154458197,0.0177120753772907,0.0827187174039826,0.0592677059355155,0.1512381003281905,0.073221659889487
0.0702801253261815,0.1074742490219627,0.1351771487603077,0.1395750155871753,0.1739772666179579,0.1556075524078604,0.0179269909559351,0.0145492667135273,0.1496187650371034,0.0358136191204944
0.1109917285152379,0.1459034201150298,0.1427823187177049,0.0570589060714261,0.1451239354840694,0.1462168094372852,0.0167756633395903,0.0251740251811532,0.1754230079423569,0.034550184512559
0.1358203273126526,0.1927462550861157,0.0751499844184962,0.1093809362548319,0.0092500511692359,0.1065175101158731,0.074430968678881,0.1602402289652163,0.1229527713144247,0.0135109661858862
0.2025663523639334,0.1326528526639223,0.0659202573865785,0.186362044150447,0.0089847569478898,0.0573609583706059,0.0310709326448517,0.171888104182306,0.0948249751681735,0.0483687656005144
0.1902368983057987,0.1840201641628228,0.1211506979467987,0.1328842321087698,0.0547164520119299,0.0570160836781969,0.0049755231386298,0.0445920165198926,0.1721527636645564,0.0382551677458255
0.1972055253483175,0.0858436116025954,0.0320302129723146,0.2460007247974897,0.0559673187541735,0.1381744951416809,0.0096745306853688,0.1335473831507157,0.0560876409279747,0.0454685561683894
0.142876323456979,0.1850761178604676,0.1088039541033188,0.0461809785848269,0.0632717362071891,0.1181877521318862,0.0461143915247171,0.1140910854405903,0.1489822428293273,0.0264154172930011
0.16215735866333,0.1011977598514789,0.138066127092214,0.0578065756684448,0.1195300598532966,0.0114326919152468,0.0782705957783205,0.1082439502202499,0.1695706178011428,0.053724262514275
0.1714534657413738,0.1035306790025789,0.1376378846082249,0.057560740124237,0.1544986346335232,0.0284570662282746,0.0119840834827506,0.1196112493147428,0.1388362953888158,0.076429900921505
0.2118583344009715,0.1155093040970499,0.0875369626270481,0.2401930750108034,0.0062721665453167,0.0845022768051147,0.0475332597792229,0.0238780385517415,0.133000190609927,0.049716390819368
0.1942306714831563,0.1317837496751467,0.1376595057597265,0.097434424759685,0.0999700712033308,0.0082851813124468,0.054568895282096,0.0424767483736721,0.1757081135933928,0.0578826377347338
0.1785998804911582,0.0912937564498058,0.1553349280775265,0.0468505804165081,0.1810639083776487,0.0148438974465447,0.0537166796904635,0.0342385883406689,0.1605468697718994,0.0835109103824778
0.2114660114144946,0.1370714516842333,0.1392125178960209,0.0675921494492806,0.1116789008264251,0.0008086445053403,0.0220635493802721,0.075356981155333,0.1634629893611818,0.0712868037098301
0.1503569958844735,0.1751629803891544,0.1107083159133743,0.0409580573208673,0.0739483431026772,0.1016170291740356,0.040441957100322,0.1257127715839361,0.1463412976610763,0.034752251351822
0.2154992809009424,0.0569477549608225,0.1010332731534185,0.1150145124000477,0.0771166308974035,0.127135150000853,0.0571504873555366,0.0582603577880399,0.1069906076804959,0.084851944337438
0.1229080180041279,0.1481333025968543,0.1259514962286637,0.049266514853828,0.1253736116466101,0.1239268709782601,0.0216649665938603,0.0940506596037605,0.147933538033333,0.0407910210083564
0.1432111537932036,0.1148698591379939,0.1049171285145699,0.0547523474158284,0.1150607510474368,0.0553073875769247,0.03766525710658,0.2065873726448927,0.1064161502048059,0.0612125921170694
0.1297001299885892,0.1191845532601845,0.1253907407629771,0.0794369338553476,0.1402584428604493,0.0892668065063582,0.011804499623359,0.1164723042391527,0.1331555673057838,0.0553300210651875
0.1450655457964378,0.1753026302640941,0.0557066091275642,0.1256406231379845,0.016773538802936,0.0616972676670004,0.0876565394175909,0.2190746192336642,0.0930492400052341,0.0200333860702784
0.2118825942219999,0.0441683753376956,0.1093893808545891,0.0190214168901778,0.1188581082947399,0.1136687774563132,0.037699858773207,0.1499047594862236,0.0942967723667459,0.1011099557895061
0.090011000982666,0.2159843323591471,0.0952610642064235,0.0298553926998726,0.0391452577370267,0.2067886247439284,0.0763722262569035,0.0918781854391583,0.1494753204909179,0.0052285945410329
0.1948757113958024,0.1303503596492742,0.0776103391323954,0.1069399588299984,0.0304454635809229,0.0290331642313718,0.0457623752313894,0.2319223063747594,0.0933750898743435,0.0596852312477644
0.1502504581732996,0.1626739145598294,0.1057262899050788,0.0222283794847211,0.0791294899117866,0.0887221222723304,0.047811387536268,0.1689603226566176,0.1317892676677938,0.042708367361328
0.1630657163350378,0.1846043953483099,0.0389114141980824,0.2929063272273414,0.0948139531764514,0.010447866801617,0.045882833350438,0.060715580428094,0.1076591150873211,0.0009927973928006
0.0759006441235785,0.2228244546851108,0.1039387448452332,0.017673896243689,0.0514516831184047,0.2361681025430434,0.0686200191532151,0.0485085350846393,0.1633289618195781,0.0115849578758913
0.1704131831316825,0.1822113984657693,0.1128316961757165,0.0886945046090952,0.0543377722034109,0.0807216395472511,0.027647151583411,0.091785522706692,0.1550811985443153,0.0362759323060997
0.1994335609625828,0.1469960493685468,0.1202142895628745,0.0616566441222066,0.085166253133106,0.0168435428220582,0.0151865235865844,0.1486636512925523,0.1409916389137674,0.0648478456204788
0.1238414207558793,0.2026403551695176,0.0899689567744825,0.0809285429530498,0.0256769850371591,0.1423887037341326,0.0674497167444482,0.1176898733138313,0.139861482603876,0.0095539624168808
0.1612212695159151,0.1496162475385088,0.1247644107608578,0.0119473232718397,0.1118528065227596,0.0792396525767181,0.0233121238278713,0.1378727686741875,0.1444137160814528,0.055759680624035
0.1997838871265384,0.1357830991790313,0.0705303806293678,0.1537723000390258,0.0024742347101137,0.0429971725370342,0.043256209675314,0.2060949051549612,0.0925868558230032,0.0527209546601898
0.1514009491108696,0.1597873574113982,0.0114864803499714,0.3594204241980774,0.1427809084774456,0.0378073930054393,0.0324389943515484,0.0100154666425045,0.0822094640205136,0.0126525619276169
0.1959432151276747,0.1439907810996188,0.1030985365207009,0.0704763563935375,0.0631144624223924,0.0050652577968501,0.0362088191563437,0.2004260507623166,0.1195020780166897,0.06217444220948
0.2113289164285431,0.1417979157178424,0.0839071939238202,0.1837962830774545,0.0099081072639521,0.045709794990401,0.0163600461738345,0.1369859092696877,0.1162292343160339,0.05397659829799
0.1723559038887018,0.1841846370397706,0.1056338443738471,0.1221805782528758,0.039495609782543,0.0690642901757155,0.0299872843043312,0.0925136615337952,0.1514238239243901,0.0331603661899674
0.1278522566379804,0.201654095509665,0.0861810165560621,0.0904156097331902,0.0182952766750454,0.1326187372118854,0.0703081698558955,0.1275289163354748,0.1353355323696616,0.0098103886446292
0.2108298143739858,0.1135226713488164,0.1336160784773731,0.0065795477127931,0.1278908446663896,0.0169136082959213,0.0054401821131722,0.1619245364111074,0.1363845776978098,0.0868981383721234
0.1812215732406321,0.1259164093471136,0.1491630728325154,0.0258797868803603,0.1470739910009499,0.0406787676922459,0.0170078354895367,0.0811992583886449,0.1596463865933218,0.072212918056039
0.1560516979148549,0.1848097649425983,0.0587133926125582,0.1993503594402789,0.0395407021551767,0.0455285599735085,0.062511698059334,0.1304626916218817,0.1111669555962202,0.0118641772904914
0.160134222181709,0.2024041402832996,0.1089514766920103,0.1349626492665627,0.0305795672895279,0.0999323732154834,0.030556616369092,0.0484507147149042,0.1649072335290101,0.0191210059910302
0.1391383965225615,0.1897056829816485,0.1133944912154448,0.0497681490589126,0.0661234669831104,0.1280222264115899,0.0416127906185683,0.091488401443943,0.1557724421885929,0.0249739521329245
0.2044936745348834,0.1787681167402287,0.0802004033123102,0.2670422035629612,0.0372999621551041,0.0159198498015934,0.010977028590803,0.0386071447141914,0.1397933718310474,0.0268982441573655
0.1677215365437829,0.1945151552950867,0.0597495465872691,0.273858475798121,0.0706620441851507,0.0280414780527601,0.0377968540256875,0.0375040452546062,0.1278510192004399,0.0022998445474078
0.2000951914586965,0.1907960424576705,0.1132523069671879,0.177744800176728,0.02431262187378,0.0379821563729531,0.0098953237788821,0.043793816324411,0.1666771761790769,0.0354505638312824
0.1821012654385372,0.1806470553019621,0.1167955698074777,0.1123913587381745,0.0529010333897453,0.0606606441498134,0.0186678354969146,0.0770845214560888,0.1593651355011253,0.039385580188006
0.1579056410356288,0.1707614486494443,0.0500972961009252,0.173255055379201,0.0406047179375989,0.0266037076042676,0.0781389521577883,0.1944696586043859,0.0892973826943489,0.0188661394862641
0.1058046683129949,0.2078628186790233,0.099371967655732,0.0385618653367496,0.0452658847265457,0.1796925376858337,0.0689562777239938,0.1010024290632556,0.148335685133158,0.0051458652679529
0.0868011081503163,0.2178287533329617,0.0900613032897532,0.0481181645683436,0.0288271538744756,0.2045153102007309,0.0796387749150702,0.0900881103800159,0.1457042063231518,0.0084171145946619
0.1734111337442707,0.1785441391044108,0.0945038883904422,0.121955760372788,0.025594838564684,0.0538331648171846,0.0455995263166191,0.1388223456289625,0.1330795630313155,0.0346556395926236
0.15522585220354,0.1774310637620139,0.0292921631297997,0.2868241271436717,0.1007367604726179,0.0051130249710639,0.0583314561819555,0.095992032205555,0.0909888308723472,6.468860936329252e-05
0.1088047355377269,0.2096141693699006,0.1036229966665903,0.044903962900817,0.0467598916417301,0.1785386591890767,0.0634889308912707,0.0856265789975865,0.1536179563747309,0.0050221180216133
0.2191227521204434,0.143807062790672,0.1114416378024928,0.1769130910551055,0.0379857706358797,0.0381354728189417,0.0187769714323467,0.0480980858630374,0.1472298839714275,0.0584892709549976
0.2213315018791194,0.0823275760744777,0.1128836771366466,0.1423197992903419,0.0637992488707325,0.1070423399557461,0.0622671109319071,0.0033880516778809,0.1286868919774289,0.0759538016836566
0.1564853234922247,0.1778078798959743,0.14012687694937,0.0148480933336995,0.1073343805187742,0.1151843266730776,0.0132934862939885,0.0592557289238975,0.1739754554377602,0.0416884480091201
0.1754076716457053,0.17005809846761,0.1076028880630939,0.0830503135956908,0.0534896791153803,0.0559261141343809,0.0362128800325617,0.1357990904804532,0.1391197396924491,0.0433335243314317
0.149420204452525,0.2094895352365068,0.0773323214461682,0.2102386502469558,0.0350659969515853,0.0866785898255215,0.0466858892814043,0.0412396118147614,0.1436764357754288,0.0001727645267856
0.1663019041864645,0.1636290671257859,0.1446268320065552,0.0007750394198129,0.1245021414062559,0.0944928180954875,0.0057268860773248,0.0757560267807824,0.170679580613932,0.0535097038367128
0.1999802659904636,0.1972860639022395,0.0895626129913086,0.2787237142530153,0.0368415273467707,0.0104494767322159,0.0092407694154016,0.0023910312372205,0.1565466222781947,0.0189779153735493
0.1498723080597451,0.1752904131946397,0.1244469982366536,0.0274258978812931,0.0910857551781117,0.1089292110231474,0.0294872167821748,0.0979717307645796,0.1571051473893726,0.0383853211341459
0.1367639336620836,0.1963273031435718,0.0678026778981838,0.1470640023645457,0.0198252173121738,0.0935914494629462,0.0751094062634493,0.1384184719169706,0.1180420153223806,0.0070555223163514
0.2138094516572826,0.1351741567465136,0.0848159837949083,0.1873651181580602,0.0081917433421829,0.0599756775759459,0.0119636784738452,0.1301629826857868,0.1130068174540001,0.0555343897298615
0.1874640863123617,0.1651854150277285,0.0971541796167966,0.1169232094979528,0.0341639452747286,0.02403951307558,0.0408967011086998,0.1609918630311516,0.1274887008772172,0.045692385818992
0.103335254568393,0.2078887767132552,0.1029260689201459,0.0347999815566081,0.0512579624091654,0.1836208380705238,0.0664245034240168,0.0930541134299158,0.1517149187346262,0.0049775818507394
0.0842191910370166,0.2193529996501187,0.1249661643738765,0.016369909494419,0.0772205688208253,0.2320300649928075,0.0388825022132335,0.0161569155457331,0.1854734295684531,0.0053282539474302
0.2199082118589348,0.1684957949506966,0.1093201509960325,0.1911418336785664,0.0210654981953168,0.0162294609136266,0.0025110549371247,0.0702786724447467,0.1518907931340663,0.0491585284106418
0.1263425956237815,0.1465204924218806,0.1267170362565612,0.0515377080757317,0.1206102776703106,0.1156123828834703,0.0243626186930933,0.101399451899298,0.1440363393158874,0.0428610968279908
0.0732137118110746,0.155470565856047,0.1340366156195445,0.0456983933102387,0.1234392321946892,0.1850643246338154,0.012412028047361,0.0835674862962066,0.1748028565635566,0.0122947853293381
0.1678397816340194,0.2111625004477652,0.1135174395636586,0.1771231506162296,0.0143784728764485,0.0935130105897954,0.0142153558270678,0.0149142780825678,0.1795385576676345,0.0137974522185899
0.1856400439931093,0.1755253517985347,0.0751391276154908,0.1869117552652912,0.0175717156853793,0.0123603783916496,0.0499913003085301,0.1480317560622801,0.1177606100341148,0.0310679604566095
0.1902058938413988,0.1631741244502982,0.1144480430399318,0.097327584894311,0.0622166137646871,0.0328789782775638,0.020559600504448,0.1216312733276092,0.1457831919506994,0.051774695533291
0.1427264637049694,0.170495467973043,0.138244793230216,0.0133697741408206,0.1156818389018353,0.1247707687421094,0.017743986207127,0.0685674940816432,0.1678484048693699,0.0405510077590254
0.1409919832305831,0.1944134048855418,0.0904286975689726,0.0987165640059905,0.0224173148224786,0.10872006424598,0.06218745930656,0.1285100372228516,0.1357706467271247,0.0178438276326682
0.0885381134874067,0.1369026565655265,0.1399184234586721,0.0644871333295395,0.1404709237694745,0.1526699198452533,0.0206841002819735,0.0606825516762357,0.1688989191299156,0.0267472581318127
0.1235635953033596,0.1955028491969209,0.1399420037858006,0.0315258768019144,0.0949550589337425,0.1659387321797695,0.0054673627695245,0.0335701790172416,0.1914306360342984,0.0181037055474827
0.1901255699151503,0.184586067944656,0.0712285586381018,0.2624168693906071,0.0458450217977065,0.002107701241866,0.0283724533528484,0.0637970156775397,0.1310304850528554,0.0204902565359551
0.1342215766450787,0.2004604949336838,0.12358489545846,0.0529740455308415,0.0709837734346324,0.1494142327558725,0.0318132635641051,0.0437085410973209,0.1724838969442497,0.0203552791912198
0.1336099158273064,0.138861119060246,0.1220921843650869,0.0469969500242757,0.1204348772034061,0.0976287905974133,0.0260298132176507,0.1285728575691056,0.1357749060135554,0.0499985857870651
0.1957159769020729,0.167243334150142,0.1019308884762542,0.1409681545689331,0.0339671777730608,0.0155160657850054,0.0283409773364388,0.1321345687935581,0.1372164182998506,0.0469664375525678
0.0933302731554955,0.1733436156648161,0.1209678570190351,0.044278555595118,0.1078337726585556,0.1797099897946032,0.0378771279702025,0.0673793319375163,0.1543540848017829,0.0209253910806961
0.1752858671266034,0.1917302653131389,0.1131486731925589,0.1409130226235292,0.038454859858593,0.073521561561435,0.0187459042668606,0.0514985230175018,0.1650496445741732,0.0316516779809205
0.140375335908908,0.1359788058968353,0.1370101793742375,0.0524287703075092,0.1401929934596206,0.0958299675638814,0.005116575724891,0.0863639377757275,0.1515467160406895,0.0551567175704592
0.1246119722551458,0.2112409592995471,0.0797408652087889,0.1278340982675218,0.0057474274293454,0.1338495928958265,0.0732916252757096,0.1066537624991375,0.1361041672531471,0.0009255292308848
0.1653324197072264,0.1609163857663756,0.1366256439033933,0.0088946732533495,0.1153482243022677,0.0855126203502795,0.0139582464865045,0.099052745894656,0.1613614751035201,0.052997564846415
0.1507755351052973,0.1542147811014587,0.1447953058374962,0.0257642022157752,0.1359739327598066,0.1047352146866381,0.0015453469393055,0.061935593758199,0.1684821049590602,0.0517779822301249
0.1982998911931381,0.1688008871562208,0.123014316917914,0.1204820820629482,0.0639412996763611,0.0302274767772761,0.0055154403653463,0.0777621798929669,0.1605291140796866,0.0514273114344726
0.1327239998878766,0.1932941491839444,0.0959991635901571,0.0731956874027576,0.0372255488360541,0.1236252631964238,0.0618614113102238,0.1254089498489978,0.1387866376580232,0.0178791887619083
0.1665834539745839,0.1806337302643068,0.082465300730256,0.1314983060387967,0.0079925546562166,0.0536078001967594,0.0616612958599448,0.1659164770299642,0.1209699658485093,0.0286711150643551
0.1237361706761023,0.2147644729883438,0.1161013451102399,0.0822085924744558,0.0501142996081528,0.1660755323547531,0.0400338856408172,0.0263975343023674,0.1742998428266024,0.0062683236565795
0.1463275545103574,0.1837268399922771,0.1197797703198917,0.0459078518608886,0.0751026126304786,0.1151611712500615,0.0351125105913103,0.0900596964363367,0.1574949658834087,0.0313270261573359
0.2079707774768882,0.1149264275723764,0.0983548560107676,0.0947611884043548,0.060654004825323,0.0505030432390221,0.0131878596381699,0.178892474317827,0.1083899700433457,0.0723593981042565
0.1979145728793976,0.1614881649422262,0.0799127035906995,0.1666865350682395,0.0006536132653418,0.0101587912195989,0.0469209741760719,0.1797112693799212,0.1120651164165889,0.0444882586653867
0.1626502580349557,0.1721807758394032,0.0992344464122176,0.0786049681057018,0.0464888393678003,0.0683339493704563,0.049287728636034,0.1543334541032986,0.1311939248122573,0.0376916549331992
0.1479698539237541,0.1943079288262587,0.067070128547773,0.1875168633004647,0.0311446943041768,0.0703470550895974,0.0620166502547102,0.1096317099952669,0.1219439634873469,0.0080511519162551
0.2211660536252475,0.1565666300526119,0.0992909132787966,0.2320898988879335,0.0027253644835943,0.0457642140619302,0.0092136500129672,0.0417880923394315,0.1444255785987185,0.0469696042073524
0.2000197999227116,0.1407046437264459,0.1444800006140295,0.0320891373475192,0.1222406659262584,0.0242047942370363,0.0117644455769664,0.0897808116530066,0.1626789621119508,0.0720367384062407
0.1590105153590897,0.1417799011471888,0.1506886314242346,0.0297844224907186,0.1462131785999941,0.0842015344543091,0.0127571819098629,0.0465824902307986,0.1701166087822857,0.0588655351694661
0.1468592661875034,0.1908624832463548,0.1351566121168725,0.0459047089655693,0.0929632702895308,0.1322546942623134,0.0149746378148559,0.0300638259189382,0.1807974139072714,0.0301630868564608
0.1880114655328314,0.1749442429511437,0.1364053814750433,0.0947340972684672,0.0826355541880881,0.0591555810724819,0.003150261428519,0.0373825289255927,0.1764946258211601,0.0470862608764083
0.163171048855637,0.1882467219452158,0.0959509732571642,0.1243722332190753,0.0222474309789743,0.0738515304675545,0.0486361246848216,0.1178566408019762,0.1398454135804733,0.0258218818403928
0.1317400065605398,0.1928878343950129,0.1124936413985261,0.1500968773022936,0.0222141541955293,0.112246434918171,0.0045990131348975,0.0946491033585703,0.1778402359994978,0.0012326982839532
0.2062295860132608,0.1647131816968267,0.1165705047615597,0.12812803601166,0.0514262670622871,0.0100018574126634,0.0137961112267604,0.1065571159970375,0.1496577909295258,0.0529195484353939
0.1529367404716527,0.2104167492631653,0.1028624350600855,0.1475150377125027,0.0126346616337,0.1078145585584194,0.0424124555083992,0.0515450068607853,0.160753711340177,0.0111086431844452
0.1689999458512803,0.1652972908770507,0.1612040538723265,0.0057476367950575,0.1364245185607158,0.097064467691207,0.0195212223315577,0.0016422005880457,0.1931441329642925,0.0509545300027932
0.1376781963955747,0.1977907429716774,0.1150629741246657,0.0652477867236787,0.0573736281208505,0.133191302559552,0.0421617684161105,0.0712511017728046,0.1613262356818594,0.0189162628663883
0.1460138546840635,0.1883560967697211,0.1079364296401203,0.0710664876982399,0.052151068995736,0.1093345027424405,0.0463603447181832,0.1047632632455043,0.1488935669616054,0.0251243841784332
0.1117541353596454,0.1816109052834175,0.120637847711009,0.017501410040156,0.0966269575224908,0.1634188046873171,0.0435069324516737,0.0864972335978156,0.1555927461101769,0.0228530268895123
0.1079842803585193,0.1803718704819001,0.1324718919954128,0.0439767584348263,0.0859687533009857,0.1564549035344223,0.0095352328595164,0.0880824476323447,0.1858519427454562,0.0093019182503679
0.1277375959326267,0.205339722513267,0.1159978744944615,0.062679755076418,0.0571537342333489,0.1536447865025603,0.0437750393959784,0.0548353814578944,0.1664481718757195,0.0123879381607943
0.0968417727536855,0.1834726601454203,0.1409884835394767,0.037951975665727,0.119475851793953,0.1931467260974007,0.0145130905225079,0.0157612093073462,0.1821860611499737,0.0156621686542346
0.1646790454444898,0.1953138355651173,0.1188124760830445,0.1037550797090622,0.0475034626646747,0.0948018073930553,0.0278590922066428,0.0548829968496613,0.166531229946604,0.0258609736850009
0.1135406442125914,0.2116090502398783,0.0632623640370513,0.1940361003689121,0.0489370779954748,0.1210776402081562,0.0627734233856701,0.0334976342198758,0.1327471995996814,0.0185188653818492
0.1672649170469509,0.1695931824995682,0.0502039871644498,0.3260257308150654,0.0934259162284383,0.0196823833395875,0.0067028240888699,0.0438122005812487,0.1213258660643304,0.0019629916928178
0.2173837599653346,0.1482624778856635,0.1103639740917052,0.2136298743250299,0.0179393285361615,0.0432222494788725,0.0305548916051931,0.0161650215137363,0.1557697304328494,0.0467086915834088
0.1498270438884712,0.1486881118608918,0.1485383111745378,0.0401569766024173,0.1394418765812697,0.1007839801978818,0.0020426623118277,0.0504721296323871,0.1685656576992259,0.0514832496122225
0.175321574972962,0.2007244210673778,0.0980389078616437,0.1690602274859607,0.0025859129866703,0.0667992885209003,0.0395650787332701,0.075069622966154,0.1522393366375348,0.0205956282557352
0.1675883486324873,0.1488826475345087,0.1363859757707609,0.0897049391855791,0.0901233869830393,0.0508698193023833,0.0376806136675179,0.0585375517006108,0.1784695496074497,0.0417571670703348
0.1617652286821428,0.1747205888476641,0.0432121337565604,0.2340806308771678,0.0703991714899941,0.0102005810799684,0.0651367783511979,0.1361259323378798,0.0944119724534946,0.0099469816959017
0.121533525773529,0.1524927151022546,0.1498716011865845,0.0630611861390554,0.1465820818821708,0.1415807214389697,0.0059971927437921,0.0034390973375831,0.1759702072768219,0.0394716706220404
0.1238927060035762,0.1144189349702465,0.1446486051533445,0.0273758704135296,0.1471985601118622,0.0880627220517157,0.0530973727755438,0.0826890238057102,0.1718300116855173,0.046786192450218
0.2063888719972167,0.192198964486616,0.0881818143970792,0.271139984170284,0.0370614360913098,0.0005937603360547,0.0110172507783413,0.0169984398873557,0.1532195558504905,0.0231999212972924
0.1670166157852343,0.1687119587977896,0.0872155689614237,0.0926811044219135,0.0298242106146397,0.0513775044358562,0.060069270336675,0.1868947885725317,0.1182106182447674,0.0379983593514261
0.1263896215053396,0.2015579098750761,0.0623789184963846,0.1563521733101547,0.0326588196099972,0.106415396217136,0.0770812911924429,0.1154619444157813,0.1194686234820286,0.0022353013979845
0.0807572707006933,0.1567465303984409,0.1138806768208463,0.0804099726502455,0.1105494041635327,0.1782447051889024,0.0406008347598139,0.0773764474395729,0.1400027767082189,0.0214313806442601
0.0721123318885084,0.2194215102841048,0.1223491412022456,0.0090860470621742,0.0800694811598244,0.2502573176507109,0.0470244517920448,0.0086414176145327,0.1824969275003558,0.0085413732578995
0.1678910974059981,0.1311545082202865,0.1513524220740534,0.03339911315267,0.14942920116219,0.0653058978671777,0.0209286855197533,0.0456474593128827,0.1682786846387712,0.0666129299756441
0.2220367307056628,0.1250379261436439,0.0968951080400915,0.2105972111209463,0.0170991508199329,0.0776258117630895,0.0278568721026734,0.0317323221325009,0.1334516859795755,0.0576671804955909
0.2163363912396929,0.1182364967199109,0.1131642650714415,0.1121989434913769,0.0703672432032947,0.0493686765418738,0.0159879972896463,0.0980528349549738,0.1333546755030283,0.0729324753067709
0.1246526147523851,0.1683016473366829,0.1478140439820202,0.0266881472115615,0.1329834460415657,0.1521102831980207,0.0074244441046338,0.019836216561322,0.186552567330184,0.0336365888333961
0.2005661851121521,0.1558345782333262,0.1355757345510693,0.1257871598194379,0.077919453054,0.0192141646402581,0.0332197022390727,0.0198499367472449,0.1794034177469956,0.052629667085838
0.1618097274555891,0.1602600200020363,0.1172205553964088,0.0171447874535823,0.0878773911325987,0.0763274614626666,0.0389016447021017,0.1527652583479183,0.1397669351818724,0.0479262183729999
0.143367346063353,0.0959721735475509,0.1394867230919449,0.037944143951897,0.1196166605407394,0.0247010110282309,0.081025601167359,0.1425565911976857,0.1682009424657358,0.0471288063846092
0.19269100978186,0.183722345817601,0.0890441779013013,0.1883856658520712,0.0052662938346906,0.0206099359631153,0.039251143460419,0.1135016287405823,0.1362071056844069,0.0313206924213745
0.2152081699647441,0.1246785561813333,0.1281710768421671,0.0980696747584308,0.0868489073207483,0.0343503330876773,0.0235087572493432,0.0695824695077049,0.1488811190820443,0.0707009354626968
0.0944621491991295,0.1953753761737426,0.1128530444665028,0.0911026147160987,0.0424360657990683,0.1695151516854925,0.005132310048774,0.1015742942104977,0.1791130256123349,0.0084359675225897
0.2135866250506321,0.1137910158349865,0.082316656231338,0.2521486348929002,0.0146492202855932,0.1011036511733714,0.0378886447295221,0.01513424474524,0.1223164078582623,0.0470648985471323
0.1556047171489179,0.1876814169936324,0.1160830169069174,0.0699327671071318,0.0602374016863243,0.1047760951594144,0.0346355840085331,0.0826222845131445,0.1585891873687811,0.0298375284622077
0.1691223323088405,0.1766108621903374,0.0632539181094368,0.1812397435852188,0.0303391419477552,0.0274392457152895,0.0638756811860889,0.1584167219492476,0.1073662079968031,0.0223361444303067
0.1147177760926656,0.1991095891693275,0.0663834855303649,0.2159038619680167,0.0532266916145959,0.1036623726705321,0.030603432095165,0.0541513854539794,0.1420982401179157,0.0201431646192142
0.1956771072500669,0.1437227707950932,0.0666572220576731,0.1719503538484272,0.0111096424938564,0.0349545613356413,0.0461694369632656,0.1888296853749069,0.095195966355101,0.0457332529285207
0.177636971554146,0.1189084635056361,0.0222704886736162,0.2978504786328498,0.0971415688660098,0.0957297565055933,0.0226261998138941,0.0812833746829356,0.0664609607392636,0.0200917364978837
0.1138031926135196,0.2146569359459417,0.0660409493710276,0.1953704083107506,0.0437563620265498,0.128635966337333,0.0587842767143155,0.0214278224733847,0.1394645116815478,0.0180595739541329
0.2041803583489848,0.1243538635203834,0.1023224793498352,0.2064629755085379,0.0200359744708951,0.0577830869023621,0.0455771565869171,0.0474103473582447,0.1457539696093462,0.0461197875872293
0.0887285196147496,0.1591673955430343,0.1275989470448911,0.0774772611794196,0.1229126925336057,0.1756801787212653,0.0273002086558895,0.0443326297813356,0.1545337639334873,0.0222684025233773
0.2047065856844337,0.1296002670371465,0.0657615330182171,0.2110730380144939,0.0175773993476946,0.0700723438581479,0.0202840198301147,0.1360063561076479,0.0977060643168684,0.0472123922365722
0.1859793134630571,0.1694425813178598,0.1219546221572861,0.0890114311749732,0.0687178484681745,0.0486631643906418,0.017769918597861,0.0948036083124573,0.1570627713699541,0.0465947401423553
0.1441165773918346,0.1827150903965022,0.1145720702143641,0.0425530991117969,0.0709689439897847,0.115114246068098,0.0423637211618448,0.1057950361110725,0.1523590845111105,0.0294421305354353
0.1993221580011053,0.1614363153321089,0.132416220013736,0.1409771169686209,0.0683278728673859,0.021222712354627,0.0288873231469644,0.0208491611876187,0.1791548236692405,0.0474062957377226
0.1836218847705837,0.140568239751771,0.0490914395329534,0.2171646809636608,0.046260590078012,0.0464899168854545,0.0448501085554469,0.1554270782180693,0.0846043501910436,0.0319217105674346
0.2035922141701495,0.1646789240617212,0.081995465273639,0.2076042061480798,0.0081189845765847,0.0189588894435522,0.0291948359087,0.1215495001470959,0.1252152749797309,0.0390917046939505
0.1533282836633426,0.1994706773010034,0.0949405334236505,0.1273044970430849,0.0147767662299758,0.0972212346938434,0.0527290405873346,0.09747889713299,0.1462835187923749,0.0164665505447452
0.0710080778700181,0.118751769975202,0.1291367556116396,0.0257401670537346,0.1243843517893253,0.1387853737304663,0.0502616759149965,0.1575668892003668,0.1683649571001262,0.0159999811876089
0.1376641697927419,0.1846182787240519,0.0353081858572665,0.2558793017592564,0.0882210976565352,0.0383687095422588,0.066052720368842,0.0876687217446225,0.0976053333297671,0.008613480777232
0.1511699720100219,0.1747856764038157,0.1344821058509268,0.0099992540234879,0.1056551063073663,0.1149313823254371,0.0226178226354347,0.0800227442497035,0.1665714031148384,0.039764532529467
0.083375339320469,0.1657926890611289,0.1111712459251627,0.0615538059428318,0.1008451735500569,0.1788904544876708,0.0502564537359635,0.0918349929014676,0.1393897126963127,0.0168901319464939
0.2012268453069609,0.1576933170324593,0.1175420041138302,0.1027827182955555,0.0663186995903938,0.0147508606339158,0.0156442511331058,0.121400661349289,0.1469057161931029,0.0557349257394214
0.0635528182282261,0.1463743193616349,0.1206231664315543,0.019439150224129,0.0889790691526361,0.1646984525482278,0.0370712512325572,0.1818300048807733,0.1745066344559028,0.0029251328692639
