0.0538578194500502,0.0543342085119709,0.0704615992597618,0.1191161556035857,0.1132232342562487,0.1770789509505133,0.1560511871940301,0.1561996309002903,0.0593065111344082,0.0403707027194643
0.0696096031183064,0.0737772783693855,0.0800776523988372,0.0987731900420678,0.0809102735020464,0.1721413637269679,0.1489985514335746,0.1621310336769341,0.0682293736229328,0.0453516800875742
0.0721306581821034,0.0737758167331913,0.0823474303382021,0.1159525100146432,0.0966064879397274,0.1830666666662559,0.1372393625222855,0.1509005451475218,0.0636517549435822,0.0243287674917863
0.0823372612861505,0.0829151733298356,0.0824311968473966,0.0843234163581852,0.083519301811372,0.1657418458324842,0.1675330121907287,0.1467091500470175,0.0783655188241765,0.0261241234526253
0.0950500918832163,0.0918950345720886,0.0938392343144304,0.0930642628238631,0.0667191196551307,0.1552831199438648,0.1482510459299737,0.1441090085508901,0.0816546060689206,0.0301344762394561
0.1068798546036042,0.1046732319989379,0.1079246406026846,0.0885369081858268,0.0754224425083322,0.1636774137014608,0.1415392463159357,0.1300409153414878,0.0592878394110133,0.0220175073124003
0.106989868283861,0.1011704703797304,0.1102114638384616,0.072455590445204,0.0721300255942763,0.1417674055361622,0.1430594196768273,0.1555156153797893,0.0694781843966079,0.0272219564507701
0.1120397525444646,0.1049836210729792,0.1145138168965821,0.0782860397343509,0.0617092750220295,0.1197436723210598,0.1433010990154072,0.1486199515962519,0.0936798555776993,0.0231229162000914
0.1080367737866073,0.1006223205535136,0.107929122557224,0.0640899075222875,0.0699047331024166,0.1549879946138046,0.1538793542438487,0.1411765213311581,0.0836764514554917,0.0156968208171186
0.1108222126235532,0.1127009412947232,0.1028827078950109,0.071751408949039,0.0769612862884868,0.1463366250705643,0.1424650686524773,0.1411292420605335,0.0769406478603445,0.0180098592860423
0.1047375199284801,0.1123457297068051,0.0880500675069319,0.0625984770919983,0.0484935761153255,0.156121403977702,0.1512174213829088,0.1548564948693989,0.1007528834061649,0.0208264259961493
0.12115065437539,0.1214369550436953,0.1125990181620491,0.0574606964486826,0.0497406282381072,0.1302812634952551,0.1490541972752755,0.1498343926588369,0.0912401394115608,0.0172020548713618
0.114409737157227,0.1183935436648681,0.1063779658407366,0.0495820270839219,0.0518806858159799,0.1522032779209552,0.1505173525644382,0.1722183623425663,0.0690631890391193,0.0153538585518685
0.1091078648646916,0.1106838175610466,0.1016011686461247,0.0592688580678062,0.0527635830736306,0.1665459614052082,0.1341844488475696,0.1609370521222123,0.0772813568530287,0.0276258885403701
0.118120502973781,0.1192995660639989,0.1083776110836716,0.0679748318267831,0.0496523278572245,0.1337912812703802,0.145640251642671,0.137288914962628,0.0960903514116122,0.0237643608880897
0.1206480580477113,0.1132449866471477,0.1180396459724091,0.0525362908111267,0.0516805690706013,0.153598701296851,0.1482298153438681,0.1355388060622714,0.0830101068920618,0.0234730198370681
0.120117464444017,0.1060315482910407,0.1257555496834996,0.0647918764036982,0.0476028063736226,0.142556503462759,0.1624322939576851,0.1466014594135954,0.058811060611802,0.025299437338566
0.1042320695149769,0.0931096995680804,0.1121741818311531,0.0550303325850718,0.0502921574946768,0.1520792510026396,0.1831866657775251,0.1479878969626999,0.0907243240052967,0.0111834212378602
0.1164309554817144,0.1065152099386234,0.1203453813259638,0.0595543247180026,0.0366929848190892,0.1442893175806922,0.1473642517089508,0.1559017995724636,0.0918030872597537,0.0211026875735546
0.097727183323755,0.0894034873938195,0.1043025794010697,0.0494904960862749,0.0529404673637985,0.1757262170383812,0.1419884632989108,0.1489761900684945,0.1210284309255907,0.0184164850814088
0.0998573126075378,0.0913519509775863,0.111871465680498,0.0505250001162866,0.0406273728478984,0.1700477039936397,0.1835356314513753,0.1559681859958945,0.0793195352584451,0.0168958410509141
0.1192873237581337,0.1098628325533126,0.1218339224020307,0.0411784488307662,0.0499154994643088,0.1447386917586185,0.1345187355913223,0.1706614023996979,0.0887955356909819,0.0192076075295922
0.1249682460268172,0.1109397306966505,0.1288083671624717,0.044423078974862,0.0358308361113546,0.1528328884683757,0.1550334672596512,0.1477697742419042,0.0722065396629136,0.0271870713756653
0.1213801773084575,0.1057732938522546,0.1288766084073859,0.0350876142944065,0.0435379715475025,0.1539471405138707,0.1422767184754673,0.1485819881042808,0.0990302711851921,0.0215082162923549
0.1298827825379893,0.1136683031223527,0.1363752981523884,0.0408913409030844,0.0306488790015019,0.1631516058689317,0.1420577192269773,0.1476560937562412,0.0798151433489336,0.0158528340616646
0.1225229063421288,0.103984908420513,0.1298234724606957,0.0296354876906191,0.034123783057745,0.157880049210965,0.1577729551519882,0.1522578731329507,0.0897281194110773,0.0222704451027031
0.1210599614516833,0.1009739689769873,0.132531623718694,0.0345662141126954,0.0255409486248667,0.140158016078382,0.1374051830990116,0.1549594196535875,0.1341060983945805,0.0186985658702788
0.1170778050723358,0.095858257151989,0.1366435843759812,0.0361382729344873,0.0203689554152299,0.1574347799737041,0.1500778944788168,0.1462691957951731,0.1089223530045464,0.0312089017787563
0.1250111676181144,0.0987718033380506,0.1483298196431663,0.0298697487261303,0.0300037416213508,0.140286962968033,0.1715129244381407,0.1459045891769687,0.0893603725004532,0.0209488699502305
0.1209936753990749,0.0984705774454621,0.1422120226567561,0.0284283309000473,0.0285482787743272,0.1687109756066528,0.1487570026530248,0.1337599432651129,0.0972934988630625,0.0328256944166739
0.1278666618251123,0.0952651415668093,0.1525691114270716,0.0215640657217454,0.0242606555218617,0.1558636594097861,0.1663488698788338,0.1585107759220123,0.0714881997929578,0.0262628589145231
0.1292787091806566,0.1018600672785875,0.1415288712117109,0.018078136661017,0.0268024071798639,0.1622689246237842,0.1650357908571446,0.1491491712104791,0.0873082879465038,0.0186896338316829
0.1342754682552619,0.1096162145710317,0.1433995632009812,0.0200726388832065,0.0191751672311955,0.1517303158484224,0.1509058169346196,0.1494093887686881,0.1081123050534943,0.013303121232079
0.1237154529107659,0.0965339752567692,0.134999091952656,0.0344712273221974,0.0263491872460965,0.1338224459017758,0.1561429493205698,0.1605165427004123,0.1093948343202371,0.0240542930486572
0.1214386079270632,0.0904557156738478,0.1455770183177938,0.0168082135222518,0.0142963173880101,0.1660118194601113,0.1511754148170585,0.1829587432105575,0.0948625437832352,0.0164156058791391
0.1107653954372488,0.0786387752272142,0.1426910085627094,0.0151912728535961,0.0227475093680377,0.1537585622217639,0.1765154521556193,0.1851797313498841,0.0991557243704061,0.0153565684317629
0.1021378063346266,0.0713980923913934,0.1293202151845879,0.0279302367578392,0.0178362064100929,0.1794024057015287,0.1533549936496472,0.1570493228312851,0.1444401757445173,0.0171305449731681
0.1035124562363001,0.0720251133141055,0.1324070172119396,0.0206002383495891,0.0210702991393449,0.1824993824368445,0.1627349584198124,0.1772680742572484,0.1147832675798437,0.013099193031804
0.1047762125400608,0.0751663914398156,0.1362294727998806,0.0182105934869858,0.0142629584290507,0.1860001145269593,0.1846013819045212,0.204745585509787,0.0671860905680969,0.0088211987714542
0.1071705127654588,0.0761184934681118,0.1393819988985357,0.022647489042956,0.0141466008481532,0.1880145907591026,0.1556957054459512,0.1649698582149144,0.1022547036365749,0.0296000468949279
0.1053275789919126,0.0788144603619934,0.1275684448398185,0.0100694594035174,0.010421286445024,0.2076714231616534,0.1671306294484895,0.1813227319571396,0.0906443287256407,0.0210296566411914
0.1168880478117035,0.0869552695195324,0.1368621828793532,0.0145323165570297,0.0177941531693758,0.160894958560247,0.1614202819960636,0.1618931462057871,0.1207630548286605,0.0219965884499124
0.1115086012121944,0.0792091414995502,0.1398842771535248,0.0106685691855021,0.009185266565134,0.1872472134551489,0.1756713906103331,0.1616601631447593,0.1153998226996474,0.0095655544520315
0.1180900251919652,0.0912102327374058,0.1426408859610894,0.0077933262639615,0.0084379297614803,0.1763384431251032,0.1764504669632906,0.1862838819153736,0.08870933282709,0.0040454752284428
0.1172037933016416,0.1001117830231706,0.1263761312949191,0.0067759765914108,0.008516877239739,0.1751033462366898,0.2031277524909147,0.1641083884609817,0.0909719118131856,0.0077040395228612
0.1087858807883877,0.0870764925292759,0.1273525044492273,0.0074738928893415,0.0035608542166025,0.1850336776624588,0.1935806691544321,0.1627050596429263,0.1089674087795894,0.0154635598630025
0.1109775832524258,0.0898833830716712,0.1289941860022173,0.0155534092625105,0.0121736319739803,0.1926107482800714,0.2064825242458434,0.1832760562282978,0.0526224683041991,0.007426009352768
0.1039414315611098,0.0892373247497512,0.1261142331688226,0.0073632330691955,0.0075553685740895,0.1773526673070464,0.1862964045645406,0.1943387370792263,0.086477956302415,0.0213226435975262
0.1131412573122674,0.0996969385965398,0.132984642135857,0.0085437591956917,0.0060174504553456,0.1829596499200724,0.1990482879330108,0.1505288417827025,0.1039836982947484,0.003095474347375
0.0984102850950822,0.0927943244535347,0.1151351983093639,0.0085969644126448,0.0046899247715909,0.2269127928591367,0.1954413356484486,0.1748768958487055,0.0688230961641827,0.0143191824093157
0.0936660278869891,0.0798319798506714,0.1160971826172046,0.010793189047959,0.0043303408991193,0.1677576854905433,0.1933266825731001,0.2153538894726544,0.1028613755629297,0.0159816465699287
0.0889108931385736,0.0796020095114232,0.1083278993493326,0.0078215612175597,0.009706995607688,0.192612159315754,0.1965817278508049,0.163632948556928,0.1284474036209112,0.0243564018041641
0.0998426955182058,0.0863360795778275,0.1164969840674231,0.0072765248629583,0.0118114719020696,0.1952476682403711,0.1855157500468641,0.1949557110058705,0.0929613778448074,0.0095557369050127
0.0868283288515437,0.0810812167629473,0.100648769052569,0.0059009155190767,0.0082528763006504,0.1814216758410974,0.2116579162732169,0.1921083285517236,0.1003947472200687,0.0317052255990483
0.0774766994036288,0.0787149355191766,0.0918650048262453,0.0087926100269969,0.0010657415125916,0.2268675908408841,0.2389338649962367,0.2014110056290575,0.0599307457731128,0.0149418014411135
0.0727090486532748,0.0729833919015978,0.0891673382141736,0.010775841091369,9.515313825808406e-05,0.2176279673936473,0.186484704703221,0.1989610434950703,0.1172295884410385,0.0339659229389784
0.0744599243435883,0.0687462324250743,0.099210527554099,0.0095656884585559,6.039572694354786e-05,0.1833292536088204,0.1980217071431333,0.1997052179175164,0.1433553714037834,0.0235456813895858
0.0837748542829377,0.0817958114635016,0.101006823759682,0.0082093466988598,0.0058722886057451,0.1863319481913958,0.2214435925672357,0.1978866216407848,0.0810867859573026,0.0325919268035528
0.0868951547538519,0.087824972439459,0.0997746768127114,0.0082371009558588,0.0012274198907547,0.1846031365382122,0.2103803760290414,0.1497398130877061,0.147546148154983,0.0237712013113499
0.088655055856753,0.0889100402822961,0.1033811354943301,0.0075805331174328,0.0043798441594767,0.2005718844459062,0.1790177368589593,0.1696326672949724,0.1212154112913769,0.0366556911699071
0.1064736138398795,0.1055560236028711,0.11746254309961,0.0058789462815755,0.0001297712715691,0.1878788996689248,0.1812362409942556,0.1900181682941971,0.0883072103486469,0.0170585825686074
0.0948715413397171,0.0974670809237263,0.1001624832501202,0.0042230818338109,0.00186219650997,0.2248095036967024,0.1664973221856303,0.1564716537445505,0.1337599499347488,0.0198751865552916
0.0930689844155466,0.0926935233088268,0.1092411259810675,0.0034350988803167,0.0076470212195312,0.189179174893402,0.1765440474209944,0.1646684960544002,0.1232577327637596,0.0402647950329329
0.0943963718474799,0.0900430569385493,0.1106442794836405,0.0038326620707813,0.0001512306096626,0.2306070715269137,0.1672639013221412,0.1632091961130628,0.1178736106274937,0.0219786194305879
0.0850715557505167,0.0877779119542609,0.1015553007142906,0.007696467200343,0.0018771644639134,0.1962667996156538,0.1897541856703265,0.1834984078096847,0.1235764296724847,0.0229257771205955
0.0782582122729043,0.0810854112385808,0.0910320035777538,0.00860066199423,0.003513497663476,0.2063838382007312,0.1852036306474793,0.1778640446228736,0.155552656361095,0.0125060433928096
0.0749920460588589,0.0781768730551105,0.0907194178017926,0.0040012266757314,0.0016943010521344,0.1924538355629249,0.2025289394883098,0.2026803815712838,0.131467864160918,0.0212851145427639
0.0730038500019506,0.0686354850704194,0.0957195023777638,0.0028135286621562,0.0092500088518138,0.2005503211649634,0.1705101622224765,0.1787275481949552,0.1758598320086394,0.0249297614127108
0.087671695032504,0.0839488837339698,0.1045152640475131,0.0063815917940999,0.0046464061303275,0.2068114650395497,0.1510585483552802,0.1500570565067988,0.1796775027848078,0.0252315865448669
0.0837260346802221,0.080110852424779,0.1114144995761858,0.0059173447413065,0.0083749888831567,0.1886078362248718,0.179477234942982,0.1813305654144229,0.1397388510560963,0.0213017920248359
0.0759148403483689,0.0694021094093236,0.1054932512616893,0.0061100622818824,0.0023834038183557,0.1964302505887415,0.2121062919202916,0.1657466749825671,0.1463869701905834,0.0200261451664877
0.0628318336221581,0.0546254627695838,0.0922682468173937,0.0038032024316695,0.0019885359526719,0.2254938451916283,0.1903382027054101,0.1839950389784496,0.1561765215294454,0.0284791099683363
0.0645129398339928,0.0576953070773092,0.0916641395744205,0.0050037832965006,0.0016001529291758,0.1835176138355056,0.1898134826440151,0.1615928724209681,0.209255554503372,0.0353441538538442
0.0626827208045406,0.0543847351352033,0.0909439507954344,0.0121734563156571,0.0037590295313971,0.1895762348684619,0.1874178773971513,0.1560848247319426,0.2130025459121181,0.0299746244785937
0.0691767529549622,0.0567366698242092,0.1047504739993919,0.0058612225762181,0.0005382337344132,0.1857142226654577,0.2019194363904955,0.165926953010716,0.1769196292761514,0.0324564055360727
0.0860488631335194,0.0683050813501173,0.1361007426013845,0.0001297809356846,0.0007824116417177,0.1677705237891453,0.1977086239853233,0.1589978192232535,0.1670857101732461,0.0170704431303251
0.0727362829134781,0.0626176763372595,0.1113683657371864,0.0001580458779352,0.0103823399643226,0.1823288612285773,0.1762249921453555,0.1821416246532318,0.1501635778171243,0.051878233292698
0.0745801045318871,0.0677285584388413,0.1056625971746716,0.0090669037957044,0.0085613891813971,0.1847729495648686,0.1839087415909066,0.1896394293170997,0.1418792317147789,0.0342000946566213
0.0647801551253154,0.0541904081302913,0.1056634798067589,0.002286860658217,0.0083572240615677,0.1873026660263737,0.1816561679916938,0.1694049409109676,0.2049821012909496,0.0213759959626396
0.071480184183397,0.0564543552239687,0.120593307837156,0.003059857921877,0.0032488411172937,0.1807519325193072,0.194146344552732,0.1564871140116554,0.163694773561186,0.0500832890375871
0.0770122723806694,0.060300160773242,0.1270530259893822,0.0084729499545216,0.0029461118715884,0.1773588210587979,0.1889398362391567,0.1566804624085657,0.1690696956100319,0.0321666636814175
0.0760273182579337,0.0594058053237487,0.1263494083553118,0.0098843339001315,0.0059708669917376,0.1516191603924014,0.1597395312897945,0.1697282433414041,0.1884678890899876,0.0528074430223676
0.0679028107950294,0.0480886032192477,0.1219088197114098,0.0244783571377514,0.0066905618996625,0.1737539299035289,0.1763107348890157,0.1615269898710394,0.1747026992096197,0.0446364933319992
0.0855028595469,0.0646052586939344,0.1515467191534113,0.0171037662642244,0.0048156082535922,0.1893035456652915,0.1861624124556655,0.1564275392509945,0.1121042992644252,0.0324279914173554
0.0869892190103574,0.0663885960949784,0.1471154160996556,0.0051243195502379,0.0040266792334338,0.1599503880394822,0.1586836839214542,0.1588243072111969,0.1514274995915347,0.0614698912150813
0.0834253749857904,0.0639215961126444,0.1451903454034863,0.0135104971838086,0.0033992632380311,0.1582320740845066,0.1680752748377437,0.1841142834666196,0.14284891458892,0.0372823760662108
0.0896416680377206,0.0690448401288602,0.1373138014813173,0.0112975335362144,0.0041409954297127,0.1819648627515364,0.1605572919530297,0.15190749525881,0.1520406978365602,0.042090813555557
0.0969806993946461,0.0832091114844603,0.1428060485112315,0.0055307005720024,0.0159676032348454,0.1614432926496004,0.1621735859322327,0.1437576723956368,0.1411675272200878,0.04696375857033
0.0950633441312619,0.0828358678209273,0.1357097028007174,0.0232038595584163,0.0118200323506488,0.1393536652184971,0.1385752126134894,0.1411051959424432,0.1922114889756675,0.0401216305535535
0.09212060339567,0.0852475938803784,0.1280051133377918,0.0079784526861466,0.0081520863176719,0.1541874168050509,0.1783073227443358,0.132601390187819,0.1387689158620814,0.0746311047473169
0.0868265790832627,0.0777288733893403,0.1270690013521023,0.0209192837960929,0.0186114248994157,0.1766758949263114,0.1473255803728004,0.1783601808351758,0.1115754836942192,0.0549076976121293
0.0909056062960152,0.0806781863319407,0.1347472242085461,0.0303334016887067,0.0134997986119746,0.1785666956455651,0.1537798368241935,0.1706851678539836,0.1112492322994705,0.0355548502032712
0.0728263796561974,0.0607916235528006,0.1193553772150321,0.0171105841916578,0.0133908520377075,0.1504080339862199,0.1579405249263517,0.144710019103943,0.2025831063313286,0.0608834989636378
0.0793186646592916,0.0641629497281504,0.1305283415211702,0.0277110430742256,0.0166688043757159,0.1574474832057251,0.1500952595429914,0.1427934905543662,0.1821706726255783,0.0491032906745339
0.079489507103864,0.0650130273292935,0.1248039020819443,0.0288810743541186,0.0283031526925519,0.1866692485719825,0.1500433103095409,0.1357860743517023,0.1498658682895075,0.0511448348796228
0.0880220334554767,0.0692889209758454,0.1328819582091755,0.0284790807687136,0.0271770019054654,0.1452657555404112,0.1381844639395262,0.1482219690043721,0.1679993510016659,0.0544794651617294
0.0866023485008186,0.0714787256954577,0.121423450349234,0.0320049894392771,0.0431773919025478,0.1050897943440287,0.1404952448697885,0.1649659344661745,0.1649653579565017,0.0697967624434684
0.0989108474885265,0.0898697461196115,0.1237868954642058,0.0378096925238554,0.0235197871093342,0.1438885214396762,0.1332885460413962,0.1104260865878078,0.1845069530144209,0.0539929241781638
0.1028667327175381,0.0941405617780479,0.1250745252423996,0.0363561675332971,0.0234834351138374,0.1260293324338275,0.1440989696730831,0.1336326589547553,0.1770041305744975,0.0373134859444823
0.1001905195191851,0.0910751995879111,0.1287823615553877,0.0221291502335626,0.0294492309440916,0.1509627238565156,0.1379268448651596,0.1359727531588758,0.1481377966129164,0.0553734196316815
0.1019049029434572,0.0996267768061828,0.1294193121084092,0.0335779879927447,0.039179326181636,0.1245725350294027,0.1135581495643959,0.1248807649878368,0.193127911557338,0.0401523327922447
0.0912248154436502,0.0798185153087486,0.1214390504157205,0.0287604482322548,0.0397406293829345,0.1146653942379575,0.1439783708206781,0.1412995748875702,0.1766734931877253,0.0623997080460303
0.1021107367922758,0.0947094839976343,0.1306270296908698,0.0416457910740478,0.0354971632343208,0.1274177100125049,0.1292125873604834,0.1148132350366452,0.1764461682884503,0.0475200944774312
0.0996199257292315,0.086410688607342,0.1318018962940456,0.0452868032431707,0.024853671807864,0.1112051603090456,0.0920024854770572,0.1190191670297107,0.2191184988753448,0.0706817025967227
0.1016977770891204,0.0833519375446999,0.1481659995399544,0.0617179562304614,0.0501856587914125,0.1385446104932691,0.0945720353089096,0.0949342315711162,0.1874153076917113,0.0394144857053007
0.1070876444938556,0.0841857185448711,0.1487767144757023,0.0523543407202461,0.0327625996811665,0.1221768390499754,0.0956636237825023,0.111822726652396,0.1894513787753106,0.0557184137913005
0.1082214977716999,0.0782332627883613,0.1714652119025741,0.052627384552969,0.0451345832705325,0.1193810634012436,0.1153508455798173,0.131709774697991,0.1394019359680192,0.038474440030731
0.0950569069536788,0.0770393889733267,0.1524867740446603,0.0568018082542967,0.0423269860768805,0.1249557845308813,0.0975953310564912,0.1160647131176411,0.1835273742647964,0.0541449326900163
0.0820519903760468,0.0611806763140191,0.139740535302686,0.0403304936143127,0.0469775635139795,0.1412147091273087,0.1114012729431918,0.11412029782557,0.2033347617635961,0.0596476991845198
0.078669753013043,0.0598850625434783,0.1294138098120698,0.0580121096244413,0.0373237951638722,0.0887058952185724,0.0970222470805092,0.1270729281924541,0.2611611824968298,0.062733216819048
0.0907999409155203,0.0760923176107863,0.1336258025902605,0.0688704149383215,0.0573330467978997,0.1064623673807176,0.1114544955128501,0.0922790049567379,0.1694361371632475,0.0936464720976418
0.087400648832668,0.0741498461413008,0.1304449488894336,0.0855602159753497,0.0640644880330885,0.0844554776584049,0.0747226862622762,0.0844639336617715,0.2292181996227671,0.0855195548884733
0.1034257313387897,0.0886681019061606,0.1525092544234592,0.0782353327449533,0.0611203354871045,0.0996031387962971,0.077899472063737,0.0996027170661103,0.1733026778152695,0.0656332383216981
0.0927454255438629,0.0791071488462858,0.1371564187904446,0.0840488827094883,0.0695884116299387,0.1029137559554871,0.0983176793595328,0.1160392112239551,0.1480581632421052,0.0720249026637862
0.0976515529702082,0.0836416717377001,0.1462547985090047,0.0750958856315952,0.0716551859149028,0.0843322178312778,0.1119918881715072,0.0826556644127161,0.1640251077851855,0.0826960270009562
0.0902408729262617,0.0822140040061205,0.133252115253244,0.0754231713918205,0.0710241542036302,0.0921006052453586,0.0849298882208858,0.092195957543258,0.180720245940531,0.0978989852321865
0.0909014588877714,0.0737337786326027,0.1482124268757355,0.1009609066142065,0.0897323745533701,0.0870680734125295,0.062810485770897,0.1033035479483626,0.1820051029449718,0.061271844321451
0.0840852131448175,0.0756043092087039,0.1281381382398191,0.0965209711734982,0.0668395177449054,0.1072534296273437,0.0780422932927453,0.0993420386921662,0.1844375686366338,0.0797365202060263
0.0992213431678084,0.0841987902153055,0.1573002347357692,0.080201568302031,0.1071983578285641,0.0813960768086941,0.0551608457956366,0.0779742273719255,0.1637063566899962,0.0936421990480446
0.097713711869999,0.0774465104433303,0.1551206632202157,0.0990586310346516,0.099617567721267,0.0900801304051304,0.0776812768215229,0.0774390964682061,0.1225406744057659,0.1033017375751617
0.1011279317275391,0.0846036400809741,0.1547673756116409,0.1200103125467156,0.1002764778798064,0.0860024451708424,0.0771814578527413,0.0794704570056316,0.1285484289237058,0.0680114731626485
0.0950420842190376,0.0749320903801536,0.1473265790734767,0.1063307856183967,0.0941762231422005,0.0708297928663211,0.0706272397376543,0.0733439309299948,0.1481149941944901,0.1192762798075761
0.1043454884384764,0.0849177969853099,0.1517803166276907,0.0994401173920464,0.070845550366442,0.0636468313192995,0.0747404027272912,0.0976005073132264,0.1637102517336308,0.0889727370665242
0.0935997263555476,0.0711403098110586,0.152466234382529,0.114102628029841,0.0887162443115606,0.0824795577996142,0.0793911862677583,0.0734594436071817,0.1610908984867988,0.0835537709178421
0.0910000130947287,0.0708333156012989,0.1500437092958513,0.1299959516085111,0.12588045007624,0.0634820679261109,0.0634278430223116,0.057624851215821,0.1552979318565586,0.0924138662713484
0.0914938496516744,0.0725510721455185,0.1561227281093655,0.1093508441851789,0.1154520926947716,0.0723304162283971,0.0939111963803705,0.052539889619103,0.1462597661782239,0.0899881447739991
0.0856143165629855,0.0669104989186144,0.1480671554295755,0.1401880888907118,0.1291328999883254,0.0820611164499976,0.0477902352238924,0.0535012658961953,0.1546121662841663,0.0921222563223393
0.0836398080411661,0.0630635367124526,0.1500709551560683,0.1415848556577399,0.1107591780859269,0.0765232728469691,0.0584894030766238,0.0606390766685161,0.1360059585955359,0.1192239551269409
0.0906090086837688,0.064602973953125,0.1658257445559095,0.1907500599629256,0.1164214816055235,0.069186102238202,0.0610008093527954,0.0658072578147048,0.1131943380247089,0.0626022237743886
0.0878048187210112,0.0636144553155373,0.1678838949858504,0.1357192276029683,0.1426005385505229,0.0547902482287959,0.060176149889553,0.0600081424829174,0.1554685329753749,0.0719339912139116
0.0912517129140884,0.0710460412528417,0.1651152494538065,0.1441018647374057,0.1497045061278172,0.0739782140139703,0.0668293116497874,0.0451429717528163,0.1191759553754728,0.0736541726874775
0.0812112139350605,0.0609795731498574,0.1517718648847131,0.2007719849201373,0.1504628607918895,0.0441205157368123,0.0544231244143488,0.058941094904883,0.1143649358139266,0.0829528314154611
0.0882818346162701,0.0649747595556398,0.1629904644939393,0.1352420051677256,0.1482014090974936,0.0677522201059841,0.0538877864314101,0.071018395546316,0.1209535702025884,0.0866975547499113
0.0548529130546363,0.0799094367378242,0.0010781469107188,0.2665939528939173,0.3897650992558853,0.0250272798499137,0.0679492412100984,0.0550972211206894,0.00201307021944,0.0577136381168033
0.0836572781854179,0.0644295919230073,0.1467813398909737,0.1555847355068623,0.1656278729207859,0.0708426171070601,0.047786230338419,0.0500481573633773,0.1125038420565897,0.1027383346767703
0.0711739145622009,0.0736067862385406,0.0051937128066034,0.2719469084209166,0.3019766036466434,0.0373193562900188,0.0650027640585582,0.051487368794966,0.0003154797509383,0.1219771048539574
0.0735064380483256,0.058979591847179,0.1366445019550194,0.2104596571148983,0.1886633764137555,0.0372592311958441,0.0453317769226607,0.0528483337034452,0.0687345224536189,0.1275725703101271
0.0729517896836121,0.0598330854750328,0.1367254648952405,0.1997375633437022,0.1655988008179249,0.0505850464214681,0.0449044313446732,0.0513634416002044,0.1271943931452667,0.0911059832368085
0.0587009603770198,0.0470904033889166,0.1200680690211894,0.1788699348450652,0.1830800123764797,0.0605412183281543,0.0437564742363999,0.0465040583122779,0.1472052268520267,0.1141836422300153
0.0644956517259683,0.0536869228518403,0.1161577258037668,0.2002455763876506,0.2053631484553752,0.0515945662113388,0.0537490491775336,0.0353503173937661,0.0876292643244074,0.1317277776368034
0.0754824827764657,0.0638289013034984,0.1297954006707268,0.1775357678184438,0.1833731008113533,0.047384772248679,0.0320117151914137,0.0304195558026652,0.1340818841846742,0.1260864191600902
0.0678861859739983,0.0564864002616452,0.1197806664047675,0.1899058463592694,0.1822109255121784,0.0357674728379501,0.0472789102354476,0.0384627519950411,0.1309523449269193,0.1312684954636699
0.0709811495356016,0.0616272644756071,0.1186012800462078,0.1907118569268807,0.1970661262051755,0.032205344782029,0.0381932063755637,0.0426387497951089,0.1099343723146407,0.1380406495126931
0.0562990578677526,0.0462053775667766,0.1106509429972316,0.2035385073674192,0.1855782561161414,0.0444331327345598,0.0324272033104221,0.0386204971630505,0.1500321500084262,0.1322148748379793
0.060331273119678,0.0527408662341718,0.113301328141737,0.2229500115625206,0.1684506366633724,0.0480181492588323,0.0367180726502275,0.0469191037895989,0.1127440176656354,0.1378265408829531
0.0622916861026586,0.0512114664939282,0.1140968772961631,0.1975691306947976,0.215534623504376,0.0450640511435054,0.0310108796972017,0.0263976687738959,0.1202227162661236,0.1366008999969664
0.0672885664441792,0.0520107374439942,0.1195821016079081,0.2024653542599423,0.1999050641230107,0.0357237881671767,0.0387735227565175,0.0348859203328953,0.0907246284020809,0.1586403164334598
0.0685982513520859,0.0501802105934453,0.1249133274696078,0.1946383989535676,0.2162420296258146,0.0263298847675965,0.0375343820174435,0.0276783779333724,0.1002921041231989,0.1535930331358903
0.0695093129808517,0.0500603640652132,0.1280038842157726,0.2232005477228079,0.1584613579998909,0.0256875816417257,0.0235932839965856,0.0192565112681843,0.1281482644965278,0.1740788915834346
0.0586308254550212,0.0388798088780158,0.1209080641461364,0.2260070113914143,0.2210350214533632,0.030426828719436,0.0233136534007475,0.0329264245931357,0.100502780289444,0.1473695816433232
0.063657919717467,0.0431794685536508,0.1241289697997621,0.2323064266630083,0.2148225518084483,0.0410467941542951,0.024587168546794,0.0415220034681392,0.0911484207409278,0.1236002765168795
0.0532551341804571,0.031634814140687,0.112962400755694,0.2272885790756784,0.2253200372722734,0.0151975859479687,0.0356335065207748,0.0234482385171375,0.1010115891171469,0.1742481144430397
0.0616893541258825,0.03802576185376,0.1311140489931609,0.2393371128104858,0.2352614137917638,0.0264767381072393,0.0305488287134343,0.0201685592711897,0.0780837545130074,0.1392944277883954
0.0540421185878368,0.0323035054528828,0.1186009845444271,0.1900525402583803,0.226531047339824,0.0320384713221943,0.0283384023826339,0.0419908853263077,0.1046925486455892,0.1714094961126496
0.0641910938557513,0.03958684108214,0.1336055319081121,0.2529746783955088,0.2070882072125807,0.0268222690338282,0.0189277434514026,0.0329144831801397,0.0711674108299476,0.1527217410189463
0.0645295391524844,0.04531872325366,0.1302600822093041,0.2377238681938907,0.2037370636654907,0.0244349619340446,0.0215028520338973,0.0427041928388213,0.105086639405799,0.1247020772796049
0.0634547372156139,0.045195837437477,0.1227071988256957,0.2521091704645682,0.2188908915990174,0.0283817525663056,0.0202888592582042,0.0270388901073684,0.0951403993235165,0.126792263171126
0.0658282175838849,0.0497883857216755,0.1251134677733154,0.2258368313770531,0.214644487596637,0.0298963922455495,0.0231594221779328,0.0198280032783914,0.0795652156404921,0.1663395765765148
0.0653822496762036,0.0478138706083428,0.1282996260633639,0.2311380774184826,0.2254486645567756,0.0237169310646945,0.0174271389776037,0.0227721859844709,0.0940810930555216,0.1439201625667297
0.0699259685551191,0.0490216288954717,0.1346301618895871,0.2320609691524486,0.2360568315370132,0.0179156381631518,0.0150362163740141,0.0211710212263569,0.0575694403621521,0.1666121238144934
0.0648012452089092,0.047314730637533,0.1226259980139407,0.2389826956825293,0.2118173810133387,0.0120748813574501,0.0320549886200959,0.0207205710836883,0.1086911215732663,0.1409163867790314
0.0648422573993793,0.0500554703969424,0.113938567188201,0.2558260175235252,0.211553889333887,0.013325238670218,0.0249278843176639,0.0187639111405626,0.0731561800165886,0.1736105839838644
0.0499407755009927,0.0359176665682264,0.1019380421837624,0.2727647839327397,0.2245930059306598,0.0228254799207216,0.0174098984577007,0.0190612817893659,0.093259349580935,0.1622897161056068
0.0466095663711546,0.032518410980957,0.0996597276782576,0.229920561978215,0.2464882375022762,0.0165815775434777,0.0191095371928886,0.0169869087994702,0.0822925627489733,0.2098329091774147
0.0607272630046793,0.04406218774726,0.1187885186762364,0.2483932150770156,0.2606185183944087,0.0227006096695882,0.0182626638587737,0.0202805861929165,0.0782865837518483,0.1278798535963135
0.064373547193078,0.0468879819353174,0.1111452096667238,0.2182514021366375,0.2524345146037141,0.0173254835399325,0.0161457725024614,0.0121024660555681,0.0752597906919102,0.1860738316459841
0.0663982141727337,0.0467225130342277,0.1179065243913239,0.2410887588294846,0.222931639472024,0.0130803256900721,0.0097550766052661,0.0191707115815208,0.0862252953713657,0.1767209408238693
0.0613495082721825,0.0442408323131259,0.119461452413884,0.2780097772352605,0.2362187755615594,0.0058599876716347,0.0044464549280566,0.0121382241988205,0.074797662902628,0.1634773244725905
0.0666729287318741,0.0508075316249127,0.1295815357421138,0.2162204907502665,0.232580027191027,0.0181122377802518,0.0184060991039452,0.0140275954564419,0.0553832518693475,0.1982083017191123
0.0640175982596843,0.0506929942165409,0.1232488632764065,0.2398468121204603,0.2258422322968391,0.0159475584074714,0.0131558952457552,0.0215727073719203,0.0515868263248873,0.1940885124496946
0.0728038202587601,0.0602215432029048,0.1200899249389328,0.2169907859780175,0.2538627810289542,0.0205025435150585,0.0059216993933795,0.014056349673201,0.0916859272006773,0.1438646247787878
0.0623176105861058,0.0516960517315131,0.1100332140623032,0.2240878071520914,0.2399926750828807,0.006978983121408,0.009435372543251,0.0264258050195969,0.0658970495705982,0.2031354311017366
0.0562271628855461,0.0446893658760185,0.1048903201179931,0.1976947276307391,0.2424841583889939,0.0116991071210953,0.0120097501171741,0.0155264472404657,0.1076531037235993,0.2071258568707222
0.0542587094387061,0.0450494071350193,0.1073200138368529,0.256777210895857,0.2499860177404013,0.0130828720683234,0.0097201903652193,0.0066788132227995,0.0502636266164098,0.2068631386509971
0.0677178695808754,0.0589303563733076,0.1217309228204181,0.2537732353507612,0.2542252931911776,0.0069028422321753,0.0090234380853631,0.0114693296454144,0.0482334405525537,0.1679932721379561
0.0711455520755281,0.069983787598391,0.10816866283525,0.2348889119251185,0.2476220706766728,0.0129221339452983,0.0177359994493504,0.0046456067544348,0.0539249609672103,0.1789623137419866
0.0667384824969668,0.0624740726698712,0.1013589386921749,0.2915407172501414,0.1762187457861319,0.0132434111197162,0.0106790582159929,0.0163077324388969,0.0412069819035218,0.220231859397373
0.0784236707644754,0.0763829579307987,0.1163485881742989,0.2471638787922212,0.2181266504359795,0.010154583984905,0.0068787221192289,0.0096135615593151,0.0478146783400512,0.1890927078685783
0.0789812286524566,0.0706167367185992,0.1186455929686932,0.2330378768454812,0.2529831770287368,0.0172326438118864,0.0116197786068795,0.011341883130749,0.0389320398969076,0.1666090423065951
0.0738362056247414,0.0741254096708984,0.0994160186496811,0.2478966579177842,0.2112424142843651,0.003920307566769,0.0089908985895258,0.0066499552339092,0.0572689464957442,0.2166531859347556
0.0701452365268112,0.0722891004170178,0.0902688605694069,0.2755699569112108,0.2250432889049379,0.0087868547757268,0.007517846677519,0.0124941938636607,0.0343125471228019,0.2035721141985624
0.0544258973985802,0.0626373624316099,0.0768142391686809,0.3009469143722532,0.2436959609162892,0.0131055589215496,0.0122294473397505,0.0123329542742797,0.0513890577338438,0.1724226074103952
0.0645277018704186,0.0695169330341142,0.0846760101138129,0.2079079415396073,0.2607090491379754,0.0199432235546243,0.0110360875633464,0.0172566841618629,0.045066680128988,0.2193596888630735
0.0835820873288823,0.0841344096337061,0.1050881230407289,0.2128790759809246,0.2185851073492555,0.0101160538499532,0.006963500350413,0.006890000707159,0.0501427459454987,0.2216188957816503
0.0804923241440668,0.0838453347429932,0.1010583918199891,0.2657559789096321,0.2252891869051771,0.0118675119644485,0.0052120732178693,0.0141755633022831,0.0551832934137254,0.1571203415473998
0.0779509925719042,0.0841545612401098,0.0978230717034388,0.2678324834628281,0.256039718874741,0.011507758616903,0.0050433297890944,0.005389935517232,0.0505740494111956,0.1436840987816466
0.091088286108953,0.0981337529768264,0.1102774596168053,0.2086978886279933,0.226352919020189,0.0090974334934656,0.0077461787220972,0.0064371867120711,0.0247494821835014,0.217419412506888
0.0951964975964249,0.0991465966265592,0.1142929315972783,0.2202703859497737,0.2318074999537089,0.0063269161104608,0.0088844264612538,0.0040170320557685,0.0533348518323416,0.1667228617848496
0.1040201969062963,0.1113965371901688,0.1185059827114521,0.2255880976359047,0.1668975160911424,0.0111265998795001,0.0126516289234549,0.0026590383079465,0.0466616150838639,0.2004927872388228
0.0987772810785707,0.1073438790769322,0.1097802520780713,0.2243478297020762,0.1894420703306765,0.0107348309650429,0.0051774696548319,0.0047024954888977,0.0636681088790624,0.1860257827156708
0.1051521908548425,0.1200304178647007,0.1256532542822275,0.2097694810981678,0.1987608829920741,0.010708611214136,0.0072913003023786,0.0060896516615808,0.034681726578872,0.181862483118157
0.1156813856359003,0.1297978704990869,0.1314064347797897,0.2000669329304356,0.1874032311750855,0.0078316703388529,0.0058389785947767,0.0031705851095209,0.045476682926741,0.1733262279763553
0.1010187379247223,0.1209890958955822,0.1099427194437352,0.2188571391398162,0.1976954013939804,0.003898965286199,0.0031867069700561,0.0051645429730391,0.0755791265670744,0.1636675643746998
0.1003181181575232,0.1250009140856708,0.1003198114067558,0.1929823303669398,0.1659000758512837,0.0121385951500169,0.0050928229335552,0.0090496221008989,0.1086052992220901,0.1805924106950893
0.1267590247208849,0.1598613275208532,0.1140923776909706,0.1813865501374864,0.1629159338449173,0.0062429434703799,0.0088245764333388,0.002987800523525,0.0495283150996609,0.1874011505236374
0.1170566713925973,0.1480633758288626,0.1045278437899804,0.183313622874247,0.1593903370680033,0.0087573181868237,0.0017398038957483,0.0095841940160973,0.0687109804862829,0.1988558524304305
0.1222921913647371,0.1509605468277725,0.1086432671645453,0.2149910299479281,0.1682168248083539,0.0069366719416905,0.0025140266102517,0.0051708932134503,0.0427731836600952,0.1775013644281827
0.1108948524755364,0.1308342677282279,0.1080829862877615,0.1768197281251225,0.1639764397210342,0.0085662439777926,0.0063170444946955,0.000742265378565,0.098322989455428,0.1954431823265238
0.1232576170690611,0.1411157543689408,0.1233938871826607,0.1632333082227813,0.1449499745569034,0.0038473118365242,0.0027751592301989,0.0085478998019854,0.1311268582471045,0.1577522294535792
0.1363324784997589,0.145546771294204,0.1442097590234545,0.1460549786718699,0.1559968372007774,0.0030695108124433,7.505866125728318e-05,0.0003925063185376,0.0582548631171992,0.2100672363700225
0.1278968923227864,0.1433609108185609,0.1310424912638489,0.1594114088642841,0.1578189617245768,0.0032212295939619,0.0119778283174287,0.0047304398812024,0.0933416597588486,0.1671981774228551
0.1325650854916899,0.1527310819740762,0.1269279510028045,0.1597305551548574,0.154349219462358,0.0154085925592379,0.0030768142893838,0.0139494246836589,0.0594951533369517,0.1817661220117374
0.125971653650344,0.13950141495936,0.1309167454539196,0.1698916163301853,0.1451040994494996,0.0049594193198877,0.0037253943658422,0.00202759872567,0.0673781441994254,0.2105239135112457
0.1294656141002389,0.1412797996378645,0.1364594103943187,0.1630198625994073,0.1649359718451914,0.0041952981552542,0.0023554438730416,0.0048371463010258,0.0543081568609522,0.199143296199605
0.1131440805881495,0.1258823663304387,0.1249070526009247,0.1333123398878559,0.1567197655936325,0.0089732374023479,0.0016183145876237,0.0110626410766026,0.1268769400172879,0.1975032618834468
0.1227769240731073,0.138053892447422,0.1411197472870611,0.1342468689661743,0.1181387066389961,0.0005058438335132,0.0043356367301871,0.0016686029580666,0.0908684277491391,0.2482853492805575
0.1264917194212735,0.1438073840204208,0.1367413319797546,0.1585926876482796,0.1192134803774102,0.007238441884834,0.0031224030935147,0.0032237469019493,0.1086052019597632,0.1929636026787984
0.1489062318743234,0.1733786282731113,0.1529868757529606,0.1322653364913031,0.1203108948042613,0.003973978584559,0.0052176318270101,0.0102856227515478,0.080614182560978,0.1720606170443814
0.149749849666555,0.1771908699474999,0.1452301638565705,0.1441789756520177,0.1008614312644615,0.0073014104665229,0.0047927268370889,0.0032785138845432,0.0607817208664371,0.2066343375254632
0.16409509180549,0.1907576989836814,0.1636634272311021,0.1086401747969263,0.1169963436635451,0.0047294164798846,0.0025468663690088,0.0014877588771058,0.0516068024306639,0.1954764193272359
0.1541626745331443,0.1884844200123948,0.1494121002017948,0.1165557146810211,0.1335499198700349,0.0064902220213619,0.0047483532605379,0.0043907096922469,0.0918902094807407,0.1503156762103433
