0.0342594412318533,0.0307140079655206,0.0499164972012866,0.1868310948831133,0.180066139793102,0.1468635824513223,0.1144966145769098,0.112764444507316,0.1155857475948492,0.0285024297692139
0.0323168736478263,0.0297711129024239,0.0522715825384161,0.1968905025851672,0.1823785193116283,0.1321791939038665,0.137383553438616,0.1438113415866225,0.0630964617900545,0.0299008582673572
0.0347396542247704,0.030670509073345,0.0512602312103859,0.1879129733950603,0.2049685970320179,0.1178407192822185,0.1495894975650738,0.1332325939626201,0.0572599420301925,0.0325252821985184
0.0330572969638189,0.0306768234987532,0.0437409598034159,0.1885077448399235,0.1853852746808431,0.1096305372420455,0.1264872027471495,0.1682376526168187,0.0884916619188658,0.0257848456610234
0.0297794884466251,0.026204349683306,0.0477069200260345,0.2316959236901532,0.1986775567016337,0.135930480439525,0.1272986938778856,0.1296303627934375,0.0554451871881845,0.017631037124638
0.0248500680278724,0.0219833999565621,0.038508281711391,0.2114770051512854,0.1604115178344999,0.1518294969250559,0.1516221915874643,0.1531581852057487,0.068470958713193,0.0176888948616358
0.0302882384406665,0.025972174122771,0.0432141246770916,0.2221570552270126,0.1755702656233848,0.1362904439707044,0.1176784032978213,0.1429102674287153,0.084150116903131,0.0217689102822457
0.0245014958927829,0.0208856497140349,0.0364655007262111,0.2211956264821982,0.1815252377047719,0.1623132514066523,0.1323191101871873,0.1382094344686402,0.0522968285701296,0.0302878648227122
0.020661412205307,0.0175745809352862,0.0351153348560335,0.1951399979666341,0.2026014375066231,0.1492397848171518,0.136011898956329,0.1512124474135845,0.0671084121862033,0.0253346931304758
0.0248307745403513,0.0176972260411131,0.0430343402691465,0.2199698239319139,0.1622044204195905,0.149394279875992,0.1251403535400662,0.1371717564979661,0.0916126518531458,0.028944373007542
0.0327179106008827,0.0253661267283719,0.0507489981307487,0.1875151682094455,0.2025345933970308,0.1488906207774613,0.1313521913088547,0.1408920456420718,0.06396779852796,0.0160145466524642
0.0245920796721978,0.0181273410341689,0.0432608804035735,0.1914868374788235,0.181181586118758,0.1359618253719504,0.1221448098936194,0.1270760348185497,0.118410978771713,0.0377576264125021
0.0254841645490003,0.0164859310830759,0.0487346764702914,0.2190673745278994,0.1671889209920418,0.14135064659437,0.1417788464682768,0.1183709451270909,0.0966265184739627,0.0249119756898453
0.0227916166693545,0.0150210452198564,0.0446908834472013,0.1812021155409989,0.1876514864836519,0.133423615518814,0.1305153016547736,0.1268314367586604,0.1328013265089286,0.0250711721752449
0.0254972979083994,0.0174998503581635,0.0461547566650008,0.2049703024320828,0.2166114961429069,0.1331628604779594,0.1364823694038458,0.1125218206910535,0.0834502380700889,0.0236490078262442
0.0224019662699796,0.0138665771813033,0.0453582066686616,0.1807189199649407,0.2106224184232777,0.1473117997475899,0.1440645965550012,0.1501575581252397,0.0685086679015021,0.0169892891375726
0.0221532386350368,0.0134291944658339,0.044365915518268,0.2143973542093328,0.1867759001613865,0.1463497246124532,0.1251345518470567,0.1395818433736822,0.094332389697643,0.0134798874551263
0.0262699240583263,0.019221406330141,0.0472170824580251,0.1560698685484165,0.1903803086651921,0.1464604401350875,0.1448199780943897,0.1283772225000302,0.0983940072428137,0.0427897619433066
0.0268962486375898,0.016784368741197,0.0504570279725104,0.1817634996607461,0.1955588775431449,0.1558925928690351,0.1293628933296153,0.1172592300867032,0.1100066264885243,0.0160186346460452
0.0254794473299851,0.0159759579101757,0.0465431854427575,0.1963160368975571,0.1872787084721367,0.16501652957353,0.1267720031277916,0.1517553257548799,0.0759462790847378,0.0089165263814691
0.0254788004392739,0.0188830446286978,0.0429227128100188,0.1986562700437694,0.1828414800829257,0.1490733655319119,0.1360820337525098,0.1288906758144339,0.0997673011833192,0.0174043156899027
0.0278582882847042,0.0215783118409335,0.0477577904319769,0.1951481027897936,0.1996949363952422,0.1506574883344993,0.1264984385960317,0.1335661167941759,0.0854840744564966,0.0117564520520819
0.0228276291636355,0.0206408661120538,0.0380759446208304,0.2014028557863218,0.1897499623779965,0.142494035897779,0.152792858597748,0.1616890239193254,0.0626664450150343,0.0076603784873772
0.0342536797872207,0.0304987147959298,0.0467564048404594,0.1968930191324406,0.1426946431963762,0.1612339534131315,0.1433475964702457,0.1500274580064119,0.0796443994982481,0.014650130834966
0.0244218303371103,0.0193693071329547,0.0421369395020017,0.2011031319662753,0.1690824263017143,0.1565482298725199,0.1519493365970847,0.1546925393391824,0.0708849998621226,0.0098112590651825
0.0244712920205151,0.0164019856331072,0.0457434662806242,0.2120853086013395,0.1897056818338329,0.1382957241753646,0.1670603656450782,0.1456017257001036,0.0466681486408555,0.0139663014452022
0.0201592344478966,0.0143421054610757,0.0394309203275366,0.2086726178070111,0.168032182867944,0.1409122406517444,0.1619670201141852,0.1581690470017457,0.0766017062655488,0.0117129250318589
0.0199164695909928,0.0160707203182355,0.0326911181156399,0.1728338716161534,0.2268764319508205,0.1623853312597437,0.1356743028536644,0.1607398927433636,0.0671281858529549,0.0056836756748643
0.0222538028517625,0.0156342084204297,0.0419796037518719,0.1891932504289042,0.187686155676363,0.1606490662058919,0.1618901674619498,0.1372573965421259,0.0677996286061082,0.0156567200298898
0.022320460989884,0.0177323141943999,0.0394431432238304,0.1813788226039262,0.1449639228469071,0.1403631501612756,0.1548309160113187,0.1494624589145561,0.131761893105111,0.0177429179256652
0.0246349076395572,0.0187204078853576,0.0417319499868315,0.1909251685981268,0.1930449164673234,0.1513795697998494,0.1573844799293647,0.1443176348307258,0.0572993058856098,0.0205616589542608
0.030332263402842,0.0204473443861773,0.050657106194598,0.1705426005307768,0.1715091763419297,0.1719271647977188,0.1487280891889953,0.1419940800582671,0.0797071573451651,0.0141550177287323
0.0223809391314797,0.0133348204227093,0.0430474984898858,0.1801976589544048,0.1900948736725161,0.1507067373127839,0.1642572450946973,0.1564528501426024,0.0682001714648251,0.0113272052913221
0.0290483724364007,0.0160569190915525,0.0533393063194903,0.194895606096539,0.1886736527176944,0.1566234042497703,0.167803031644841,0.1328781079145825,0.0533551139294771,0.0073264855765843
0.0282410836942546,0.0140618477962344,0.056104167836541,0.171529443016543,0.1575755751569678,0.1529030045649239,0.1560810548535573,0.1787255177109649,0.0740506305003698,0.0107276748455163
0.0332560808895958,0.0194604187280091,0.0633160549811611,0.1847561352673397,0.166650224244796,0.1569388896278563,0.1652041037234742,0.1315934402157974,0.0634804845133491,0.0153441677838092
0.0385467075799293,0.0222797484930715,0.066113430431278,0.190304768191848,0.1708818839928649,0.1655169755943892,0.1480736388241709,0.1433679758158851,0.0451097247035425,0.0098051463500105
0.0324394959069485,0.0192851665403043,0.0565456977777661,0.158393672204251,0.1828231861381124,0.1535872976018371,0.1402017141755705,0.1851625406575152,0.0617163607897828,0.0098448681854877
0.0286233516928667,0.0159174259358901,0.0546466075323554,0.1732040960335762,0.1300123751330813,0.1687167650137225,0.1867416256257137,0.1571024466217785,0.0761287340817125,0.0089065723059534
0.0263104080215972,0.0135514522743954,0.0533857660832405,0.1523836704748876,0.1657570370616494,0.1959683581178674,0.1476087118061829,0.1750748817991307,0.0627509504555087,0.0072087638822067
0.0278750557989546,0.0191235409510906,0.0463438934489938,0.1740772873401768,0.1594105903434672,0.1658278930125399,0.179191545855494,0.1525597491006856,0.0674029763848943,0.0081874677406422
0.0312923877219558,0.0234931051347033,0.0415377084151099,0.1435843235713753,0.1358873975574442,0.2063297165982147,0.1929475202021106,0.1671635352692637,0.0482035469997378,0.0095607585064678
0.0417926336855595,0.030174347780576,0.0512228361904165,0.1712941317212445,0.1441575266387567,0.1955795701366316,0.1601659218286307,0.1651216146514955,0.0369837192354527,0.0035076981064478
0.035669248934669,0.0268774862761208,0.0469614551476926,0.1533501722906497,0.1624428171615145,0.1565281216505524,0.1828341484319808,0.1763789654598293,0.0512588589023783,0.007698725721007
0.0401960998598042,0.0334649322024461,0.0480295690862797,0.1494097654778624,0.1282043517375001,0.1939543975120004,0.1862291002787776,0.1625108762370671,0.0568636254133527,0.0011372821714206
0.0440043245161112,0.0361165375701606,0.0516116256967305,0.1375879257012214,0.1253666587435972,0.1655307106243116,0.1879433621174562,0.1936422600023706,0.0560884224627163,0.0021081725412154
0.0412971709799131,0.0304824143583872,0.0559906918554124,0.1170859413162639,0.1251697988424037,0.2018655625270158,0.1819771709274892,0.1645724342486759,0.0649172124098998,0.0166416025108897
0.0331734543038098,0.0249252555260904,0.0503070589318003,0.1610061600320229,0.1342495780405921,0.1746054107200441,0.1952396303210834,0.1834524561345889,0.0400436031322899,0.0029973928336027
0.0318337497147041,0.0285170438069808,0.0419574726992921,0.1369131037299679,0.1286483137350386,0.1906638463296099,0.1812481131473444,0.1834905332141413,0.0709114482133133,0.0058163753863499
0.0328330009441562,0.0307176831772821,0.0422533272863155,0.1589654355143552,0.1262717115709749,0.1746284367114182,0.1568586937297785,0.2110554958454585,0.057869338693023,0.0085468765006626
0.0265897750724112,0.025306221165274,0.0330658322462479,0.1396464112495488,0.1306030765798136,0.1905535241204847,0.1882093741411256,0.1829543503520558,0.0652069610429188,0.017864474006489
0.0346089095387819,0.0308348949263359,0.0447021031691516,0.1174008564242905,0.1006586802986199,0.1722747428721802,0.2069003848439869,0.2014397688400139,0.0793913823909626,0.0117882766706525
0.0315821589019043,0.0264493180620226,0.0425878987047902,0.1285018764287193,0.1284023399958739,0.1755507559128914,0.1715877862519682,0.17655714136068,0.091592695362973,0.0271880289942122
0.033182791061702,0.0294734029444105,0.0422692780428518,0.1024191952482845,0.1168206687136847,0.1661141247965394,0.1818551212489506,0.2012852305474764,0.1132286790618822,0.0133515083119699
0.0414821758381852,0.0343721347543441,0.0490961710790882,0.1125784348044334,0.1010996251637631,0.2059175595730643,0.1785049973307105,0.1872846400869561,0.0807654966980174,0.0088987646464531
0.0325136842753512,0.0286990206849412,0.0401676528746432,0.1220316730669391,0.1071771639898338,0.1892726621967454,0.1880278453178004,0.1852456690056971,0.0951280636956861,0.011736564867494
0.0375889126033631,0.0311335401715828,0.0502595160843103,0.1059314266814688,0.1260804846689074,0.165378468656115,0.2212331652151627,0.1684952826479362,0.0802012201899657,0.0136979830556469
0.0348918584788532,0.0294170208751684,0.0455743891804403,0.107892006213062,0.0946544960784653,0.1794110907713802,0.2012170718094922,0.1837838141668548,0.1139173914848318,0.009240860914707
0.0318877038279216,0.0318408516715376,0.0393894165990991,0.0955491672784391,0.0968397500696965,0.1991752159112356,0.2028755823353023,0.1932131792644668,0.0981525820332999,0.0110765509840173
0.0300814818388759,0.0302587317629313,0.0385484714173238,0.0873493350488373,0.1063649551728322,0.2088366656124988,0.2010277143953331,0.1592657447528544,0.126516254886925,0.011750645084732
0.0288027118169766,0.0315016472937631,0.0346108022586138,0.1097940813596454,0.087196567218159,0.193409827378445,0.2054432558481734,0.1809498593776549,0.1204460163757491,0.0078452310494216
0.0344894883883475,0.0382318459140689,0.0365619309538514,0.096730150996323,0.0860579778224079,0.2294825664760953,0.1682136696032246,0.1903101771499542,0.1150112355360326,0.0049109571332219
0.0338270289485268,0.0372828769857991,0.0365289240241828,0.0758670307034786,0.0805158909850837,0.2034567555164948,0.1975580509718949,0.218311361277041,0.1086117935393352,0.0080402870251154
0.0342901847119887,0.0364023205810943,0.0397712396403654,0.0731347329669415,0.0929342716640404,0.1928749676525528,0.1964432771868201,0.1819633822527152,0.1314466744808466,0.0207389488362324
0.029280487016906,0.0301076567272436,0.0337259645056257,0.0936849060841034,0.0790090834098055,0.2068225010411785,0.190928366321337,0.1651937616477294,0.1565649314929998,0.0146823417296325
0.035911220462989,0.0323770903829202,0.0461781130909668,0.0882405820695573,0.0674494704025853,0.199852035601824,0.2041482373417456,0.1885226019812389,0.1358838251471039,0.0014368234943034
0.033877852727701,0.0325358982984739,0.0410971327074018,0.0759366785173916,0.0674088120789048,0.1767647812103517,0.2246407364588725,0.1757457952453819,0.1656867269245013,0.0063055858079453
0.0334545251311078,0.0322252982899412,0.0405975136485342,0.0806395512661661,0.0724956013689399,0.1825964945782151,0.2106256353891197,0.1674969343526109,0.173514730458533,0.0063537154931164
0.0390141850390641,0.0398317402103002,0.0417267520217102,0.0617017851750515,0.0762864010990905,0.1832253481794706,0.2139570906790836,0.2007087005062288,0.1323374056304494,0.0112105914341743
0.0363653233753655,0.0349464073966354,0.0414308907277955,0.0547562801855535,0.0618783411858313,0.2128770871512878,0.2032133365199213,0.1909553434292981,0.1574455300301279,0.0061314599727012
0.0424224147436201,0.0448915692808831,0.0453836854691262,0.0601185878207018,0.0643682550386028,0.2146205847554035,0.2000533626113426,0.1849168705051537,0.1341734756933515,0.0090511940566978
0.0408184669623582,0.0414785567460632,0.0442426563916594,0.0539767650206959,0.0531759139445655,0.2193056238554822,0.1903503276448931,0.1831393078001506,0.1624997926923933,0.011012588917945
0.0348045919473761,0.0350621989913274,0.0429389038438997,0.0509012022367798,0.0385987110414364,0.2108866999309408,0.1999441558769128,0.2110828930243792,0.1687371170248411,0.0070435260571407
0.0249421313977496,0.0279685033144857,0.0282169831921262,0.0538040821569056,0.0396947271125148,0.2008697377792753,0.1931300529407346,0.236566460684223,0.192917159905988,0.0018901614911311
0.0256106804988937,0.0276406350368003,0.0309238965705156,0.0402987919542793,0.046469590746505,0.2231184933470195,0.2120793455246298,0.2166680985890769,0.1692470498135743,0.0079434178914979
0.0286976354913473,0.0286735141307119,0.0341416044920325,0.0401040561426522,0.0435027910912263,0.2187231414697667,0.2156480442526782,0.2114789096283422,0.1736518684191861,0.0053784348571875
0.031669494505708,0.029147409390125,0.0427119759772497,0.0400585541512484,0.0395209401899131,0.2103929554658521,0.1922312271180637,0.2332236530270255,0.1680828042340911,0.0129609859131628
0.0281043318619363,0.0226703762182403,0.0421056310270122,0.0425781517865714,0.0368388121922784,0.2218238693139289,0.1850196905789631,0.2210296506283753,0.1761139677009391,0.0237155186629318
0.021869140330895,0.0168600761391556,0.0364613515068313,0.0412153355719858,0.0421145277239355,0.2276104323352648,0.1827563520702962,0.2293494069390349,0.1744705442691643,0.027292833089929
0.0261921238302864,0.0201060173588831,0.0444631371093861,0.0526195232704489,0.0486893876916393,0.2124699970763637,0.2025280461652592,0.2154262698776549,0.1614562344259827,0.0160492631656983
0.0258770198929007,0.0209867168754813,0.0421075973882983,0.0393894428227774,0.0262542896958425,0.2014366645524377,0.206341458328472,0.2098180518212403,0.2103425116052396,0.0174462469910586
0.0339015382833827,0.0290986922017719,0.0472344800168669,0.033985854506123,0.0227646264965617,0.1980848735745648,0.2043245682199835,0.1904808750404765,0.2268234860143574,0.013301005620116
0.0380053093794763,0.0320347055095758,0.0492286056374319,0.0486060039693424,0.0305549276253165,0.2220937363382043,0.2227144154280625,0.1487963488613657,0.199581875504112,0.0083840717204596
0.03652327656499,0.0331485609520035,0.0473844039874769,0.0312052225219137,0.0415632614382508,0.1987384010759825,0.2156061144751173,0.2282871620141595,0.1572353224532007,0.0103082744882696
0.0359247023086931,0.0311652338582864,0.0469615721370129,0.0428931232925618,0.0295871999790646,0.22524494747095,0.2195417171387411,0.2134478298571648,0.1506508719839457,0.0045828019466573
0.0333460285930701,0.0283666453268517,0.0438823526054218,0.0366156353479768,0.027841092282577,0.2314025400192522,0.2042019747289237,0.2188047807136195,0.1712637546822505,0.0042751956705415
0.0325037981516406,0.0298710286380884,0.0389659055340617,0.0144017947865762,0.018827544576419,0.2382435064793509,0.2144438459432937,0.1944638108039355,0.2052814557490175,0.012997309310287
0.0463160112615876,0.041952955993078,0.0536272227917172,0.0166699964317788,0.021911463885568,0.2419756878757462,0.2252597532980098,0.1862381680028108,0.1641437222211204,0.0019050182097123
0.0429982924243657,0.0373670796620155,0.0521618396366983,0.0268797609559785,0.0181542518346309,0.1999812686086916,0.2363460620799458,0.215067746708416,0.1683346644630162,0.0027090335984945
0.0482590179249177,0.04127233615357,0.0593710002712488,0.0223253045674132,0.0148589566358697,0.226500269185742,0.2018192028577401,0.2293256071184058,0.1488975898040694,0.0073707154530504
0.0477967290320908,0.0376990766859564,0.0628106738138833,0.0228354984814364,0.0150833089061642,0.2161221934664481,0.2124108092225076,0.227631736591993,0.1499622635819827,0.0076477101884142
0.0429085604162632,0.0356249710406187,0.0577948383966894,0.0245811426757665,0.0153556561030014,0.2164313165503933,0.243664653821365,0.1922215371329296,0.1626200736845127,0.0087972501488312
0.0466000415303029,0.0397989936111648,0.0574874657106498,0.0243458297057835,0.0238654016267245,0.2197259170728678,0.2275531411475827,0.2009057292786664,0.1575666930083337,0.0021507872796816
0.0443412929872005,0.0382209453745963,0.0576650587162986,0.0233986165388462,0.0157229994645793,0.2112992271413428,0.2167743699778246,0.2133142645123048,0.1737083949394849,0.0055548303188778
0.0455692227824119,0.0415987280637203,0.0601495972398171,0.0180185299797527,0.0105787579256387,0.2539145915174762,0.2446708435292725,0.1926328208683492,0.1302092755362448,0.0026576325253701
0.0521751383353212,0.0481013547982201,0.0614514158689737,0.0196097421320093,0.0232655344488864,0.2074058836253901,0.2096767855888289,0.1947944015616285,0.1774093254356249,0.006110418176763
0.0602282740505702,0.061346078348382,0.0639136139695445,0.0106546726401955,0.0204585216780158,0.2278228252176565,0.2106654208722664,0.2312261067884681,0.1131001235851799,0.0005843628196055
0.0560065382278248,0.0552153407555304,0.0589582296852359,0.0163780362266414,0.0117155997570901,0.2194149232745933,0.227791049348872,0.1928614876902436,0.151401480973359,0.0102573140310318
0.0696329049675657,0.0709806794868444,0.0676057771654009,0.004000959849569,0.0143051470252787,0.219819709455864,0.2260027916582601,0.2231579014368384,0.1001623328927637,0.0043317960310555
0.0662708069956353,0.0635381882127157,0.0737392877533645,0.017068022982125,0.0077097304642135,0.2231767592631281,0.2279380081866255,0.1922777375195549,0.1221294774661393,0.0061519811271632
0.0754293163661994,0.0737103396008397,0.0790578188361079,0.0099945312437206,0.0075671666452668,0.2400581067233086,0.2027785450200379,0.2053352251228367,0.101169616083675,0.004899334329809
0.0758954237682872,0.0725882940104602,0.0833324521067534,0.0087846317321345,0.0132546959292824,0.1957729186385859,0.2111097202589988,0.1922101207258776,0.139629788064594,0.0074219547368938
0.0788007018421643,0.0770044045013702,0.0867127940377732,0.0166133452961049,0.0081182967677002,0.2117207588287903,0.1844413704152337,0.178812401688114,0.1561574407987817,0.0016184857952871
0.072415995436378,0.0677447473684854,0.0783263223039771,0.0104866125680587,0.002136435037768,0.2098991552666015,0.2203853306422052,0.1871969477116792,0.1426974045517311,0.0087110490853216
0.0736709134622722,0.073454003135921,0.0783710893282712,0.0131433705657917,0.0087861431402603,0.2139053268525618,0.1686467774989575,0.1840790140642765,0.1762667421001197,0.0096766198242121
0.0773456222495133,0.0715039163332331,0.0928831779246355,0.0097984534307633,0.0029189834229065,0.1858917430387939,0.2015219322432039,0.1969167452799918,0.1411742555211105,0.0200451705277887
0.0625741831593859,0.0589239207179961,0.0806173164661627,0.004527183367356,0.0078532173547316,0.1868992575782142,0.2082919167369161,0.1902795617746018,0.1811211538259897,0.0189122889899153
0.0494810186505491,0.0436005140291044,0.0710907192514154,0.0054776185803199,0.0054693624574384,0.2313159589165889,0.2252694153198929,0.2000078201300218,0.1537806195029741,0.0145069531302326
0.0455125438344431,0.0392948415233171,0.0727932658115423,0.0108353212932362,0.0068019675789249,0.2272604422300054,0.2374163732999338,0.1809798721669898,0.1684662879848548,0.010639084243837
0.0354724596472352,0.0286898015638902,0.0669331732714119,0.0042154675789256,0.0055007913923105,0.2263080758585946,0.2605385804332839,0.2247656103756297,0.1284434953544218,0.019132544488057
0.036590273469658,0.0267232210599928,0.0726638285206072,0.0086394980352322,0.0032576334496323,0.2160447324116918,0.2456588438464697,0.2107189849540431,0.1674023356880674,0.0123006485269705
0.0328202269417036,0.0233484490848476,0.0657740870804621,0.003646050891813,0.0028530680609352,0.2388139916591922,0.2051727311393421,0.2162723241857156,0.202058069441454,0.009241001481076
0.0343257150900111,0.0225894906651768,0.0708769555473012,0.0171125856003385,0.0010143069003253,0.2453293332901876,0.2205457674022538,0.2200931940627965,0.1511834761257752,0.0169291752788404
0.0378263041276298,0.030059307998334,0.0721224917176865,0.0053583061489451,0.00893112479208,0.1949055954444729,0.240869228318023,0.2226545422463499,0.1704052569036865,0.0168678422667814
0.0340704064376974,0.0225948059346519,0.0700640164247385,0.00165213413697,0.0026763171966606,0.2136929223572649,0.2366737778036171,0.2348918558553077,0.1638717475772745,0.0198120162427222
0.0421096247994357,0.0259787183395572,0.0832987028891286,0.0041115354744396,0.0032553020503644,0.2211827408824702,0.1945446717056762,0.2166730526748834,0.184235434621666,0.0246102165289277
0.0462174050743633,0.02899143442736,0.0869377093162498,0.012755381062157,0.0092907555545915,0.2159283221284954,0.241296593965127,0.1814951040634587,0.1534011667059446,0.0236861276692118
0.0617163271767996,0.0415237687461372,0.1082787284075444,0.0009444996714389,0.0013391009740383,0.1747836060258473,0.2413696390724312,0.2073557826119502,0.1486518471316398,0.0140367001465475
0.0533525858856858,0.0348048708405531,0.1022654222388728,0.0016904268921848,0.0003524385549659,0.2018552874666489,0.2155149976155086,0.2096805139131325,0.1449571996962673,0.035526256863012
0.0553289932060736,0.0365833284485645,0.0980884904529064,0.0118785058626994,0.0032361620597743,0.1776230891715619,0.2071298981936104,0.2065124253535746,0.173301967793112,0.0303171394231416
0.0515193203547835,0.0334164995180801,0.091661082047976,0.0082386086768551,0.0082856846896141,0.2147613260719232,0.2101684965966716,0.1811061751497226,0.1914184754938094,0.0094243313670985
0.054506388772687,0.0330690189270054,0.1067551057695709,0.0017109343547462,0.0014528322155169,0.1931884207110593,0.1830892890174291,0.1952066508908936,0.1985612851051568,0.0324600741995579
0.0468994122351806,0.0276261865349594,0.0984846198403803,0.0073294016872141,0.0023335359500571,0.1892585356833981,0.2002894578355376,0.2060937274643763,0.1951996619631257,0.0264854607725444
0.044650485593167,0.0295466830082098,0.0969238868270106,0.0023664987276313,0.0008310136787668,0.2192203550494612,0.2102044707515688,0.2035042930373083,0.1530847888882156,0.0396675244024204
0.0488610370880403,0.0327388042548237,0.1021301983629495,0.0087694679636193,0.0007587273380629,0.2113788987056693,0.1996517733731095,0.2057040356611351,0.1457700868279099,0.0442369703870093
0.0507750262266365,0.0413825429205051,0.0946940873637943,0.0036476225146838,0.0006431165990555,0.230059889785265,0.1956520189344791,0.2045272658287788,0.1591488376604366,0.0194695921280392
0.0382544975055306,0.0321159848226279,0.0736133766930197,0.0061900577686736,0.0065548261170459,0.218793870514448,0.2365298076927795,0.2382282373792904,0.1222310631956156,0.0274882782749614
0.0315553145983687,0.0288814120927078,0.0685636926489988,0.0140583906843227,0.0025329250222808,0.1994460022505715,0.2374522658167768,0.21173122732256,0.1464246981336469,0.059354071392063
0.0420229777774235,0.0378272500859797,0.0750511983243107,0.0117299416602364,0.0070860620651066,0.1988661786664095,0.1791830047604707,0.1929465308802997,0.1937308105145028,0.0615560452276786
0.0355093888486841,0.0295463561209965,0.0683279021567098,0.0058202441167628,0.0088935461630016,0.194953604309236,0.1960022027039031,0.2244288496429798,0.1833690009004704,0.0531489049979168
0.044293285879631,0.0358779160198659,0.0844371262510867,0.0061812748269978,0.0037087787685274,0.2058080484638065,0.2029433880566036,0.2301899922082117,0.137832742188905,0.0487274472906108
0.0365601036953219,0.0339107839489086,0.0609909614005167,0.004523325008483,0.0096605630783209,0.2365945090609928,0.1568145324891389,0.2443445818271702,0.1614773581980983,0.0551232812511095
0.0378487547332091,0.0349066757860101,0.066865573482794,0.0183277833281873,0.0050557117732995,0.2373960776610837,0.2299628269826499,0.1720886500176084,0.1236603337419863,0.0738876124508502
0.0435122453037346,0.0348340287032329,0.0787724987671765,0.0061779802556033,0.0065828292121877,0.196540874784702,0.2138807174345703,0.2172589043158695,0.1520209268820443,0.0504189942956686
0.0327147155465753,0.0292534838340263,0.0662427651281016,0.0189572177656585,0.014641561143458,0.191835321540621,0.1866066839454492,0.2106594590876729,0.1805565565427932,0.0685322354174959
0.0286513928578278,0.030837118208146,0.0510949134061615,0.0131697524530511,0.0121292280618598,0.2289189728156399,0.2330542498632815,0.1728699520475926,0.1613602606034455,0.0679141596392321
0.0267821454529123,0.0318916746445489,0.0447681952880642,0.0164526668509238,0.0101061881953841,0.2001979380439254,0.1889594273560833,0.1872373499813606,0.2205656338687003,0.0730387802750814
0.0301718324743089,0.0342103674808898,0.0526093118475455,0.0139690196131937,0.01293839390281,0.1946529202130447,0.2023774407841944,0.2491241965529927,0.164416981398723,0.0455295356860786
0.0288079634028072,0.032353231581659,0.0488563355232761,0.0057721988604982,0.0151012211887827,0.1958185282529013,0.2326245047809196,0.1779564938176133,0.2008854043404727,0.0618241182089051
0.028302272188752,0.0311729103605308,0.04847361760687,0.0083584389729551,0.0155950958624213,0.1983764564478244,0.1806435052623633,0.2061445712741381,0.2140278612110051,0.0689052707717827
0.0344425842582376,0.0307260206618558,0.0634560582660363,0.0172182563749356,0.0067271354826889,0.2131572044949863,0.2231280986537887,0.1959675699037799,0.1630948983584886,0.0520821735037136
0.0234653280767154,0.0188426649894644,0.0541604959225101,0.0273407114720573,0.0072816517321539,0.1825084408920092,0.1898061167355497,0.1881934232421082,0.2159877444982554,0.0924134223958735
0.0137994956784549,0.0128472047349009,0.0425329777842524,0.0290018542449101,0.0092077331544151,0.2233694340088258,0.1641577673132125,0.1706501107569393,0.2536764963332096,0.0807569259497966
0.0203659428590516,0.0166849060660624,0.057026433106761,0.0138189237025712,0.0233957883799557,0.2091329305856394,0.1954428818139915,0.19390432338497,0.1704597158409121,0.0997681542158919
0.0255137821492866,0.0254831641430345,0.0547837476350041,0.0158129520185348,0.0192561899558031,0.1776909680559964,0.2087608393285947,0.1874569432304541,0.1977101383626961,0.0875312750773552
0.0316270116343135,0.0312540918217049,0.0604230946004514,0.0319385104850548,0.0232536679014772,0.1907346252333492,0.2004180753483808,0.1900142380293994,0.159102013210977,0.0812346716912612
0.0385751022486265,0.0413703399377523,0.0676999629478367,0.0386257836728925,0.0268743678302148,0.2014498153822695,0.1967635623516981,0.1615031026554924,0.1456672979280364,0.0814706649994067
0.0490388621756677,0.0515162062440992,0.0801710297077692,0.0350094027478549,0.0297381734472678,0.2164769738231868,0.2277948441654793,0.1344402420714106,0.1121416922522007,0.0636725733144188
0.0516908090971862,0.0517559588793692,0.0738462848565025,0.0293171769406516,0.0178122002659523,0.1880536274975116,0.1758340023315536,0.1874815964816602,0.120879418123461,0.1033289254828792
0.0478145406556492,0.0548707765034411,0.0592144992362549,0.0194702520740959,0.0324559459885105,0.1730742023096972,0.1320715651692616,0.174695535049288,0.1813985299085846,0.1249341530627664
0.0558398137852446,0.0643275670059597,0.0677070812567917,0.0684311819020958,0.0355339891186718,0.1746975663036249,0.1727718296130304,0.1537705552645237,0.1133424741674131,0.0935779415393763
0.0647086453492494,0.0730096338683085,0.0738985895308838,0.0459939298623313,0.0312822296810835,0.1439887690441834,0.1567734737656756,0.1545201537807763,0.14579123374935,0.1100333413272469
0.0736727394670446,0.0875846429299447,0.0741789013052306,0.0351082274057693,0.0411085575406004,0.144357476141922,0.1413397462507271,0.1697912136643211,0.1303928252885346,0.102465669963215
0.0745967976990737,0.0855287582988294,0.0692548944250106,0.0351464336324583,0.0714954725193886,0.1104780377008416,0.1468321665046943,0.1308548067644367,0.1450688858851413,0.130743746524214
0.0657122489302464,0.077784141424397,0.0715648773957941,0.0648834331986296,0.0390970240049681,0.1239272848576753,0.1258005863149459,0.1294957437405378,0.1672480931772521,0.134486566916565
0.0711380207638862,0.0806207052779907,0.0743910905195472,0.0647268752412308,0.0369542040625835,0.1396293096153256,0.1550036321672679,0.1552299513590548,0.1238242626961883,0.0984819482574898
0.0640478347653618,0.0788624192248413,0.0606857124475179,0.0707705549236612,0.0437465500972289,0.1661211849779885,0.1450001241554232,0.141722630783513,0.0993765796816565,0.1296664088975568
0.0542648593016839,0.0723427574591656,0.0566609573072894,0.0593022394785231,0.049841721718074,0.1642549845562427,0.1463507047973757,0.1240642530799965,0.1436845788476385,0.1292329434070674
0.0474336817669094,0.0701817320942084,0.0470307304493803,0.0699690374364929,0.060106184660838,0.1745526046662026,0.1632687247812664,0.1419327079129252,0.1080710518873048,0.117453544296437
0.0525160419902318,0.0666049129142261,0.059243686645038,0.0592501532155259,0.0538729529474717,0.1295737505533506,0.1364570746033088,0.1590598799744273,0.1466255463191829,0.1367960007928455
0.0544343889966443,0.0680871744852035,0.0658724062731512,0.0699369870843557,0.0789732587909091,0.1351989939191038,0.1234001860817417,0.1556437565591084,0.1736399697523996,0.0748128780064858
0.0436397172501648,0.0588128925332682,0.0452752396338966,0.0556897700045976,0.0669448731688497,0.1616696546514783,0.126415370859403,0.1248699238439857,0.1733820154319976,0.1433005425806218
0.0340604785973099,0.0486558043071422,0.0397419996182336,0.1190434733416656,0.0752151742657295,0.1613747336104107,0.1593970384475934,0.1475388171482955,0.0843870806074567,0.1305854000079089
0.0318599544686105,0.0444929276186494,0.0352962186069848,0.1000149727904865,0.0677335178815502,0.1634111259072184,0.1738630033594379,0.1434151380131438,0.1058867765698599,0.1340263647358736
0.0326450359221306,0.0419768624495696,0.0371305650130617,0.1072495444749499,0.1264403165137655,0.1607647152234285,0.1365495285977336,0.1523009959784157,0.0615601452818692,0.143382290498147
0.0320488636635006,0.0382024284619686,0.045139165398817,0.1282608204613743,0.1125369885597206,0.1218336491360164,0.1304699723587502,0.1347902071866461,0.0946584901708227,0.1620594145538585
0.0356791584616265,0.0422645478246841,0.0463635255810043,0.106724227868909,0.0825065527716939,0.1699818983013263,0.1443972562003415,0.1231486650638963,0.0686403638463208,0.1802938040283171
0.0378161002380084,0.0445339499565352,0.0433348654030623,0.0897465929973261,0.0833562783065311,0.1154076000684189,0.128628519298656,0.1447813969358241,0.1101742077442134,0.2022204890048536
0.0332167227529576,0.0378324134240377,0.0408768996334893,0.0993673152852084,0.1063891728845182,0.1566925957358736,0.1637257567463387,0.1204117929796913,0.0919059798067411,0.1495813507063103
0.0309275454565885,0.0298203043136413,0.0430393437947433,0.1564573419716205,0.1492961054475513,0.1454623063982506,0.0818480179063883,0.1416392865402534,0.0833271542021465,0.1381825939159602
0.0381091079673756,0.0344942219900632,0.0555334085534167,0.1754404811167112,0.1305091085762401,0.1099036516157072,0.1168430178688978,0.1111679385398409,0.1192854533808016,0.1087136103393918
0.0260597060612756,0.0229285835068401,0.0449715709808087,0.1660310903536051,0.1391598131204819,0.1149572358892002,0.1265937348791577,0.1195262941499749,0.0738772302681357,0.1658947407449383
0.0298481816868187,0.0252285165802745,0.0489237365669237,0.1467242433665991,0.157283610679795,0.1132624979471074,0.0868267708771963,0.1063170823479037,0.0981340349861592,0.1874513249157497
0.0445570673256775,0.0310277761484594,0.0751311177218645,0.1510670078865535,0.142132286630449,0.1466056543518925,0.1167296315569248,0.0898452895375162,0.0765819855129033,0.1263221832775834
0.0424660068077417,0.0272330607490534,0.0695860712602951,0.1533396495349372,0.1500539336925633,0.1055825063903648,0.1333323759798074,0.0989781150858291,0.0525187330547249,0.1669095474005123
0.0425469582025989,0.032473945396376,0.0596082804836869,0.1674158932457063,0.1276212754011775,0.0826637492368667,0.1051924274387017,0.0950391831036736,0.0922771747755721,0.1951611126740353
0.0501512333792883,0.0443243107706051,0.0581182785525872,0.1195738331023532,0.1668324117899361,0.1037118744575793,0.0845064864203646,0.0782051083622488,0.0800922079785017,0.2144842551415363
0.0411415754475784,0.031905085105074,0.0564763575509315,0.1386066319539372,0.122165665602691,0.0993146205544535,0.0853666894439667,0.1107372011854938,0.1041885733059463,0.210097599807547
0.0497672444895049,0.0456314960951866,0.0568114483118504,0.192542779807452,0.1731615808197139,0.0848026306652337,0.0718567186108465,0.0749411681266978,0.0960843774169397,0.1544005556144792
0.0592315971193399,0.0602826019456194,0.0578996055205428,0.1775599291489732,0.1652882485963681,0.0678341338841601,0.0708589072451354,0.0845380821386189,0.0428174116089393,0.2136894827474795
0.0580316855313314,0.0538785310408697,0.066720223432849,0.1447796203783614,0.1602879123457871,0.1054784368110356,0.0816716714601923,0.070837492618931,0.0717554816184418,0.186558944721119
0.0594460969871076,0.0536934038331894,0.069025507042078,0.1485367751549174,0.1982254973734921,0.0644888164573871,0.072383924724293,0.0672898997787112,0.0718745062901468,0.1950355723176671
0.0629342384158327,0.0567282936406039,0.0687293677674616,0.1442046351135737,0.1707496283651128,0.0619477610915251,0.0772527347032402,0.0789160926286992,0.0667250121538166,0.2118122360825315
0.0606028877200739,0.0583989601726525,0.0655881696832782,0.1713129447642783,0.1888819006289385,0.0585724215227848,0.0587563979287647,0.0525675654699256,0.0736443295271666,0.2116744225454527
0.0580788343657272,0.0563701294131864,0.0605538220150109,0.1757175285070625,0.1802935493444596,0.0672661911221363,0.0588989614151724,0.0601791905995307,0.0853181612443294,0.1973236319355601
0.0608891445004137,0.0634673931652828,0.0617011726803108,0.1898233839068685,0.1737786201424314,0.0849072511354137,0.0523039426392468,0.0629955247643135,0.0576892755143822,0.1924442915162507
0.0692960777150398,0.0708839647195215,0.0716854822267027,0.1384745586322025,0.1826633746149024,0.056167557092992,0.0871410015963443,0.0567934690297936,0.0771695659459747,0.1897249483897999
0.0681602185254559,0.0714527691063627,0.067688231354769,0.1769709057625351,0.1712100971035972,0.0644739454559055,0.0505672591432738,0.0603877995326397,0.0481274272839257,0.2209613466970592
0.0586589472503007,0.0624942186893788,0.0575472204090043,0.1790750650513309,0.2254730609171266,0.0698535997064681,0.056762832113241,0.0394127080247032,0.0610719256533616,0.1896504221520073
0.0592045141308094,0.0633130120584388,0.0646962938633883,0.1980340562284907,0.2002521372349629,0.0383005460358119,0.0591748834271619,0.0567975342365591,0.0948829447447375,0.1653440780045175
0.0510465580816755,0.0522452175500958,0.0595984609717404,0.2070931048185962,0.2023632527765457,0.0459498965219145,0.0427363277391319,0.0703494744902541,0.0989358947673711,0.1696818122496302
0.0475713405569362,0.0504103432663478,0.0558916352576564,0.2293576480782814,0.184100650052182,0.0593864148203245,0.0391455649717704,0.0444527918061219,0.0831380855044132,0.2065455256531609
0.0536394649558006,0.0485996117259838,0.0700010719913738,0.2154466186045455,0.218757001466761,0.0587454518874632,0.0260382146382909,0.0440896003192296,0.0939047017251917,0.1707782626493473
0.0501493429285907,0.052589822581444,0.0634235472835064,0.1999279081035028,0.1876485054310932,0.0489189129747788,0.0490147047139593,0.0501041343857177,0.0978933219700136,0.2003297995923413
0.048710093172152,0.0499072140662343,0.0662525081988652,0.2450352906432772,0.2321248392853733,0.0405285719646601,0.0393559955705628,0.0441812788599023,0.0580868261118342,0.1758173820913696
0.0412608125176895,0.0506674045567684,0.0510672563369077,0.2357214621383695,0.2346545780074415,0.0576693731617831,0.0457052460927172,0.0468586915631467,0.0601588293299553,0.1762363462582059
0.0433976778998919,0.0536499780980338,0.049784963527484,0.1998606583629231,0.2000786920929578,0.0482155462549944,0.0481203473397907,0.0377308571223736,0.1237269426610029,0.1954343366062182
0.0416292673257826,0.0573457828162373,0.0423385096874349,0.2710894261806278,0.2196475760724166,0.0289803562453262,0.0407308433204797,0.0362799718370653,0.0685208423345898,0.1934374241444917
0.0495229384030651,0.0590178599423281,0.0501359756882741,0.2343859417849321,0.2354429491869392,0.0451945879548734,0.0309077088288696,0.0347327290409611,0.0564233438889581,0.204235965246015
0.0469815771158854,0.0544423750834588,0.0515682280398507,0.2258469220169147,0.1774081604116425,0.0432777874870469,0.0476992279618978,0.0286712183163716,0.0675333000333167,0.2565712034972572
0.0400862037945963,0.0506748698527673,0.0423552686340955,0.2405895874296653,0.2669408506950381,0.0282953743742011,0.0171419681093728,0.0389825397896187,0.0775225742397914,0.1974107630458946
0.0408174731591771,0.0527230271300479,0.0371417378403088,0.259853990537894,0.2185020019823333,0.0448351971722594,0.0478096493327306,0.0327148345620641,0.0938693201336438,0.1717327681177186
0.0460479007880158,0.0567578884888177,0.0450790495818805,0.2440148133684862,0.2440967024158246,0.0330900744665428,0.0253965765803878,0.0303135328365753,0.1166064726293424,0.1585969888127845
0.0550870293122326,0.0630768402976625,0.0546207077683698,0.2535261466280018,0.1976170113183327,0.038092813566425,0.0195591374548214,0.0397442947816321,0.0813557984229298,0.1973202204165431
0.0510523001366781,0.0575445706910544,0.047818158114766,0.2803870414169204,0.1790589084848029,0.02738939818493,0.0295204607096493,0.0257528815199437,0.0812315527767022,0.2202447279329539
0.0520994143057025,0.0539732765263131,0.050825914868495,0.2462972877202024,0.2426185649190215,0.0295452094921907,0.0271845724360672,0.0250014347186474,0.0766711922138567,0.195783132769533
0.0540081457568551,0.0510702687621012,0.0597528071372344,0.2371997509855266,0.2231589511778126,0.0395198662373772,0.0248430224347768,0.0247117959379682,0.0833127833551586,0.202422608180971
0.0533492545769538,0.0492953887005885,0.0620809752586967,0.2197104994646609,0.2301354367319978,0.0408280150605982,0.0259892171254096,0.0255631604397989,0.1080176097853621,0.1850304428258139
0.0620447299790352,0.063020597180756,0.0614900067563298,0.2376825304691044,0.2624198443285996,0.0137564853830754,0.0251341126930411,0.017782488404149,0.0788952345400306,0.1777739702343165
0.0521558315457953,0.0532425057643006,0.0538794904519205,0.2480328646879425,0.2187904644753632,0.0355979610386957,0.0217279923846324,0.017912539067421,0.0865897042626331,0.2120706462910832
0.0629541671092992,0.0626053382813894,0.0602941098724936,0.2394032065815085,0.2219948993139064,0.0331004841148121,0.0121786935946598,0.0270905331174717,0.0563989190158186,0.223979648968336
