0.065880907539611,0.0466514410566074,0.094013297408458,0.1847828646673444,0.1543772179189705,0.1081186863257614,0.1046726466078834,0.1359774946267362,0.0580196785908912,0.047505765236194
0.0586690094708577,0.0429895728037082,0.0799920270783736,0.1989937140170774,0.1457675548376781,0.1194697102728336,0.0976139470271385,0.1151570842574152,0.0872620558868785,0.0540853243276043
0.0663858765395721,0.0541562825235636,0.0837042345740571,0.1847509389363778,0.1365619261343863,0.1306308059191528,0.1059840415543323,0.1194050836476468,0.0699420731523906,0.0484787369969987
0.0740805211379906,0.0628871330555164,0.0918254123908631,0.1454365785377413,0.1376442461053202,0.0961601284176956,0.098332359997108,0.1017279744264785,0.1370890337168503,0.0548166121938146
0.0800219767184412,0.0683983427990408,0.0950247879394292,0.1591777884681397,0.1493319568696728,0.1159728120556518,0.1088397309820424,0.1119424116388818,0.0652662849850379,0.0460239075228282
0.0783399941177242,0.0710878539570802,0.0893542891953608,0.1772865874651522,0.1584212575092485,0.1137928053791826,0.1093024647432498,0.1015889252519434,0.0468456003651101,0.05398022199467
0.0771287943960456,0.0715881357512871,0.0861554926678883,0.1598310191178372,0.1463208470533051,0.0986324052704879,0.1087272272174989,0.1133224419444001,0.0934175639985001,0.0448760725626728
0.0687229079599187,0.0651364054491037,0.0822976639019644,0.1626330455169732,0.1389030390955667,0.1163352985129825,0.1099753026274715,0.1208765684054122,0.0991821863422904,0.0359375821677587
0.0695189683912463,0.0709019488877199,0.0733347062061409,0.1533214526719894,0.1481948270362227,0.1124825101663813,0.1057320021785916,0.1287689259258985,0.087561252342654,0.0501834061732393
0.0721205981586515,0.0751071689038003,0.0710635958940963,0.1639084047036169,0.1536949849278905,0.1085407774846128,0.1011052027707402,0.1443217684866864,0.0483240498718073,0.0618134487790949
0.0726505008574132,0.0728954937785897,0.0746745741770847,0.1586940553144879,0.1496625394203206,0.1243563559258377,0.1107037920650003,0.1273578624123332,0.0509251416722312,0.0580796843582274
0.0735874703063761,0.0744874168532367,0.0797725126962907,0.1561213807291569,0.1439257758897519,0.1201407323392199,0.1228827212266292,0.1222346094946533,0.075216404878808,0.0316309755669274
0.0781091834549247,0.0731726738915167,0.0868740413029603,0.1741929100206425,0.1346308067645334,0.1083377996262667,0.1184882898946319,0.1152221313229399,0.0581350707327161,0.0528370929689839
0.0725034062902094,0.0714684393495125,0.0769954627898667,0.1483042164019934,0.1497578351080224,0.1322749170709619,0.1374016742725158,0.124788323159328,0.0474976587121784,0.0390080668267072
0.0649708979536082,0.0607514874193141,0.0732536092441224,0.1603190134078279,0.1592677924425879,0.1290121568432487,0.1173930555689803,0.1332318815490913,0.0533426500717724,0.0484574554810929
0.0627409681282535,0.0554347903477005,0.0743051671950164,0.1739156643523702,0.1473781586242925,0.108670230458325,0.1315147072631807,0.1306174240211684,0.0748795439878833,0.0405433456018295
0.0617994391173017,0.0558074905124902,0.0735352945428817,0.1812224174301846,0.1434332692966611,0.1171155062316629,0.1183792011738385,0.1415066406132179,0.0625891339509367,0.0446116071121551
0.0711127525298313,0.0638895329827718,0.0834090270221194,0.1337077815708747,0.1625849249227513,0.1424595397292103,0.1367413930723168,0.1027614804206776,0.060284458648581,0.0430491090817789
0.0652221840942284,0.0643165893338289,0.0730921479833868,0.1570312504033688,0.170774609219221,0.120905866962601,0.1186284246033552,0.0919957688560189,0.0883154393194411,0.0497177192055363
0.0668117016677942,0.0666295270106342,0.0738824229222592,0.1679014182022917,0.1531513544752425,0.1306091759654864,0.1085833032830069,0.1158574271274501,0.0759081465357508,0.0406655227908096
0.0670755830267453,0.0672683463909313,0.0756591151572266,0.170031679697423,0.133748464627139,0.1199164625595913,0.1182189077861328,0.1433738701248351,0.0549399269386311,0.0497676436715893
0.07047806987428,0.0701137930450894,0.0789155276338422,0.1553149479017736,0.1335333682204882,0.1253117188592302,0.145351970638231,0.1203998613093356,0.0686870565701816,0.0318936859280572
0.0720596606223507,0.0718247445480101,0.0773162078283256,0.1628028111464792,0.1373157549533173,0.1404984273400112,0.1224316246031951,0.117670261810063,0.0505337558631014,0.0475467512666169
0.0742971091380534,0.0689028824473314,0.0865828706875371,0.1512841280835055,0.1393186147134464,0.1284357313666728,0.120799364961735,0.1198641172508514,0.0717758487109564,0.0387393326211464
0.0747561984425696,0.0696454719010352,0.0892381010745747,0.1349343898342568,0.1355656813540265,0.1574639252332396,0.1453091474828944,0.1316478621828064,0.0294489174391703,0.0319903050359551
0.0722970501604049,0.0702269406720997,0.0829865412471731,0.1391752447439631,0.149860715497358,0.1291874757575879,0.1298958217834676,0.1338905413470891,0.0349914538688179,0.0574882149031164
0.074454181951345,0.0637787045860888,0.0967083321523178,0.1327082158636721,0.1311007049870421,0.1486135355500314,0.1170709167162223,0.143704225946107,0.0459062428734352,0.0459549393554855
0.0775470901865632,0.0700143587311307,0.096010648956963,0.1494784968208957,0.1200948443147372,0.1249204366164392,0.1321061436001782,0.1259757589074386,0.0613878305531588,0.0424643912937593
0.0812524002108265,0.0777603025313775,0.0902650449002962,0.1279786233744796,0.1475120517328138,0.1394009327035269,0.1198751441386077,0.1289547535917154,0.0456539103815083,0.041346836416777
0.0817117256819006,0.0755490834053244,0.0981905669061121,0.1586284121523139,0.1549852474440204,0.1139043607333225,0.1124289490533259,0.1356394536648374,0.03209649755045,0.0368657033883819
0.0770100170178011,0.0693210422999541,0.0932932770275436,0.1512664593035794,0.1196186551401426,0.1378359553458127,0.1108673667159382,0.1466772108462171,0.0432499764118483,0.050860039872865
0.076923824350963,0.06592363983219,0.0986458386843062,0.1318433904780365,0.1242549873285235,0.1355515932674021,0.1352087464634212,0.1379247197612473,0.0377043953052517,0.0560188645087506
0.0699977793683467,0.0606940454101523,0.0911767986836142,0.1217930019784974,0.1334651208467404,0.143111886486314,0.1413310970749217,0.1242422824097831,0.0551790425420339,0.0590089451796271
0.0662921934367038,0.0536218736812103,0.0960287418672584,0.1300699384027059,0.1293569464727215,0.1354216928012003,0.1363894006718972,0.1510562025152508,0.060205735343703,0.0415572747876599
0.0625021773428014,0.0493939981124555,0.0955503393425733,0.1277692884732532,0.1211533790198782,0.1522907789560877,0.1354634692506561,0.154251367811936,0.0504223281956634,0.0512028734756371
0.0646254467965466,0.0563671841256424,0.0888942236627576,0.1318581516137161,0.1046069383359014,0.1351230127628617,0.1576341859312607,0.1380763575846423,0.0510253989139911,0.0717891002526036
0.0601738797307612,0.0567614919426114,0.0856903090514151,0.1226627267326436,0.1229476659262413,0.1564953092426403,0.1252445083969782,0.1368054916039796,0.071876010255227,0.0613426070961702
0.0560567096526933,0.0509208771428759,0.0856311983633289,0.1158613481885063,0.1125222697356162,0.1478459862002075,0.1487455762840035,0.1495611643950161,0.0535762139828495,0.079278656034819
0.06946431729389,0.061665494229019,0.0925271392237772,0.1348774831550629,0.1126366713223556,0.1374103832150875,0.1309057862694462,0.1382117673964699,0.0613878968142397,0.0609130610584554
0.0670393904205757,0.0629174342489802,0.0839636474805787,0.1224186091513488,0.1175501090545841,0.1367572789956283,0.146943182654858,0.1846435502664936,0.0405902193165319,0.0371765783890896
0.0652837360712072,0.0559684153187941,0.0863265003882362,0.1197594066784982,0.1247466826247972,0.1513463690637462,0.1501540493962725,0.1482999946594644,0.0514833118994138,0.0466315338777665
0.0553144255387315,0.046484967852109,0.076440593098586,0.1282741280949873,0.109707313884802,0.1629291637824239,0.1588563722857185,0.1704894476204561,0.048807739497112,0.0426958483248443
0.0576989118073332,0.0549744009927536,0.0726894003331018,0.1201252700423743,0.1100808089992585,0.161015116650085,0.1689159763606721,0.1686372121358169,0.0469998943655057,0.0388630082930124
0.0587015083732739,0.055769129424484,0.0744409803200344,0.1126667603518605,0.0969193557037981,0.1767310493326725,0.1752433666976987,0.1405698868119246,0.06952187683005,0.0394360861333395
0.0637364445643235,0.0611039125431064,0.0781994177042456,0.1037677124434488,0.1133433177273567,0.1543515105630324,0.1586226599097434,0.1547873062667755,0.0464865212782781,0.0656011969785524
0.0565355432510309,0.0549882321321655,0.0757308067992931,0.0803275751631467,0.0851439763029101,0.171598197935563,0.1503916630448793,0.2004860556934703,0.0483388429813707,0.0764591066744532
0.0620698508113497,0.0581560295797642,0.0827669972157295,0.1053960897327313,0.1234704942813055,0.1540078546478814,0.1610125241444201,0.1634124225564214,0.0357642360076314,0.0539435010012372
0.0628603442184576,0.057506132917075,0.0855552492903475,0.0966686727554278,0.1044042388164052,0.1543579035506194,0.1597134595435424,0.1464272354432807,0.0445575961560116,0.0879491672877836
0.0618164184247286,0.0599165779177638,0.0856622180222633,0.1183695039024496,0.0916513624154858,0.1585634815466773,0.1890780219562579,0.1419755569505421,0.0256487778671319,0.067318080975296
0.0639060395010366,0.0628635625346221,0.0891144756400911,0.0996807308674938,0.0943990532527753,0.1346524731914734,0.1616455984537825,0.171445164720194,0.0559596290930522,0.0663332727239041
0.0745480956301915,0.0682756892537822,0.1050578027547539,0.0862967193073005,0.0893278337815014,0.1543036697253081,0.142966270559808,0.174796560710012,0.0417094121961957,0.0627179460589976
0.077223065993867,0.0730983538151176,0.1062277279337838,0.0943127983175363,0.0829968191129626,0.1828278253153039,0.1517969127033272,0.1488141779154035,0.0334777539200065,0.0492245649515103
0.0824935067577244,0.0764956637354299,0.105816568258799,0.0746106724391557,0.0741935877485928,0.1448099277702393,0.1738209456047261,0.1637697206751885,0.0276099837184624,0.0763794232708964
0.0843708718707746,0.0813349708388606,0.0971147951612056,0.0832184071044241,0.0695252854920547,0.1781173494088347,0.1385357898943126,0.1662382213889288,0.0435865801439285,0.0579577286764895
0.0911862947667487,0.0910070602969992,0.0986168036744954,0.0633603674285076,0.0742397117016004,0.1730649996842627,0.1538075623026486,0.1572769913855657,0.0385508148001863,0.0588893939387791
0.0828450007288479,0.0789415703194253,0.0990340409479744,0.0732987762306065,0.0736923194722038,0.1685674372072253,0.1697108629926448,0.1452566804029809,0.0361751937810357,0.0724781178968238
0.0893790510727657,0.0812378750497973,0.1065266128327777,0.0572887310901808,0.053049242389518,0.173342316358188,0.1733375437009136,0.1761704298492658,0.0147979593896253,0.0748702382455625
0.0846078926886242,0.0711036855083251,0.1167393727452858,0.0779573157110117,0.0760785086517382,0.1731934912989791,0.1680637916773397,0.1505000171951425,0.0090311718606731,0.0727247526404217
0.0927431777392615,0.084423896857868,0.1121678272791248,0.0649777825300089,0.06870324271761,0.1677162179311229,0.1495654779785162,0.1874520227988938,0.0144548256665714,0.0577955284778067
0.0884495792518732,0.0810529716598881,0.1042287364032123,0.0741343957991117,0.0703229571610174,0.157912753894962,0.1660836861035698,0.1664061306541651,0.0245298999380419,0.0668788891131679
0.0979362116676958,0.0892318119698214,0.1106342927183086,0.0654526026195463,0.0653948756434637,0.1588582227638059,0.1656584085339802,0.1533041139888593,0.0195039696320999,0.0740254904400257
0.0984915281349309,0.0874023332844401,0.1130115957720958,0.0683116110132463,0.044045414629561,0.1562267350972779,0.1770397694185517,0.1733009123515957,0.0256208730444569,0.0565492272327822
0.0982079958281346,0.0849775084636837,0.1136183940354356,0.0553204890852056,0.0573669681505458,0.1800942978781324,0.1518755688682528,0.1679619191788168,0.0234141299757597,0.0671627285148552
0.0997816573663087,0.0873099361686891,0.1172154071259291,0.0532627233775708,0.054750898018549,0.1844579449397991,0.1525543683667455,0.1713941017683688,0.0241373931822849,0.0551355696634727
0.087172784987888,0.0778020920472517,0.1001652574121493,0.0564669647876358,0.0437907499964967,0.1748144978896844,0.2054658429051881,0.1721934007585953,0.0184985164622646,0.0636298927313937
0.1005513354682367,0.0951373673146206,0.1088342923140451,0.043635724070422,0.0350507455810497,0.1768136254627666,0.1613901705667519,0.1620348208714774,0.0224901549243543,0.0940617634043743
0.1035064440820752,0.097461823496054,0.1061864347849419,0.0572329658254845,0.0437918148702804,0.1502994744946598,0.1361017535603751,0.2012710872650937,0.0333606035974701,0.0707875980022664
0.0977943516134635,0.086596736685949,0.1026526030959095,0.0521172563331449,0.0373003479058993,0.1794245213324678,0.1625919773586209,0.1585265514552158,0.0354801987583617,0.0875154554409373
0.1013946252031457,0.0933611646808441,0.1056874111902801,0.0411652584628796,0.0338737941580942,0.1788008977621585,0.142586910727494,0.2004198975874107,0.0357276973694205,0.0669823428368013
0.1000246475456654,0.0881988070708088,0.1108685642066407,0.0362353278221419,0.0419652464905153,0.1600092337969688,0.1672625601516595,0.1820707085504773,0.0249758858349788,0.0883890185077372
0.0827420198018486,0.0759526393303369,0.0897243466898047,0.0327796566356534,0.046312022180059,0.1835101278680672,0.1885643333025712,0.1905579531458376,0.029012963927244,0.0808439370958596
0.0875511838678617,0.0792900178847621,0.0940406854232962,0.0379194595365951,0.0362665949678455,0.1875466323855152,0.1931966382357025,0.2074216304741182,0.0184092846510459,0.0583578725499396
0.0900112741511511,0.085260671520119,0.0995333831089262,0.0451503208993739,0.0286034896751849,0.1745021034382027,0.1956133449218177,0.1765660068809446,0.03950891819458,0.0652504871858318
0.0842939721315753,0.0828981245829526,0.0915426193627074,0.0358311217419657,0.0347681714954247,0.1976122036577477,0.1806559051959727,0.1855449457225055,0.0454983235163584,0.0613546125702663
0.0940135529494902,0.0911902123576566,0.1063583747376722,0.0360379963362828,0.0418482163955142,0.1996431641749326,0.1860679300940984,0.1631243916764532,0.032659894413305,0.049056266841067
0.096126969449928,0.0937469617981132,0.1036993042827639,0.0240354020307282,0.0306129363431109,0.1763110189243825,0.1789309703197245,0.1781418734656585,0.0431684351630381,0.0752261281997737
0.1058874752073164,0.1001498206577347,0.1169061721823133,0.0305462613982316,0.0252347079201202,0.183429885190923,0.1758772175471478,0.1720344757853094,0.0368413691193792,0.0530926149682237
0.099708011794765,0.0948712684045568,0.1107669922803545,0.0319416973715378,0.0179915358723055,0.1744724363081999,0.193644216462885,0.1828621275699786,0.0359740717990124,0.0577676421118882
0.1018351048569883,0.0957544454558573,0.1135478280238288,0.0253944294732953,0.0397978753606682,0.1718658613622613,0.1450525537094178,0.1794031223243455,0.0463725624514991,0.080976216957946
0.1048437731423513,0.0973418288055435,0.1110650501566336,0.0232934492919122,0.018876318770413,0.1858758024981044,0.1795716681716567,0.1767598285636961,0.0454043389030876,0.0569679416717685
0.0966939037509027,0.0916879868073273,0.1049633108398042,0.029528100626022,0.0193878218229787,0.1589102509818586,0.1821363622708011,0.169547439307048,0.0821650460563393,0.0649797775133915
0.1022469110720755,0.0998866655406952,0.1059556720874063,0.0227486104718813,0.0287558357262722,0.1498929171224458,0.2127017365936204,0.1868240837864582,0.0412682899349046,0.0497192776415973
0.1018321892699981,0.0995543909671897,0.1072338100529829,0.0210309174218318,0.0235527242523331,0.1961520367913241,0.192501438251528,0.168525891136109,0.0380539728111219,0.0515626290226624
0.122408870390682,0.1186653180435207,0.1306663467476681,0.0215860617010812,0.0152856892648778,0.1794383600447094,0.1652967256391975,0.1672656686218293,0.0342656285840382,0.0451213309365306
0.1075271384425113,0.1046932167583941,0.1099816909578247,0.0175810681543315,0.011938187825368,0.1723379865238145,0.1994308710426397,0.1844967226675323,0.0314965504728928,0.060516567131652
0.1097546422183186,0.1093686257966794,0.1113016972979853,0.0166596730659924,0.0128211120741188,0.1974433152236437,0.1715948695019847,0.1724307080512654,0.0458098616471444,0.0528154950983918
0.1195015128432662,0.1240338063610442,0.1115744815793,0.0166370677192966,0.014832637113369,0.175596267558235,0.2026482094037113,0.1615542114405398,0.0327723746742741,0.040849431281941
0.1085998033418543,0.1120396830580137,0.1044979085348549,0.0231526309024945,0.007681717820024,0.1783105068539887,0.1752003203589792,0.1664270790991722,0.0633844424201182,0.0607059075872018
0.1167662573693744,0.1253170547582155,0.1079757882524273,0.0134853645500561,0.0131512070245186,0.1761341108721801,0.1761482463307919,0.1742031727311043,0.0560347509502736,0.0407840471366282
0.1117573311458994,0.1190491314903538,0.1086777247043393,0.0098018891935013,0.0064442750521697,0.2122820091130571,0.1612376688343028,0.1589979298584454,0.0514591384504809,0.0602929021308316
0.1103611279650375,0.114333112680062,0.1042299225833217,0.0148887626386629,0.0066252287181109,0.184974344373647,0.1550309624511429,0.1947099317076435,0.0545534778291796,0.0602931290299833
0.1127136558647508,0.1215428677263111,0.1056494265191002,0.009830288970203,0.0076229361354561,0.1892644594821578,0.1526374280095101,0.1674065924544293,0.0701913845406312,0.063140960272113
0.1028164167160113,0.1073481633363925,0.1046254827385578,0.0134474564604562,0.0127502504292311,0.1898066310948295,0.1830307384533034,0.1790036484981233,0.0661948647845317,0.0409763474613212
0.098815160750342,0.1040079315775835,0.0965992062948208,0.0185183797525138,0.0030387059561536,0.221889817698095,0.1528577779374405,0.179978267681647,0.0748469986031996,0.0494477537233061
0.0954533443647416,0.0978698032254477,0.0997747810481457,0.014713977924464,0.0099769624663801,0.1441911550272508,0.1988509826490708,0.173261698349506,0.0978727955587201,0.0680344993624787
0.1072693559785327,0.1083117598811076,0.1118190537572537,0.009086167559471,0.0055068435281233,0.1909131623109438,0.1812431401188353,0.1746002565449394,0.056009200919214,0.0552410593732572
0.1059323483363435,0.1086081098843064,0.1066705696209152,0.0069300698769531,0.0124597130102531,0.1714108608411851,0.2001319616590028,0.1802748650695679,0.0461922764278355,0.0613892252458112
0.1050237963572288,0.1081647896095367,0.1026680058148679,0.0130946541917092,0.0108903087119112,0.190505158896151,0.1967603545560698,0.1997478238165725,0.0324223737337092,0.0407227342846131
0.096300596860339,0.1039420514358724,0.0917745278521119,0.0056802233146471,0.0052124996000823,0.2179503541301199,0.2089789097367164,0.1736528070915944,0.0518165427688006,0.0446914871800294
0.0897703393940703,0.1002122005401113,0.0834799052407871,0.0007528799154696,0.0020768683339311,0.1907210849220356,0.1969352857253839,0.1936992259003885,0.083992736637404,0.0583594733624739
0.0895968693304037,0.1031365275146134,0.0761678872214883,0.012235083743601,0.0003719461826031,0.216931800069912,0.1739582828016105,0.1765433921162356,0.098218943856163,0.0528392671375815
0.1007412255393887,0.1199860782858233,0.0793480991963566,0.0049724423925716,0.0029531347796036,0.1841436013984009,0.19512924113646,0.1641831496544413,0.083685536185638,0.0648574914023749
0.1035493059007972,0.1186626119148489,0.0862899016299178,0.0071528568699252,0.0019697992967044,0.1769079174211131,0.2071431712468329,0.1801576630458262,0.0728177021041845,0.0453490705424926
0.1007054133815227,0.1152261673723244,0.0863453961386939,0.0107465949752047,0.0041641954758483,0.2012204287081354,0.1880860525963916,0.170615113746407,0.0776630566094659,0.0452275809679203
0.0845444555453105,0.1026641827084591,0.0710309540178032,0.0112038560595136,0.0148034664076852,0.1707652383512453,0.2017502180906667,0.1963349146443436,0.1013540029776571,0.0455487111707145
0.090826261938134,0.1122941099380792,0.077335948464991,0.0056660205498998,0.0037126176040152,0.182529878132488,0.1553649311793534,0.2157072962665581,0.1114342969770309,0.0451286389205221
0.0969531345750885,0.1087889628636283,0.0886843083165615,0.0061962950009383,0.0045926505667371,0.2040565533428165,0.1790352102173306,0.1515853058153467,0.1161603113153789,0.0439472679574706
0.0964581103220086,0.1112195692216215,0.090231007418757,0.0068778747897826,0.0060541329011689,0.1755002888863144,0.1772705896107714,0.1834926007902312,0.1181654335523691,0.0347303924788622
0.1059805825309821,0.1251226165654454,0.0954085700628927,0.005907865309584,0.0094665928717472,0.1902636526910302,0.182128393479675,0.1688303702850193,0.0896195639597042,0.0272717922137009
0.0923918095633548,0.1025271698919667,0.0853328220759031,0.0035285616503092,0.0029225714107043,0.1918504468024322,0.170551115480175,0.1964708638115118,0.1310409997334791,0.0233836395531027
0.0908203489857563,0.1017074071906828,0.0877993585717384,0.0067950977752568,0.0010541999033935,0.1895026083258998,0.1975230946395065,0.1837446763536854,0.1083951332655676,0.0326580749592694
0.0843498566325236,0.0962055495296459,0.0846050256223536,0.0063394526543599,0.0083371244528039,0.1942750790479484,0.1836436780541058,0.1792636949423598,0.1349972873844422,0.0279832516493164
0.10521603979631,0.1170350211046671,0.10279690331125,0.0083346956333074,0.0070034837736523,0.1856744527001068,0.1903500457797578,0.168402104074441,0.0814475821443906,0.0337396716496418
0.0854723601092569,0.0946361737066391,0.0846965467258602,0.0066853596786447,0.0039065194998602,0.1790172085909839,0.1917462867046697,0.1752057116619998,0.1180441685952959,0.0605896646973184
0.10059570688033,0.1158811813628918,0.0915616048313733,0.0062574823328007,0.0007395039612066,0.1870906266915771,0.1630543814116775,0.1907363439951219,0.1058506135483109,0.0382325549507891
0.1015638683714077,0.1200684398917271,0.0891587552494654,0.0087326637534677,0.002268543102486,0.2064465646336694,0.1680941069228317,0.1829253618859719,0.0947719660806279,0.0259697300763496
0.0960203673842169,0.1174262494224113,0.0798943995351137,0.0022835630658311,0.0032540941496592,0.185010894073844,0.1841248361813875,0.1530545256361494,0.1375560423710253,0.0413750281499674
0.1058410143581783,0.1255294844961367,0.0862045890610258,0.006325734988639,0.0032780429163243,0.1846546706414566,0.1718736201455209,0.1830287944436146,0.0806611953466319,0.0526028535724288
0.0973121968643804,0.1087206033763839,0.0873480057816237,0.0037699457001681,0.001870862563327,0.1760919809371038,0.1726297230310557,0.1977151265103819,0.0951553245627513,0.0593862306423904
0.1137745593635622,0.119136766645901,0.1034505546619945,0.0027155372514902,0.0026219508640702,0.1796096000921568,0.198024684455998,0.1870403857128993,0.0641785644934618,0.029447396426837
0.124839818456982,0.1321939165418534,0.113382748117796,0.0060616206204596,0.0036832002364177,0.1803525744089288,0.1552779739895287,0.1541459324565306,0.0922371720723679,0.0378250430635701
0.1055898158220933,0.1095507475261585,0.1019728633915908,0.001569104054694,0.0034895765750705,0.1723763698923721,0.1637356764092446,0.192352553157662,0.0999400213488103,0.0494232717891829
0.0994675114502559,0.1115014942066823,0.0903354492244333,0.0087687054715774,0.0135390781951459,0.1688177217387052,0.1649615321049546,0.1802228731027295,0.1406090398577835,0.0217765946146654
0.0949817909415395,0.1075939496804492,0.0852610426640936,0.006986177904854,0.0001851391975439,0.2097773722031111,0.165933502010906,0.2087938022604359,0.087626267832851,0.0328609552707625
0.1157826722332231,0.1253258174801288,0.1059101238309145,0.0074565515864905,0.0039943611234339,0.1768011017285599,0.1467200350051843,0.1787188864352671,0.1123918217499427,0.0268986287956491
0.111482513528228,0.1157782438010826,0.1119265975299896,0.0088141177437173,0.0038132357902791,0.165728376991909,0.1483529975336433,0.1663581630524997,0.1288394917441165,0.0389062622521032
0.1163938182268923,0.1148041049567204,0.1229545346571547,0.0102204664581808,0.0068996319777963,0.162411154328548,0.1572657652257647,0.1447390961106431,0.1404485229260378,0.0238629050995486
0.1065967034425082,0.1060704219062446,0.1152697381846356,0.0057413815169307,0.0078910095368259,0.1661680129257287,0.1537452944842463,0.1548598276329633,0.1592426123061998,0.0244149980333981
0.115828982427605,0.1050115461302429,0.1313214508828719,0.01090563112626,0.0073385755350529,0.1804781212278287,0.1306719722317349,0.1550095265927026,0.1275722978604105,0.0358618959517422
0.1130341921047738,0.1084248987678141,0.1274151561388245,0.0152262954934534,0.0108646677687338,0.1460545826239202,0.1528299319826711,0.1436831304218877,0.1595304668993346,0.0229366777668484
0.1187571731549664,0.1061944740393753,0.1445822108143847,0.0050568770149184,0.0046228432321975,0.1797870428525285,0.1710093465541579,0.1365714800503589,0.1089800993509928,0.0244384529023432
0.1124389202332259,0.1032445579400754,0.1530703689358615,0.0139130151803553,0.0110716347955973,0.1544137130275669,0.1390114371406312,0.1568813983501338,0.1287985677109965,0.0271563866501641
0.0957190155121238,0.0868068361271107,0.1303230890580443,0.0271236728927353,0.0069644125508148,0.1502293409828401,0.1562850075521105,0.154197660967072,0.179869278272214,0.0124816860515791
0.0914770420036621,0.0872073340880035,0.120388274615309,0.0086332549909086,0.0154968466683725,0.1569055234578479,0.1608839240275847,0.152947236083817,0.1754798236505388,0.0305807403781613
0.0831741176505861,0.0705990052236612,0.1198376135415486,0.010474050619485,0.0091250122983008,0.1481624841976206,0.1236041400149768,0.1286808914442049,0.2658099324981142,0.0405327524763761
0.0722045857948976,0.0606682026294998,0.1208402794749419,0.0194940303054208,0.0246800204520099,0.1562288886127174,0.1783807013885685,0.1807343584502811,0.1463509487630173,0.0404179840917272
0.0774842169252185,0.0710732003312763,0.1194769145531015,0.0286315949402263,0.0173669403720103,0.1650734711832672,0.176756140029029,0.137882670031917,0.1865764579724945,0.0196783936249834
0.0846508614357358,0.0722108010012807,0.1419095400689315,0.0241849966694874,0.0119286467945175,0.1707276621965641,0.1370742270552714,0.1569029071862691,0.1496215601964802,0.0507887973555178
0.0759765717769904,0.0603866546133887,0.1289803158366457,0.0334697010376526,0.0159271839567504,0.154347785215435,0.1654805044111849,0.158353032745161,0.19035050593931,0.0167277444313725
0.0722525966659352,0.0588230262007946,0.1254261669765818,0.0285685418169032,0.0296104947250903,0.1710810048990169,0.1487417584969032,0.1825339722557811,0.1406665174358004,0.0422959204898651
0.0910681689059926,0.0734655596787264,0.1489924632608143,0.0165064101049483,0.0205476004741781,0.1589459186055339,0.1542784737122523,0.1208357817285487,0.1830747789777145,0.0322848445122297
0.0904796805652907,0.0733626947163212,0.1422388908940126,0.0471426356823448,0.0300203140741236,0.1665585161341073,0.1320631994096007,0.1224670695529847,0.1579962691587182,0.0376707297740102
0.088537261847365,0.0703471169174784,0.1395175981803009,0.0183324581495844,0.0111988400632095,0.1518399085821359,0.1448336781319189,0.1511497426822819,0.170257243273582,0.0539861521352853
0.0832878882832345,0.0690519050952667,0.1378956100933707,0.0451839183010896,0.0247141703474519,0.1258609673704994,0.1324585979420871,0.1077406721955946,0.2168991802859094,0.0569070900483866
0.1066173978583671,0.0884077360118379,0.1601263304602105,0.0400638376744453,0.0323970126852675,0.1482916656898922,0.1356720403031225,0.1336127034576293,0.138705587756671,0.0161056880624177
0.1156058867810509,0.0981434179490293,0.1629943385068921,0.0416039985127401,0.0258320167681107,0.1139438436004529,0.1258310082741134,0.154641350434011,0.1385852939990737,0.0228188451403033
0.0973109809014891,0.0789885875986275,0.1502906435913919,0.0252613741174289,0.0250297296961756,0.1696695802338108,0.1332434660484706,0.1322528276814815,0.1679173516302495,0.0200354584685032
0.1007374463178134,0.0813029389665601,0.1560598222592667,0.0277248628944899,0.0361531754903903,0.1506927038151597,0.1259851507429511,0.1284788169469575,0.1828706773352141,0.0099944051968434
0.0945097913656105,0.0751785548634707,0.1602246603320314,0.0535628542871451,0.0480473385411253,0.126275172131079,0.1335169833911348,0.1074442919006054,0.188929087054357,0.0123112660955519
0.0768307878935518,0.0612781374870731,0.1491752035143309,0.0489708085415544,0.0446916480641555,0.1315376869588721,0.1150458850952845,0.1463087052178398,0.2217959073484552,0.0043652298393334
0.0810200583110175,0.0634618156095743,0.1462841716642691,0.0447683207614904,0.0577506878375113,0.1065701147220049,0.1282053792739835,0.1082263464942286,0.2485243550401754,0.0151887502437589
0.0743275541392348,0.0604869457429499,0.1260437778515369,0.0557601457800747,0.0401404526576035,0.1325514067755761,0.1583114338618269,0.1478015494023445,0.1859714474826928,0.0186052862666692
0.0792651445428236,0.0663346015214856,0.1414221158803632,0.0542076784039819,0.0516518223850527,0.1462015194339476,0.1359419648566209,0.1463894742785497,0.1714512186312397,0.0071344600196861
0.0733734595204722,0.061871825288554,0.1245226483934498,0.0752262698500135,0.0574989301856019,0.1473938726376691,0.1127696974708376,0.1304906902481974,0.1994436247408669,0.0174089816231245
0.0904368123963203,0.0738831697753427,0.1430262050991192,0.062145718434401,0.0657529726413829,0.1414954259094135,0.1266223949183338,0.1177166434829358,0.1608338744755589,0.0180867828237431
0.0994251073018107,0.0867924670556244,0.1466975015360662,0.0553340717906047,0.0669492658688712,0.1429600701727795,0.1189563103716893,0.126184475111256,0.1447805494622236,0.0119201812884603
0.0995395360615911,0.0896654347599938,0.1422221303213612,0.071913041996685,0.0687495512710031,0.1132752988343499,0.1182620920180861,0.1052811042324158,0.1552419478914859,0.0358498625745059
0.1077827351783272,0.1119139052602345,0.1371567001995704,0.0887384796316802,0.0544123897143257,0.1280207521943266,0.1181289217132818,0.1165702868851232,0.1266348018276969,0.0106410273562939
0.1086892410806059,0.1138958231445678,0.1314531666808062,0.0903155937537608,0.0678344911891472,0.0978667903658576,0.1035119494299819,0.091150425925989,0.1872640189380907,0.0080184994520292
0.1214459428316024,0.1219951799450841,0.1540966971872978,0.0929555725403175,0.0913371962165084,0.1179852821640859,0.0992660516472817,0.0999802381977967,0.0923163289507836,0.0086215102792179
0.1043239513542096,0.0972512796487374,0.1458351589148647,0.1112733840381471,0.0920032078745649,0.0985895188141209,0.1179302078671768,0.077911928518956,0.1376569848599721,0.0172243780743213
0.0949791351245319,0.0829631468797212,0.1584374942592217,0.093225613490973,0.1047604337013868,0.1147963572230567,0.0894714141948446,0.0801202968757128,0.1725216318841931,0.008724476327791
0.1033308324239858,0.0979001690738795,0.1576806413927101,0.0849452882149754,0.0897735735003815,0.0872635276623936,0.1104818271775441,0.0925451147921549,0.1622745693882229,0.0138044563374891
0.1217231789451537,0.1116705902754848,0.1647819195611889,0.1171241460303056,0.0979897855829551,0.1038344078297477,0.0807768288545983,0.0773560705362825,0.1193559957550459,0.005387076592645
0.1267752702969574,0.1135312679385803,0.1719973558978668,0.1126422370824301,0.0804946927735253,0.0783235074506121,0.0758711265272361,0.0823914186965788,0.1434784598579412,0.014494663443312
0.125813919607244,0.1122884504783856,0.173953164356896,0.1048774941867828,0.0823097051075634,0.0885722430735859,0.0811784982530017,0.0719983800756052,0.1524262751012163,0.0065818697275348
0.1229077419990938,0.1087956981906363,0.1662222460319742,0.1245441157555348,0.102398193854981,0.0833513909715604,0.1077590640031437,0.0739392956882239,0.0956593574123969,0.0144228960608935
0.1239758165681087,0.1074839687180324,0.177091633468076,0.1180664998043549,0.0957512042068677,0.0953163055109981,0.0628961168875389,0.0705455959529251,0.1294479631108489,0.0194248957377854
0.1243921365218571,0.1160330969551711,0.1608476624092871,0.1156158416397552,0.1219719846348931,0.0646665417473534,0.0622123515382856,0.0798982136093849,0.1356875007276345,0.0186746701814321
0.1254512445133299,0.1191478156713396,0.1651106751394045,0.1319435246214701,0.1231812600185049,0.076545648308014,0.0708701340517703,0.0670450715212004,0.112708169773588,0.0079964563428264
0.1215789628071175,0.1250374294972613,0.1459037597298138,0.1438266158400624,0.1340433698920687,0.0901402654920651,0.081804833114866,0.0491095325660348,0.0976432165419523,0.0109120144777464
0.1107544090532373,0.1179976003161979,0.1283612503051057,0.1339149544114146,0.1245899713623877,0.0837682402183488,0.0863086927539112,0.0773338334490008,0.1234262002486388,0.0135448478436764
0.1277670025722049,0.1257405519345499,0.1493592703519556,0.1500757496717825,0.1529868582632136,0.075707003451234,0.0646067939593408,0.0546166102163253,0.0804651389896541,0.0186750205508669
0.1211586797536515,0.1220011899876613,0.1481665675519427,0.1284207802080999,0.1016130432569929,0.0720297894829455,0.0719423569421454,0.0698325724951196,0.1431294410588529,0.0217055792262604
0.1273485973767397,0.1238350984479341,0.1487746320372156,0.1703829482588398,0.1422416045178954,0.0686148993406182,0.0428281624969217,0.0562654322369885,0.1125749193975521,0.0071337058532207
0.1223482257887061,0.1224895607595365,0.1394634485749008,0.1493268578773894,0.1595819442968063,0.0709081915682418,0.0593408721672679,0.0580534046138992,0.0919748707023908,0.0265126236145595
0.1148359265566953,0.1100323712780493,0.1277064392318262,0.1478012251236475,0.1473123717019169,0.0666917535271554,0.0621794802821125,0.0665655135478618,0.1398150306235147,0.0170598880948458
0.1257479437369026,0.1153641670694608,0.1441666409053539,0.1380707951465798,0.1469920119528325,0.0561857461358711,0.0586800160396336,0.0576664630155448,0.125736453729969,0.0313897622331114
0.1261238542388542,0.1064697174236724,0.1492220827842947,0.1669854664377399,0.1422237918404572,0.0767512389705847,0.042749604623769,0.0588522756651292,0.1143754310872909,0.0162465368956824
0.1072258128249508,0.0977504172697612,0.1262374144783218,0.1532110062690672,0.1465179965493242,0.047706588136172,0.062459685382012,0.0505895673445519,0.1760652500527506,0.0322362616624173
0.1225701420068558,0.1162875967319715,0.1330801059292864,0.1821802875437483,0.1597310188550064,0.0639652893905472,0.0325794028149339,0.0421261806548842,0.1114603817420957,0.0360195942970884
0.1216133506716811,0.1123433970881935,0.1367035471613403,0.1644690464883691,0.1636804552995563,0.0531082535685827,0.0334992668105138,0.0413956998018798,0.1434138990765463,0.0297730839996978
0.1135818678784189,0.0995782586501529,0.1416334034213296,0.2040698333467771,0.1506540843168805,0.0503201717830129,0.0560276556191261,0.0483738652997046,0.1140389031092086,0.0217219565401631
0.1032439602152785,0.0826660180638026,0.1383276291013644,0.1866855986509093,0.192482285910009,0.0530974463219523,0.0491284440202173,0.028675597110612,0.1450790717450124,0.0206139488311492
0.1057955965870632,0.0813811152768892,0.1403401626114125,0.1837924508674528,0.1590707202066792,0.0332604591323033,0.0554504404424988,0.0619883973916519,0.1205969074834382,0.058323749968273
0.1070909354950178,0.0808299640249285,0.1395487962273271,0.1821019876829706,0.1879961329779879,0.0371339247617213,0.0467802475557788,0.0388019057585817,0.15867275498906,0.0210433504934014
0.1111079477275195,0.0878782104957295,0.1441400543086676,0.1997586029021535,0.159634969134806,0.0418541771634965,0.0437887397359645,0.0391719495119544,0.1418636263004313,0.0308017226856701
0.101373862300978,0.0842893255269964,0.130529723605121,0.2103436016393365,0.1930980157069548,0.0270342733536982,0.0358760657812826,0.037009167760895,0.1538690643205662,0.0265768999721101
0.1018492765261868,0.0878306213093791,0.1214026273020707,0.1929650536541046,0.2064720222637033,0.0355943054823434,0.029192868743263,0.0478550678041744,0.1596453331727291,0.017192823711628
0.1116634144843272,0.0855652750145912,0.1479695872968509,0.1969912149668524,0.2106506713209242,0.0560572314633812,0.0338215884131076,0.0477626516013764,0.0920756086769451,0.0174427567261297
0.1009090760663497,0.078287238550502,0.1388024561950232,0.2161948171453322,0.1984784827053466,0.0328949590060751,0.0319054666972935,0.0462526943764962,0.1292700487096695,0.0270047605167107
0.1064329468793044,0.0807577923364928,0.1458903080739806,0.2351686062583212,0.1892893179347063,0.0365251662107725,0.0248935316110326,0.0413216455040652,0.1204777671459275,0.0192429180118054
0.1044553151984644,0.0818062822077383,0.1406375051663469,0.1728985262350145,0.20220339780377,0.0376644032750112,0.0340368995941449,0.0401585086353461,0.158127991915217,0.028011169936207
0.1036985096370095,0.080880485777667,0.1316540745908687,0.2095156372095163,0.2101019575098658,0.0279926671065693,0.0305601702565879,0.0254362185977644,0.1499833906744827,0.0301768886082265
0.0858617922426525,0.0688626890146422,0.1144417664389088,0.2046666210151054,0.2548757737834927,0.0474435836155754,0.0550956688193095,0.0413604119613169,0.1106851145099194,0.0167065785683896
0.111329249180141,0.0948945461127098,0.1359326790214245,0.1994573351164019,0.2108558229310436,0.0411078114475124,0.0273451204894869,0.034395773497724,0.1276211721839047,0.0170604899847702
0.1070544929926047,0.0920767424741847,0.1210363102556316,0.2223909031906421,0.2067458589792105,0.0437054321966184,0.0277710595722974,0.0268887928654972,0.1215675268915936,0.0307628805511885
0.1048736330246866,0.0841580150199376,0.1233480862018848,0.2432910480275936,0.2161726524487296,0.0308603019098193,0.0266995347564485,0.0334432127162311,0.1075180048728895,0.0296355109908853
0.1063986423010334,0.0827924326185258,0.132788664385442,0.2128828624889307,0.2277956849752835,0.0319357404111221,0.0302719928484791,0.0274353019670741,0.1167612782972977,0.0309373996754108
0.0974101583810017,0.0698605828107495,0.1293468878502513,0.256450303035089,0.244442541683953,0.0301952040572479,0.0262418650160937,0.0215560689414737,0.109016428875951,0.0154799593160273
0.0926137397193353,0.0623479019033803,0.1282924878624931,0.2240578403793431,0.2439366510516782,0.029040194124603,0.029547306425156,0.0222034635863815,0.1546726790519292,0.013287735863267
0.0826446495545437,0.0578469217989589,0.1067963844099132,0.269791294622046,0.250410442087687,0.0263336889080334,0.0189016645414699,0.0175407227688451,0.1506267378709241,0.0191074934049291
0.0749853045275779,0.0566454969602586,0.0959887200095756,0.2824546618817133,0.2591704016148371,0.0288235867822188,0.0332280687426457,0.0220261476522409,0.1394870091405993,0.0071906026549322
0.0713691908594826,0.0547689446760327,0.0847805468829139,0.2884627229335856,0.2627754067722347,0.0327314310038521,0.0153008150763469,0.0215005863891195,0.1438940660917759,0.0244162892803796
0.0745015375812115,0.0602085855598701,0.0837770295005557,0.2792736230569219,0.2782942741589363,0.027547945909174,0.0199347074208413,0.0153181693184905,0.1474687248086268,0.0136754026524183
0.0747617165879578,0.0648751980998485,0.084151358179405,0.3157409831394893,0.2434874001404309,0.0206754002675766,0.0321196417120365,0.0372970995546936,0.097337048243014,0.0295541540391224
0.0849407197950994,0.0733045522923743,0.089471239105757,0.2814532088127907,0.26462069627349,0.0162565785142639,0.0186452023024349,0.0194574086718823,0.1415598442844007,0.0102905499133971
0.0773747194590588,0.071280402497975,0.0864729813030032,0.2755347310115608,0.2338220709187639,0.0207032758861855,0.0125207746933072,0.0233217434142115,0.18163026713508,0.0173390336465879
0.0707062551104495,0.0689390536283218,0.0746658085041744,0.2648562951380057,0.2948651292105291,0.034092450359139,0.0492234114299413,0.0106119118925293,0.1162938457892588,0.0157458388978951
0.0659404840900734,0.0589249176488388,0.077384936461308,0.2809278730107641,0.2412451203937445,0.0325307573365062,0.0174030693700466,0.0229575076815311,0.1497161552190941,0.0529691787538123
0.0574965906654966,0.0469464253817866,0.0776360622802243,0.3131211265907556,0.2744339941567772,0.029167489995765,0.0259082282104147,0.022431739073847,0.1356612279117957,0.0171971156976438
