0.1032824717223503,0.0771773702911007,0.1652831439130271,0.0753960422566639,0.067049174134671,0.08223686272646,0.0853798519572062,0.0701505698363864,0.2033994630394491,0.0706450500911522
0.1046978138667986,0.0740768211885601,0.168362810437666,0.0770205433859302,0.0908609251862267,0.0976762993308684,0.086296476904689,0.0992575544927522,0.1400553903778812,0.0616953647961589
0.101674564723661,0.0732124921679139,0.1633008885546513,0.0896708061788853,0.0718518343667261,0.0957906460672209,0.0795391280803015,0.0830298640928478,0.1578308511663806,0.0840989245680325
0.1031085365458923,0.0701176180454415,0.1615693368259926,0.0725984441411455,0.0891786556326689,0.0947894054646949,0.0898239382490256,0.0691492265617594,0.1817344436871102,0.0679303948135279
0.0973341318235987,0.0744088292962143,0.1388099638617108,0.1106447314992229,0.0967911082703932,0.0918228165120712,0.0768282022433688,0.1183495972290759,0.1497498566063362,0.0452607626281164
0.1187978414361603,0.097138856605634,0.1612059515574398,0.1035136228186716,0.0869345653478084,0.1062055747018655,0.0822760916475836,0.0646501013305848,0.128767339181937,0.0505100553393892
0.1044656993516794,0.0871440790721568,0.1351032295017306,0.0941991245449794,0.0889957469005675,0.1067646624537764,0.0796588910131765,0.0994160359712136,0.1619895456802128,0.0422629854824915
0.1150858170924001,0.0931218156937204,0.1489862327128294,0.1173626323367657,0.1027072632906702,0.0746766380387232,0.0867631688223944,0.0689674137530186,0.145732785044114,0.0465962331835925
0.1092644274283067,0.0950044111700382,0.1378957776075419,0.1092737062830689,0.1148289655996802,0.1030691978637176,0.0624370095679205,0.0832938714961874,0.1334379288399488,0.0514947041144048
0.0977749590459029,0.088812755337831,0.1237635155113443,0.1235924302559521,0.0832448236405576,0.0921451067277585,0.0840065252200463,0.0961828844047318,0.1738098523413452,0.0366671474884294
0.1094267585639344,0.0998640712451889,0.1343772853189021,0.1112122099841331,0.1143926454317774,0.1110460712070062,0.0970503940095282,0.0885358434240393,0.0951254473376743,0.0389692734495574
0.102409719982797,0.0902145120515363,0.1261970179091036,0.1282064314057853,0.1126575901665985,0.0823445292956626,0.102340770282573,0.084416855278401,0.1438455795826068,0.0273669940172066
0.1058047377909342,0.0947711950957116,0.1306567772678986,0.1324758706650162,0.1245552285550207,0.0881133034847495,0.0704605071858941,0.0961485772489473,0.1172065876753346,0.0398072150039349
0.1030080089988049,0.0914396821570087,0.1277514948352494,0.1222609108558732,0.1103919016708896,0.0912892146662203,0.089246505715017,0.0987689213864902,0.128908452602871,0.0369349070838238
0.1090550417854099,0.0957862551704425,0.1291569540875595,0.1210063089091317,0.1054595883936545,0.099332511163983,0.1088096217879716,0.0695184544324785,0.122576387151704,0.0392988770903728
0.1119795927264456,0.0969914274820147,0.1356646030195866,0.1191201421080709,0.1059706221513495,0.0903788899154244,0.0701859266123832,0.1042276576515529,0.1269177116918042,0.038563426616868
0.1073761832457144,0.0914889813052191,0.134501486429698,0.1035787191113241,0.1004001203706816,0.1104678356391604,0.0914669105553563,0.0915730214632052,0.1179992844670143,0.051147457386842
0.111462783412301,0.0904918339253042,0.1426329854484825,0.1265226158453193,0.129362938418588,0.1053299076839981,0.0913834613002436,0.092057065692013,0.081293666410182,0.0294627418387999
0.1061954861968756,0.0860714342201495,0.1462716356256393,0.1358249604898755,0.1253353413249849,0.0984022697488871,0.0706976191554171,0.1001896804452595,0.1007749611831051,0.0302366115852492
0.107424206779254,0.0948275106403849,0.1423294252422459,0.1478112974007197,0.1315718702920586,0.082614266761137,0.0759604112504968,0.0808650999163516,0.1011602818718856,0.0354356298207243
0.1049002193534661,0.0890333939602967,0.1431267556153697,0.1380371461933562,0.1312768184036853,0.1013278014623698,0.0792258176928387,0.0834890627084259,0.1027550372555123,0.0268279473321777
0.0924478338943195,0.0768255494617668,0.1371596976096245,0.1388333431330956,0.1301944068011922,0.1128586176274942,0.0904164610614069,0.0693924419871086,0.1138842949837731,0.0379873534164387
0.0967760083392969,0.0722425775427375,0.1477738844604245,0.1445803231577503,0.1457157605829864,0.1188226080519264,0.0919445109743398,0.0929212114638345,0.0661711115852517,0.0230520038155419
0.0936485935977221,0.0765508705703111,0.1260867189438436,0.1459466493326071,0.1038635234939055,0.1140650815948536,0.10433696588299,0.1069576373525532,0.094030272742064,0.0345136864673223
0.0976013079652357,0.0856650405383978,0.1225245971133874,0.136103207496692,0.1281353090630849,0.1023293153146426,0.1264013533165401,0.0927508955444134,0.0688718659176338,0.0396171077074453
0.0961217481627167,0.087969275814026,0.1151558676442328,0.1460247530377376,0.1558403151982637,0.0998207611230153,0.093883580716846,0.1157525271047155,0.0593091201808423,0.0301220509941444
0.1037949184779665,0.0960642664084138,0.1233202534775148,0.1541159199937458,0.133091289162528,0.1054099875694134,0.1022155479065536,0.0931882645506424,0.0510697817064773,0.0377297707234022
0.0901698449843811,0.0870927124799546,0.1060579056043204,0.1465225776059577,0.147670710100173,0.1198288655262843,0.1033497627794024,0.1060693877890364,0.0643387643909213,0.0288994687164051
0.0962171207694499,0.0926983047966006,0.112326317874687,0.1618735909709143,0.1214702823611921,0.1029171570511867,0.1121148923743148,0.0996160711451842,0.0750754055607024,0.0256908570713137
0.0899371762816217,0.0918209416537703,0.1074368273743153,0.1250659517208746,0.1402362531508534,0.1006219396908558,0.1238994154167928,0.1148660323579999,0.0630519762447996,0.0430634860837772
0.0880690870352104,0.0822687762706564,0.1046958287819084,0.1496676029060954,0.1770974260337929,0.0888179336849136,0.0929600461560596,0.0934549320893966,0.0942023154576686,0.0287660515617909
0.0722797148444641,0.0716962473693104,0.0923702253193459,0.146354589620989,0.1326289198431752,0.1079352582566589,0.1194382862821642,0.0839864513034686,0.1284197596163509,0.0448905475221537
0.0729978151855432,0.0668279304963734,0.0983355927494481,0.1549028011096151,0.1291648590328923,0.1025038572058344,0.0968868824462023,0.1075804250773123,0.131014284931666,0.0397855517431923
0.0812741015039609,0.0768904011308883,0.1044529502095711,0.16004693370373,0.1262042451223196,0.1082829135121143,0.1256216387839615,0.1006548721109896,0.0762512972622343,0.0403206466379473
0.0847352882817487,0.0724661458340957,0.1189249750253015,0.1444603930168449,0.1565885245145657,0.1150466476799786,0.0916097419734945,0.1173880010947007,0.0745613904773172,0.0242188920800501
0.0900098003613718,0.0796279061458269,0.1181929525922075,0.1510067648113512,0.1464950794296929,0.1151055786700245,0.1096712315606876,0.1103118232843036,0.056930942422808,0.0226479206999206
0.0814830568739758,0.0748764106456186,0.1082998148372291,0.1462828061695368,0.1542583691274513,0.1243605071772349,0.1145507834507623,0.1032793661257929,0.0562660421871436,0.0363428433838533
0.0808289397760431,0.075020371287742,0.104556609048309,0.1595218620414235,0.1454804204658648,0.1257982087723325,0.1295455215597729,0.0979863989092559,0.0457964877772728,0.0354651803399009
0.074895394224389,0.0722867642519843,0.0963172794112126,0.1577864881172256,0.1742884025936188,0.096699077112414,0.1221587889331564,0.0966620102384487,0.0846483021970846,0.024257492899769
0.069836795314624,0.0679679943311042,0.0899486550769255,0.1928088105585485,0.1689465624331268,0.1164515264989188,0.113103844794815,0.0975371891691811,0.0644356452549804,0.0189629765460808
0.0814680294837253,0.0821912541480103,0.0993817584301769,0.1527293862608503,0.1475266967798648,0.1335727106623429,0.1100347438218941,0.1131248813274026,0.0576908007049433,0.0222797383579251
0.0778567331579758,0.0795273395049576,0.097189458256077,0.1583864977657903,0.164076260103786,0.1262131482858143,0.1050169193114888,0.1179977115945883,0.0480684537987926,0.0256674781985713
0.0774503379832545,0.0786597090552994,0.0948556277164055,0.162242389484534,0.1537799873215124,0.1318747070044874,0.1124504144688176,0.104878669554707,0.052739940596677,0.0310682167928294
0.0680037430730314,0.069196160583065,0.0847407360626181,0.174416326367452,0.1428276867797742,0.1173358205781981,0.1471240708526098,0.1085040261896128,0.072098247935872,0.0157531815554107
0.056934111434613,0.0592002856157238,0.0725953606373582,0.1790956318006238,0.2083484423217227,0.1069238535195536,0.1116118300719433,0.1210621734908255,0.0607813798401571,0.0234469312452645
0.0610864708303774,0.062338913145637,0.07470529054894,0.1683199073177629,0.1738562778193794,0.1158651196178563,0.1199119811310439,0.1125176489747232,0.095977868802596,0.0154205217896725
0.0664801592213258,0.0658388835144736,0.0784101155396241,0.1667088620076637,0.1666783239943579,0.1241919813666612,0.1230331124609919,0.1098414161198451,0.0834728264143689,0.0153443193403179
0.0662510748847336,0.0666626512062363,0.0744999063799452,0.1652347667521052,0.1601770220980654,0.1056182518087087,0.1201378284676475,0.1270986950659288,0.0928281754624514,0.0214916278545185
0.064986287874617,0.0660695869716146,0.0752841976177109,0.1625374030056659,0.1549756703201472,0.1202832492873038,0.1362284079124946,0.115215215748988,0.0792970143818013,0.0251229668572539
0.0623252616984233,0.0640114678927975,0.0679319467645024,0.1856859642451183,0.1740077240099604,0.120391518968467,0.1186694249999336,0.0953875062481063,0.090029322514724,0.0215598626386098
0.0510802996009614,0.0563117956181688,0.0628407868384648,0.1646417934994711,0.1842904060214922,0.1370303610083967,0.1299115474791914,0.1187041031524982,0.0807346019427247,0.0144543048164611
0.0499786297419079,0.0562085988342776,0.055334534443994,0.1728555855750654,0.1720743648060621,0.1124350709173235,0.1253035972750208,0.1342761119816444,0.1030980852690016,0.0184354211342685
0.0531534481135708,0.0600442872231094,0.0596271101523995,0.143772917926155,0.164788365020274,0.1287559387388807,0.1278451321585085,0.1296194680835247,0.1134926213519638,0.0189007112094661
0.0458293449164468,0.0495808906987993,0.0552905015398757,0.1808982321663284,0.1687073231191092,0.1431985891234105,0.139751837633225,0.1212176859875885,0.0868760007935233,0.0086495940000023
0.0477320304022038,0.0485216381083344,0.0618914282549114,0.1680336317535024,0.1488026228855662,0.1313004492811241,0.1431785566343623,0.1259715006017195,0.104659777477551,0.0199083645787308
0.0444953256157521,0.0421360141344451,0.0655216690600832,0.1651046919103379,0.1619251807716351,0.1644886968509055,0.1278531466676295,0.1301834695415614,0.0902176285554666,0.0080741768693745
0.0502499922187395,0.0509927120490292,0.0653491879487802,0.1570728514535986,0.1705175771357867,0.1570338545823627,0.1100717429800169,0.1451087038760571,0.0809553977069085,0.0126479800263671
0.045718542782973,0.0451460919171518,0.0595004930923914,0.1586493124608908,0.1604646465948922,0.1236352183078541,0.1486312267559558,0.1440518524022086,0.1010884514275501,0.0131141642384263
0.0454588329755516,0.0445997906579666,0.0595609645863537,0.1662696526929856,0.1723572905753838,0.1355025441218704,0.1193399150602042,0.1462215376716206,0.0960587395955137,0.0146307320408578
0.0385552457169513,0.0390585345004014,0.047998910198743,0.1581557316787652,0.1519377484975677,0.1349750200736931,0.1325176358685328,0.1479640799411876,0.1209100137736536,0.0279270797292629
0.0411794458483118,0.0497909451729033,0.0425734268190059,0.1455479227562473,0.1542643373812689,0.1504437894134604,0.1297109112042891,0.1602529589941263,0.1067784131152473,0.0194578492739494
0.0346134162292863,0.0462844208776323,0.0323545190348833,0.1852069709729961,0.1586789586114061,0.1489983875122774,0.124700748621064,0.1556210469269421,0.1000542614211309,0.0134872697715023
0.0353321210115482,0.0512791481113943,0.0310229609485396,0.183566315912267,0.1638664107457993,0.1424583305305746,0.1254956563893554,0.135294928930143,0.1037701557744476,0.0279139716240576
0.0359619292153929,0.0516568187459577,0.0325084403995433,0.1316950270874362,0.173450423460834,0.1768245190806787,0.1532219446800649,0.1335683164692728,0.0921222918890958,0.0189902889499366
0.0253821631224494,0.0444902437664112,0.022565809939254,0.161371127055542,0.1486366276805757,0.1650049005235459,0.1533327245911641,0.1403674249648053,0.1236596242271314,0.0151893541078559
0.0322362944004974,0.0524754455539217,0.0250906496070046,0.1348445839790781,0.150182736497596,0.1437807408699235,0.171083737688675,0.1495357284985099,0.1174965076130212,0.0232735752717603
0.0354726753491913,0.0582077772722564,0.0261927953443452,0.1388916153360597,0.1715578173228526,0.1578756814949024,0.1477691607377676,0.1316856937890673,0.1017753488165453,0.0305714345162489
0.038030070741557,0.0547510274750307,0.032154699899172,0.1381936874687722,0.1689021623807273,0.1511469650776398,0.1487198469002114,0.1398192238497488,0.1032628453934566,0.0250194707922757
0.0378912874948648,0.054450400006892,0.0340052716867432,0.1519761555476368,0.1555830775320119,0.1670786669971255,0.1505342849520176,0.1502850224031549,0.0774046574623202,0.0207911758966795
0.0451900894111151,0.0620320840422087,0.0371638162154339,0.1446604671916362,0.1485569998377774,0.1458670091640808,0.1562127937374427,0.1542843023372632,0.0860781828433332,0.0199542551993248
0.0418377932633265,0.0521816376422691,0.038859380788941,0.1544954757268403,0.149095673157227,0.1314252712472716,0.1699990225954362,0.1367720478819513,0.0964780122058059,0.0288556854698337
0.0465071002580425,0.0574023746563057,0.0442702923717521,0.1285153874875094,0.1292071991694499,0.1426870434461868,0.1364463675388716,0.1600022527510577,0.1255579027663292,0.0294040795334866
0.0483123712830729,0.0585071060043793,0.0443415188156506,0.1524704581724283,0.1415742678658069,0.1494730473502996,0.1792029243329824,0.1539146295256986,0.0602281098570118,0.0119755667715901
0.0503948128186715,0.0587668924461415,0.0482277169907357,0.138297946770789,0.1203991509332313,0.1665640339201063,0.1631026191985147,0.1603944644023006,0.0753522385954667,0.0185001239025207
0.0504551610383644,0.0598915936597092,0.0481664598958327,0.1393879009920553,0.1159306313533851,0.1706615206421537,0.1562347401810689,0.1407884973914064,0.099319198849191,0.0191642959763509
0.057658653176875,0.06714248805885,0.05359320005954,0.122263222191465,0.1292421355107104,0.1834163249994761,0.1587890399424435,0.1393187791371078,0.0672571337902666,0.0213190231110867
0.0555217123361426,0.0695550053541174,0.0495223694056647,0.1345682282510092,0.1531581200888253,0.1424580182325505,0.1346232198754387,0.147711578652111,0.0946209965432944,0.0182607512412191
0.0595033030605261,0.0725315109591037,0.0552271796897168,0.1342916339002664,0.1064060249070045,0.1634286963698401,0.1527729871062122,0.1500626721903744,0.0810534402359131,0.0247225515597713
0.0526254017828602,0.0679623078735702,0.0493531276589861,0.1293537724448601,0.1153926401221783,0.1698809544901634,0.1646975088031136,0.154000738781194,0.0798816414921132,0.0168519065300798
0.0520482769932791,0.0671882277255414,0.0473652759157498,0.1193987692798293,0.1056639822219653,0.138531747599959,0.1737369618271259,0.1681645569438299,0.0973566055152238,0.0305455959551873
0.0525940963351871,0.0662473810909366,0.0522622559352282,0.1457664060086394,0.1105427002069148,0.160080720731758,0.1681116334938794,0.139485583514992,0.0784509137305823,0.0264583089285668
0.052138755429277,0.0588793070566912,0.0547385034171911,0.1183771575697661,0.1049966536514189,0.1886650791858591,0.1672773910945847,0.162499489742154,0.0744515030460246,0.0179761597857835
0.0522900753086387,0.0635793505889493,0.0482239484098653,0.0994649072329889,0.1025014833154832,0.1761938859329626,0.1728175908745102,0.1551894900671102,0.0984375887057824,0.0313016795434312
0.0580416984205555,0.0660339401761538,0.0586339696277897,0.098264545023407,0.1106521639413324,0.1440183910729202,0.1712544601315469,0.1542296508011904,0.1110716562343042,0.0277995245495187
0.0510645443254012,0.0592803122584952,0.0508459996363244,0.1010447116951972,0.1034996365210779,0.1637354921742705,0.1689196167167398,0.1663464124162076,0.113453784178115,0.0218094900574376
0.0441444232417078,0.054190824098493,0.0431792402280353,0.0798260421628563,0.1222746578565356,0.1712571833245594,0.1824257966240105,0.1780801576190513,0.1075183115181485,0.0171033633034586
0.0450076748181165,0.0574322434534676,0.0437391355261724,0.1059212866403449,0.1008612953251568,0.1833336144191594,0.1771784996501377,0.1772290929341733,0.0906775226936123,0.0186196345149268
0.0379696754818159,0.0510040136948583,0.0347745414838669,0.1072584112818295,0.0938384599622595,0.2001732775060289,0.1530879619783206,0.1984420746866483,0.103484767706042,0.019966816195527
0.031888233535092,0.0392326307857786,0.0344886800278071,0.085506117594902,0.1007685235875407,0.19804560545758,0.1850926465426745,0.1747153774156508,0.1246218117925976,0.0256403732387329
0.0368091196702286,0.0446594854369414,0.0396855833447591,0.0994630258599631,0.0778936696297518,0.2005695195463485,0.1928492025840945,0.1664115049421268,0.1106494775963042,0.0310094113670754
0.0376955450496695,0.0485026393879482,0.0391904354928737,0.0933651333704964,0.0893573028726208,0.1595408621173519,0.1607895130810066,0.1506528740168337,0.18674345839556,0.034162236193259
0.0397124241807515,0.0473112585888222,0.0461588727234707,0.09503781343743,0.0895705335853424,0.1643599729889175,0.161579088430632,0.1910125238933299,0.1339540297461327,0.0313034824017515
0.046049529763725,0.0527053903469311,0.0516054823998132,0.0726402376382946,0.0777883068464106,0.1765284041297571,0.1629004635522107,0.1715922696023711,0.1521607575209682,0.0360291581780185
0.0512819516893266,0.060620009917906,0.0524850663673971,0.0797489275711042,0.0633780625317591,0.1917208715342039,0.1908312076794567,0.1665860839084578,0.1096356601100892,0.0337121586679722
0.0551238522932794,0.0661085765909385,0.0498799151347108,0.0743903937905342,0.057225208745081,0.1696120141055871,0.1626568013044002,0.1677488424995598,0.1742734125641112,0.0229809829495561
0.0587053934436729,0.069202122233413,0.0549689969800276,0.0744402473859389,0.0835685177195489,0.1805936120124186,0.14850428162666,0.1724308405105904,0.1379166095050865,0.0196693785609848
0.050664948327409,0.058882253961591,0.0483541028588551,0.066575152737569,0.0797371896147151,0.1972820491510752,0.1458347344350846,0.173307565211648,0.15325148129982,0.0261105223799443
0.0574135379050212,0.0659174807947433,0.0511299673404098,0.0553595297630188,0.0521955397755548,0.1907201813930052,0.1619817884568491,0.170398543136156,0.1562206663874853,0.0386627650259355
0.0534011176599044,0.0616128450601571,0.0494295744574571,0.0499287422637262,0.0688795479708779,0.1821559614435141,0.1745424666992918,0.1573008671241037,0.1688693887459577,0.0338794885525123
0.0494374346128918,0.0552188779541151,0.0469933031809227,0.05342539263293,0.060277782769441,0.2069980305535963,0.1849176087243977,0.1805924773206368,0.1354669021442605,0.0266721900836476
0.0488083723819852,0.0576824347409745,0.0439568310282586,0.0589294549459142,0.0477872800575971,0.1864901582904155,0.1785439084985327,0.185936064134912,0.1403238026406328,0.0515416932583194
0.0566274779987997,0.0640484706474505,0.0521540264573848,0.0538778175422532,0.0545300704225738,0.1813166271779936,0.1998851443309418,0.1756230565420788,0.1306903042240562,0.0312470046335562
0.0520318966051434,0.0601545722497576,0.0475705499803998,0.0515540827240434,0.0464617765816792,0.1846524739546506,0.1765925642725725,0.1667290547356569,0.1624378297577214,0.0518151991161275
0.0512506019638245,0.0551154898138855,0.0486657935782749,0.0531193252761475,0.0685481762816254,0.1800022245486786,0.1692465265905092,0.1677052126132112,0.1790076610554241,0.0273389882563109
0.04779717755132,0.0538978496761634,0.0463825533904875,0.0477469942075341,0.0482284918569047,0.1895785750455539,0.1959955118727043,0.163592290351751,0.1710325568974074,0.0357479991249644
0.0509609028260266,0.053743638408346,0.0536704098625888,0.0420191154888864,0.0411369005925764,0.184241101798914,0.1744580560390181,0.1981174128894425,0.1614838134058057,0.0401686486643272
0.0450348014382528,0.0490433902875382,0.0496708853514271,0.0410318951780939,0.0418375475227599,0.1959355320911016,0.1925157313366966,0.1831976905180982,0.1793347501770776,0.0223977760758277
0.0479498495860808,0.0519737821785579,0.047788893474949,0.0333986966103096,0.0264153827121226,0.1710446424565605,0.1856653447331007,0.1822877212400182,0.2041848406017607,0.049290846384224
0.0538917472704438,0.0567209290606949,0.0572411216701316,0.0336221751418195,0.0296774854973222,0.1627896973566862,0.1832450081423333,0.1766802888290328,0.1679130386924869,0.078218508316472
0.0568369666053421,0.0581545035182297,0.0625022193011241,0.0501360751371798,0.0325484581996204,0.1785312474851172,0.181363131712534,0.1930019539311629,0.1558307262958972,0.0310947177903916
0.05074915488331,0.0560365180363415,0.0504213704147705,0.0354931099888863,0.0287167003320435,0.1902876835879954,0.1981833890536966,0.1886916439501959,0.1790966528631214,0.0223237768664874
0.0382500667964732,0.0429328662184193,0.0402663174140852,0.0313709965692371,0.0339434004653529,0.1966951641732204,0.1722193479839975,0.1923688396764448,0.1800236692881544,0.0719293313896816
0.0362559490914152,0.0394411930719364,0.0428805553375606,0.0344371599312363,0.0351788079500557,0.1762448960315102,0.2176038140633386,0.1881106884129003,0.1946881575932865,0.0351587784930255
0.0283032012104647,0.0336085794665455,0.0327243049181026,0.0345365802368724,0.0346875214599362,0.1931928214814071,0.1950087364459612,0.1977236677529541,0.2105751407826278,0.0396394462212381
0.0270582166184557,0.034924720661056,0.0291840846561984,0.0335712858299,0.0207878693652453,0.2028432890812706,0.2093581947955038,0.2140749887830857,0.171776450408213,0.0564208997765499
0.0299512173040256,0.0314287619983061,0.0385416887964512,0.0156690217595429,0.0302270948794995,0.2113904157750179,0.2045636061860604,0.1723491502825084,0.2166902439789312,0.0491887990149383
0.031829887454271,0.0351874703013851,0.0427384900290021,0.0338216499058214,0.0270319510632364,0.2211322923898231,0.2023729367667301,0.1810608608923712,0.1715838731351519,0.0532405880352673
0.0283593430016105,0.0288590334427425,0.0422227340330151,0.0357102009978536,0.0187484314219985,0.2096248033862127,0.206824544470842,0.1726700170235342,0.2157146379973885,0.0412662541993858
0.0245403471683977,0.0236419406422905,0.0372577810252214,0.0135074047155416,0.0162153121505925,0.175437457167085,0.1876846077240812,0.1851360212865615,0.2758628390840021,0.0607162890133867
0.0281655599659687,0.026744391970659,0.0460712610737858,0.0262004086103826,0.0190673576506998,0.2085212915480021,0.1890544526889427,0.1966475116950451,0.2107271430745273,0.0488006216965618
0.0244729600704401,0.0210249302897132,0.0460235388455195,0.0296296799653861,0.0156578419541514,0.207330015756521,0.2259540706477632,0.1762992785966206,0.204435403581116,0.0491722802657737
0.0191174364621222,0.0172429991206725,0.0358583152208332,0.0240629622376477,0.0158484252590332,0.2237339557754131,0.1577841564558463,0.1676925573513905,0.2762503291087616,0.0624088629812685
0.0161744315897913,0.0117998532534311,0.0379437212227149,0.0180934347335438,0.018046366073525,0.2017333830941572,0.1623354982521375,0.1779166589750522,0.2991391053224907,0.0568175474575705
0.0123946392684807,0.0098206150458382,0.0292024497866618,0.017661275631435,0.0150634109784046,0.1936351341791169,0.1920739991326094,0.1861140925726321,0.2785458692581926,0.0654885141219144
0.0156744826957358,0.0104902734920411,0.0370958234884231,0.0213675415894939,0.0161588610094533,0.1963464775222669,0.1917139142400163,0.2007169338470604,0.2671538886818195,0.0432818034082923
0.0159078951090473,0.0097410876051343,0.0397146775729916,0.0083863035738668,0.0185727236968099,0.1747190564418644,0.1937101740387933,0.1622488778138341,0.3000955892179193,0.0769036149025457
0.0153545759210616,0.007915323092087,0.0413778808242285,0.0097331449179353,0.0070228782741687,0.2184780898746804,0.1854590592850865,0.1886787393746415,0.2842229448455451,0.0417573635631929
0.0170829138762316,0.0106306158253888,0.0399057349758737,0.0094731022005061,0.0111747653023212,0.1866294819700782,0.2028394804759871,0.1958454228982712,0.2689014633147884,0.057517019133342
0.0200080361155905,0.0162396422294555,0.0405351840292119,0.0159967614525485,0.0055051421229911,0.2269474512628671,0.2010207490047335,0.1905746383485189,0.2430011161847178,0.0401712792217925
0.0200251435862455,0.0162978412988874,0.0412606663758582,0.007837584775436,0.0080724809288676,0.18168231295519,0.1787272942087229,0.2060199735920318,0.2716234684596589,0.068453233792438
0.016662753671876,0.012916208456836,0.0392709322051561,0.0123513285615848,0.0064923531906777,0.1990986694340619,0.220654964170572,0.1958373210322534,0.2528775871025119,0.0438378821496999
0.0157350587566687,0.0136040981132592,0.0422978417657626,0.0125883294538895,0.0076460654625407,0.1914760073068184,0.191061336733303,0.2036828026316167,0.2586369951689653,0.0632714645772148
0.0147780562481163,0.0103184618173898,0.0418228815709503,0.0079599774224468,0.0093586437902678,0.2492757193120381,0.206609394674796,0.1821621711977056,0.2422077684448412,0.0355069254934963
0.0093751654121234,0.0061711879352054,0.0361039561514683,0.0087211870882605,0.0066037203477217,0.2036712117466537,0.1788742061361595,0.2139999859431096,0.2643834258416255,0.0720959533718158
0.0070031061176238,0.0044631018956945,0.035234531151326,0.0050721776603948,0.0047974873145685,0.2216268160477278,0.208617928335219,0.197430551019981,0.2517094162282494,0.064044884198372
0.0067205533495207,0.0035633650574868,0.0330353106034976,0.007620310460839,0.003786920603805,0.1950558400924701,0.1735135245165098,0.185619334062263,0.3123812078870204,0.0787036333376703
0.0060764063752004,0.0027211626424565,0.0306253534313584,0.0031032819300015,0.0108757477312568,0.206334409433218,0.1916500705250449,0.1749878439659614,0.295992786813063,0.0776329371274753
0.0104570521079962,0.005341374338338,0.041232197196937,0.0065180999226474,0.0041832860954661,0.1802649208615418,0.1880214713544248,0.1920623210474905,0.289726248528544,0.0821930285189156
0.0077599731082907,0.0038428010812289,0.0363791888891035,0.0058450417198546,0.0048439530302629,0.2106824957130617,0.2242371510435862,0.197942505085572,0.2451318365934743,0.0633350537068412
0.0112927223562814,0.0060346407183931,0.0467958638747606,0.003323695552521,0.0044775326620185,0.2117325774318068,0.2050589944154746,0.1967138629749955,0.2280100109163345,0.0865600990673605
0.0089301588976918,0.004768517500751,0.036864314821676,0.0086330459973722,0.0045996899898284,0.1829521027406721,0.1824979424996952,0.1580466634739457,0.3372187611463891,0.0754888029051541
0.0087439463873332,0.004353872137887,0.0386478425090728,0.0042475125819493,0.002533990472876,0.1920452683830326,0.1958090533379478,0.1707447259197399,0.3030815389192506,0.0797922493224904
0.0083179554283815,0.0031242644953774,0.044916056172678,0.0086832619581308,0.0036597322023071,0.1862409061562826,0.1894373827328001,0.2109310627426963,0.2972142436852144,0.0474751343960416
0.0079895737710311,0.0030233248947775,0.0446129614580771,0.0060811165308113,0.0040752621365477,0.1883267020220078,0.1957486376900416,0.1947275671978421,0.2978403161264702,0.0575745381437504
0.0056330691421798,0.001138912089083,0.0391680623453077,0.0083736086582226,0.0028167671356605,0.151953451272181,0.1863192516494439,0.1864692126624975,0.3450749237136817,0.073052741306101
0.0129339557325032,0.0047724520748593,0.0587289586346687,0.0050229443437996,0.0004392521716545,0.2003665630857612,0.183948396438584,0.179315455924396,0.2654896742129863,0.0889823473486778
0.009625481416412,0.0029967108973238,0.0484944363273885,0.0021059845281524,0.0024841681745011,0.1852560428704918,0.2106005681937086,0.1933965190595048,0.3023214151557915,0.0427186733453195
0.0080547197518544,0.0025068773529221,0.0440629349391954,0.0030178444348474,0.0028112900642618,0.2033297185873183,0.1940503974667678,0.1950587880899839,0.2988129021735339,0.0482945271096845
0.0114810137668883,0.0056943817984857,0.0469496273219931,0.0063521039636804,0.0017294906647441,0.1902106308223081,0.1805920020135689,0.1800498278895065,0.2736171301730428,0.103323791554153
0.0071689287278462,0.0022178771341762,0.0435020919309556,0.0131857077059223,0.0023779217970147,0.2140474518000736,0.1972372793080619,0.1626385565399815,0.2622157582415495,0.0954084267810461
0.0072949734371752,0.003416998733561,0.0322798974648675,0.013776423822642,0.0044163108493026,0.2143395175275202,0.230575643615444,0.1743846424681626,0.2473173659215063,0.0721982261305254
0.0076008986530498,0.0049274083662838,0.0294914558516876,0.0040639302449974,0.0015537000153187,0.225480578618337,0.1863411728887201,0.1845966106556215,0.2604554437084615,0.0954888009665568
0.0069025362657949,0.0030594547440883,0.0325018501004596,0.004080383924621,0.0021243987556287,0.1807241554619547,0.2200175025674173,0.2159514558406497,0.256543924060468,0.0780943382459392
0.0101931762104621,0.0061197877089402,0.0319289378894185,0.0146933124297383,0.002135415848586,0.204932886872713,0.1630323320041773,0.1944288969135556,0.2633978306457494,0.1091374234444879
0.0097869225591725,0.0066547627310103,0.0315078679011029,0.0055623831293157,0.001814857430865,0.1942134364278573,0.200972648682419,0.1891615981772862,0.2810546647088478,0.0792708582215208
0.0188882013454355,0.0123800300000004,0.0513735907398927,0.0037487025520349,0.004702485007126,0.2176573438002852,0.2316426824508871,0.200580250382863,0.1931990905301767,0.065827623155691
0.02228055913141,0.0162795989697197,0.0571914487763504,0.00517939030515,0.0011002217169803,0.2235680299433068,0.1913865327922047,0.1880743190231059,0.2116005868904938,0.0833393124149936
0.022579900813552,0.0174735760507035,0.0491199358107414,0.0004873331503087,0.0043271551395265,0.2153947615589313,0.1788759798912965,0.210340496938427,0.2316518631173929,0.0697489974949566
0.0242637447692896,0.0241048310980449,0.0494938970341437,0.0065693639554533,0.0046962374573637,0.1764866772357329,0.1852306730552124,0.1812945390290039,0.2443053576724946,0.1035546786589198
0.026538176701788,0.0286507733970059,0.0471640458216274,0.0056035886556988,0.0018422464098927,0.2043118636175906,0.2241611659960752,0.1909045878278513,0.2174712010692001,0.0533523504679773
0.0370268797235671,0.0411461998001084,0.0541858811621189,0.0071917750777324,0.0114164281355507,0.1902301823962651,0.1681452047484845,0.1699264728704541,0.2257478048763818,0.0949831711723148
0.033167666528494,0.0397791064210007,0.0496719872173092,0.011720503056871,0.0010701641829476,0.1846408988163037,0.2024063573191358,0.169830152265189,0.2333249865093889,0.0743881776501594
0.0401271221232587,0.0466419166099501,0.0596954942033814,0.0116461004286583,0.013163662213219,0.2145397895768107,0.1883632749672446,0.1458212951883422,0.2395918544723113,0.0404094901816618
0.0353731634387985,0.0449358243198207,0.0549967690522152,0.0097380108621341,0.0048313430803834,0.1865771047883512,0.1610228410383521,0.1988409772051627,0.2201723623913782,0.0835116037879546
0.0466377884586565,0.053848968308056,0.0674571858856821,0.0159476499724399,0.0192776950487009,0.1626481509836549,0.1456236677172298,0.1929117022150916,0.2357766956771059,0.0598704956978098
0.0370065761679221,0.0427962356897546,0.0621623909455293,0.0051905873706116,0.0045046261104656,0.1831628530848235,0.1895382434175787,0.145150007393127,0.2594331695829792,0.0710553102009603
0.0350768002332232,0.0391457304228349,0.0749464158383894,0.0109944766529638,0.0114674163109377,0.1532502750579522,0.1929833527787118,0.1706352657738574,0.2555972456693933,0.0559030212236874
0.0421492743967974,0.0403679780883149,0.0913078321775409,0.0196443576019224,0.0106009274857384,0.1836175823161729,0.1564253647356452,0.1420254192584671,0.2622817253922435,0.0515795385092668
0.0490139845360444,0.0478537836578325,0.0988105028752411,0.0180152387276481,0.0024553872558581,0.1801697608796733,0.1552213789348365,0.1720261893170243,0.2326859060718072,0.0437478677093075
0.0512065342291325,0.0522571846099613,0.0930146542258328,0.0118290147221265,0.0126910492566268,0.1775613888955866,0.1750026433290387,0.1456640770000463,0.2131740115462675,0.0675994421525305
0.0489755483762181,0.0478042329861359,0.0918490527442053,0.01337880568886,0.0134040823333894,0.1827318055650696,0.1543718147590058,0.1378640473287749,0.2496269884959663,0.0599936216906454
0.0598162791087289,0.0562174896793274,0.1027903848579856,0.0128921315458172,0.0023815412306933,0.1714516309968031,0.1582805061210477,0.1280660099437136,0.2637446645415385,0.044359361939711
0.052353360775231,0.0454753108339711,0.0992171564012753,0.0134721568767191,0.0071766234829653,0.1963083970783569,0.1442116941839026,0.1465658480533174,0.2338453145683445,0.0613741377118253
0.0619919791974819,0.054450421792622,0.113073125696181,0.012493892638899,0.0100387238081183,0.1518130466799193,0.164312597183771,0.1433362519729329,0.2155941945640437,0.0728957664344243
0.0661087120349236,0.0620781748317107,0.1092784132391872,0.0170432621927723,0.0132838014020298,0.1623100380939481,0.1446850715666483,0.1608156832731072,0.2031296228450375,0.061267220490533
0.0904855067960238,0.0813939358333034,0.1411600305140452,0.0196400902440508,0.010417180958419,0.1248511348993323,0.1375503905251294,0.1406014037898164,0.1979895489274302,0.0559107774777668
0.09217497350653,0.0811994733004823,0.1366474852921201,0.0158814437984664,0.0126250416853176,0.1357023723734972,0.1179326343970749,0.11525916853271,0.25019660106509,0.0423808060187216
0.0904412959845926,0.0782234827481294,0.1321474543987124,0.0266585161576754,0.0179644710151506,0.1289382612127067,0.0936974495724145,0.1362450279639276,0.2405473052414144,0.0551367356729969
0.0956117613344949,0.0792973715389615,0.1438837436315918,0.0173205854427286,0.0174107869826426,0.1095225850624297,0.109796660822117,0.115526326128354,0.24663225094874,0.0649979280753504
0.093114129166114,0.0798561797853704,0.1298750946578358,0.0251080106175257,0.0145797948116124,0.1313618581899613,0.1114725856240081,0.1091028113288312,0.2462706544967295,0.059258881289755
0.0888477109036935,0.0832152426302032,0.1131903514131335,0.0272928384196552,0.0208281863355011,0.1249153943742447,0.1178301682369065,0.1015908589768483,0.2713768342384284,0.0509124144407116
0.1010558934981504,0.0947243545765402,0.1259517427237368,0.0367996189355539,0.0261742325673228,0.1400032861498572,0.1266418776500584,0.1183926414215402,0.1552840170090503,0.0749723354348795
0.0928522489475998,0.084370839632777,0.1244398654665531,0.0343257242242598,0.0490159735469105,0.1277722262092303,0.1172730128596681,0.144622492287495,0.1818615783857626,0.0434660384044538
0.0823685159748163,0.0700222411502929,0.1251666781449751,0.0367879021135874,0.0331842497569986,0.1203138645648044,0.16794916717367,0.1398934483225585,0.1804946374429668,0.0438192953204448
0.0817146021400467,0.0661978716194253,0.125333476413051,0.0225908037511391,0.0225678145127588,0.1107442036512052,0.1548454678036814,0.1486841662461009,0.230269250459242,0.0370523433670499
0.081946170405445,0.0628195171199384,0.1226875456539208,0.050116187558608,0.0346984888465351,0.1349678397392373,0.1064844004657921,0.1314995809033358,0.221926549324827,0.0528537199497319
0.0725626317510481,0.0549382548791328,0.11555550342394,0.0454801964174964,0.0333627370010525,0.1192724379078196,0.1077647444283226,0.1301705905418969,0.2510432438912992,0.0698496597245664
0.0871170375190974,0.0632511694233,0.1470565114495591,0.0465852166082316,0.0422237019174327,0.1347327889342445,0.119078029312096,0.116824152059954,0.1823851014244604,0.060746291315289
0.0800227955721969,0.0601145206712823,0.1302519261528663,0.043617196598625,0.0452991373321644,0.1530668919312442,0.1123654911161006,0.09981813305986,0.2023533399067381,0.0730905676240366
0.0757034639846421,0.065335157463408,0.1164028077526963,0.0495541558775867,0.0500230175192261,0.1229830238577197,0.1030051272093284,0.1212435552095149,0.242841624355525,0.0529080667358967
0.088264592131267,0.0817943999713721,0.1095157775090258,0.065584775959669,0.0380067740403739,0.1278176531682604,0.1051982126866778,0.1217055619867098,0.2121135743874433,0.0499986781226632
0.088151510507684,0.0792794301368245,0.1110390014272079,0.0523377016474937,0.0583182616549252,0.1379735650143353,0.1063127305145117,0.1200025838863166,0.215628879201745,0.0309563359711738
0.0926505607335232,0.0799254568936521,0.1115666089760018,0.0631983876868501,0.0600420786789691,0.1347706415506923,0.1227556359473527,0.1060120541060117,0.1743691212336166,0.0547094541553042
0.0867959725245128,0.0777906933476714,0.1025406806129218,0.0773283652701482,0.0757603188284826,0.0759643734824248,0.0958299116572121,0.0885373581425518,0.2633704051415619,0.0560819209555669
0.0996991188642533,0.0967681397141883,0.1066269898807885,0.0574984473397331,0.066472608464116,0.1040822376282776,0.1219141302713004,0.1152364292197162,0.1932255985925981,0.0384762999860805
0.1077463986720889,0.1078177184306035,0.1220468545550501,0.0745900423109726,0.0707869858259191,0.137470534635569,0.1104928900042716,0.1051167372172035,0.1210472154035257,0.04288462290206
0.0968989243706516,0.0923900491543619,0.114564557530064,0.0723389283878214,0.0647563235943115,0.1175234258433865,0.0845222261169452,0.0977729010568469,0.2046780811365064,0.0545545827711472
0.0898734621332669,0.0855311107048838,0.1054355114219591,0.070473998185422,0.1041915975384769,0.099406743830189,0.1037067313820111,0.1080773241830558,0.1819414676413272,0.0513620529405953
0.0919708680308656,0.0858294488676908,0.1142806425278435,0.0925402533673249,0.0861374439651917,0.0996136562381787,0.0902633901190684,0.1086036839574306,0.206087340761962,0.0246732721203184
0.082136797937013,0.074242995003291,0.1063994659233102,0.0785150233245728,0.0806471166828069,0.1403669633797156,0.0797356930348514,0.12304182136372,0.1746185754430728,0.0602955478700394
0.0850145273292486,0.0708338049067949,0.1152480504339214,0.0928429768561084,0.0939527828071918,0.1000426140563741,0.0884156446916182,0.0942226657326979,0.2225086943567939,0.0369182387905663
0.0853759955420835,0.0724149044269604,0.1114576122574682,0.1121685439945587,0.111785339892788,0.1332321417027406,0.1007978044915738,0.1033138895591148,0.1436178597426329,0.0258359083474157
0.083814889998598,0.0708808888564528,0.1064726155842372,0.1294215684462222,0.1151969077389984,0.0932176248842701,0.0821628526469931,0.0928498123663868,0.1737956327651816,0.052187206674123
0.0871858229769498,0.0735618204830221,0.1082198261742646,0.1192373081434579,0.1072926315092985,0.110316542851772,0.1023897938274607,0.0833134844942766,0.158641523155322,0.0498412463462615
0.0905805048417683,0.0761793223904419,0.1087858871673091,0.1358668003780903,0.1355697544888395,0.0953545347841045,0.0831615618465973,0.0926144808550005,0.1171157883989175,0.0647713648092958
0.0767422282691976,0.0721988355895172,0.0900870590473374,0.150854509467418,0.1257950771841993,0.0955950881139797,0.1026602666652468,0.0956632195795783,0.1439719068602755,0.0464318091839779
0.0767155838283456,0.0731222622282891,0.0817049870748646,0.1247479236453888,0.1415147358663791,0.1027852778992453,0.0897713758135877,0.1059071326942193,0.1777418319912994,0.0259888889190797
0.0980480263230226,0.0988622232983954,0.0942251743924505,0.108953356450096,0.1191790811063772,0.0928022488303361,0.1163585921163185,0.0950053394015317,0.1399704291160905,0.0365955289227172
0.1057680675110711,0.1142833710227999,0.0932844508086939,0.1181751492221612,0.1530921490091183,0.0718425679722807,0.0721441374558787,0.0801420182473653,0.1572227109822976,0.0340453777272313
0.1112726795494901,0.11493326559653,0.1076538712822982,0.154017961300959,0.1386713027758571,0.0712195810320433,0.077662431087208,0.0728082984960687,0.1201092829802353,0.0316513258552225
0.0913853502076956,0.0966225010224181,0.0872967313036044,0.1619148019954316,0.1690808979345019,0.0785768644873877,0.0784586087852632,0.0752985389985232,0.1247010898087516,0.0366646154175784
0.086654720181049,0.0956405824693186,0.0799968020570892,0.1659374143146631,0.1724306154757611,0.0926586880173031,0.0684125473400239,0.0752162083409455,0.1298962681581346,0.0331561536052822
