0.0794406067857021,0.0811367794661377,0.1713581287477108,0.1028337459661365,0.1170495526678714,0.0677906277986736,0.0746023243972487,0.0931031770282522,0.1424288514973044,0.0702562056130269
0.0797143832251367,0.0814006036085816,0.1616651708571795,0.1062730982540732,0.0932971240193062,0.0639309508555223,0.0575986083039955,0.0554666227321146,0.2018357273508005,0.0988177107617971
0.0774238001646731,0.0898989943791512,0.1462733737079888,0.1226660725838739,0.1254704017303341,0.0705720367777868,0.07038854140186,0.0575108522068388,0.1550555413367736,0.0847403856773103
0.0788291440481821,0.0968953772164906,0.1423603119550235,0.1338583003701903,0.1183552599167032,0.0800834510717577,0.0621226841857041,0.0653515306202691,0.1498537528331906,0.0722901877473874
0.0850637538891154,0.0988125988212076,0.1541845037832169,0.1293133618135948,0.1187583024766832,0.0666565113023775,0.0797217628272242,0.0755001233856659,0.1098326057673721,0.0821564758984361
0.085423939764248,0.1032213922321384,0.1448406552884788,0.138300763033865,0.1093044669537563,0.0842647406720457,0.0633135367856428,0.0510032379773774,0.1123061809254288,0.1080210863344221
0.0806494142756325,0.096762486100986,0.1505026521073841,0.1567778191302936,0.1233970068237521,0.0771697088148289,0.0761654235457376,0.0639914026221041,0.0864298635338732,0.0881542230118979
0.08785839446966,0.1047884959663273,0.1579496812458702,0.1571818846460143,0.1193889920616811,0.0701580324812816,0.0688252015262283,0.0885244648388932,0.0559546992713174,0.0893701534584848
0.076328483955179,0.155386784283443,0.2501959796506104,0.0593683680684496,0.1491429532892959,0.0101946470819017,0.0198271656315107,0.0854980505379901,0.1124632305720683,0.0815943365319983
0.2475090072148946,0.0949715732998193,0.0330668875699868,0.0479925916294168,0.0260190345247253,0.1343437412256848,0.2262919021791085,0.1185157971805258,0.0312461530401458,0.0400433117570803
0.2359344205743352,0.0608425593188871,0.036304523190727,0.0155788522727773,0.0059971372741034,0.201802093781631,0.2294713755262619,0.0894363273512682,0.0104863622473769,0.1141463479531065
0.1684776055928292,0.0302585014206683,0.0260536186195178,0.0849015101528367,0.0251909793604306,0.1868293971670317,0.2957770429549519,0.1156170619535771,0.0030731034778406,0.0638211788613734
0.2032905243799,0.041178548629507,0.0342760376878662,0.1157517511595246,0.0062593785927167,0.196699575222672,0.1626155825475486,0.0955741814106451,0.0008202622512808,0.1435341576925262
0.2431331200706742,0.0680198516424684,0.0368837479743106,0.0495724479213831,0.014640754551372,0.1805706082880028,0.1790138208601147,0.1849100671195849,0.0213992547690312,0.0218563263699843
0.2094698382325096,0.0348983939376617,0.0451229833799929,0.0365890545855333,0.0280880997808015,0.1994312952655264,0.1497669062631677,0.2026769904367136,0.0173528971380686,0.0766035405227872
0.2235214693257928,0.0444033265773123,0.0425594380737281,0.0675401052785848,0.0954078366598694,0.1380634581826219,0.1498614070470052,0.1756777658790194,0.0389052255880053,0.0240599669059439
0.1466428564331228,0.032902693208284,0.0206045281073614,0.0665799927571633,0.1212700641009612,0.198667329754881,0.1493606781492224,0.2538433226151754,0.0014113064569311,0.0087172280524392
0.1733150044820639,0.0426532748103666,0.0271043481582425,0.0486801898029486,0.0548947722583746,0.3467269021553355,0.1462840458372069,0.1185055860877466,0.0097229310715937,0.032112944892938
0.1153027929780943,0.0438903925830254,0.0038761158075656,0.051377407914173,0.0644646169001384,0.1793207318171757,0.2454256708139922,0.1580967427128624,0.1062405146183184,0.0320050135152028
0.119799716719278,0.0400444076176033,0.0053077795534887,0.0588057471524779,0.0485449201304985,0.1674661295801255,0.2855840009937722,0.1990483036675774,0.0511680359057591,0.0242309583426238
0.1516398430387725,0.2346868905747612,0.2909069090803707,0.0072678325168373,0.0002309932905565,0.0421104136690514,0.0519486276347298,0.0933680675717407,0.059205769070123,0.0686346532225548
0.1050342259469746,0.0504529195656849,0.0020485792133203,0.1051123137917303,0.0616570481183435,0.2480872323279035,0.221706146102288,0.1395542254674701,0.0002354519859196,0.0661118571299689
0.0935753688049551,0.0600032545927567,0.0004277103997377,0.1513409581232859,0.1073518217354501,0.2184819028814497,0.1403981840965821,0.1943657816491856,0.0169676869096043,0.0170873304993879
0.2295315110399498,0.2534207045891851,0.4284247564949672,2.870590194796617e-05,0.0062697636050548,0.0225298488790965,0.0243481351138247,0.0090936662478505,0.0231606956079769,0.003192212189482
0.2072616092422048,0.2763764401960504,0.3684362742156497,4.694876446396404e-05,2.754698420849943e-05,0.0050518857690801,0.012871391816916,0.0111434315200892,0.0260910053414162,0.0926934658150329
0.220220669567688,0.2574739759360238,0.3970163417043481,4.2997737025335653e-07,0.0032879418944217,0.0211230918799956,0.0155391943361974,0.0240640510335921,0.0286173881490425,0.0326569151989798
0.1948961266743769,0.2169022640840991,0.4132474574306744,0.0015920034050392,0.000930043078781,0.0354274419426374,0.0286051488524868,0.0036788317623632,0.0662899601026934,0.0384307222879498
0.1818472397410616,0.2104226555969416,0.3452743812035889,0.0116733427702085,0.0013956385357366,0.0332854952912446,0.0694193109994833,0.0015653904271727,0.133877414094444,0.0112391310564654
0.2082284949448656,0.2237588781061594,0.3571783880455472,0.0014022237153727,0.0006194210750034,0.0095498237225701,0.0254204569665212,2.295158328308378e-06,0.1676532859349766,0.0061867320781958
0.2465973919903737,0.2649552415769119,0.3874984038559195,0.0023904216217451,0.0092764490689528,0.0055766100218243,0.0022528507205154,0.0001400559395808,0.0651876411900496,0.0161249337757248
0.0309464513011045,0.0074735264463955,0.0006397844206894,0.0853803463804785,0.1584539727825217,0.2142812687011945,0.2344963126185941,0.1817078366727658,0.0536485093840784,0.0329719910239191
0.0166921595765343,0.0021696338327685,0.0010436078447553,0.0817474379871443,0.1217561703804196,0.1730312112717836,0.2656670090818155,0.1944145851452649,0.1121945793848318,0.0312836052803206
0.2369928871311211,0.2765419388050301,0.3144632344123577,0.0004824128772701,0.0140186249090442,0.0074807410766409,0.0003154061055729,0.0062742016097471,0.0718260857674855,0.0716044670955323
0.2166602903937159,0.2430978209003114,0.2932283959525502,0.0105295567357993,0.0033066483323101,0.0003504432544127,0.000361329701459,0.0254235278451621,0.0470081124253721,0.1600338742653171
0.2270546925544802,0.2776137919193018,0.3336173273701229,0.0002665784471669,0.0101973933928839,0.0001751675939313,0.0058773056094388,0.002719205313671,0.0728768068966811,0.0696017306703039
0.2386204080558973,0.2614300083622758,0.3507521466637238,0.0142334489580451,0.0260551918101103,0.0007914146205487,0.0086557892372272,0.0060575628040682,0.0619604150869225,0.0314436141776108
0.2509231213757383,0.2381863013407709,0.3359650277561211,0.0354851632444721,0.0062570116418003,0.0007160995133428,0.0130582816746577,0.0094234460391589,0.0287815702010157,0.0812039770184065
0.2640496150541714,0.2358317298581865,0.3831281981490185,0.0077217943214405,0.0040795465089859,0.0084919525792943,0.0004281300721026,0.0013843882996559,0.0673463139898497,0.0275383309611528
0.2564185174394684,0.2599062165597259,0.3655499047482438,0.0014609155156569,0.0137577909206016,0.0012472224621155,0.0001509668687964,0.0003255959984443,0.0835244681074904,0.0176584011668117
0.2259588270921088,0.2314088538186576,0.3627404239596956,0.0230580860516611,0.0185019417059769,0.001868314553025,0.0033676416796965,0.0008556772447905,0.1098016699668338,0.0224385636975995
0.2146365261708312,0.2317793401427552,0.3353581962791334,0.0333070804835916,0.0364601745645808,1.6545983239577795e-05,0.0004444949046983,0.0158696550535308,0.1123857852241854,0.0197422009441811
0.2404204897325875,0.2599322984685571,0.3451861696619857,0.0063925906174418,0.0023743788194047,0.0001796923991453,0.0019623110543104,0.0023711108529598,0.1410499545785788,0.0001310035551949
0.2258305048949839,0.2441863042561443,0.3598233266377818,0.0301182559366363,0.0232989669617511,0.0049267570885366,1.6271418040447084e-05,0.0006267152032838,0.0569062748482678,0.0542666224816522
0.2424342669339267,0.2371378136182419,0.4002713390784637,0.0054595189321342,0.0311591761082944,0.0097763554171277,0.0107852427784654,0.0010713897691125,0.0133697259831773,0.0485351710772554
0.2213375057117318,0.239717867584376,0.3481809255571244,0.0125128247801767,0.0026806085337445,0.023046335600756,0.0024801305178818,0.0046328277660052,0.0674304218373421,0.0779805518386033
0.2189984932400331,0.2680049684021574,0.3044463825555637,0.0020453864223159,0.0073155944509092,0.0055298024980673,0.0209017859862083,0.0100622119026955,0.0465499880845826,0.1161453861630672
0.2385745577598361,0.2550849268405697,0.3846427227354902,0.0340823316247265,0.0048678314308256,0.0016085792100958,6.761493942852455e-05,0.0015382895265671,0.0312790801262014,0.0482540654803403
0.2147579900197664,0.2757703890085662,0.3098611159092828,0.033895550284028,0.0213223609516201,0.0212248781341045,0.0100703674488879,0.0023767890924292,0.0295270281311729,0.0811935307224332
0.1869934079710844,0.2305888280422985,0.2804853952762353,1.3796115148764713e-05,5.014036233789986e-05,0.0115421278578957,0.0137252327568265,0.004197659799725,0.0985732427942037,0.17383016871183
0.2469467363796648,0.2891635300960434,0.3513472717626026,0.0137765123652354,2.692280948692634e-06,0.008130198363635,0.0117297332004613,0.0062166082393571,5.0677287287440285e-06,0.0726816492718581
0.2015949234206776,0.2674367785407722,0.2807339035651583,0.0067446177547551,0.0326875430339723,6.143575195913149e-05,0.0003429502169027,0.0269025390031911,0.012387351152493,0.1711079572802446
0.2217368609840228,0.2607294240703311,0.3031596518949216,0.0072374897487018,0.0048005262546765,0.0083542154470937,0.0034586804185703,0.0233725679212452,0.0035180919000392,0.1636324910235421
0.1923464257312946,0.2713403526426256,0.2171935208199586,0.000101526874637,0.0356512036473169,0.0135159861099683,0.00044439345416,0.0068574984014668,0.1695033080264809,0.0930457839395233
0.2315123870604313,0.3405325141643543,0.2025154911689496,0.0138783930039852,0.0056741275034522,0.0070398624579415,0.009054139127086,0.0322233323182447,0.0330829746843173,0.1244867782022342
0.1898149296373991,0.2985058092594813,0.1651762457353533,0.0014204458008915,0.0006142630163128,0.047814629883028,0.0001368386176425,0.0194589808078305,0.1075961178691546,0.1694617390819246
0.2152626198799177,0.3339866729307004,0.2029315583243761,0.007563357602204,0.0098655923305963,0.0004260447972467,0.054684571066625,0.0100521741216381,0.0571463757811913,0.1080810328388594
0.254277270234621,0.3254499344712258,0.2557715660345044,0.0016410308270687,0.0002586138901586,0.0154359170533559,0.0117745359491816,0.002496653726,0.0440448337223755,0.0888496437318308
0.2424060483672705,0.2969123933267898,0.2361662297587181,0.0037686588957015,0.0013742815998788,0.0277279399619054,0.0132832116768217,0.0282757413577064,0.0837601125078847,0.06632538222835
0.2450650794546089,0.2716143520486635,0.2645575789116582,0.0185758834740052,4.017737383141401e-05,0.0003072381954292,8.129229693837983e-05,0.0356479483969199,0.0874735657121909,0.0766368838709913
0.0649245507642425,0.0776471157177995,0.096743910184013,0.3418263144053119,0.2418888149339272,2.0667240449204368e-05,0.0402079320631918,0.0018752341881316,0.0570876116502776,0.077777848554941
0.0723182414271599,0.0770167214511955,0.1116762340325999,0.2931594370802263,0.1546784439311389,0.0032165668520582,0.010948507574819,0.0039913636104088,0.2159337632318628,0.0570607205115941
0.2285229986411337,0.1914944472574798,0.3072008848136058,0.0010349616368544,0.0102198987755835,0.0030700243436388,0.0333193646559769,0.0128063972741677,0.1659733940264019,0.0463576282965228
0.0461186713460641,0.0491993570234925,0.093018313330144,0.2310123842444369,0.3458422656740592,4.014056013871472e-05,0.0247048105025609,9.909604567244909e-05,0.0951625501583507,0.1148024107908069
0.0595655213885219,0.0593356975496062,0.0978076739065914,0.3662716182686905,0.2033445739533135,0.0006976846868803,0.0038702672625485,0.000230940188769,0.2074131536194075,0.0014628688291268
0.2272850367895221,0.2812812304186762,0.2585754410157257,0.0001650963771422,5.222960000662467e-05,0.003907826379731,0.0618157072468761,0.0305789818833552,0.1358908274054986,0.0004476224944562
0.0171225860812361,0.040512027845933,0.0451380620420279,0.3957791665227489,0.3082562409322402,0.0033162463521494,8.524291047456176e-06,0.0006272209847253,0.1702625197012693,0.0189774047128941
0.2337070783978795,0.2817855676764081,0.2593577970605516,0.0351011844927367,0.0092533898646121,0.0201552140638163,0.0223466201662741,0.0056286184943432,0.1147524709994847,0.0179120583389048
0.0786488227471254,0.1336365569762143,0.0881031625319012,0.3282256423540835,0.2080360595387407,0.0280364114346711,0.0050765206212641,0.0010506978096068,0.1062554514206182,0.022930673697574
0.0254418153014196,0.0405039724512797,0.0353876533074001,0.4070884525602726,0.2878685792558235,0.0156572407978612,0.0087585332971769,0.0056347995874228,0.1733811616175099,0.0002777914513311
0.0209637776909143,0.0343731929850476,0.0345382709992344,0.144900645258252,0.4678985799134886,0.0043657089546666,0.0018814353137675,0.0009913793492952,0.2812925213042474,0.0087944876101888
0.0067635870113799,0.0198562152686306,0.0183235804816687,0.3471326803109641,0.4122820743187476,0.0005886685588812,0.0035044747304017,0.0177532809698131,0.1522009457487935,0.0215944918713462
0.0053894180690339,0.0128911017388915,0.0068273269369651,0.2733766961119176,0.3298772788220125,0.0001103089848203,0.001097498373695,0.0298081387421461,0.3318637998998257,0.0087584318753864
0.005130427209534,0.0156859417625995,0.0167809089539528,0.4924382288076951,0.2934694609507443,0.0024055561795263,0.0098575942891727,0.0028313201477616,0.1606433582684798,0.0007572027068313
0.0058180853700066,0.0212412703281072,0.0231890647568528,0.4798274189047574,0.4169175243612623,0.0090022418052316,0.0151842445534053,0.0012583596624437,0.0172180785459487,0.0103437108479399
0.1011772917345971,0.0848851957120015,0.1661418391894277,0.2471984863492377,0.20996863208415,0.0085661985744818,0.0071716263325016,0.0200674793636066,0.0763261843558257,0.0784970662570452
0.1087594302463543,0.0994606491438244,0.1587993787359372,0.2345940858695465,0.2289284217354882,0.0050878055666381,0.011272394824671,0.0028347966228061,0.0690636026520443,0.0811994345566984
0.1076350438343575,0.1048663317775423,0.1553474826426925,0.2164798119370834,0.2587505427691233,0.0085117368047004,0.0060752448001893,0.003787851552886,0.0335540260569627,0.104991927778446
0.1048444857388772,0.1054584656500366,0.1579696802221653,0.2177081811312904,0.2547394834046003,0.0266259625664714,0.0111865905205071,0.004177726727453,0.0579077218934874,0.0593817020992028
0.093741330953432,0.0986288541642027,0.1420212284970536,0.2273863151377442,0.2074483445991295,0.0236748345504897,0.0118159256736702,0.0032084282164913,0.1069002375970289,0.0851745005633217
0.0915387561399803,0.1001040319493297,0.1425012352444803,0.2169247270630777,0.201852546266935,0.0142158581902821,0.0097740096000839,0.0050018889833574,0.0909135964819077,0.1271733500345454
0.0899516955383699,0.10289786148425,0.1467574732118941,0.2664675963665973,0.2204167103771895,0.0075400674649454,0.0064570885728832,0.0129561998337096,0.0650490042353707,0.0815063028654179
0.1077078511378736,0.1217899508449296,0.163568331094783,0.258763432163107,0.1839649641784022,0.0024030939251711,0.0034328953342833,0.0013027137781139,0.0588175948408545,0.0982491726467965
0.1106404622491818,0.1235399383610456,0.1676542844910059,0.2323000592188218,0.207134019130808,0.0135674269698494,0.0103236401725657,0.004933928870501,0.0223195146347089,0.1075867258432062
0.0983218528641385,0.1133483365905392,0.1468363733489704,0.2175563887258027,0.2490825002687378,0.009686195737608,0.0072262219848227,0.0016757588277389,0.0533154242301795,0.1029509473710648
0.0941751552249343,0.1117030223269975,0.1431892605778141,0.2623628638691816,0.1777263855781657,0.0193249628902375,0.0026111834930803,0.0050978709874079,0.0590527020199625,0.1247565929781526
0.0956751943239438,0.106358146582846,0.1550941902646399,0.207154177943906,0.2027848204389377,0.0227551007001639,0.0155078519736593,0.0032953313326433,0.1045220604427679,0.0868531259417649
0.0795381002298561,0.0815795765396478,0.1577228880588754,0.2064246084280189,0.2369291180317895,0.0140896178275321,0.0079140279200488,0.0057441735357083,0.1027691913978145,0.1072886979710351
0.0773042507930688,0.0768728400989402,0.1644760402602695,0.1649243935142797,0.2595479745408725,0.0107965228987828,0.0026045186193802,0.0025462408899074,0.1623252668212153,0.0786019515050243
0.0717803401285877,0.0766108104973042,0.1505931358052276,0.1873609136890587,0.1991624202147483,0.0109747641926638,0.0002570056300931,0.0022886040826184,0.1936661630666737,0.1073058426420833
0.0811595975206467,0.0778067611541845,0.1765218164426935,0.2037782497444173,0.1892695183927156,0.0176845913585975,0.0113422515248284,0.0117850039371343,0.1309471002608062,0.0997051096028401
0.0771884363524583,0.0719708173962066,0.1880170112540356,0.2383120551406458,0.1779459115835545,0.0055061345901151,0.0093638155241972,0.0070960963033415,0.0980767625832955,0.1265229592119491
0.0823865157271457,0.0721781917771666,0.2082403751888644,0.2101907571013586,0.1758340669748867,0.0068512639825874,0.009879039541135,0.007239264018817,0.1521406835230498,0.0750598420978427
0.1015744583230982,0.0810340938251171,0.2472690906687614,0.191289565737798,0.1677899175861427,0.0157384301274574,0.0116913424070626,0.0077812902198118,0.0826182018591282,0.0932136091744469
0.0930864306442063,0.0754738243157583,0.2218634739593626,0.190163390888274,0.1904277935616563,0.012594782062042,0.0072628411283914,0.0050305609718459,0.1248843325612605,0.0792125698461884
0.1095273342943627,0.0960569029986783,0.2268587890666529,0.1859348850375479,0.2085134823727936,0.0092898428049536,0.000205390752201,0.0075145404622314,0.0905470475195112,0.0655517846236284
0.109490321938561,0.0973913864692296,0.22414022287816,0.1434358589025454,0.1611618903290937,0.0024205967562402,0.0145967262026407,0.0059316624749034,0.119432749657719,0.1219985843260194
0.1177618965174399,0.0982189075891336,0.2268833865719914,0.128645477364021,0.1324461296915889,0.0074006939679521,0.0012338899142989,0.0135809364160882,0.1528480818151844,0.1209806000981474
0.132318773161711,0.1100226289853373,0.2460206375324296,0.1944558467646447,0.1140193491977446,0.0086825564303824,0.0125481471752004,0.0072561310615895,0.1073225932300718,0.0673533364045151
0.1331653446011575,0.1022792821907372,0.2498760629715563,0.1077623498462247,0.1270244815022982,0.0060921608841061,0.0070753245232162,0.008715073040051,0.1439626824942201,0.1140472378949056
0.1470794393699641,0.1181855635510843,0.2688805681722355,0.0980433191305543,0.1104289142687824,0.0121997981574772,0.0136364480701813,0.0075651680250959,0.0934519187188254,0.1305288624762047
0.1336286536770998,0.1106985141572761,0.2605785506381367,0.1232090266623819,0.0973198131586501,0.0025206570149603,0.0096704100483956,0.009579803590784,0.1313496975328031,0.1214448734646297
0.1311301116537037,0.1120923214698688,0.255130394387424,0.1099859474455331,0.0881200165294597,0.0224063746429348,0.0104537802085569,0.0010405691120474,0.1785712350980756,0.0910692493977736
0.154102911716507,0.1342723603550283,0.2872649076974992,0.1102166480070315,0.093914631782515,0.0128862822165994,0.000118253057524,0.0030797482143375,0.1091730309077831,0.0949712259846523
0.139741024423973,0.1189405815138531,0.2661353495388294,0.0917806298771366,0.0857639129986828,0.0227387390652876,0.0025195573667358,0.0220711463243827,0.1513828164880175,0.0989262423479831
0.1431412700542949,0.127739970545041,0.260629818302682,0.0726861178100817,0.0774886362815356,0.0135614436872046,0.0089454683585493,0.0008575076592696,0.2093131362023162,0.0856366310420659
0.1484783494956523,0.130780180382299,0.2790495159355436,0.0824704888338463,0.0979744758800692,0.0033112940668399,0.0082972208206917,0.0050323530879227,0.1430836491839098,0.1015224722494241
0.1430733884270455,0.1254797152841648,0.2737953736222795,0.1163537468181666,0.0728390349262702,0.014015450592834,0.0067228522837215,0.0077052049877519,0.140185937845047,0.0998292951512257
0.1444872287257071,0.1340537580985995,0.2636042186519419,0.092402710093822,0.0751506602388144,0.0054022733183755,0.0164044292438726,0.0021891100895546,0.1399951233166986,0.1263104881644051
0.1418307189940024,0.1321134585446969,0.2696767494032914,0.0524843709429422,0.047857164487234,0.0099501803872604,0.0072439988765054,0.0045704816335523,0.1689906844829058,0.1652821921855015
0.1342567804551345,0.1337374819155968,0.2453859136601228,0.0857351237880979,0.0379543661923916,0.0085736304354704,0.0045759603061635,0.0006309347390283,0.1839651095750091,0.1651846988719819
0.1313519691705345,0.1309305454417771,0.2309700702480053,0.0825468898495406,0.0594328911222446,0.0086384899801662,0.0114555155009795,0.0137496016096933,0.1985297631367384,0.132394263879048
0.1348450833825892,0.1415791918380697,0.2219423890974517,0.0522004393917165,0.0580039598398038,0.0113547356061414,0.0085230687993705,0.0039435434539802,0.1629104654386705,0.2046971230889952
0.1353005605466998,0.1355595083634919,0.2407828633470596,0.0601000417073929,0.0378996345416737,0.0167469925564144,0.0103260024897156,0.0200574820891322,0.1807722596095152,0.1624546546854759
0.1216556337919228,0.1174893050984857,0.2251941928223018,0.0684158595964654,0.0526484306111211,0.0331858737377882,0.01084251239247,0.0103122020181841,0.2093089767863519,0.1509470130809519
0.1323133917099737,0.1224218512356029,0.2407090204197048,0.071760269662822,0.0321917863588098,0.0062757622298684,0.0125290022226185,0.0146520267128891,0.2260937395412164,0.1410531498392732
0.1373231732715815,0.1355682924488332,0.2773738647613932,0.0269177422151047,0.0586490622810945,0.0276901564749802,0.0173728555314618,0.0191761212076173,0.1327907346650376,0.1671379970572289
0.1167000263655675,0.1199712392209292,0.2284571834180216,0.0609879824140949,0.0348849805878144,0.0167425782172552,0.0090860383493432,0.0102581670679405,0.2296540709688607,0.1732577333119658
0.1053183886758135,0.1070015825700672,0.2266695034211361,0.0471656714114195,0.0348131021354283,0.04147017838404,0.0407441711571715,0.0186229244913007,0.2293812305034088,0.1488132471612024
0.110706855406834,0.1159091687260872,0.2295965730283271,0.0575946498728604,0.0322033764577055,0.0085883102507289,0.0052508382340557,0.0390247669678537,0.2157513755066701,0.1853740854695746
0.1213467402369293,0.1227303059329373,0.2415263187708459,0.0652435042535404,0.0325612625260862,0.006927246893724,0.0175136042806445,0.0036100836112774,0.2516064764990888,0.1369344569110354
0.0972791122654646,0.0970123021245496,0.2154398125512928,0.0512271513959888,0.0272882917973154,0.0542470856119507,0.011921930985315,0.0102145435219548,0.2421536965243604,0.1932160731423688
0.0953650104931174,0.0903581916050419,0.2115801423531434,0.055569593553317,0.0457014169879343,0.0101172893955846,0.0116185533159853,0.0212706324942449,0.3015467122945742,0.1568724574302102
0.0884937645490039,0.094300631146395,0.1766971736982281,0.0469799042968356,0.0164321356680081,0.0229142060213457,0.0148894097246651,0.0062163084009469,0.3567469951269397,0.176329471299284
0.1163721426705895,0.1127924737057672,0.2167609590894601,0.0441232017780137,0.0426110560087694,0.0217057647286906,0.0185670711010439,0.0280719553953201,0.2308902345617468,0.1681051408780529
0.1391505872052702,0.1466777798643259,0.2432044760822725,0.0304250273037189,0.0393007057717683,0.0292455832642398,0.0066029711631101,0.026231959013646,0.2416909911308594,0.0974699191054961
0.0915822939230543,0.1035991993383272,0.1547678221318854,0.0163372469390753,0.0139213099384805,0.0291456284357593,0.0079059890430864,0.0226983047471384,0.3889956300173692,0.171046575413086
0.1016352128106859,0.1268866770944114,0.1672045288749445,0.0442930711132702,0.0207721155274486,0.0224778381517473,0.0177479327039463,0.0148712238165178,0.2408124802121065,0.2432989196176669
0.1033617785221459,0.1333396870838629,0.1660822661565434,0.0101649023644757,0.0271102926524224,0.0277385977242075,0.0251584631125512,0.0111966299674495,0.3232352473341936,0.1726121350018762
0.0893002586268943,0.1322833581429705,0.1468571496549343,0.0107611664457382,0.0187274627523571,0.0446601608323801,0.024465708910379,0.0206100632507317,0.2752423858894042,0.2370922854059474
0.0907625590073532,0.1307959811037613,0.1695981892295184,0.0196904623363603,0.0131833857364074,0.0107793258135371,0.0233011032996438,0.0169243735882193,0.4469314264382422,0.0780331933423419
0.0731429896722247,0.114305645095412,0.133867326384274,0.0090478920661417,0.0063857496283106,0.0217488054537636,0.0543736243605936,0.0287174622395965,0.3600448054918561,0.1983656995151365
0.0877702205936242,0.1091167549289048,0.1692017920531926,0.0351677121334312,0.0183443722925751,0.0341541482215057,0.0438075999521962,0.0307621348847994,0.2748538217713354,0.1968214430741267
0.0576976150789011,0.0664376952876849,0.1428755600672639,0.0304795334922303,0.0083069044339627,0.0304750377219181,0.0280723945784426,0.0328931158312744,0.402572264037145,0.2001898793942166
0.0701743393031937,0.0708868127092542,0.1716037184605942,0.0360822963949695,0.0058226078862383,0.0133451303461219,0.0373143933446001,0.0125005286044318,0.4317554879937234,0.1505146848783853
0.0729956069995473,0.0667092367257334,0.1701048130472875,0.0077151255617066,0.0193023956620275,0.035262041407356,0.0191114278834381,0.0131752612594471,0.4152121843990624,0.1804119069882108
0.0820686366189565,0.0694249021639153,0.2111490553899054,0.0181993827972858,0.0067195106669587,0.0323780972421162,0.0273475181446005,0.0325998917381146,0.2993324440113924,0.2207805611412793
0.0676875628158865,0.056746095511175,0.1661495449736179,0.0194477699510576,0.0173348359022789,0.0082483860783993,0.0246973255123141,0.0366059200597409,0.3982651170753169,0.2048174420561125
0.1006504300998339,0.0890352165491915,0.2261847407680194,0.0179077168065308,0.0102701671901858,0.031884578615697,0.0460803424040976,0.0326259738979693,0.2962509059985688,0.1491099275917175
0.1123442377767599,0.1060131453678138,0.2263838685955411,0.0147989802111272,0.0020248834082065,0.0263965943567118,0.0303270496857765,0.0306622060107188,0.3111966559742274,0.1398523785420128
0.1154935063198543,0.1143156614149551,0.2077709642533406,0.0037748698831903,0.003547169180132,0.0245350351209791,0.0426509204565867,0.0205351702886845,0.2921499559164124,0.175226747099166
0.1222514716656167,0.1279217010387414,0.1954405894161961,0.0174568595033431,0.0003324466319315,0.044874636425489,0.0243839206192755,0.034198429818383,0.2679976187519566,0.1651423260672959
0.1043323579721415,0.1197720195986508,0.159703560273952,0.013665720936238,0.0131273524931159,0.0226949652496198,0.0185842490291682,0.0152369763478571,0.3634965536366604,0.1693862444027899
0.0944433521897976,0.1238506607537299,0.1470335349140068,0.0146120657853748,0.003616864721081,0.0235292944142858,0.0388894800283491,0.0421749876184398,0.3564272532411481,0.1554225062687061
0.0962621771016627,0.1256294909181926,0.1555882454557938,0.0112337156349816,0.007147442209482,0.0632135436366045,0.0238090812956405,0.0215891426397291,0.2442682044771509,0.2512589565612546
0.1147467300826127,0.1350243767857275,0.2009507227299702,0.0112226544570195,0.0056748689183087,0.0312942978703676,0.0330629076185226,0.035299254031318,0.2540570734600047,0.178667113965437
0.1044375882388918,0.1136660784036012,0.1877524356763019,0.0046417680682292,0.0075445444461771,0.0337752958500078,0.0458274767498705,0.0301231060432088,0.2921653510720416,0.1800663553922004
0.1000521147168912,0.1109161757876064,0.1868589563729637,0.0090087195695422,0.0114476766755608,0.0294839691149421,0.0175679301793034,0.0285900304876119,0.2691950907888782,0.2368793362447624
0.083432095317617,0.0917264828917558,0.1686355400749693,0.0066675675989275,0.0092394295928761,0.03933281662474,0.0270592680086004,0.0442911725467244,0.3333982025933462,0.1962174246892604
0.0849124255620123,0.0818028625707617,0.1887901642986802,0.0112317920105214,0.002029108232949,0.0304582882640334,0.0481301965970603,0.0570604172730777,0.2952593440234063,0.2003254011007021
0.0825981441564355,0.0806902851832718,0.1701625476306354,0.0125141666222051,0.0149065778326402,0.0394907843986729,0.0300587253114868,0.0252093566840676,0.3662921801520051,0.1780772319715148
0.0609488528012585,0.0572695619243659,0.1464838458386521,0.0050859826765328,0.005987610530794,0.0680098606551302,0.0606849503990271,0.0433618721458255,0.3621759703306489,0.1899914926413864
0.06327627414691,0.0605818302772106,0.1588978781996845,0.0078447027188363,0.0092936746636966,0.0437602190261339,0.0628534876311661,0.0376691356364669,0.3631536534155701,0.1926691442205559
0.0522897590306655,0.0469161451068464,0.1470820015390755,0.004800006760414,0.0136447143684632,0.0637644727114055,0.024917438087505,0.0553426521527031,0.3558422361404998,0.235400574040992
0.0504336606854649,0.0536991638316956,0.1367137476867088,0.0126236726562937,0.0001905115995174,0.0563485357314172,0.0475672710949945,0.0297232693681926,0.3919206061932709,0.2207795610841116
0.0477183470776508,0.0513131712326525,0.1333292733338426,0.0089813798763609,0.013246978474669,0.0456081260321146,0.0608409192228478,0.0371735014725517,0.3835346493490961,0.2182536538631609
0.0442851801956455,0.0493145114477217,0.1216165062884673,0.0104215489182383,0.0092995520668263,0.0773759888634531,0.035267481417758,0.0474368278219124,0.4316199489185944,0.1733624539987228
0.0617737246372901,0.0654029211079221,0.1385658146401917,0.026622130726263,0.0081202227756417,0.0345824563250296,0.0533387868728091,0.0426611790261572,0.3323815539852032,0.2365512098426882
0.0516056027654808,0.0500232630242597,0.1292796589191059,0.0066610015152597,0.0131112796318486,0.0556555730106303,0.0503308506741224,0.0538857622986868,0.355473646507701,0.2339733615979848
0.0559394701709769,0.0556179228741123,0.1499086509821805,0.0081840520935255,0.0069533837342262,0.0646953572044138,0.0547199778768351,0.0476773404778555,0.3909362998988718,0.1653675446140575
0.0438536905608317,0.0373347042765209,0.1433895843979663,0.0237754992572281,0.0254672163905305,0.0491904162513274,0.0882465375520363,0.0539530975872373,0.3360359294294223,0.1987533242305156
0.0546753280778467,0.0460202341800371,0.1462849133646711,0.0221048869548607,0.0055615218675078,0.0939938365953992,0.0549842854094767,0.0738205679960005,0.3216182834633416,0.1809361420279579
0.0441274457436763,0.039134462122106,0.1286446846115798,0.0232628352968491,0.0171195379607786,0.0938148834561077,0.0372289173784636,0.0629136298620506,0.3380317790676183,0.2157218244359659
0.0454084423497903,0.0477025183429865,0.1157483977497208,0.026165101325734,0.011098234414341,0.0994565561916003,0.0443136837619196,0.0835071906208352,0.3565297219484475,0.1700701532332352
0.0613374943599968,0.0646072195040858,0.1319830426575409,0.023842487407595,0.0078664379296786,0.0378846164738685,0.0450328596204534,0.0838072128040953,0.3479865487737031,0.1956520804014602
0.0807910600777172,0.0791528522892236,0.1551389792037166,0.025435201199187,0.005014980530395,0.0737085565193031,0.0896722245467994,0.0581665810599525,0.2233384329472442,0.2095811315605101
0.0751877488300809,0.0754131574855918,0.1368716664179325,0.0220267300842089,0.0305341531612823,0.0664295571324151,0.0462070412938331,0.0418208385997583,0.2925501982305506,0.212958908708662
0.0707365191907249,0.0710361731372368,0.1330178312611333,0.0121083946988672,0.0159507294951383,0.0692465016334913,0.0922697507719902,0.0784041626136387,0.2732694254838593,0.1839605116528274
0.0792323295869544,0.0766612659951595,0.1399116721400977,0.0361132495179653,0.0140388603817718,0.089671611702811,0.0715067649009594,0.0783774006228365,0.2281167229506703,0.1863701221443617
0.0795398844243685,0.0796473707076902,0.1394937127514205,0.0338343757063878,0.006335072314798,0.0966631728988535,0.0703281196002637,0.0598976397959894,0.2589874427563372,0.175273208989206
0.0827951388461993,0.0849544582674913,0.1426166933460253,0.0087287151085184,0.0295814305966723,0.091371875088278,0.0790975779535153,0.0610271653747336,0.2070628057241711,0.2127641396360517
0.0886969142664296,0.0897881914258593,0.1367698472201593,0.0357108922775963,0.0276977850649839,0.0784439403680851,0.1124042633770889,0.0481543400939955,0.1828896030200537,0.1994442228282869
0.0879974129862918,0.0867176356987508,0.1250901665110731,0.0290361908120071,0.0402470873214928,0.0980559433341076,0.052926112207856,0.0547361035421104,0.2690602413262485,0.1561331062103642
0.1040850002810422,0.104336354718548,0.1337131097457879,0.0378360819111088,0.0214437976738707,0.0579313146820863,0.0541104130671316,0.0887604989342393,0.1973260414396544,0.2004573875036543
0.0934203800198075,0.1014434651625376,0.1250531624290115,0.0283965892003382,0.0238304394213531,0.1035818083078316,0.0848869058463316,0.0715192947819426,0.1876562232981808,0.1802117314897243
0.0978881379322426,0.0908087887250605,0.1394315274006751,0.0351631646401624,0.0313073071247933,0.0467631967361194,0.0539163065192799,0.0750460226268399,0.2559996508047782,0.1736758974481156
0.0956794657486954,0.0890452593292465,0.1324820129859256,0.0487322100340641,0.0432895592531588,0.0649704073042453,0.0471839398472662,0.0607855990094408,0.1845150798331467,0.2333164666125282
0.097337539627583,0.0837741232545155,0.1406572105422663,0.0588890303323697,0.0323939328031508,0.0597450411487003,0.0515813397536046,0.0645142729965664,0.2210101955177608,0.1900973139840789
0.1121942557040489,0.0968422658475121,0.1604431880505836,0.0374017930809831,0.0300909465710589,0.0791045310997685,0.0646194505420335,0.0943468418718593,0.1897297235548758,0.135227003628143
0.0889023314118155,0.0767513046326902,0.1311084611925709,0.0522235759895841,0.0459278119158348,0.0652238865388336,0.0466324541171606,0.0783837673437859,0.2055838752630482,0.2092625315566146
0.0875379350215012,0.0728285216891309,0.1438619610560574,0.067631521172307,0.0330586796428986,0.0647814030150963,0.0815973939058948,0.085572743932322,0.2065388457640421,0.1565909947525016
0.0643965336201198,0.0568851698902723,0.1135584083005407,0.0518986507187221,0.0588864760057851,0.0666209361112139,0.0747649396464539,0.0881162258137815,0.2330329898195215,0.1918396700348337
0.0740246356031881,0.0694423134437194,0.1198958233268729,0.0504129204700409,0.0560494096306842,0.1156256748429895,0.0586825287737597,0.0877440992689333,0.1576401272781041,0.21048246731711
0.0889235526976735,0.0811568380816193,0.1338674945682587,0.0655391642705546,0.0393261130413862,0.0830443682030835,0.0771913838184852,0.0864126518545556,0.1919664983365478,0.1525719350859579
0.0802013434997234,0.0728565946515102,0.1267148656064287,0.062464553363135,0.067086479450702,0.0755508992206158,0.0740512927009837,0.0619468633475481,0.1903021147517814,0.1888249933651839
0.0791050558179424,0.0740855579381024,0.1147662872227338,0.0770211136325329,0.0559444939165652,0.103297468421694,0.0546471335417883,0.0790498048936948,0.1871986064469995,0.1748844781304349
0.069537770264956,0.0631674333498552,0.117455420444664,0.0803043929055546,0.0481505853001568,0.0922047078257076,0.0835906299811349,0.0795812808581467,0.1834114234254747,0.1825963556049389
0.0672884236276571,0.0588685832457112,0.1147898976863601,0.086377343247568,0.067913215537372,0.0800823158521737,0.058175872631697,0.0563036945470793,0.1651576741249485,0.2450429794611828
0.0836035061595523,0.0655326749734161,0.1412651518847114,0.0613699841262955,0.0565609580095161,0.066490114167581,0.0707876386372491,0.0783684736215761,0.1597625184049677,0.2162589799739481
0.0842707759474553,0.06826763627844,0.1302503189109713,0.0700958731276866,0.0611680696560861,0.0883688456933876,0.0707706949191046,0.0578800770359492,0.1594176530058502,0.2095100553864231
0.0777180297991232,0.0665312890299172,0.1150349808760598,0.0552311209810011,0.0633392095473513,0.0867360571385413,0.0649323943369876,0.0907615001429162,0.1836157931001579,0.1960996250142536
0.0854416646981102,0.0826600396241532,0.1145625573414809,0.0723039599231907,0.051586631642952,0.0969356023111803,0.067423284270195,0.0653912952449727,0.1647804373228808,0.1989145275842757
0.0861506635580974,0.0838010220868564,0.1162304968696309,0.1014987149445993,0.0656171984134346,0.0911449188039248,0.1089614766517227,0.0993480571138107,0.0869106052980398,0.1603368462204867
0.0732324691399851,0.0723464463759706,0.0951400140685854,0.0977031396334916,0.067694580144189,0.0956709442420076,0.0717288026695802,0.0886581259005492,0.1508172380148274,0.1870082397754267
0.0691326114533304,0.0722975651308088,0.0908332744992381,0.0806503183341153,0.0784021571930312,0.0969613290917295,0.0919047879683154,0.1056166709148396,0.1634405779104943,0.1507607074689886
0.0771710686090734,0.0714483333123329,0.1029279730052118,0.0744938910036009,0.0765360093929409,0.0874084393239744,0.1238676983256302,0.0868473455753659,0.1252672940265899,0.1740319473886387
0.062547166807379,0.0626856641964955,0.0887301356710371,0.114499539624546,0.1142968901583953,0.0680822002294763,0.0890702462333118,0.0936804604749141,0.1455648066504547,0.1608428899170759
0.0502485823115916,0.0490412817426247,0.0762748057464649,0.1071937736930288,0.0956080804313985,0.0916562995430884,0.0845209289220733,0.1100429655993468,0.1670567975638717,0.1683564844106516
0.0470931534217206,0.0419808203536348,0.078372006405401,0.1403898788496969,0.1109744152834474,0.0851199409674475,0.1005250780462358,0.1279148519428825,0.1235515801113698,0.144078274581363
0.045693233305931,0.0380302790623697,0.0814732979365455,0.1112960633671275,0.0859130150504387,0.1109366205678867,0.1018046637072732,0.1099629139765882,0.1342930151575894,0.1805968978307069
0.0381347187872759,0.0278015261381931,0.0824057669237249,0.1291534610132941,0.1106705367334798,0.1137480577190809,0.0901484043790199,0.1143343698147981,0.1282855120314588,0.1653176464210462
0.0392150379719952,0.0270260721664088,0.0847004237763961,0.1201225988821838,0.108573230174719,0.122067309807676,0.0955097154121607,0.1210793637064798,0.1366056558765512,0.1451005921838128
0.0386649903362919,0.0281060052530182,0.0768275029160303,0.1107887356322213,0.1156248315757716,0.1101085038729365,0.1123278565841826,0.0932673643964754,0.1363306848703784,0.177953524526804
0.0325474594245975,0.0206100985697056,0.0743090541620322,0.1203638995485898,0.1196019962774445,0.1067612719896719,0.1007085113313276,0.1067803150724839,0.1701856529763239,0.1481317406130262
0.0311110998223294,0.0208965294978345,0.06991516874285,0.1146387110883922,0.1181287313404875,0.1168058348296301,0.1168154883923998,0.1166886298313496,0.1497655701352534,0.1452342362888662
0.0387502891282624,0.0280247126971726,0.0820884034741924,0.1135861285808625,0.1502111791910101,0.0979094966138905,0.1096139295678346,0.0810738842948171,0.1544798385144841,0.1442621379043717
0.04526058858421,0.0293256430157568,0.0908909920845587,0.1258900314840555,0.1218076587021713,0.0999893398396331,0.0904638578302777,0.0876541910035997,0.1516648514657214,0.1570528459592537
0.0468408768293196,0.0314504883561202,0.1057792408449738,0.1388271562779093,0.1331285230903992,0.1206296459142238,0.0845190467452692,0.0846359639649241,0.1264698344317731,0.1277192235120773
0.0419959737507818,0.0248195946015063,0.1059478385753885,0.1235343509248062,0.1398578214143359,0.1116072465225868,0.1019735610980836,0.0758152478763183,0.1322896086312934,0.142158756573479
0.0347097636149594,0.018269226759972,0.0954951130218579,0.1430434007588584,0.1264809970826453,0.1109245652310545,0.0924874618406532,0.0807371355931365,0.163418367477385,0.1344339685891823
0.0349362187277219,0.0187660922066852,0.0932116871397494,0.1302902663446476,0.1536061552385967,0.1163681208240774,0.1123376232469492,0.1232437310840829,0.0964939718019808,0.1207461333565066
0.0443433207843037,0.0229294751256296,0.110522599140116,0.1094377142942816,0.1392977038738261,0.1355882521025705,0.0980943070224721,0.1008445397957811,0.1444007893781447,0.0945412984542368
