0.1053351924161535,0.1259880201959998,0.0974850392973984,0.1161493510591433,0.0706357693993859,0.1014212290550275,0.1253067979732914,0.1026769745499341,0.0848521142006182,0.0701495118131712
0.095960861830518,0.1175568648004833,0.0826604802274069,0.1091573012134579,0.1187570289610042,0.1067658024007162,0.074159411653882,0.0924371147834939,0.1117426875301421,0.090802446557271
0.0847535774004657,0.1093140354364259,0.0697944006283949,0.108336051380501,0.1045516672142639,0.1240734994109226,0.1121008001870202,0.1211718795646632,0.0911497153223512,0.0747543734178322
0.0729559947150811,0.0908868001137548,0.0699078778372088,0.1089654557018444,0.1226223785811789,0.1002382545814462,0.1096028957510063,0.0841280305014065,0.1403093103902435,0.100383001790861
0.0818803963645065,0.098748557354352,0.0752038233034271,0.1303920852282806,0.1227846252993831,0.1029848465463151,0.0996127616247405,0.0973635210089399,0.1093923509320479,0.0816370323015772
0.0785888349595686,0.0916913543646861,0.076969203706065,0.1149702499725468,0.1009542264765296,0.099736221293301,0.0928682480880252,0.1134631585127438,0.1346121751716377,0.0961463274194439
0.0661120499658928,0.0806632318003846,0.0611349134898276,0.1225897280881659,0.1058188541948801,0.1129212236307916,0.1030142781954698,0.1199599785152973,0.1247830920990544,0.1030026499831774
0.0676947807319511,0.0743550135289884,0.0748924483416854,0.1350613424206872,0.1229330675556487,0.1144161073587138,0.1163401165571293,0.0932655765422624,0.1158866093310695,0.0851549375967513
0.0724720264289866,0.0805031444432545,0.0763418452660074,0.138336102996097,0.1208812786703492,0.1355724058559088,0.0999376651703178,0.0961965568538147,0.0794201255551334,0.1003388487256895
0.0704127237531214,0.0779297424841322,0.0777381949022208,0.1296629341402024,0.1218584385877865,0.1343473130478524,0.1043120604960455,0.1006341156040583,0.120063630563671,0.0630408463886563
0.0779350494150412,0.0797340012471663,0.0913560701155687,0.1430853910344013,0.1285741858131497,0.0961992264336081,0.1052865761574651,0.0981691485017725,0.1001763822120457,0.0794839690333202
0.0629263956584914,0.0682151439045102,0.076907493841889,0.1529317023624017,0.1242186557408459,0.1204623667636436,0.1106085424659183,0.0927949589617174,0.0964170612671453,0.0945176790013048
0.0627567272007856,0.0700984359305784,0.0778511679306462,0.1475336149558557,0.1499480683703755,0.1146618583069954,0.1256880816967532,0.1084838165203881,0.076056551362997,0.066921677691687
0.0549363795249358,0.0590284886247805,0.0697384047116101,0.1620605741167477,0.1506692124652557,0.1010899438593806,0.1132090633775022,0.1215436255451739,0.106579560414552,0.0611447473294933
0.0455260618315219,0.0461035141383224,0.0636250936553712,0.1465787914925461,0.1407772388461257,0.129068144717193,0.1067280107772194,0.1375676103024836,0.0777721875290035,0.1062533466808106
0.0488893097203737,0.051261091603553,0.0700738602806703,0.1437313419673734,0.1614540535869834,0.1391005075469889,0.1209435273711355,0.1097418978402857,0.0940841784135124,0.0607202316354638
0.0389111862167702,0.043700882010766,0.0576633591806968,0.1737268610186633,0.1496912035844844,0.1282420036387958,0.1402531773467984,0.1041172533729238,0.065020923824995,0.0986731497728905
0.0501461108567793,0.0563306677182747,0.0658961964023294,0.1515724945492821,0.1384151667274612,0.1346868084322749,0.1350970646021139,0.1138335961438773,0.094223547165154,0.0597983473692291
0.0549129954364462,0.0639803803242222,0.0662574588745025,0.1682159587785065,0.1699001798412942,0.1254657645539377,0.1144911880947921,0.1243005541931711,0.0655050593219913,0.0469704605481381
0.0541387557006141,0.0603931550381266,0.0675963831210226,0.1390536777499751,0.1508553973706508,0.105025020003892,0.1107676093211953,0.1169662850851216,0.124849266200856,0.0703544503799979
0.0587156439113791,0.0697330951180828,0.0674840291406884,0.168985762646577,0.1680653016651703,0.1085075701839946,0.1116136695924683,0.0962506060599028,0.0916951848372939,0.0589491368157717
0.0643410141309671,0.0702894568136622,0.0735311713329941,0.1858909654434154,0.1226672156819363,0.1095153785062337,0.1081489219094166,0.09960221682256,0.0783755309079387,0.0876381284238431
0.0641418924439834,0.0660382476490063,0.0768431859702802,0.1600088483774943,0.154513888098234,0.1166255691638101,0.1111454317195127,0.1321214099436576,0.0757654664558671,0.0427960601519286
0.0692174808160844,0.0732563422341825,0.0758511457351985,0.1938301756184703,0.1441434763808201,0.1041676632087276,0.1169222426047657,0.1179159992604162,0.0527569037103012,0.0519385704044555
0.0782427226650182,0.0854194035558429,0.0794994790122607,0.1539251412691107,0.175626188642231,0.1387297651704223,0.0894578659485834,0.0904201055335056,0.0406961567608312,0.0679831714148882
0.078388699622961,0.0814039866734533,0.075571214077922,0.15316840510469,0.1256186762438406,0.1197324218267636,0.1081359114121678,0.1110442859960589,0.0798933812054411,0.0670430178103091
0.070037031474274,0.0751281264872096,0.0624350001000463,0.1636554448934891,0.1617167811982707,0.1182527464464812,0.1212025974815112,0.0970040326094051,0.0778935302411365,0.0526747090430127
0.0659274417905845,0.0772379073973394,0.0569067776043153,0.1763844351853201,0.1604783520374963,0.1375808420914365,0.108502155443937,0.1041116511218975,0.0716376968383338,0.0412327404626101
0.0632820373598862,0.0747462198198864,0.05135514335285,0.1771289994229726,0.1788403700642788,0.100668497945306,0.099028324759502,0.1207644577206154,0.0943286227750091,0.0398573267559788
0.0642805211311241,0.0805509666951334,0.0492641215505547,0.1792971851196426,0.1504729492244603,0.1127981748303787,0.1216649990834064,0.112923843363708,0.088579443653196,0.0401677953233792
0.0760488178180049,0.0841944266827896,0.0598491749332104,0.1502515150225491,0.1577443256473072,0.0886291193405957,0.1035569307329475,0.1260932757599439,0.0769071974757007,0.0767252165620419
0.0681452415904662,0.0768958920769628,0.0499905293891493,0.160444301535369,0.1560105550982162,0.1239474967543971,0.1172494610614976,0.1093231088167326,0.0968039354604147,0.0411894781940911
0.0712044623118578,0.0791134506258629,0.0535268625128357,0.1614769801361049,0.1422039466527143,0.1168234380995977,0.1146739355961391,0.1190773723421172,0.1039748613520121,0.0379246903473926
0.0692959567173569,0.0779074205297194,0.0540678028857302,0.1568934308567441,0.1603602204635866,0.1101705507320552,0.1159801636825725,0.0973989133902329,0.0919105035877496,0.0660150371310446
0.0575629213639629,0.0695352404715313,0.0445295833121039,0.1622942101587398,0.1620426037310413,0.1344854558523386,0.106679764639619,0.1037876066028843,0.1173151711291059,0.0417674427157489
0.0618090757768076,0.0734548307794085,0.0481582671564507,0.1714726268800778,0.1708209157482755,0.1089876425168275,0.1180706718736798,0.0935180926045486,0.1063413412188259,0.0473665354219262
0.0639201942961659,0.0779542971771791,0.04652105244432,0.1660841710972979,0.1834522853181368,0.1207691556951747,0.1102626976443958,0.1090672017022052,0.068162122369448,0.0538068222315825
0.0591248588743815,0.0716732167226049,0.045371431799674,0.1918541956835164,0.185315319723222,0.1288427060022106,0.1283765480749873,0.1081465668915503,0.0503925609362913,0.0309025952680696
0.0477479464380348,0.0598921895290429,0.0371378757892418,0.1947407175695255,0.1491215999958381,0.1381571907838842,0.1091273680872301,0.1415263611768416,0.084002417677768,0.0385463329298777
0.0455040777298964,0.0613710846729777,0.034023462225081,0.1947824294301333,0.1713732664439513,0.1285172360101817,0.1163061496767008,0.1343934515774038,0.0735184644910738,0.0402103777198953
0.0538038111729557,0.0688371313265407,0.042849859757142,0.1910013414616761,0.1687333589122259,0.1196888141517882,0.1241022209857225,0.1276376055502254,0.0675199903267427,0.035825866330015
0.054068275301879,0.0712010969493658,0.037363955242652,0.1757785257235945,0.1608748147094362,0.1499518367107983,0.1161450279772687,0.1154830090241864,0.081355007019878,0.0377784513158986
0.052015470869748,0.0695705888735275,0.0354713931477763,0.1574243857651483,0.1910977242353877,0.1385525952115678,0.1257201908701989,0.1091008848601735,0.0778497195590428,0.0431970465839278
0.0545515367421511,0.0707914041040257,0.0390401137566682,0.1868692063541969,0.1898643509386468,0.1195685894784346,0.1056887391798051,0.1316027769456547,0.049937706094742,0.0520855763825851
0.0499562946441947,0.0698326910745139,0.033040339036468,0.1764175753433642,0.1677763298071981,0.1187490069652058,0.1216381787637197,0.1140395853816547,0.0943592289062008,0.0541907700549691
0.0395753340218881,0.0610857023708514,0.0269245205539119,0.1747279115203522,0.1949956540830246,0.1186200662214236,0.1205323547919327,0.1315863984996074,0.0702141827637135,0.0617378751512246
0.0396201030703754,0.0608655805480113,0.0255740725961679,0.2008501961563109,0.1948653068664033,0.1438516562010824,0.1240188157639744,0.1060911524200989,0.0627132149796802,0.0415499013763619
0.0343908047159961,0.0506253047194957,0.0248459878938746,0.1985506196803155,0.1821947592309551,0.1599303935251618,0.1181286507060316,0.122834227832009,0.0382982914064995,0.0702009602669802
0.0389318649349112,0.054131373148398,0.0274448366829625,0.1929447072277046,0.1662295065964519,0.1353135275840048,0.1417937278277755,0.128820200346228,0.0716806321785557,0.0427096234513699
0.0401199984374908,0.056621988004592,0.0281748492738761,0.1631750129306313,0.1883133730191429,0.1279899858800045,0.1260713091197361,0.1420637621856842,0.0607334673534515,0.0667362537716327
0.0319359338693757,0.0459205384355018,0.0241640859160424,0.2086027654762001,0.1832099720419543,0.1350682478845237,0.1486854098576702,0.1453787155549643,0.043378823805569,0.0336555071336549
0.0332965769598855,0.0470167831329214,0.0248704006873021,0.183995185917442,0.1832412580365565,0.1307825955127089,0.1460322458434853,0.1429478398257948,0.0688355339061345,0.0389815801550613
0.0311015377401592,0.0453181824385247,0.0240780441066667,0.1860903998741788,0.172312955660542,0.1383810460032173,0.1362268753493623,0.1224760474867462,0.0714271089231996,0.072587802395881
0.0253366565149834,0.0363710452668432,0.0215268312707833,0.1827272899536771,0.1780880324356113,0.1316493104649473,0.1534399420469653,0.1339154789725523,0.0879398031190076,0.0490056099335666
0.0270842275749877,0.0379464961880917,0.0250926390747555,0.2067545118604641,0.1516399934117692,0.1618995240309688,0.1336868164035929,0.1243761022419454,0.0606372388868735,0.0708824503046586
0.0259711979754515,0.0346738096190812,0.0253869374732346,0.1805527158159202,0.2035939022575067,0.1330110666740243,0.1438951712221539,0.1210419303388578,0.063669262101066,0.0682040065005067
0.022945022588038,0.0272516114623664,0.0281196676739795,0.1806759851406836,0.1658613560550982,0.1409877388737089,0.1514190617901621,0.1464748289367392,0.0718117262445082,0.0644530012097401
0.0227795923287382,0.028124813977964,0.0269791793759181,0.1737872669785497,0.1726201715236398,0.1726064429203435,0.1374374342971026,0.1704370573137485,0.0359273679858562,0.0593006732738324
0.0213651446765373,0.0255900645638346,0.023204202571549,0.1890003058207164,0.1669123876204507,0.1826688558396829,0.1463699275546994,0.1518113034229805,0.0472869504145643,0.0457908574910763
0.0198225169306629,0.0262525121626888,0.0207899149577681,0.1648382431961003,0.1661375451439515,0.1524533825611532,0.1563980287018747,0.1556073914909204,0.0602348943481221,0.0774655704830429
0.0205521878538212,0.0254770834957016,0.0217098430567309,0.1584673448269916,0.188728355895564,0.1531944485638657,0.1511969652665438,0.1508564431430815,0.0720250648316746,0.0577922630443285
0.0278617463143757,0.031383179307362,0.0270920613053461,0.1578713481112783,0.1871463993901666,0.1375692713969913,0.1677354788941017,0.1532760158694103,0.0688397520315554,0.04122474735836
0.0218311969637253,0.0285599619941965,0.0184252943674235,0.1679343300228077,0.1741310958601954,0.1620581663561015,0.1518411588179466,0.1462613810317966,0.0599481997731908,0.0690092147920093
0.0216123201067102,0.0316288656159357,0.017424233990121,0.1669253288694853,0.1871129988693464,0.1576033216999599,0.156535065893253,0.1226595741868635,0.0803332641149618,0.0581650266303944
0.024156245077584,0.0345525523778012,0.0189530171443006,0.188971897592958,0.1698683189343345,0.1717251695488943,0.1705438547906023,0.1507519324260564,0.0402934228834517,0.0301835891992913
0.0204216727392359,0.0294308327552373,0.0175965467116205,0.172378226678167,0.1511205438635981,0.1614856667408205,0.1411554261305465,0.1597419196822653,0.0856486616740423,0.0610205030025506
0.0207305877225307,0.0292775910732133,0.0177187314166013,0.168553504183556,0.161417245431875,0.1406738462285365,0.154224393820272,0.1517696814965298,0.0792941342779711,0.0763402843267668
0.017951374072751,0.0261828521804216,0.0154146126643668,0.1663003360289642,0.1634357673866516,0.1487020969403323,0.1658492830273216,0.1490679527918036,0.1029428585886338,0.0441528662936035
0.0130165333902875,0.0181354069376216,0.0155855998045407,0.1976791165618002,0.1930715975162636,0.1369027903621577,0.1720142313019689,0.1520026762251864,0.0642915346205342,0.0373005132555818
0.0074950293506002,0.0123240704586832,0.0112183093396465,0.1663147842454374,0.1633047424130037,0.1708587796212199,0.1768731611252989,0.1747536194231062,0.069939422192331,0.0469180818074073
0.0110779282971702,0.0177483619250297,0.0151747575667332,0.1756191601976908,0.1301887002629144,0.1889467292168763,0.1750296812069076,0.1679188816924194,0.0771733749124477,0.0411224246978111
0.0130652367723378,0.0178707219279548,0.0180917884714859,0.1518382510936215,0.1551828879101854,0.1603402650136927,0.1661215211260275,0.1766846891134402,0.0830937193122882,0.0577109192360878
0.0144872023105094,0.0194129952927608,0.0216140226399624,0.1293155917830055,0.1469573369780597,0.1812980730188299,0.1741679634854648,0.1903694981665039,0.0597532719186756,0.0626240443819011
0.0148480986639135,0.0186326187297362,0.0208856494179186,0.1788303336065886,0.1320430143633897,0.1871335570385313,0.1663920590911901,0.1708860440551937,0.0419675543115343,0.0683810706959686
0.0119162172849258,0.0146233057425233,0.0173470015712115,0.1431267974912352,0.133258188190073,0.1750226717452916,0.1814722088078588,0.1807934967727604,0.0639264439285255,0.0785136684418098
0.0143099760282164,0.0170856996723199,0.0188184617186571,0.1501357041902272,0.1381221513659213,0.15957649915293,0.2014701796149279,0.1809110871752458,0.0655082372002533,0.0540620038560004
0.0166946203527827,0.0206827033917237,0.0208976687871673,0.1481277862049764,0.1392809158141998,0.1836329636424258,0.1936463920883656,0.1915002499600628,0.0329919460941863,0.0525447536394521
0.0187822935270587,0.0229454734817785,0.0194437520063631,0.1468415339654214,0.1307864795312557,0.2095709231850205,0.1943169684993058,0.1309104387703664,0.0489100931912519,0.0774920438201185
0.0188958632460103,0.025704481509588,0.0191301512688772,0.1560287811635397,0.1155702500084704,0.1775631641415411,0.2033327203823182,0.2108040245867066,0.0266322325222883,0.0463383311470499
0.0152114198054815,0.0191944279287047,0.0191852307709257,0.1330034769524943,0.1358069133572367,0.1935337532114553,0.1744538868039743,0.1800950988279253,0.067017965283836,0.0624978270341879
0.0147084599522445,0.0164271285988968,0.0219428588870414,0.1414879984347041,0.1462648805040704,0.1967798918587265,0.1869857837805152,0.1796400547058823,0.0498641738247878,0.0458987694282703
0.0131669017238923,0.0131265343820769,0.0232940505503918,0.1131868572294365,0.1247660650904324,0.217775994758513,0.1812018624283565,0.1751098606399318,0.0865025021780187,0.0518693709937891
0.0115976803294003,0.0114067591801218,0.0205643297193486,0.1267206865496154,0.1188608310435183,0.2140459424323366,0.1753319013404466,0.1818595841810553,0.0529070910609726,0.0867051941377075
0.0100531216500779,0.0095698809988396,0.0185674225795218,0.1122665873083074,0.1219817486088847,0.202733786807415,0.203880443857516,0.1968014046232327,0.0769860188562216,0.0471595846866346
0.0136357600856167,0.0133195697552748,0.0236317435781284,0.1103864732858449,0.1127139558558689,0.1898393778982254,0.1953853731465494,0.2146478986986611,0.0676334993606595,0.0588063483082597
0.0114005046402234,0.0113902939632938,0.021107274284227,0.114583988264977,0.1134029791864283,0.208489122187952,0.1803465274772888,0.2009447235190045,0.079082136751437,0.0592524496991091
0.0122416644967198,0.0107222132226123,0.0233881572983923,0.0954361962003526,0.1037275552104184,0.189693970224742,0.1929533990994498,0.1804026717429149,0.1023242013079488,0.0891099711714691
0.0147069690077623,0.0105655658706873,0.0325199911628146,0.1133550023986077,0.1144451421719218,0.1898238677266678,0.1721639117404079,0.2120775250920332,0.0827011033774844,0.0576409214260782
0.0197189060078001,0.0134794088292913,0.0401899436778857,0.0982592252829029,0.0909775690477632,0.2293944895008022,0.1885566926472567,0.1741479066046761,0.0758211496861717,0.0694547086920781
0.0191469500504272,0.0116219379511951,0.0424377554847166,0.0902879129748865,0.0780059490406278,0.1968816189790747,0.2214776231679684,0.2033124459902282,0.0894515736970724,0.0473762326378962
0.0165165409603075,0.0109160975055396,0.0369501462616733,0.0951147885229173,0.0998084508329572,0.2027071284519785,0.2030231890404036,0.1919171256239523,0.0969946956337043,0.0460518371402607
0.0185802926637156,0.0138903664975333,0.0368115246348152,0.092011831162945,0.0819399277392151,0.2127068061511773,0.2122232519999071,0.1839545313467418,0.0887399756455085,0.0591414921318525
0.0111235542245357,0.0099105177560285,0.0248810356051739,0.1042486778507104,0.0930320914834278,0.2068546240272075,0.196629395260768,0.1763821583348334,0.113100466978623,0.0638374784533593
0.0130420899595751,0.0110737420720172,0.0247169178533479,0.0899455206773733,0.0897134898913054,0.1875525441995997,0.2227627894332289,0.1867186873443768,0.1136393791152012,0.0608348394295208
0.0131241117335235,0.0125936009493847,0.0218289609184224,0.0904765301222669,0.0900441762381115,0.2048219873833997,0.1880125019256598,0.1827231858051056,0.1298470449030261,0.0665278999957911
0.0111412764707704,0.0089132956961516,0.0234794151817696,0.0787904738619187,0.0721597124197696,0.2185440461566191,0.1998441557156201,0.2270263444670389,0.1188013632738975,0.0412999167294716
0.0123961530395923,0.0096897203852225,0.0238452387985017,0.0757486893428623,0.0847148502368168,0.2240599580457277,0.2088042822042735,0.1757416644170316,0.1257733689998343,0.0592260745042717
0.0145731817526913,0.0123830228830235,0.0246899272543443,0.0838311250868396,0.0749577372176388,0.2120197450468628,0.2245815159787587,0.1988080044878116,0.1035502231027834,0.0506055171639624
0.0131607494137601,0.0113151832569079,0.0228099199310595,0.0660276634506748,0.0650598339654456,0.2353510332951519,0.1911090745145147,0.1964173488502867,0.1308507739733984,0.0678984193240991
0.0115382032022302,0.0098786679057935,0.0227110846764606,0.0981944285693982,0.0556403831987793,0.2156982991856267,0.2059722315675377,0.2045388558214964,0.1341566596695863,0.0416711861748052
0.0090680521005489,0.0075197427982675,0.0200298449566421,0.0476151595707959,0.0724143115307432,0.2271397384719385,0.1983632573237992,0.2110424864882448,0.1116571861087286,0.0951502206236968
0.0123341281003024,0.0118017861333903,0.0233301310100701,0.071039106490939,0.0627034274690857,0.194698259477514,0.2215972891220351,0.2343464684814756,0.1285465571591462,0.0396028465242762
0.007336798305236,0.0074251917998779,0.0173018848441213,0.0525662382414596,0.0549468492067289,0.2263658981172627,0.2057360393085358,0.2151577488951428,0.1474432862774985,0.0657200649754504
0.0105088257736863,0.0121092928480155,0.0174588232540827,0.0614534098825431,0.0602058062072658,0.2352334390878713,0.2393392354764291,0.2025787336061167,0.0846719143615182,0.0764405194736222
0.0098133032893386,0.0110111204933009,0.0155351484146771,0.0546171958736667,0.0521235944381975,0.2397053964186923,0.2171140521751572,0.2045168196570314,0.1301340814239258,0.0654292877889477
0.0123753896073213,0.0124674605592084,0.0200253498411104,0.0600833397841194,0.0420692805084126,0.2406449533017624,0.2200807082529552,0.1839611003714699,0.122072158500158,0.0862202592463856
0.0143542710736077,0.0166121198056757,0.0202936482030555,0.037266866329994,0.04877494435426,0.2412088775357602,0.2116170245600029,0.2372704830960141,0.1047075580600692,0.067894206953918
0.0226626195343637,0.0283008944556369,0.0248095447101833,0.0475674911910291,0.0501560081831824,0.2552032644563587,0.2258431177917379,0.1695463954497425,0.1132150750142483,0.062695589184568
0.0262133116678862,0.0294245883454014,0.031429421066281,0.0487019441818049,0.0364930351298542,0.2190768799761363,0.2431802655493777,0.1778425638700062,0.1237014435457614,0.063936546639113
0.0251283973390372,0.030431448193451,0.0233765696850513,0.033186512418028,0.0411592861171726,0.2254921414130404,0.2018705088337471,0.1972258126984921,0.1482970069989423,0.0738323162753313
0.0271703717688775,0.0314176897932826,0.0259165135297943,0.0480152463596091,0.0292848961096071,0.2276676043897421,0.2200214826809171,0.1973350450988263,0.1184821466986098,0.0746890035448444
0.0278424999481529,0.0281580241768486,0.0290279758566361,0.0350686901898418,0.0285798886250817,0.2247957592017027,0.1964808327585643,0.2223293680334357,0.1447885532511457,0.0629284079306718
0.0271282332674076,0.0276778750094082,0.0276033740602528,0.0427554035574571,0.0304014290591045,0.2449036094405271,0.1900549118451985,0.205145201053736,0.122311883617999,0.0820180790625391
0.0274315727852657,0.0280727291384701,0.0289501103792081,0.0339763897490629,0.0201606144198754,0.2253184221504469,0.2177260685360912,0.2194266490099516,0.1271140760402808,0.0718233677632411
0.0312168162340278,0.029792353128253,0.0342112525723807,0.0186406468355486,0.0165238828252369,0.2567471488022233,0.199345134698255,0.2249987893743574,0.119930131602413,0.068593843896192
0.0345589340827544,0.0354125652376713,0.0341717407911627,0.0208192033805195,0.0191755460275351,0.2131305439185886,0.2105593357217972,0.1957509025816351,0.1503473855096843,0.0860738427210109
0.0260662407233979,0.0272163430496209,0.0255496366497401,0.0159473557452253,0.0206941942872564,0.2064054490144734,0.2189169921297864,0.2353891038013869,0.1324498567513293,0.091364827818119
0.0183631461036982,0.0185769995312569,0.022661728610465,0.0288587268668691,0.0141416410970527,0.225442941413636,0.1971532540590005,0.2459763881173592,0.1424126951991996,0.0864124789696721
0.0156701513692029,0.0164724169814172,0.0196668238709825,0.0311005735158107,0.0196563120487123,0.2032738197433696,0.1753784054763515,0.2313778532968491,0.2129166163363091,0.0744870273336132
0.0138381879986119,0.013445246504788,0.0220816409369619,0.035651936071346,0.013698778133725,0.2344762930976472,0.2267994474552502,0.2034606179394199,0.1608175398405946,0.0757303119919568
0.0113337888578299,0.0097736473992545,0.0225941517452697,0.0112781993525501,0.0155362597484941,0.2383049137016271,0.2396541455488756,0.2074629866063448,0.1847215854607391,0.0593403215497594
0.0112872402713536,0.0105051505384753,0.0215632037611893,0.0150069384348735,0.0151439217015206,0.2199156909721978,0.2383201182480917,0.2298635274010428,0.1537987762118043,0.0845954324264927
0.0161829298118309,0.0139896146383673,0.0265723952696676,0.0196023594568353,0.0150372845978457,0.2233902953314323,0.2428968758657075,0.2230338164699189,0.1505706319530146,0.0687237965754643
0.013756424300708,0.0110492292746247,0.0250159729156216,0.0292979974053477,0.0201678760691079,0.2312706745629841,0.2284718409648513,0.2111667654799853,0.1537102891672603,0.0760929298281186
0.0153575555998358,0.0122354193075933,0.0285384224245812,0.0127493785713646,0.021271352709212,0.215627338937767,0.2172495573402256,0.2370047258457724,0.1725524789025999,0.0674137703290318
0.0085382626167469,0.0072054941791264,0.0200782786092553,0.0139148744919834,0.0105195120690316,0.2275143652072393,0.2301282346686551,0.2168560177443507,0.1770794324669813,0.0881655279182456
0.0058077433333551,0.0037896839684698,0.0158885958664611,0.0100341294242859,0.0111345144022083,0.2313491782534515,0.2055071210921373,0.2183189115521281,0.2025690942279065,0.0956010278494406
0.0091811428497645,0.0076216881001798,0.0191108173664302,0.0150268794156458,0.0111284900477444,0.2070968416390939,0.2233612183836852,0.2379858635491305,0.1498110371350569,0.1196760214839044
0.0070622673462867,0.0071965505872632,0.0149272493707111,0.0158469340055493,0.0099340217909219,0.25855329744007,0.2269316087110167,0.1913402995517781,0.1776933755644227,0.090514395598865
0.0112995039211793,0.0094037904692852,0.024921879899046,0.0072458002451315,0.0127593112505232,0.2159841262518446,0.1948160206371003,0.2155916252876203,0.2100239448637451,0.0979539971428428
0.0146550375525945,0.0153381657656441,0.023847332858604,0.0154773345823128,0.0073277016751596,0.2636986743167634,0.2141306872016533,0.2161714443466788,0.1457394687824165,0.0836141528845626
0.0156002496708901,0.0178240483812219,0.0191460490492608,0.0072940484381981,0.0090137714766994,0.2562785241891726,0.2134310518736558,0.2215353957295749,0.1562600747002328,0.0836167864611991
0.0125293764854146,0.0160276625454567,0.0175790296174797,0.0145902995929724,0.0129783547197122,0.2324261545089116,0.2064326622200329,0.2230932894210027,0.1537102410443062,0.1106329298109828
0.0097029540666812,0.0124741725224901,0.0133585425837899,0.0062559376959964,0.0111811935527453,0.2535772869877508,0.2413243958660404,0.2406414899106049,0.102670840163743,0.1088131866146146
0.007999867592418,0.0103755431973574,0.0142769181656607,0.0098215136112755,0.0028635121452193,0.2768680218174404,0.2289999859470811,0.2303893975946569,0.0861053319607841,0.1322999079324839
0.0045259810292265,0.008183974175087,0.0101661094090968,0.0054903551136812,0.0089767341525936,0.2423819616928265,0.2412746815259887,0.2358749417410017,0.1213694640366737,0.1217557970874882
0.0035772776823219,0.0066977395899452,0.0070302251550775,0.0131255030870502,0.0042626199996716,0.2643300003470848,0.2053557018564647,0.2701068253536343,0.1168634774813014,0.1086506294140537
0.0055020106336635,0.0085196943300181,0.0094669655183312,0.011110659136785,0.0107648946657818,0.2125208601510821,0.1802533433373971,0.2172513826045504,0.1879633847692344,0.156646804821631
0.0053526573980361,0.009543327903438,0.0077616066619066,0.0136861560868089,0.0062923973441183,0.221766698357872,0.2190854788145697,0.214179568826535,0.1740859740845848,0.1282461344897964
0.0064664921190434,0.0104010431507167,0.0082789231131615,0.0035231367561326,0.0082149158993688,0.2416224030501038,0.2117711103148795,0.195007424445893,0.1661628594076474,0.1485516917091933
0.0072567975990634,0.013911231988071,0.0069895597553583,0.0079310837195085,0.0025497564608733,0.1864399426141837,0.2016045349485685,0.2298539519624065,0.1936282840571504,0.1498348568647762
0.0050115369007929,0.0116537308897409,0.0043314677508647,0.0056707471968351,0.0052013062985937,0.2132527235211748,0.1917560013271763,0.2573840907913545,0.1925568971137956,0.1131814981771078
0.0035965967809883,0.0117778943806059,0.0018095045263638,0.002588424191251,0.0060493836097218,0.1985064421939913,0.2048585412308091,0.2082410853757906,0.2447971646835938,0.1177749629938045
0.0060756528967584,0.0160006582713666,0.0032234451083909,0.002907283059995,0.0020765164319135,0.2497859326726018,0.18987830212943,0.2137906844997887,0.168705845410363,0.1475556794876704
0.0044570298792877,0.0112027916178246,0.0047188297218995,0.0023251187236149,0.0026704665601822,0.2212377368894754,0.239550343538008,0.2013271142021026,0.1788891722673887,0.1336213965682335
0.0057806854172283,0.014358317883751,0.003421853013698,0.0064763518030087,0.0089092833303804,0.2355352354810664,0.2044692121495772,0.2027654164957348,0.2076859186338681,0.1105977257586204
0.0038902801105792,0.0091194436985628,0.0055304703716595,0.0115263069397703,0.0054338760164506,0.1901219826122634,0.2162005690058127,0.2465890474994203,0.1693604624893178,0.1422275612193885
0.0030953968002267,0.0060390345017562,0.0052414544150282,0.0183989162447528,0.0053407558894489,0.2113258446871045,0.2266304989918868,0.2395070626243849,0.1967575477910908,0.0876634880160008
0.0013590032421915,0.0040485480807826,0.0024606047849481,0.0056707532224994,0.0009473275548275,0.2626303311752382,0.2179692807076609,0.2246931685897234,0.2054129330964987,0.0748080495083897
0.0033832059629968,0.0071706130483983,0.0038342628312492,0.004131507564897,0.0066824926786959,0.2169886499037396,0.2240800775941831,0.1774143793140965,0.2465389779176544,0.1097758331488247
0.0032052861927711,0.0048078955905911,0.0059786677034187,0.003846076179917,0.0024551241204573,0.2197318870330331,0.2302212451624727,0.219857445125406,0.1973960394899532,0.1125003333656083
0.0069153815452609,0.0096249144218409,0.0084410465823014,0.0073219106150961,0.0039781185503697,0.207518636967243,0.2058178691826499,0.2398036403185403,0.2028397565859085,0.1077387251935949
0.007948600340429,0.0112564381510726,0.0118459631627506,0.0012724186056573,0.0083141667427817,0.2353500722592995,0.2184813054476163,0.2513718362591504,0.1862372329980886,0.0679219659920553
0.0075224079699505,0.0102504928748855,0.0106666262907911,0.0046683405557902,0.0172929545703629,0.2774560608058725,0.2206557136735479,0.202349551041134,0.1620826098407805,0.0870552423405821
0.0058059817528373,0.006395944120988,0.0135062077959437,0.0052159507241635,0.0105796019089789,0.2175760454482539,0.2179053502625229,0.209050692863197,0.1876520297637092,0.12631219531857
0.0056188006266467,0.0061697266364177,0.0134337529400379,0.0070625196786813,0.006468012422546,0.2019685202052213,0.2052314837636207,0.2556182140407083,0.194484778358264,0.1039441912875897
0.004667510066424,0.0046512831877164,0.0125061601930961,0.0031023347573123,0.008163862377185,0.2439889747305715,0.2587193924833819,0.2180027922633201,0.1760222558093914,0.0701754340874734
0.002945651017353,0.0033277609762864,0.0089750668638646,0.0084076662777648,0.0093021060537802,0.1850545236642196,0.2455691335969828,0.2289994106001597,0.2149015906950251,0.0925170902134984
0.0044376044224998,0.0062487731812056,0.0101057870355515,0.0149262917012638,0.0044090004098326,0.2027340878209483,0.1858741379612099,0.1874224021409231,0.2371583673601327,0.1466835479257869
0.0042584412120171,0.0046137669661888,0.0098964836067577,0.0070871220590743,0.0091896436612504,0.2492662723521135,0.2007459291011648,0.1940949180660254,0.2087040053510824,0.1121434175866579
0.0070454463420779,0.0058149255144673,0.0191717993908888,0.0078806997321255,0.0109443584342854,0.2143020223182935,0.2453967591390269,0.2061037613947411,0.200856861199875,0.0824833664910177
0.0116381036556375,0.0089593181608293,0.0237060101027708,0.0154275720616119,0.0058712252233161,0.2153101427955079,0.1886026118605747,0.2302685080699985,0.2009177488664589,0.0992987591631059
0.0107797481760125,0.0103241485746573,0.0229171922958407,0.0092433595707343,0.004974385708786,0.2146319668796114,0.205724165146197,0.2476412244876117,0.2109243977507874,0.0628394113686456
0.0153880363081517,0.0120390220084788,0.0299025425331644,0.0065984148843614,0.0124077110933861,0.2012423052251018,0.2337896572505567,0.1874619449314919,0.1841287445293038,0.1170416211978876
0.0138428021206097,0.0108712154140939,0.035015274826247,0.0028837021444158,0.0125939081017142,0.1953065214051338,0.218115836311424,0.2263058688398204,0.2100524427462001,0.0750124280498753
0.0157483739117555,0.0097361406890303,0.0432251744945766,0.0080879563746673,0.0133543944582953,0.2199896003481798,0.2084238218475199,0.1660019466622763,0.2539966460621992,0.0614359451076771
0.0200282109025049,0.016004007023622,0.0486005499958275,0.0097540486629294,0.0116654175135223,0.2166044540954036,0.2538012519958996,0.215004747651732,0.1138523737745542,0.0946849383354526
0.0172111987156455,0.0180210007298352,0.0347302872979212,0.0118988512510516,0.0134317583886678,0.1963085714358416,0.2159095382099964,0.2042722674286757,0.1902700698551958,0.0979464566466197
0.019127749799859,0.0213697314442751,0.0373716341199178,0.0141970298033079,0.0209762335120495,0.158410228737009,0.2256708559993684,0.2250701922041789,0.1830798537426239,0.0947264905941416
0.0243375622121834,0.0271840022742944,0.0387896365503712,0.0085613655588231,0.0157135117276024,0.1973052832536887,0.1647226301903252,0.2156928579801231,0.2002770061688134,0.1074161440425377
0.0200426950101653,0.0248305556457032,0.0304343899934793,0.0128499095356063,0.0128840586242601,0.1873854882258424,0.2348105640133262,0.1957727188753948,0.1862765358716177,0.0947130841637202
0.021105224227123,0.0248524969518563,0.0340475306484788,0.0422289270354549,0.0064202647578107,0.1671163105485051,0.1965787987962771,0.1939747977021989,0.1997852806794132,0.1138903686062873
0.020833784759587,0.0250436456834143,0.0325480351520989,0.0291254107256031,0.0189554804108177,0.1796828686101013,0.1698487506464009,0.1914767176971946,0.2263672217878637,0.1061180844843903
0.0216380094479407,0.0214745089741526,0.0387141784130403,0.0364974103704354,0.025453238976172,0.18484197839248,0.1518566349003861,0.18792797926119,0.2366248123939075,0.0949712488296235
0.0198175000303082,0.0182540537480001,0.0343382290075514,0.0130864282799905,0.0077721873009917,0.2418331900144953,0.2020942020928367,0.1791959204100836,0.2100813077806149,0.0735269812877204
0.0082170282989193,0.0091513213045434,0.0203034787607576,0.0367563417770641,0.0187573678914987,0.199649649282359,0.1850347016206395,0.1769028937436922,0.2468102945343288,0.0984169227435254
0.0138680059662023,0.0150390028530904,0.0295386154366095,0.0206123713337294,0.0318023284075111,0.1804180708906274,0.1814345803163639,0.1856684861453248,0.2348687262319462,0.1067498123737069
0.0196330555577812,0.0207655632190929,0.0363155395018914,0.0193937843261698,0.0322042627688309,0.1789930899638319,0.1976117832749936,0.137406436841652,0.2436154486823779,0.1140610358183414
0.0278062800514641,0.0222551723230292,0.0497289885940192,0.0219144069685221,0.016370823007116,0.1999042804670691,0.1646995724688517,0.1919602268508181,0.1851011136921384,0.1202591355328092
0.0390369333610705,0.0320763857479771,0.0587249561956887,0.0343963755103557,0.0182808700597392,0.1942214144257148,0.1396877834332512,0.1184459793629912,0.2889357586509742,0.0761935432110001
0.0444629181105923,0.0379304459370874,0.0650300656093463,0.0261024080841631,0.023269890686163,0.1893557213091399,0.1596432605933474,0.1491742839321572,0.2168730241811947,0.0881579815058447
0.04905786303974,0.0414804196171809,0.0655387392854535,0.0285958186099475,0.0400468249796397,0.1827136431929158,0.1565723975243216,0.1626403320938746,0.1772940177093778,0.0960599439030142
0.0339243721337016,0.0265885997773559,0.0455345177489373,0.0293483603330601,0.0397953190587463,0.2068569046110616,0.1436706950515887,0.1504565136308142,0.2264209758957758,0.0974037417165411
0.0277989576531002,0.024785147528954,0.0412301754626805,0.0361247092914681,0.0395477586491139,0.1750770880512096,0.1554039268445217,0.1261405563107837,0.2692280420430815,0.1046636381210904
0.0336307028296466,0.0330271661474359,0.0434126138424716,0.0664420069789052,0.054236284059336,0.1657881036196017,0.1804697741305915,0.1383587326562176,0.1935643296016013,0.0910702860866669
0.0381711178029512,0.0405425270509241,0.0405597805595839,0.0807568348583968,0.0582478531649126,0.2009127728670385,0.1487283010070654,0.1360112331091705,0.1603146745866927,0.0957549049497449
0.0346523498715924,0.0353294212740081,0.0418181867965792,0.0655338765115701,0.0450738656707817,0.1433920335138032,0.1343809576208337,0.2142543013150331,0.177372749939257,0.1081922574447869
0.0401232888081474,0.0361184812819311,0.0514770584089979,0.0665448076336168,0.0623881556937802,0.1318643628395628,0.1480606693148161,0.144816109798086,0.234435327724003,0.0841717384504396
0.0433361501693874,0.0427681965185607,0.0499086782028731,0.0725052066331826,0.0904364004940433,0.1613727828759452,0.1233072565476061,0.1645469387063204,0.1547693934940145,0.0970489963109467
0.0367606664012906,0.0369065737514295,0.0469752722390233,0.0714681928228933,0.0724343799851408,0.1622732528923134,0.1956044883993409,0.1589428904780065,0.1136847608254046,0.1049495221572329
0.0247970516376608,0.0252905784493026,0.0368805150366376,0.0856727195701393,0.0870688939557929,0.1473206105646189,0.11531460090988,0.1625685732254833,0.1821309723465276,0.1329554842621143
0.0188294009850688,0.0136182709037784,0.0399270719037061,0.0923946997306629,0.0909870450421284,0.1809339476964267,0.1325923169778683,0.146226041849462,0.1736557240873137,0.110835480777743
0.0208807894232201,0.0212795393277182,0.0323691898427043,0.1099671185512395,0.090807319481061,0.1295353382236707,0.0997839190243194,0.1489925029565982,0.2112579600644417,0.1351263230647031
0.0270931540334978,0.0287296653802528,0.0434449622936047,0.0877427158729951,0.0724020651871256,0.1421144362419752,0.1244557590180379,0.1576303061736343,0.1857104715477194,0.1306764642054217
0.0251653507343277,0.0286839406860205,0.0450319565193171,0.1544993382835088,0.0761263754565971,0.1631122838078342,0.1260466308226986,0.1464804854455539,0.1245317171433639,0.110321921047386
0.0235469918174762,0.0287717723664669,0.0398471850912754,0.1230429931346906,0.1185008942958196,0.1695608480382076,0.1087871419099117,0.1489163970347136,0.1076049741299446,0.1314208021286554
0.0202363364373528,0.0298632014322402,0.0310592858866173,0.1586219605803994,0.1320215814690056,0.1457641314778022,0.1388270049906962,0.1096784398278022,0.101791103899138,0.1321369539471809
0.0215296503168273,0.0316142971339554,0.0302392905108414,0.1032996463357677,0.1400705713284401,0.1620389981255466,0.142533508538852,0.1241084280337561,0.1310693972677323,0.113496212357868
0.0165170173817848,0.0294908460996448,0.0223902376734535,0.1175465330323085,0.1333465230385431,0.1494065190005503,0.1494319448226549,0.1672482938122696,0.0690180140172964,0.1456040710713405
0.0150488334393746,0.0310834885163839,0.0196383586005067,0.1533694083847574,0.1109356931154565,0.1688997380775277,0.1850082169662677,0.1504310918508452,0.0662202924622511,0.0993648785261189
0.0260763744369106,0.0388731695472859,0.0295306961285107,0.1881700709043465,0.1177872648332902,0.1288611046911381,0.1803638690124588,0.1017188744936783,0.0949025900005095,0.0937159858992383
0.0302670263773532,0.0506098738482164,0.0293680694807429,0.187724582332096,0.1272935151818491,0.0987701710845882,0.1192075040102377,0.1230291063342873,0.0783442811617025,0.155385870132474
0.037755151853998,0.0601876730110335,0.0358444797481403,0.1475587134012282,0.1275658659563471,0.105502597433624,0.1019468602842797,0.1225436540417656,0.1219934068512024,0.1391015973693306
0.0346056535265584,0.0554617930957249,0.0397589152914257,0.1941024078526423,0.1626497839155527,0.1138472271947652,0.10525832561477,0.1275387547609312,0.073174001840231,0.0936031368584786
0.042705375388589,0.060296997853156,0.0466423496150171,0.1558432594192564,0.1331005100081161,0.1439672824042249,0.0897630489970839,0.1078641716860335,0.0889678078973161,0.1308491966809921
0.0435482580167237,0.0561957971910728,0.0523224788415554,0.186987056227838,0.1931390321679156,0.1252603310149256,0.0993477101089467,0.0930563608346704,0.0369964324265827,0.1131465431170958
0.0405900697986379,0.0487444378026597,0.0565538307994384,0.1501966583218951,0.1558033336531817,0.1080045116370432,0.0974669745461029,0.0973739934269281,0.1338808770141747,0.1113853129527411
0.044083179183246,0.0474141889736993,0.0709734183915295,0.1670503944924043,0.1818395549681447,0.1284546788608726,0.078894784540467,0.1000771974486826,0.0795776532933999,0.1016349497956485
0.0526581833129335,0.0535284623583368,0.0762060005807663,0.1837865339613438,0.1802593615135539,0.1061156548760027,0.1092804178557873,0.0895493355285798,0.0820840910417345,0.0665319589244171
0.0440366450559967,0.0611203699772112,0.0507919204772338,0.1629280598585785,0.1801710127000289,0.1028091523726633,0.1026969462382503,0.0974015944674868,0.0893789714035683,0.108665327407318
0.0449019561100744,0.0579805101981992,0.0647124394041035,0.216744151660817,0.1666451227356284,0.1084375619876759,0.0644999281474283,0.1512084164592366,0.0834824735446698,0.0413874396998567
