0.065830687731557,0.0538655933885391,0.0685115885215114,0.2608033176402236,0.2454616943067322,0.0552464297999977,0.0357729451605126,0.0336308803937964,0.0393666617429519,0.1415102012757356
0.0763775378945748,0.0585822274610774,0.0862003365226039,0.2775097677149747,0.2230585127338977,0.0463248841627487,0.0286402870206158,0.0411765581144055,0.0334056052288065,0.1287242831092703
0.0750132898085965,0.0619357179194846,0.0843109651559578,0.2467854606697448,0.2358487902376642,0.0363185832272914,0.0370324746526841,0.0482654786485876,0.02169526121474,0.1527939784268717
0.0790988186117905,0.0681746685871968,0.0879542641397744,0.2475417129341489,0.2968744351425602,0.0450293758969917,0.03823369298183,0.0295297999266743,0.0106873234406543,0.0968759082994452
0.0603771969163928,0.0535472869054266,0.0646061312167862,0.2513134136736357,0.2517653358135766,0.0378066072829419,0.0261629803599162,0.0362927080436262,0.0811350800275392,0.1369932597259563
0.0734303716249999,0.0670112308016241,0.077288662249739,0.2463291008547948,0.2727314683738949,0.0217410586973698,0.0267634896657511,0.0275781084797296,0.0535685931238122,0.1335579160939026
0.0612586491323404,0.0527986843222095,0.0723671592704109,0.2488376648612541,0.23710436074379,0.0424557723837307,0.036505041014065,0.0242524508274583,0.0225582044836834,0.2018620129260673
0.0650519401230706,0.0575521398620764,0.0691398035862079,0.2662370089139614,0.2643296491384126,0.03612769213254,0.020468706304826,0.02727391839859,0.0311154350093313,0.1627037064942485
0.0604791530944747,0.0519496739446712,0.0675770476939046,0.2790552926430042,0.2507439336239039,0.0341291279881159,0.0400562782469191,0.0269457493312118,0.0364011322057292,0.1526626111913812
0.0545222325738367,0.0449084929433603,0.069222430753759,0.2904860305880719,0.2801557299838473,0.0339079694992092,0.0274306024676659,0.0403421846853059,0.0119338282741047,0.1470904981956559
0.0530211352067088,0.0468465151973548,0.0597715056275519,0.2803876715941174,0.2883335032043717,0.0261992710367142,0.0248770090514905,0.016745256519729,0.0364118658775891,0.1674062666469547
0.0585751431999055,0.0487926026995085,0.066224167044963,0.3018422201132199,0.2476725936978226,0.0248732606665933,0.0358710545918464,0.0158493532810303,0.032847943349977,0.1674516613176115
0.0536598353402803,0.0538799873275295,0.0543402592875907,0.3066282035823797,0.2866025948916944,0.0260023227239017,0.0260687001841762,0.0231434897193327,0.0173793947298993,0.1522952121775435
0.0630395005629522,0.0637174034525006,0.0597081628489624,0.2866266689841926,0.2536615355073982,0.0341501569991085,0.0252152073592635,0.0395656992955763,0.0472660709222287,0.1270495940335861
0.0711433602998394,0.0709989151261051,0.0680012765535778,0.3271155232826679,0.2795317209205798,0.0407630724199541,0.0149471772091037,0.0260483754677161,0.0088171929541999,0.0926333857289299
0.0781609085964223,0.0720988588177143,0.0718976027613019,0.3029724017838728,0.2686251915696642,0.0251972121369425,0.0180788253128975,0.0255777909008673,0.0185214994737498,0.1188697086102079
0.0767440460409993,0.0670985572636804,0.0774187115263042,0.2932057497497752,0.3071556290943714,0.0364494500490253,0.0182041776974333,0.0120938186296251,0.0212582470016853,0.0903716129068824
0.079468158312081,0.0670128433844466,0.0823113490495413,0.2787399145962173,0.2891248581556686,0.0237081689608221,0.0224864706884555,0.0102541873751053,0.0305188827312306,0.1163751667094697
0.0773757799341949,0.0691913560836022,0.0781954061398976,0.3152807278597354,0.2689200907986984,0.020441022065956,0.0130207401659135,0.0161080166170336,0.0388053355910312,0.1026615247113863
0.0823210715636858,0.0726466236942689,0.0836850270205389,0.2720719242170072,0.2390048791911336,0.0238187198700878,0.0208566957473957,0.0214493738046684,0.0676547936357315,0.116490891222483
0.0794530309784646,0.077201518666057,0.080614450886568,0.2653046959861028,0.2656615235946884,0.0283926000022073,0.0128734112591215,0.0119314009118547,0.041352873002532,0.137214494679142
0.0919695859013929,0.0841034634841345,0.0970045746459352,0.2736359872243364,0.2446410184077553,0.0153371547830759,0.0110475624425758,0.012940653131032,0.0110833179797461,0.1582366819658784
0.0829156012848249,0.0850742629175803,0.0794792610140238,0.2985361340916054,0.269181453466857,0.0144104857368301,0.0143531050530851,0.0155444720681632,0.0245753230662674,0.1159299012661876
0.0811199827126815,0.0836621400360941,0.0748528560036701,0.2771793339290333,0.238311160190686,0.0161658863342698,0.0222486734807354,0.0149868613198583,0.0631319341790982,0.1283411717835938
0.0994137760128569,0.1036468350088808,0.0893049379434209,0.2427278344946019,0.2659066380361363,0.0139949092597353,0.0147041773072487,0.018858775497739,0.0207757001228112,0.1306664162840719
0.0852468711274025,0.088681419517561,0.0749980912350312,0.2767006484242753,0.254898405721577,0.0143839166084327,0.016119258313356,0.0123786370091949,0.0405081358735266,0.1360846161384523
0.0831372110308127,0.0906836843125691,0.0691131581282978,0.2697791239675985,0.2689950325426521,0.0149717225294689,0.0070782831209455,0.0155417523684787,0.0558406408658367,0.124859391101277
0.0861279121367412,0.1002520822647979,0.0647254759883448,0.2759819491377368,0.2360263888989091,0.0109572048885355,0.0044006048376023,0.0115422742852813,0.0496358335059719,0.1603502740256234
0.102145108689207,0.1232312324556647,0.0691669232868687,0.267691703919713,0.2267165616183504,0.0165420761294625,0.0077862785471509,0.0068225244108542,0.0433451021736307,0.1365524887370952
0.099504665911947,0.1206042302383789,0.0709501445335241,0.2667261765341274,0.2193355185864046,0.0163212428454694,0.0074503878289669,0.0151114721018358,0.0517037511419265,0.1322924102452298
0.1134688270107977,0.1401971218332313,0.0714898245809032,0.2601470398552523,0.2026451284711269,0.0121238911456408,0.0188330042059554,0.0105966416471083,0.0268769486603701,0.1436215725598206
0.1050763993007648,0.1353596024833452,0.065583347196822,0.2650092639447551,0.2112972908426023,0.0075328997983007,0.0115292319926226,0.0108334832618778,0.0504763042992056,0.1373021768486877
0.1121070908747344,0.1431861083012227,0.0640964651325855,0.2195533803914073,0.2266038157371437,0.0099877665988412,0.0068375967139858,0.0040092082369072,0.0533007561771419,0.1603178118054552
0.1237581505038785,0.1529036053078663,0.0721427228009017,0.2385897036716333,0.2159262897127313,0.0062562914228174,0.0065880936351539,0.0110232251712916,0.0367112926507946,0.1361006250912491
0.1218520283708604,0.1490611616866468,0.0740216144312702,0.2653952167428382,0.182787622241061,0.0246466537817699,0.007425948352506,0.0101359140492227,0.0394089219305275,0.1252649183806138
0.1152736812953578,0.1424286592344441,0.0753523708664047,0.2564507335270083,0.2568201883413448,0.0123671875430222,0.0124420677961798,0.0175490328340242,0.0273068933348994,0.0840091851943007
0.1265648473639022,0.1481742957983443,0.0833278585689695,0.2104182945273423,0.214662309797041,0.0122616638517877,0.0076018600900367,0.0120900269110371,0.0451752906017743,0.139723552456826
0.1263173533433958,0.1455486292580438,0.0881234552943411,0.2413145508123711,0.2208632118556181,0.0158647629588532,0.0022289767216934,0.0120543555709547,0.0577736164997275,0.0899110876531803
0.12178186505224,0.1369019425100075,0.0893072661834979,0.2184865128739427,0.244880172219776,0.0044633922383014,0.0081965263780928,0.0127987614085194,0.0578110350500106,0.1053725260551912
0.1418081242901665,0.1628845615764526,0.0984810166956721,0.2038899237072062,0.2333003874876103,0.0113344684776221,0.0116901983444549,0.0050800209439604,0.0434290230973805,0.088102275348322
0.1479301919031219,0.1653317864686769,0.1076703907563996,0.2037173749940654,0.1892906186275617,0.0037689333161618,0.0067262272781159,0.0092521778291303,0.0587122162220524,0.1076000825733565
0.1418179922296709,0.1490385270002399,0.1101060281492149,0.2050124961094592,0.1982117543777837,0.0076288965314742,0.0037840777329305,0.0071698416184265,0.0559855288761844,0.1212448573464837
0.1485096159537222,0.1605782859600125,0.1151897698064887,0.1863162147717917,0.1881454382592716,0.006088739830988,0.0108487559423929,0.0091584935346103,0.0555774799072822,0.1195872059993584
0.1324151077829378,0.1431379718741791,0.1026265724705147,0.1921088671688524,0.212456462144143,0.0166923661367667,0.0125326240525261,0.0093488880312524,0.043263614811911,0.1354175254923334
0.122285944786739,0.1331683562349139,0.0918864964289192,0.2462475741143476,0.2113695721020285,0.008291005991287,0.0103856987736333,0.0047392315936557,0.0240679215945879,0.1475581983456459
0.122377201120633,0.1350306684595195,0.0924193054570393,0.2426742809426848,0.2134815908389045,0.0095117626746707,0.0011576581486867,0.0080059083107397,0.0401997209709474,0.1351419030379772
0.1159780820505797,0.1303816992744016,0.0787626225565738,0.2519109784436919,0.2688832667177903,0.0043338562865362,0.0075614441894762,0.0062085275326024,0.0294214942649128,0.1065580286468338
0.1202162329990117,0.1386050466938251,0.0834427545474739,0.2224363006683026,0.2211734359124824,0.0042516220404285,0.0051394608177458,0.0074000833409914,0.0236337698857695,0.1737012930540347
0.1098119387980032,0.1329368919925629,0.0701390521383079,0.2195389442978396,0.2106591892949642,0.0106689315561435,0.0150311312515484,0.0146579193288598,0.0371061217487102,0.1794498795547566
0.1117862430688088,0.138489932185465,0.0711543597776351,0.2320124141851907,0.1579811838505042,0.0093109948518643,0.001371255206406,0.0075196140708001,0.0593456474631767,0.2110283553001716
0.1181629855800328,0.1495184239178581,0.0670666344875575,0.2231153884953582,0.2126902237312364,0.0090294793979712,0.003771790171554,0.0082999802142857,0.0261112982343635,0.1822337957300042
0.118288503988206,0.144589764530423,0.0660790441932753,0.2021512449784833,0.1899058995742246,0.004181763968794,0.003582686130565,0.0016093707954248,0.0404128189292323,0.2291989028692644
0.1022966643984157,0.1324105894455864,0.0558101447351349,0.2170510865611416,0.1826446988874591,0.0074800409081271,0.0057143537348372,0.0056631920199609,0.0636908656340689,0.2272383636383438
0.1149407258024846,0.141636030106608,0.0652690799686609,0.1852372643413112,0.2055386678847303,0.0080672389073369,0.0038878814730208,0.0092566538693673,0.0472364192404517,0.2189300383630495
0.0960756334925398,0.1322049379918411,0.052545917977253,0.2047644909342755,0.2063300903570528,0.0025052153337536,0.0121505298503753,0.0084642372840516,0.0667572602877347,0.2182016864428195
0.0792624885348183,0.1145833733876249,0.0413712296389047,0.2024361025413084,0.2295328285708395,0.0139956475714223,0.0022056083506497,0.0114498270682645,0.0859033272881021,0.2192595670013875
0.0867301758401794,0.1286839707404628,0.0444356190592713,0.2543709384931759,0.2251846547095043,0.007088526073572,0.0088929649911322,0.0026940027293743,0.0479573383415227,0.193961808971761
0.0889351028113255,0.126907453776925,0.0452455146172663,0.2063824377921502,0.2201901190846891,0.0076446165220292,0.0084497032476135,0.0032074128471999,0.0940462095639971,0.1989914296887127
0.0992945914659799,0.1373036677283892,0.0615721462273856,0.2178551230180747,0.231274786269972,0.0067444182092192,0.0025328149673094,0.0071402567018728,0.044600551935772,0.1916816434233417
0.0985070580250531,0.1281139466905057,0.069574937882678,0.2075719345299662,0.1697096147948104,0.0097736494032556,0.0039054285055202,0.0133610785356418,0.0705280142694333,0.2289543373105295
0.1140542048974956,0.1429833912055904,0.0838495579805513,0.1939588603692819,0.2138213423197047,0.0066596863934725,0.0095657665308088,0.0141166658595792,0.0634576639231229,0.1575328604664694
0.112618931278976,0.136152251260236,0.0820040554451602,0.1903891702819325,0.1953459537185342,0.0087883356714366,0.0195271451874407,0.007772785860063,0.0609953641479885,0.186406007097251
0.1171235124068529,0.14196541784566,0.0924856989218235,0.1931915708064275,0.1802124533309436,0.0117273677795998,0.0002504309972941,0.0024144980578642,0.039259064011828,0.2213699857848325
0.1122014003188538,0.1246671303875796,0.1034757764006929,0.2049919637447212,0.1715482941558611,0.009615536818919,0.0070151700260765,0.0050039443724836,0.0404316231730807,0.2210491605449643
0.096660928914163,0.1040863861168975,0.0879023261706428,0.1978473372299104,0.176744718255576,0.0050668598932055,0.0101725772979054,0.0038650671540359,0.0812751597571557,0.2363786391609166
0.1039354467409866,0.1175538355673454,0.0928668512969192,0.1977429357580577,0.1974041212674202,0.0109625242555623,0.00334325560459,0.0081536796748362,0.09353129636616,0.1745060534100451
0.1176661253622287,0.1353521433242671,0.1006180726170002,0.1654496042639363,0.1526109685365856,0.0056916269221995,0.0073357877988368,0.007700171398408,0.0957213230863409,0.2118541766293687
0.1101642933848998,0.1347949416798687,0.0785731170158413,0.2071648637489251,0.1730951048833333,0.0132044636806831,0.0074518504128394,0.0055343789051018,0.0905629675169638,0.1794540187156503
0.126070685703348,0.1652109933638124,0.0922418524911569,0.1735533092788633,0.1285115361132152,0.0023143986155696,0.0095466356165357,0.0103527128143239,0.129730491540231,0.1624673844082388
0.12627417874047,0.1688067948728455,0.0944097655049392,0.1879578741134452,0.1327555021785501,0.0068297202718264,0.0102645490234051,0.0121270442665708,0.0911404329904093,0.1694341379794075
0.1443118524699979,0.1927624465314216,0.10133124942106,0.1892246804291538,0.1532727081596192,0.0012718930364794,0.0034683851470029,0.0095408561701796,0.1083198323235723,0.096496096253601
0.1468504650144997,0.1889800187237242,0.0988698189174156,0.1614937077075251,0.0847357307204192,0.0147016453402249,0.0051078877443938,0.00573234179841,0.1227595910599078,0.1707687929206587
0.1625370720138585,0.2116755445980892,0.1049807964143101,0.1288608234364934,0.1071762681901171,0.0116566998744821,0.0027649217771389,0.0120857537294429,0.1153485359115794,0.1429135839975857
0.1380401013468343,0.1782322729769651,0.0975989076248262,0.1343511214341804,0.1086911246921747,0.0096174630692796,0.0032705686424767,0.0052883396773858,0.1695082558933172,0.1554018445909685
0.1663067437322845,0.2261288353979686,0.1021647286039738,0.1792494909519875,0.0914654657425182,0.0015169484270748,0.0111048889386234,0.0104545221915658,0.099424869814937,0.112183506141699
0.1814146835595356,0.2390121251424377,0.1089868064255307,0.1021801102130895,0.0798986543314518,0.0149191087798167,0.0080593243156848,0.011770644219533,0.1272973968375751,0.1264611461239872
0.1671770531040913,0.2097512098648233,0.1120789417718601,0.1045114821305182,0.1130590801732096,0.0150897609752855,0.0081714351891069,0.0051797822061342,0.1167988732923301,0.1481823812461712
0.1678803846500416,0.211445407476802,0.1085115057312696,0.0672601814040715,0.0768804855842555,0.0082351322097495,0.0135653291896056,0.016567286456741,0.1574733210161878,0.1721809662338048
0.1602727339802266,0.2053205288689218,0.1050457995500284,0.1074781469745234,0.0731186558281289,0.011157508100882,0.0034128613073012,0.0041106323760805,0.188730745902985,0.1413523870621019
0.1737199458355898,0.2150257268602441,0.1238557223750044,0.0925717954348289,0.0874389252669088,0.0095974553274673,0.008415783204188,0.0061623004802333,0.1588146358253372,0.1243977093342075
0.1639187899417947,0.190130427185176,0.1338498006259614,0.08063691633899,0.0703085266543461,0.0074253605708185,0.010567781870549,0.0123532245476406,0.1362178660348805,0.1945913061769889
0.1674062608108316,0.1857493396310227,0.150287942010636,0.0630096519189118,0.0875998603719613,0.0111807017960055,0.0023859436176957,0.0011727902160149,0.1113297076069503,0.2198778019616646
0.1594000147544588,0.180540572524479,0.127097625398922,0.0912710041108961,0.0757203148528117,0.0179346638132227,0.0111178033671207,0.0050930761047948,0.1647213096812367,0.1671036153378841
0.1498040109854119,0.1702772938576237,0.1309525871317197,0.0968065507672822,0.0549774688556799,0.0289321745520525,0.0025614050906409,0.0109042272091808,0.1480528297181985,0.2067314517763583
0.1495591719480258,0.1649920256186368,0.1430576040333694,0.0791702690435363,0.0924188409396162,0.0162646202612024,0.0103789143103898,0.0126668132137589,0.1295879528571473,0.2019037877112327
0.1210290107477076,0.1388291736289357,0.1168443302924047,0.0673828979638713,0.0717246829562076,0.016538419535425,0.0101544417323834,0.012938327326092,0.2071170684126897,0.2374416473486254
0.1607564684303146,0.1826809308721687,0.1467048063462782,0.0958347259753295,0.060432776872178,0.0020556829040932,0.0090941609404104,0.006059580747156,0.1329832435960707,0.2033976232496333
0.1448663078634882,0.1558004549649261,0.1436009479869567,0.0659903374222102,0.0593394006654965,0.0117224154019747,0.0106970050544161,0.0083369007429925,0.1994443927938109,0.2002018370418358
0.1615413845446743,0.1810442653495886,0.1498863819847549,0.0898137148802726,0.0430099794464829,0.0114759898103158,0.0134373991304119,0.0117788350757919,0.179527929029756,0.1584841206845524
0.1342072970158554,0.1512432316822395,0.1190096526708402,0.0522603708942752,0.0260319411677094,0.0156567949353539,0.0064660821424973,0.0186099385433165,0.2622934156614038,0.2142212752365365
0.1296515907537029,0.1498866334537075,0.1168529266901192,0.0499736180276814,0.0427634694060016,0.0091614879006253,0.0061243143460083,0.0062073176690706,0.3007366982343681,0.1886419434648145
0.1503945464169362,0.1678807662226527,0.140698186502775,0.0263273797524602,0.0249220946646896,0.0189505823299258,0.0136585772627392,0.0091716817825209,0.2657824859163719,0.1822136990883671
0.1453694043416395,0.1540436248857689,0.1297737507620428,0.0435740332909781,0.0257750977364072,0.0061895218756822,0.0127031513522118,0.0139015385427446,0.3014391474318821,0.1672307297267156
0.149995028860013,0.1538525276361315,0.1483342259882421,0.0554944393924946,0.0296522362680615,0.0395825689855395,0.0074801890463156,0.0149384315337741,0.212039047465681,0.1886313047656587
0.1731451554302271,0.1859150548023179,0.1566564795499036,0.0638613816493279,0.0200358800862267,0.0187462273042121,0.0143078325294417,0.0059781041088104,0.2021646828058575,0.1591892016750384
0.1706892655616773,0.1848222747599342,0.1538878914309837,0.0426414931167777,0.0411334060708831,0.0067484054845764,0.0121407829935155,0.0151059142236516,0.1914280978998008,0.1814024684031367
0.1775298909903228,0.1950819784036981,0.1548813090337457,0.0325788321939185,0.0141720294785617,0.012248470721895,0.0144131793808255,0.0123887687509641,0.2346612756518555,0.1520442653389541
0.1856246091031874,0.2014443523996904,0.1595920026577169,0.0222399933280939,0.0207000506798401,0.02844345854026,0.0149719088367133,0.0206373205222904,0.2220241944666853,0.1243221094139095
0.1624760946989548,0.1712731327344076,0.1453661326640016,0.0283166244040297,0.0119834190766412,0.0028651570199733,0.0281083393580786,0.0137937298137105,0.2817012798383446,0.1541160903441997
0.1796226328947362,0.2005526953447156,0.155340811876383,0.0216420851523018,0.0098790622400903,0.0194271791928042,0.0180799663561364,0.0161889778312405,0.2562597807326124,0.1230068083293215
0.1797346740017792,0.1925035832174977,0.170401396309841,0.0220806374011883,0.0088339090103353,0.0245958430271396,0.0158948439905003,0.0069276148657334,0.2459766713621009,0.1330508267501859
0.1605282263451939,0.1550793051754473,0.1551875214852521,0.012644643532067,0.0236813422134346,0.0148627635722511,0.0094797490329944,0.0208085109630651,0.3150851793818661,0.1326427582512331
0.1801871375966724,0.1833266857465185,0.1719943370410098,0.0212470192732608,0.016257629239853,0.025164085890394,0.0187754809918961,0.0048112704576096,0.2509118266282026,0.1273245270819019
0.1757680935550877,0.1603978729908201,0.1905207635440349,0.0286255149165928,0.0224912620578667,0.00745333441352,0.0007996638887522,0.0069150944851689,0.2537398837410969,0.1532885163535113
0.1767019725237935,0.1596571088395205,0.1903697906782836,0.0053472740901981,0.0096460511162957,0.0214665808565998,0.0131685140936118,0.0106064311044807,0.2313187409558975,0.1817175356867842
0.1862621179372198,0.1646080220498264,0.195688453741508,0.0175219005327818,0.0054011799653415,0.0237643295732514,0.0190800622770619,0.022487164041976,0.2366700070629957,0.1285167627621672
0.1902909616810156,0.1763709831609051,0.1933774004842981,0.0069479986982343,0.0154525178012987,0.0188882508280301,0.0168248863300719,0.0136070834913943,0.2347363600522354,0.1335035574209608
0.2051416374277523,0.1884836762856578,0.1957764876420733,0.0080922404771276,0.0050061940161665,0.0183958845912315,0.0181154876807432,0.0280129881955613,0.2488208374399901,0.0841545661961098
0.1796986373273793,0.1656555114170339,0.176112435237957,0.0048504839629348,0.0163669600216849,0.0096329366695053,0.012350551212695,0.017531967902741,0.3055328820598064,0.1122676341442253
0.2095554136591949,0.1979812504870865,0.1945501072026753,0.007730343535474,0.0033401892292295,0.0187433778014695,0.0169184794371044,0.0224546704684712,0.2362048518824304,0.0925213162477031
0.1921049681072759,0.1824904558165015,0.1783897894555465,0.0170279868393127,0.001742173877904,0.0191660714183915,0.0190034026151038,0.0146652113083726,0.2910675743547342,0.0843423661613924
0.2013742731961989,0.1823117228121767,0.1944358935366664,0.0173211020082169,0.0070613877119052,0.0285058433513302,0.0058497353595722,0.0211589773102421,0.2630386319478867,0.0789424327198355
0.1886166304354504,0.1554679770079901,0.1932652870697964,0.0176936239986804,0.0056738544134547,0.0123275846666591,0.0133819355183636,0.0163185007933254,0.3173692154415325,0.0798853906066185
0.212100628911436,0.1790971531263896,0.2109526303950755,0.0025971578830217,0.0089278898559219,0.02821038864215,0.0185024819588765,0.0396314548518131,0.2469160756828723,0.053064138642767
0.1990456680918627,0.1688128054021496,0.2031235371452782,0.0088005251757822,0.0079928910378925,0.0241588365219312,0.028333964246453,0.019014526020991,0.2598403001462434,0.0808769461653102
0.2094757420406297,0.162413059730503,0.2338584990916533,0.0032864389770868,0.0080362877897826,0.0260886244485755,0.0163751071257491,0.022943454359757,0.2576975912347014,0.0598251951603687
0.2184508000397406,0.1862364249996358,0.2201930436870449,0.019102890236655,0.0045584531982576,0.0205884087221825,0.0247896168794483,0.0262794659804846,0.1962098223914148,0.0835910738208753
0.2185172054230726,0.179590821458203,0.2315761543375466,0.0071477754448358,0.0073679411557222,0.0252471267257566,0.0223715910221518,0.0277404100976846,0.2005652611341074,0.0798757131570826
0.2212467479432759,0.1826350176132724,0.2351453568304607,0.0040206293378052,0.0006272350254024,0.0268050607392472,0.0281518716068565,0.0252466765675442,0.2195683951892721,0.0565530091036033
0.2099761269047419,0.1679217891207289,0.2302266473309409,0.0146455798284224,0.0041493590734754,0.0198088372706357,0.027337363502915,0.027565198927195,0.2146884084608658,0.0836806895377645
0.2205535568664263,0.1792615468308524,0.250947904686165,0.0073570726185335,0.0059254024362396,0.0219738902312865,0.0199283207901186,0.0299642586817023,0.1587230551218653,0.1053649916907386
0.2240774830352367,0.1822817305819285,0.2404729512151993,0.0079942759730813,0.0032155459462685,0.0255110135606898,0.0248091311656524,0.0292566292578607,0.1878838492382546,0.0744973899804949
0.2451353927945353,0.2026589213797769,0.252111242039444,0.0108774054344578,0.0088417928280306,0.028621973584624,0.0248401868238643,0.0299772044487627,0.1538163397666568,0.0431195408548345
0.237606217857751,0.1954862523288245,0.2405549223659832,0.0101267088878656,0.0013064052481692,0.0141593148843506,0.0314437995976649,0.0257634182769674,0.1621839271559152,0.0813690333527537
0.2316518994443849,0.1934372050044097,0.2174244153507552,0.0065009440770227,0.0060567620013421,0.0237835510025763,0.0273723866916512,0.0350221684768492,0.1945205269975718,0.0642301409113154
0.2158118675075826,0.187649138560003,0.2009705594523872,0.0054943391289543,0.0024430767370934,0.0390008777173238,0.0208036109487218,0.0321474448009635,0.210199298698094,0.0854797864048359
0.2356800275224694,0.213943874818813,0.214526425042413,0.0087723660483532,0.0066989026071761,0.0349917100814345,0.0384029329546902,0.0330393062862333,0.1703547964776648,0.0435896581092148
0.2399560834271273,0.2230745245961981,0.2197629693370275,0.0044629720739358,0.0086121824607294,0.0382419912594966,0.0235966316617551,0.0349007622675704,0.1502372476528599,0.0571546352174077
0.2105677416619773,0.1992110869172006,0.1948604331231607,0.0051675568599927,0.0038636093741632,0.0579205536696552,0.0388714801820286,0.0360882837722067,0.2094797484306024,0.0439695059664923
0.2134151857140468,0.211144140285697,0.1932803473192913,0.0082918607700903,0.0103885551842448,0.0237840120188927,0.0542982239117659,0.0348227804753868,0.18748049622219,0.0630943980535395
0.2201521610891854,0.1958564581326204,0.2196381509748985,0.0117743279713187,0.0016524803468686,0.0500733678678611,0.022108301228629,0.0436896599569744,0.1825311168863579,0.0525239754986968
0.1898787251208987,0.1667606484410404,0.1956333832967871,0.0085144805550777,0.0201921476449216,0.0410338205917697,0.0322855011424553,0.0474206682364203,0.2167683681544301,0.0815122567677657
0.1977987330753873,0.1782094731672293,0.2000566900505803,0.0055805853390014,0.0061699839674237,0.027752548578353,0.0309783925250694,0.0305173651665164,0.2686933053530496,0.0542429227306163
0.1836922964682252,0.1653098382477401,0.1782526384428899,0.0072181236031508,0.0071756620617025,0.0292363949597137,0.033135685077953,0.0686622777799913,0.2387926662123752,0.0885244170947934
0.1862653841198904,0.1745064905464064,0.166857105570538,0.0184151758732472,0.0233242564450613,0.0608838802958086,0.0402712095384171,0.0323846063316097,0.257696449041666,0.0393954421917097
0.19802710481545,0.1806596737525171,0.1776374544795116,0.0133411423496621,0.0141581812282288,0.0445841082707693,0.0355895977239659,0.0502902704863259,0.234283974514199,0.0514284923296944
0.1975736414349904,0.1824275267675748,0.1784162178414838,0.0182645214486184,0.0067597622744469,0.0398412460364869,0.0414431777652331,0.0554059591180928,0.2377008752753344,0.0421670719932993
0.1950023993557456,0.1937762466116949,0.1698523318597154,0.012692906239906,0.0185177433305491,0.0465048118520985,0.084616996135472,0.0359952884770891,0.166810446324476,0.0762308297619316
0.1887183494578281,0.1803324933881288,0.1718277287514629,0.0134096346060045,0.021763968241478,0.062188544663225,0.0238824130219178,0.0720429084738435,0.1702409135904189,0.0955930457501054
0.1882152839999937,0.19250774600136,0.1625161000581088,0.0215895504779272,0.0137445664131881,0.0434901182477923,0.0323822219317624,0.0730573751054117,0.1695125811643794,0.1029844565421464
0.1825755449817731,0.1758696430044724,0.1533748602057707,0.0277262903161857,0.0213074544329975,0.0616291140935693,0.0572342010403461,0.0567571760702847,0.1657179877096978,0.0978077280913339
0.1954006611055479,0.190990220294317,0.1591007344239768,0.021829484028068,0.0079972320770824,0.0573746114718471,0.0665949353048802,0.0731660032355752,0.1773324057162646,0.0502137122837124
0.0896372478577601,0.085799181614896,0.0882467555661032,0.0174573380953052,0.0102058887035421,0.045049228647663,0.0408655175194599,0.0385464994392184,0.3103670060168243,0.2738253365016169
0.0788715825321919,0.0743382801472848,0.0745666175179685,0.011144122876137,0.0045576285886611,0.0293170424417301,0.0312434579218922,0.0365137773823889,0.3461596370935361,0.3132878534622174
0.0727474509993708,0.0680434055980119,0.0741980646020463,0.0300448192718036,0.0145252253445749,0.0435748811008444,0.0542533136109997,0.0471090405155638,0.3085181419148177,0.2869856570055203
0.0867513538631158,0.079747322344738,0.0893262329756239,0.0314801916952679,0.0303736910095298,0.0445784209034162,0.0579139170388266,0.0526323910735818,0.2478649392953781,0.2793315397550868
0.0773693558554073,0.0732850572583901,0.0761226215239678,0.0220642610694537,0.019779363615577,0.0500960995001967,0.0486183747360659,0.0417001771970988,0.2949654030633566,0.2959992861478625
0.0878228707242163,0.0837645186279498,0.083542645027103,0.0244892260328758,0.0190150142029682,0.0402323979521774,0.0566987977279473,0.0364085731971963,0.3044807877100243,0.2635451687590762
0.0963238560666602,0.0884783270941104,0.0985441585895199,0.0245690283937269,0.0179329258609345,0.0559225905870239,0.0594344939936274,0.0470511775699155,0.2208508094255478,0.290892632380501
0.0949869469799247,0.0851318385951642,0.097620648072289,0.0159368813531491,0.0122462219572706,0.0559525349652763,0.0374941521724326,0.0597505077688311,0.2245029927842977,0.316377275313282
0.1400437707313507,0.1091733043420782,0.1542077305428713,0.0428611489026351,0.0186104730817217,0.0925745558498094,0.0757536389620925,0.0637921640902349,0.2481412694812098,0.0548419439606355
0.1359808317015902,0.1041454521458133,0.1522536067089425,0.0346054333401216,0.0454675021078464,0.0664282867756476,0.0756523269868246,0.0826413758895632,0.2602419570420428,0.0425832272498855
0.1439147735901847,0.1122125263505143,0.162017654223796,0.0579634919936891,0.0369936035467425,0.0767039083491666,0.0828582813603526,0.0882653300913039,0.2041377904988117,0.0349326399451717
0.1462788674465689,0.1078959517087735,0.1696405274379212,0.0523169662297459,0.0500723589200959,0.0693627944627186,0.0676716990472124,0.0714671386519444,0.2083305560962265,0.0569631399454128
0.1593773574710152,0.1278917180714296,0.1698864418847036,0.0481709990019235,0.0414591817854622,0.0926019998189615,0.0795896893387957,0.0958325166008771,0.1388909066675824,0.0462991893028764
0.1673123972096052,0.1368085908545335,0.1742291878237713,0.038077767055265,0.044676226977566,0.1068403289710299,0.0597949718462193,0.0840435078413957,0.1452961567766071,0.0429208645927392
0.1493111206943838,0.119678266665135,0.1619843907773279,0.0755591703886945,0.0358997329471519,0.0739095716099479,0.0642944833226147,0.0679077792104891,0.2062891122822463,0.0451663720573583
0.1419893764255203,0.1106799156461454,0.1569265302359911,0.0609386779624445,0.063186084509788,0.0751456555981752,0.0760286502205931,0.0656643554263551,0.2152063055976964,0.0342344483349313
0.1525751315429619,0.1262503720615152,0.161559133333225,0.0684047382346404,0.0484942665087309,0.0962166176976564,0.0688547572781003,0.0534924048504853,0.1574984176154306,0.0666541608343946
0.1584720675847888,0.1344314681173408,0.1656821783519509,0.0576978557857357,0.0409559974670386,0.0938165181614709,0.0843025381079249,0.0707878285644913,0.1574222853331708,0.036431262483332
0.1537427123530804,0.1302304681758645,0.1573326710086814,0.0611922977438854,0.0371375580779292,0.0720694745008157,0.069216565951741,0.0663479251583925,0.1990311164102744,0.0536992105808836
0.1381559812083939,0.1121917094663588,0.1504331152152893,0.0759983749506489,0.057105425900437,0.0705608735649586,0.0777237599468034,0.0930755828432588,0.1698494501193254,0.0549057267490051
0.1437906789425679,0.1112307711496324,0.169172324852901,0.0605851522244865,0.0554207531528933,0.0834816558501813,0.088528831833326,0.0949854475956425,0.1524466504244668,0.0403577339311952
0.1324701877402186,0.1053952821349794,0.1545640068547989,0.0709500316680286,0.0616371757003551,0.1191421512216428,0.0941545014185064,0.0629498163741937,0.1693522222116679,0.0293846246381939
0.1443734384206938,0.099236486537804,0.1820298264930728,0.0722511077850385,0.0571058107739949,0.1051195104937809,0.1041458356142084,0.0745021179633214,0.1080189113032053,0.0532169545778124
0.1262250440021273,0.0918711625795191,0.1631225287094956,0.1055106498235606,0.0600531209318978,0.0760403005699354,0.0832794292159147,0.0841550781887343,0.1532201998176288,0.0565224861256996
0.1254654593628812,0.0879900962370563,0.1637996792166095,0.0711324082504372,0.0654516325658372,0.0985866481812376,0.0998002026196019,0.089027214063688,0.1699743674692528,0.0287722919955613
0.1179623115967074,0.0771399959124986,0.1674333929974754,0.0909219511483509,0.0700271979947948,0.0707999093909761,0.1166097710223434,0.0653927558845614,0.1745881008092189,0.0491246132027884
0.1132614577123913,0.0763905631114105,0.1554924222645201,0.1073026312766889,0.0734947477178591,0.091868356989681,0.0809701773288159,0.0806296207600826,0.1829798173421143,0.0376102054621311
0.1188476086339504,0.0799758617121336,0.1635746826020309,0.0844379135077968,0.0944165236634194,0.0962040794337871,0.0930783078510558,0.0876282785194879,0.1481595938746261,0.0336771501670342
0.1252910266145788,0.0827428142462806,0.1742713298781785,0.0848589620069485,0.0860520619993464,0.0846120993387793,0.0948973055607033,0.0894911498301889,0.1494817211513552,0.0283015293387552
0.1331554766576801,0.0935876923502211,0.1651625302428589,0.0900546813625388,0.0842205241458318,0.0916312280768163,0.0829561727408831,0.0988503888240543,0.1053382228822814,0.055043082684368
0.1264441106120453,0.0833325394362296,0.1781322504043345,0.0747291483556644,0.0931289266995772,0.0848130133769034,0.0965183499911941,0.0855739420491686,0.1108265775773029,0.0665011414616263
0.1397420371290123,0.0916697258415054,0.2025624156915991,0.0993644878802309,0.0849266111863418,0.10599764175542,0.0912821443478586,0.0835507888236731,0.074922907898585,0.0259812394104357
0.1375782202763706,0.094160287511765,0.1870754123285929,0.084315897964866,0.1183564893170374,0.0952081300463977,0.0807038806883792,0.085813302820505,0.095925739532534,0.0208626394828891
0.1581836179476208,0.0969471572986089,0.2138653496791087,0.0756842583140582,0.0836153753324362,0.0824707808091133,0.0955014127364925,0.0846362677823711,0.0676698560410343,0.0414259240278781
0.142032587726244,0.0827182605886255,0.2020743080354104,0.0897534644218788,0.1045337941247799,0.1036376461568192,0.0924750233783224,0.0731263510871215,0.0699308569913084,0.0397177074605818
0.1336252619584731,0.0794959934238948,0.1924578065666215,0.0977070358141498,0.0709360783435881,0.1031562599711412,0.0722954132817927,0.0836773583687269,0.1286907145646691,0.0379580776788406
0.1352229939220598,0.0868571636448356,0.184958862827252,0.0802176200380527,0.0864929061430308,0.0921167928262414,0.0854214646591057,0.0854123851925112,0.1187762304025093,0.0445235803178551
0.1455643961884435,0.0903768229314129,0.1942284469363468,0.0926233287237317,0.1074346071585896,0.0919307493045729,0.1035159462041633,0.0716884921703404,0.0721192351357119,0.0305179752199998
0.1493071629142413,0.0934357664767536,0.2032455963593758,0.0944068372942915,0.0753966601533627,0.0813286698036417,0.1137782471701266,0.0765177393525059,0.0697098343704158,0.0428734860759534
0.1283301057908622,0.085695656238941,0.1739618049892161,0.1086427439508469,0.1019407117204328,0.0898292667438889,0.0828979433589197,0.0957899935030959,0.1001044564048121,0.0328073172715002
0.1352761578441759,0.0889704186652106,0.1734248904180526,0.1018120037632699,0.1271224288628523,0.0949757339702102,0.0905666756619132,0.0752262498445616,0.0753530991604399,0.0372723417822006
0.1255346502383218,0.0845527129951914,0.166444812985031,0.1262152812452883,0.1176446429418364,0.0896645331775252,0.0864291284049023,0.0921583905736128,0.0839570153305837,0.0273988320826711
0.1256737606131685,0.0875918414378156,0.1626440815769473,0.1171894811581389,0.1242478204169379,0.0899454591572462,0.0796876949577249,0.0791025566735,0.1010738369823061,0.0328434670009212
0.1172020817524024,0.0810427036706141,0.1594937769158623,0.1192972398944977,0.0976587530559862,0.0890412096450788,0.1196623220860033,0.081215128064164,0.1047565474887256,0.0306302374004079
0.119914157821302,0.0828994604309455,0.1609439287298611,0.1160187702980471,0.1416570137069839,0.089387279125503,0.0881899744585158,0.0896062772042845,0.0821617123182133,0.0292214258796303
0.1020359038200116,0.074940942532041,0.1285289571229007,0.1122716365354165,0.121987993709737,0.1052058195651423,0.107417596170033,0.1142150308742584,0.0805552436813975,0.0528408759631272
0.0979253094360078,0.0710553321734437,0.1302701944124655,0.1294957194086325,0.1231803038228244,0.1032197130333806,0.0854433749790525,0.1318864992190589,0.1030482478652539,0.0244753056217048
0.0973544561636969,0.0742914668273996,0.1221728526578328,0.136976420771074,0.1380817744187539,0.1047836789913889,0.1075496931539285,0.1036904132398697,0.0715872230758636,0.0435120206735714
0.0837700396233224,0.0645816321885864,0.1171141366489157,0.155905204932034,0.1505006405733123,0.0985287110417223,0.1108952332230128,0.1071648910266469,0.0819300810592925,0.0296094296566069
0.08138177292836,0.0657366245104323,0.1167409549303499,0.1277651145688727,0.1611288109606497,0.1058885173694043,0.0992396674748582,0.1025248015509911,0.1079828281713997,0.0316109075086079
0.0806063166969534,0.0664108027340213,0.1082121480284001,0.1512152885835375,0.1355826211301663,0.1261120928703654,0.1240267653150758,0.1044797160819956,0.0809521907465246,0.0224020577866938
0.0805068216832264,0.067300930022852,0.1060891711481984,0.1266976390390597,0.1519764792656658,0.1168748758605943,0.1141776412988396,0.1148503092718709,0.1023558877100706,0.0191702446745861
0.0894046427208712,0.0756335619153174,0.1127650783738031,0.147518256552339,0.1436800065352204,0.097023535323806,0.0976382914934705,0.1186295578030939,0.0929390664449778,0.0247680028124527
0.0785614292339486,0.0678219769031533,0.1070436170880709,0.1364207929938442,0.1428347115900342,0.1283112542110297,0.1151952590974531,0.0976061627663807,0.1043758470254641,0.02182894906625
0.0777939241985748,0.0667090506127182,0.1068589340056868,0.1556825542335768,0.1736064056652883,0.1106708415146036,0.1147498743779072,0.1025432188876068,0.0698391812306246,0.0215460152472915
0.0744533338596892,0.0672247715814973,0.0918760309184311,0.1713107668125066,0.1517956959561948,0.1145140949874709,0.103509727912411,0.1173266983934951,0.073814063197063,0.034174816357865
0.0961015494276961,0.0835501164033327,0.1110653996379799,0.1514343350345881,0.1730270995347303,0.1057055477352283,0.0791007572800668,0.100932034405969,0.0722298198838555,0.0268533406315615
0.0835631386437965,0.0748315133787325,0.1064758122629175,0.1732937339266642,0.1511772244655647,0.096087250230839,0.1025696823334224,0.1256461195872015,0.0512688987956086,0.0350866263514058
0.0843420179279291,0.0788202650723922,0.1009698935570863,0.1720451477647294,0.1621746719754812,0.0990560707228968,0.09962766502408,0.0937722028316651,0.0854678474335516,0.0237242176677283
0.0875310611233776,0.0818269162981106,0.1021549620792897,0.1442518980970337,0.1626352651206659,0.1131179068210713,0.0961708651603221,0.12787553256168,0.0558049271250921,0.0286306655915197
0.0925018725945001,0.0871003214801084,0.1077129690051828,0.1535032160957026,0.1555728843867187,0.1113820211895489,0.106605355049935,0.1001180239058009,0.0660212424873276,0.0194820937829718
0.0873603919306748,0.0794359220418909,0.1011576919582468,0.1455775523270583,0.1392368868744112,0.1153434565945074,0.1149376787376453,0.0978017835709633,0.0852373587188126,0.0339112772239607
0.0829814752643106,0.0794053338440765,0.0941190963895978,0.1817848443235384,0.1440756806593075,0.1109803500152519,0.104795774088657,0.1155721991934267,0.0555278654863368,0.0307573807122699
0.0836437334228814,0.0800742961019009,0.0902851648285809,0.1253010699783657,0.1589365066207808,0.1145009099180035,0.1222671251595083,0.1045795072229787,0.0801003355373693,0.0403113511891396
0.0928018886598211,0.0925962747399476,0.0958012547751654,0.1512944617411799,0.1356958285292183,0.1007259494917604,0.1086676735877348,0.1260364193401876,0.0681495209623773,0.0282307281506637
0.0847488422061581,0.0962452940982461,0.0774585558016805,0.1457798844143729,0.1613168546674346,0.1043645547124503,0.1157843748750239,0.1189176579550078,0.066905178958717,0.0284788022909881
0.0896504717361055,0.1007665665193517,0.084098447189193,0.1363515387954895,0.1657331232770148,0.0961555386227378,0.1081810731120572,0.1425447305056055,0.0472552189292491,0.0292632912917861
0.0935909380955647,0.1035277187500021,0.0848914189735153,0.1552707323369768,0.145591826713074,0.1141102723158682,0.1001945330829298,0.1069118254110536,0.0634266190662506,0.0324841152334816
0.0871227238004284,0.0945822606880329,0.0768899176208216,0.1774614789424575,0.1457280337658244,0.1173243218021063,0.1083347078533759,0.116123399970448,0.0517312139384448,0.0247019415991855
