0.0736176223980621,0.122288863041282,0.0458878743144091,0.3046792208976606,0.2971783071062666,0.0170434935418833,0.0100260563854672,0.0224595126691458,0.0267314170433618,0.0800876325600793
0.0721096923499973,0.1141616724891658,0.0458016558654061,0.3112275111917997,0.3134189939227564,0.0184155190334586,0.0124867575960083,0.0076104911253146,0.027067835071953,0.0776998713152285
0.0823240373849527,0.134325903049559,0.0540681136569696,0.3003115171944628,0.3175017693131134,0.0235356467517675,0.0080354929628167,0.0093313176653225,0.0052599073841097,0.0653062945924417
0.0876512225544778,0.1328859577920076,0.0556599239462349,0.2790616773202278,0.3050625423573121,0.0113657953908551,0.0063154067145648,0.0089814065622686,0.022560590808829,0.090455476516079
0.0883954187369843,0.1313357270375688,0.062549368530865,0.3083232400001821,0.2512267751942293,0.0193239891671424,0.0206023059123366,0.0045185655791264,0.0180656688757333,0.0956589409241919
0.0883873300495213,0.1278433609285959,0.0672168868002952,0.3419330754972268,0.2563164213726305,0.0163317071555171,0.0078905128835183,0.0069038935441221,0.0069105660071611,0.0802662457206754
0.0865917971775333,0.1196923001794306,0.063829240620429,0.261683594523303,0.287147833704429,0.0190017506303313,0.0062433266253165,0.0144406832495348,0.027110814431231,0.1142586588200521
0.0852600441992378,0.1123307875469901,0.0739294704424864,0.3048424052238797,0.2740600699360441,0.0147438967771914,0.0111059232980111,0.0099918138808995,0.0129918661592496,0.1007437224939215
0.0841078452163774,0.1188926611865566,0.0601979961926504,0.3281684225638593,0.2713674528003114,0.0160831737793682,0.0036176368685608,0.0097284209387491,0.0292855968978919,0.0785507935143021
0.0845207885209286,0.1167956446240509,0.0588139188534603,0.3415588424905184,0.2636727352888361,0.0097894148309708,0.0041575792405296,0.0040797035855844,0.0244531282948208,0.0921582442284339
0.0795067283745875,0.1142008971682444,0.0541674653911104,0.2909868721988249,0.2656003105609278,0.0074491257359605,0.0121087691258053,0.0056998117138232,0.0298247235719954,0.1404552961165257
0.0819354114589464,0.1178642110510831,0.0618861074595624,0.3086772641575964,0.2504098859268713,0.0241049015636752,0.0129602293248917,0.0191889787637945,0.0304326095910662,0.0925404006575899
0.0811512429269814,0.1148237123240858,0.0597582955464746,0.2790916941656243,0.2663368307701524,0.01433949763619,0.0113164436311653,0.0094089512823151,0.0320709295075352,0.1317024021661369
0.0778320447356704,0.1166789511536227,0.054046439837782,0.3277186934030119,0.2772654627967171,0.0111594753837522,0.0072403030921346,0.0104028812606698,0.0201106531500547,0.0975450951422681
0.0890753880255676,0.1268759797904598,0.05804350791137,0.2670840157451356,0.2785502375966989,0.0128801191522198,0.0144203120921703,0.0093298448272428,0.0362824634382936,0.1074581313769355
0.0934653523673338,0.1320776967963324,0.0719027006718898,0.2717946445255628,0.2566875293240201,0.0007810929647295,0.0020807036066639,0.0132015018870444,0.0499543407530378,0.1080544370529358
0.0722188823981087,0.1090982873481803,0.0501025210639154,0.2636041171543943,0.2683369889444973,0.0111497357180932,0.0109756371147056,0.0181724144839376,0.0666938060672081,0.1296476096610181
0.0859048867132847,0.1327302978914678,0.0564110377775447,0.2504182955666292,0.2446985677367493,0.0093110945304141,0.0057134815827449,0.0026449021922015,0.071155965938146,0.1410114700240194
0.0921361128963057,0.1445164103971183,0.0594198751941011,0.2285792624929761,0.2502061079952684,0.0157223011665161,0.0143344206266516,0.0165842448142352,0.0401586815681091,0.1383425827996983
0.0906397741344957,0.1401807973056523,0.0533667137576084,0.2530050019505436,0.2493931055270878,0.0063232569605707,0.0026613270620276,0.001469386836426,0.0501063773146132,0.1528542591020457
0.0918491444232654,0.1383217261101856,0.0595150124926607,0.2490263201220016,0.21362754973947,0.0052365814233052,0.0041358836154308,0.0103790556628423,0.0350811060247104,0.192827620334468
0.0941181293124589,0.1318486412865122,0.0573077973290507,0.2283335340456193,0.2763808609968359,0.0114952532830287,0.0034489544865786,0.0029166524660566,0.0495151540878134,0.1446350226585111
0.0839925406427147,0.1242372265900946,0.0563367564219584,0.2140377265919753,0.2403687941103691,0.0114424550466683,0.0342578271910386,0.0212882225344009,0.0672423380627648,0.146796112761304
0.1015103616738715,0.1513717746751569,0.0591510705774952,0.1933873237522921,0.2462733705037951,0.0127862349743832,0.0045029884913159,0.0077753231630168,0.0517783117652208,0.171463240373464
0.1025452396721064,0.155071009846106,0.0552742169953874,0.2167377923125557,0.225235777174957,0.0063519705613153,0.0022890685598112,0.0146580807447588,0.0678998950210099,0.1539369490666275
0.1130986869658599,0.1668156933000453,0.057328620643115,0.2158736972718913,0.1996692390819724,0.0267387054567329,0.0037928072498081,0.0030084704845227,0.0716924452321125,0.1419816342674197
0.1086742939951588,0.1596787763181894,0.0621516635417472,0.1745354644610438,0.2196784396939761,0.010869989240246,0.0232251324252047,0.0081104496808528,0.0752083431754615,0.1578674474235398
0.1097622327232115,0.1672497590604604,0.0635476313489409,0.2310468177497495,0.2121989896445408,0.0049810468856503,0.0088192505095415,0.0048116845289738,0.0485159771845472,0.1490666103143489
0.0960590654814283,0.1571450954237897,0.050764593494043,0.2008973650236967,0.2366671115833659,0.0059996043472099,0.0118716063635552,0.0065464960925237,0.0596074681883915,0.1744415939516552
0.1212653677886222,0.1737691948256404,0.0707273443222249,0.1860099411974564,0.2319895570263266,0.0086554959898852,0.002131071686612,0.0079555060394784,0.0507958398960619,0.1467006811728539
0.1188947510796869,0.1806821465018492,0.0658872039192331,0.1652882710519223,0.2055172034850567,0.0090822773842546,0.0078179859353448,0.0148864654717149,0.049202555746819,0.1827411393772113
0.1221241082926986,0.1877336016271699,0.0629413395180402,0.2155757943934573,0.1729894630260193,0.0116772559312821,0.0041379361794985,0.0035954384301773,0.0539904443087881,0.1652346182418143
0.1224573115489644,0.1887590862602135,0.0628930197423166,0.2002660929241911,0.1995966319448206,0.0041046211990722,0.0075664488436502,0.0177628952248003,0.0204849571812871,0.1761089350772906
0.1309990811493711,0.2040741296000784,0.0719250859655207,0.1668565255083594,0.1815798772826221,0.0107256994847972,0.0074412276983586,0.0045499022160485,0.0499553489730114,0.1718931220634848
0.1144425138040218,0.1840375058363626,0.0592538188272035,0.1961737895135444,0.1671673905011152,0.0119121478271994,0.0141184309612734,0.0074628759100999,0.0769249527193157,0.1685065740439301
0.1189579070364325,0.182320182325493,0.0632810225776794,0.163479366514902,0.1769187429813734,0.0081525654619666,0.0043495135119649,0.0160589499278691,0.0555131442720853,0.2109686053363435
0.1358166403189037,0.1969441193373531,0.0688527523454706,0.2237684845235155,0.1168532700652346,0.0008981540843006,0.0035185328747671,0.0055414552683682,0.0792605123705938,0.1685460787585095
0.1535347668446175,0.2083515010983935,0.0854014037935048,0.14374300836178,0.1651538686212505,0.0047978024821618,0.0006174050911992,0.0033486218398266,0.0492610748419555,0.1857905469819396
0.1658226250220371,0.2284065721325559,0.0957683579874278,0.142683574603642,0.1177945550181241,0.0113176685394245,0.0066771754548543,0.0035974870367058,0.0554422872863145,0.1724896968750184
0.1900415922713417,0.2446749938393541,0.1156616731851722,0.1192580714551442,0.1114184220283514,0.005971188798151,0.0040509286029369,0.0119121429221291,0.0483254409900364,0.1486855458582122
0.1786477104932606,0.2256703867360482,0.1098338207430148,0.1288164310047166,0.1160901739729896,0.0102606346698375,0.0178038123208656,0.0065868289303768,0.0345248377890387,0.1717653632930377
0.1911317949859486,0.2385697427309229,0.1168175956193817,0.1198572500951856,0.0905913354972517,0.0043947564003607,0.0085533491813121,0.0090838404791261,0.0446610240906196,0.1763393108720709
0.2076461744031292,0.2563703743426584,0.1393150082337504,0.1089045617890903,0.1234949720177648,0.0046807422422137,0.0129070063897721,0.0089509441169313,0.0137173063426226,0.1240129100679228
0.1720521202398623,0.2168258830701193,0.1100553261271859,0.1213555238404089,0.101099852135313,0.0127056815513669,0.0101292542081279,0.0103640721320457,0.0598880800813697,0.185524206561766
0.1687903027912966,0.209950764063806,0.1201500584479461,0.107994049031114,0.1134509611962646,0.0180983812943271,0.0048065224387479,0.0114805826373398,0.0243989254439831,0.2208794526000314
0.1695578475472293,0.2148265078209113,0.1154854352106573,0.1282045717826319,0.1021540048478873,0.0060994326901211,0.0084096664045605,0.0131023064429597,0.099000828630803,0.1431593985637456
0.1733902443043252,0.2149545590009653,0.1190551444376996,0.1208564633468269,0.1004382835491893,0.0102501439333024,0.00982888664943,0.0197725437703872,0.0509563260564553,0.1804974048895659
0.1719974601457738,0.2194414373312355,0.1229439785419193,0.1082669050885417,0.0859016312964367,0.0102170855231897,0.0042457930988504,0.0069270228087374,0.1029836952847755,0.1670749908145203
0.168591414861619,0.2171795840327686,0.1077448509953261,0.109284033944164,0.0835919516183522,0.0165211899944788,0.0079165007510619,0.0096496487343728,0.0626098468256502,0.2169109781828765
0.1746837411697017,0.233202172591673,0.1089695158061188,0.0979631109962455,0.0719668214151512,0.0174655333931194,0.0044512074159957,0.0023747719327258,0.1158552632507207,0.1730678619698801
0.1839485319585049,0.2344936447197141,0.1028255847383003,0.0817758467646606,0.0814346317560048,0.0119337067709853,0.0081387105280427,0.0053765776059163,0.0632282129053876,0.2268445521979494
0.1868921524669214,0.2460319983628542,0.1075451798146408,0.0783515557937212,0.0575943504381415,0.0195242540084813,0.0155487847216829,0.0058472223656393,0.0909981810907416,0.191666320879854
0.1886357300413477,0.2262944965739262,0.1215201037310956,0.0692505879085508,0.088830728394897,0.0136321949092181,0.003696584649449,0.0102388205255196,0.0889717815533143,0.1889289716571459
0.2053419700529576,0.2648178423210421,0.1161866690583717,0.1238232840386671,0.0714380069333205,0.022230918906399,0.0019056482208631,0.0140395157864274,0.0927857506612754,0.0874303939603616
0.1937921310230915,0.2606815028705906,0.1032114379818932,0.0672301647829497,0.0490683728977767,0.0164384448048543,0.0034927047319965,0.0117427867549515,0.0984770277504335,0.1958654263477978
0.208200965337587,0.289564213045213,0.1095390974167503,0.0593475095988026,0.037942313905558,0.0042595019771776,0.008502189980758,0.0289605014827782,0.0651342823479505,0.1885494248545603
0.1982777866567983,0.2731281007841999,0.0977694598809511,0.0460799749087793,0.0413212509347454,0.0132942290138464,0.0053649219604756,0.0035461803872539,0.1596791926780296,0.1615389027448324
0.2189749375215683,0.2957733113936181,0.1150084592169909,0.0678686624609596,0.0487807747017684,0.0233302056876737,0.0127531671238453,0.0009216343879571,0.0892811971654095,0.127307650286023
0.2191571261769882,0.306683107316829,0.110653500476916,0.0237893504938357,0.0314896918204669,0.0052661946215952,0.0071210091355785,0.0264514020020672,0.0915527607662106,0.1778358571385085
0.2413951751235457,0.3224218781656584,0.1260911642526311,0.0374003729747248,0.0286369457997159,0.0074366965462784,0.0054944018165029,0.0116924903604575,0.0643985522411179,0.1550323226688441
0.2400382469127113,0.3000981864077909,0.1373703176746837,0.0357758956377185,0.018728585531463,0.0115848798967602,0.0080610827126918,0.0041275913212413,0.0894221440510623,0.154793069805698
0.2255920938634586,0.2777177404120461,0.1392933135266484,0.0496784819027083,0.0484380916133266,0.0054647981341685,0.0205865971164806,0.004619184245037,0.059563692736157,0.1690460064051069
0.2198059990113569,0.2735686331270504,0.1286163064111831,0.034407429668018,0.0311478128556084,0.0115452155364022,0.0052337457856236,0.0105798219324049,0.09085286538785,0.1942421702385669
0.2187037064033271,0.2742238469045349,0.1294422492090752,0.0349839431619109,0.029393208938472,0.0097547134181074,0.0121011511126177,0.0132946807238649,0.1177944502465922,0.1603080498340552
0.2373991270235698,0.2921579360739684,0.1322442889962649,0.0218679815581922,0.0132796280178357,0.0214790741779657,0.0168006179750542,0.0105856322704289,0.1088901288201285,0.1452955850401558
0.2084449417783775,0.2582070586566417,0.123044699471935,0.0413722768232666,0.0224698375010776,0.0067941112962566,0.0029409125904277,0.0073758289730974,0.147328761763769,0.1820215711029826
0.2380817422721493,0.2816438200533604,0.1452188189637119,0.0297509722070718,0.0175772588869795,0.0114346143648156,0.0159873901382404,0.0087641418520408,0.1088635828480632,0.1426776583704259
0.2127127062466432,0.2752058319348602,0.1205919542954475,0.024876773562388,0.0156192167228833,0.0170078548397319,0.006530548457392,0.0166178520048336,0.1526414907124203,0.1581957711809733
0.2314872762317149,0.2917237195549026,0.1304311141819222,0.013170800931684,0.014632060883868,0.0049282166462347,0.0043285131752167,0.004407969512405,0.1350140878730941,0.1698762409638275
0.2424204135577943,0.3016431279120319,0.1426465997707494,0.0271997962329688,0.009884261235291,0.0300288827597371,0.018209244864486,0.0071002486143842,0.0801259571381994,0.1407414678695575
0.2174557475072636,0.2738583489943499,0.1260562539725683,0.0203936810191284,0.0154177027153229,0.0157190214270083,0.0042624678995433,0.0059170432879255,0.1244132827345394,0.1965064503973844
0.2228423230528521,0.3013331570881654,0.1097704691022291,0.0154767409783598,0.0157216611450754,0.0174891598449504,0.0060511431713441,0.0200340734853844,0.0781021221316824,0.2131791499547281
0.2233644429633048,0.3021762700042387,0.111215400567047,0.0088679828038747,0.0160709799206566,0.0094979511949816,0.0048623360229563,0.0108922032017681,0.1675098736649928,0.1455425596073097
0.2334078470197842,0.3048497651901308,0.1256422732224744,0.0059965751581127,0.0117116733826259,0.0206044843381739,0.0075737460421347,0.0267162028236275,0.1474944076259038,0.1160030251455454
0.2259969249569104,0.2962938513443396,0.1276360069645824,0.0168654706937058,0.0155602052831766,0.017286859977974,0.0136595141061197,0.0098742959236319,0.1548376938456699,0.1219891768576375
0.2350238822032901,0.305689329574222,0.1266241221960619,0.0147038555296808,0.0066904681679264,0.0234554559967852,0.0146290278487783,0.0132150973325369,0.1119593207863743,0.1480094403202889
0.2292533649354638,0.304716711324219,0.1146229311244252,0.0054348994151396,0.0097712123056153,0.0142641293140123,0.0089243197266908,0.0048351110142463,0.150192836837869,0.1579844839623327
0.22242647955219,0.3051825805773821,0.1096701843641035,0.0105688450415766,0.0007376983786519,0.0233056925020733,0.0165694382118115,0.0142218039688772,0.132457067576888,0.164860209784989
0.2021239191444963,0.284540063483605,0.0939056799874343,0.0149378284688672,0.0021630164609651,0.0123030042179007,0.0103494996018747,0.0234328601087976,0.1346848218885549,0.2215593065964286
0.2066111666475691,0.3053020516066477,0.0942715577821371,0.0069301461662809,0.0030668131698106,0.0334849280640813,0.0264620109071175,0.0225200369283461,0.1195012739593142,0.1818500147214728
0.1891188025767172,0.2851001786454856,0.082659874678091,0.008136747091785,0.0115878708854476,0.0131183906201786,0.0169928418640593,0.0237698359467734,0.1582315966109498,0.2112838610344246
0.1841739121643835,0.2858292784807569,0.0773617263148398,0.0117764760351789,0.0011318801905331,0.0245054219306407,0.012925038348701,0.0174082511291999,0.2701055224981388,0.1147824928661617
0.1934732198708293,0.2974228281418004,0.0870301470580378,0.0050606016901181,0.0017993621362737,0.0208013649396712,0.0269856599262332,0.0120046425166178,0.188540751119974,0.1668814225550635
0.1945657073823194,0.308860340560068,0.0873630501982661,0.0114451112416152,0.0089061178928221,0.0186694878925007,0.010173075684114,0.025132144920066,0.1770023523757921,0.1578826118056249
0.2014241513069165,0.3175482245184428,0.0855358798605532,0.0027783123595509,0.0012928631873628,0.0124171193401118,0.024057350078373,0.01320147112437,0.202155894258377,0.1395887339222764
0.2015804769921229,0.3130614714506092,0.0854900661324268,0.0077326012593795,6.540149031797675e-06,0.0467108237195347,0.0142962136308659,0.0257390062731361,0.1773582430009245,0.1280245573472257
0.2114462754933622,0.3289275061061762,0.0893768537696381,0.0129372358452984,0.0032176995505431,0.0182198069513048,0.0162141634186879,0.0138939674777131,0.1761683043993099,0.1295981869419114
0.1888359436289159,0.2821037274848473,0.0908681950032573,0.0066678430424675,0.0017060860350647,0.0204683350793388,0.0169343588606468,0.017914462332821,0.2003583709587943,0.1741426775337046
0.2082471710852495,0.2997094884095152,0.1035423891024351,0.0033931948528722,0.0045958679657797,0.0400071647230652,0.0148642903859695,0.0292710814664712,0.1796026838504509,0.1167666681146966
0.197069753348438,0.2835386322015434,0.104631721077049,0.0078652867282103,0.0035826149353121,0.0285395259824612,0.0216640082176966,0.0322035561314782,0.204014728471254,0.1168901728610224
0.1793277355414142,0.2612575465035823,0.0899484588131388,0.0088773136147888,0.0020792438840215,0.0276990741615414,0.0305898087552757,0.0151865858710614,0.2645589835574236,0.1204752492524408
0.1752143301266674,0.2508882372660088,0.0909157275948213,0.0120799168949402,0.0080003958879569,0.0396789456542932,0.0295884137619982,0.0387809962434401,0.2263518964238875,0.1285011401016758
0.195643236337943,0.2946866037220658,0.1007215190271745,0.0033970163415846,0.0025917394301645,0.0286535264774093,0.0319412978497842,0.027831642470333,0.147415856133365,0.1671175621585642
0.1539190740018375,0.2422921797429837,0.0742813167023234,0.0036581377492501,0.0014455840909421,0.0424735551557982,0.018693171950223,0.0202876244491691,0.2656240382026191,0.1773253179092632
0.1693506755149699,0.2654069744315001,0.0834897758514654,0.0081384167628957,0.0050852780686065,0.0449523251723526,0.0297363241644056,0.038907249774806,0.2028403364359824,0.1520926437705358
0.1736064055137526,0.2617378317143517,0.0860743049277778,0.01124604682786,0.0031016906970305,0.0382128604098003,0.0328800591138526,0.0352345503851218,0.192325514125944,0.1655807362307919
0.1472437947856682,0.2308780646149898,0.0795314449807602,0.0108969740959228,0.0053836732493504,0.0381119753310158,0.0220574463207151,0.0288397448118069,0.2846476787069115,0.1524092030548689
0.149696560353002,0.2368158293509859,0.088650295905877,0.0060389574501769,0.0119299696387613,0.0346377251948056,0.0315326468874164,0.0563884110482075,0.2247184750831674,0.1595911290322873
0.138474152557332,0.219144351717809,0.0748864074342949,0.0020418145134054,0.0028069784384237,0.0598759885396941,0.034169365146938,0.0475464614586678,0.2573033795305027,0.1637511006119937
0.1451043910605177,0.2295498532351851,0.0865123464694709,0.0137799724200886,0.0097739363123592,0.0522761712519551,0.0529070431522023,0.0355291562951799,0.2104957435332165,0.1640713862131321
0.144771641962888,0.2261772093583321,0.0961451475845694,0.0180775805503604,0.0136699223910688,0.0479808182821012,0.0243601862279761,0.0328911107920312,0.237074103431043,0.1588522793624671
0.1398750230851532,0.2246884039780272,0.0819058017499901,0.010477370020541,0.0056072365937824,0.0519415392859975,0.0481390377636053,0.0483335512619002,0.2754500987653825,0.1135819374430714
0.1463731937793588,0.2402062291841368,0.080819377476887,0.0125921175460709,0.0056805762685443,0.0409049917781582,0.0431127643358498,0.0556035530948,0.2427036839740027,0.1320035125125177
0.1504525830900636,0.2501734109390116,0.0759438927757983,0.002595891234193,0.007256312208925,0.0664656998943598,0.0336665014918001,0.0407185004893477,0.2468935603460968,0.1258336474784915
0.1442270041914457,0.2332552298054617,0.0770330093196845,0.0128880807173132,0.0085955659929129,0.0541465755706854,0.0610874539373046,0.0633963697443392,0.2108033241651078,0.1345673865059436
0.1454626654951609,0.23669868928495,0.070721864486958,0.0144348167038429,0.0089468704476671,0.0585732651979974,0.0510423222260175,0.0744730728607889,0.2174394969612899,0.1222069362822459
0.1365739332187385,0.2235475290517687,0.0770110836373424,0.022897943097573,0.0186383540728818,0.0599380895219518,0.0532500509326372,0.0454413547405677,0.2474018331960002,0.1152998284734493
0.1323123421170408,0.2228347296255874,0.0760541249150856,0.0163544043873139,0.0134311829997079,0.0580620321955844,0.0624501193770403,0.0530756108359451,0.2447014393706066,0.1207240141160452
0.1080780629954164,0.1679978626201059,0.0706184808570304,0.02179605808582,0.0259088301877197,0.080477893736324,0.0499023019411982,0.0530909587058054,0.2770486713777984,0.1450808794418771
0.1419722692052555,0.226258620712884,0.0877783092763371,0.0111988452793176,0.0166724320207702,0.0652800100888936,0.0779610932302137,0.053709296502802,0.1858470304910085,0.1333220931283588
0.1309921534613357,0.21123765141831,0.0778509835483642,0.0225426571647267,0.0291506484833812,0.1119156404412105,0.0473331956544809,0.0684612923966941,0.1915229920469581,0.1089927853259027
0.1249100742867044,0.1905995093961238,0.0749475432360807,0.0226781674996213,0.0289149419548414,0.0621238367474432,0.074730568567715,0.0776871997700792,0.2195589034334779,0.1238492550567031
0.1515929256582611,0.2277209537975069,0.0910352785781486,0.0238153996912494,0.0140781202301219,0.0632550926772313,0.0509664266913705,0.085995257179722,0.1624803912319731,0.1290601542084655
0.1527534906915744,0.2275907426202733,0.0884650365902474,0.0272208007087407,0.016171547536183,0.0621284795589112,0.0981721791131834,0.0736091880009902,0.1333932690587972,0.120495266071091
0.1476701349541968,0.2154579552660534,0.0871892644815784,0.0385323768545808,0.0311062489338394,0.0628421668744303,0.0566320008436667,0.0803467326898093,0.1245586026901075,0.1556645163612479
0.1356495418592842,0.2033559625104295,0.0788562275170404,0.0201911335533579,0.0208750084902388,0.0679430273004457,0.0735031354609861,0.0675065863854919,0.1888597658098922,0.1432596110611357
0.1450081128074057,0.200200559789331,0.0852968724862597,0.0471450595269426,0.0237727867211111,0.061657042962605,0.0650292552679527,0.0725864006128173,0.1548282114106086,0.1444756983683226
0.1495498807684282,0.2073149987129616,0.0952476710583956,0.0427864227641069,0.012463563184524,0.0682163851828453,0.045794902413407,0.0861246733459039,0.1375368860663964,0.1549646164597064
0.1656333289596702,0.2255899059474807,0.0979522366381695,0.0428721950614529,0.0310404528440638,0.0554057061793104,0.0571594557408537,0.0708799869433675,0.1183572261658218,0.1351095054719541
0.1617617750597893,0.2396228958951426,0.1018824874351621,0.0209605998456123,0.0382987829859365,0.0927391834574867,0.0459103888566347,0.0500292955529326,0.1589091588107605,0.0898854320508269
0.1747552465974272,0.2359702663475705,0.1122104513943339,0.0304376772973589,0.0162351666348644,0.0671163277391763,0.0629011580303589,0.0616115334930987,0.14013476486114,0.0986274075566068
0.1662868694154951,0.2321651366540125,0.0977883684794108,0.0321233019059668,0.0228091046659013,0.0748267295912159,0.0673001191750595,0.0740235473446974,0.1143791601899451,0.1182976625343776
0.1437117168570504,0.198062823094015,0.0920445839806109,0.0465367454010416,0.0399830772983363,0.0772597999979767,0.0631613289864072,0.0836516261610278,0.1237415393628587,0.1318467588193423
0.1388618312170278,0.175953149766607,0.0934418193725544,0.0537019419719292,0.045577729097777,0.0831029246620846,0.0613736180928084,0.0796504629444277,0.1616549432373764,0.106681579596357
0.1410786204374129,0.1763129050849793,0.1038291567998083,0.0445760538882326,0.0215409627607606,0.0566248017016304,0.0487061654372976,0.1080144316229032,0.1736398638243906,0.1256770383984781
0.1528822084729894,0.1964035708740981,0.1058653286868903,0.0500484236897804,0.0336683689918397,0.0905881577918038,0.0640415701660486,0.0543195809992926,0.1223741678562492,0.1298086224257157
0.1425082986003324,0.1833788966091336,0.1065152120619285,0.0514276389216585,0.0537567283907754,0.0800915239507557,0.0810765511281742,0.0619201880051683,0.120181124552735,0.1191438377362594
0.1571878209143071,0.2055322747494319,0.1056984878506119,0.0471668481412136,0.0369251431924819,0.0668401285262555,0.064388834258867,0.0878030467984707,0.1144240182247119,0.1140333972992723
0.1547515417895845,0.2028319120630834,0.1010842168568369,0.0580519121748386,0.0479743364426955,0.0821580158880156,0.0821777076863816,0.0750449863976514,0.1137425867787541,0.0821827838816305
0.1416843333010611,0.1920191494083727,0.0881983374642978,0.041168944554388,0.0511540515886071,0.0592818883408688,0.0725803434365224,0.0684892925623484,0.1753192358296302,0.1101044234782906
0.1524184089365364,0.2078649676812932,0.0914891543394573,0.0697249590115254,0.0722858874973465,0.0616337102256463,0.0693489523845517,0.0782619430765697,0.0869502236678573,0.1100217931414868
0.1490846367082705,0.2029981229258927,0.0882797564628425,0.074587017322872,0.039681599181666,0.0998071613796301,0.0865729701585503,0.0722043342161389,0.0861230175777758,0.1006613840287161
0.1539800856221792,0.2094809460498566,0.0881459520577826,0.0658976023340298,0.0437129254190756,0.0887360874566685,0.0843565023324018,0.0903500623057917,0.0688694707827706,0.1064703656035832
0.1457478519570424,0.1957795779045572,0.0899829973395956,0.0672261674251993,0.0579408238319375,0.074837741592498,0.0805701142296907,0.0801844158024695,0.1151774072003469,0.092552902680683
0.1541284285592446,0.1963471663351958,0.0973244603405843,0.104322449058674,0.0911975764676806,0.0782839643355891,0.080095602267683,0.0634030529799784,0.0671431301155968,0.0677541695060642
0.1729165411934754,0.2041548089744849,0.1091069919109515,0.0633552816415536,0.0492917332775186,0.0791203786358891,0.0694657005879933,0.0702752011902647,0.1073736427360215,0.0749397198181583
0.1678238468793964,0.1958627468437086,0.1196078044651842,0.0743915465380526,0.0552853417431085,0.05286390728609,0.0764978794617384,0.0713209559475999,0.0936210506955712,0.0927249201076494
0.1514641816204452,0.1802872714834241,0.1074055033607926,0.0922660888351376,0.0833839765120139,0.081866857955199,0.0695686739196659,0.0935540830923728,0.0824168052809897,0.0577865579091454
0.172036944555231,0.2009217659024372,0.1180655916808714,0.0870838010902645,0.047976345554716,0.068609363597896,0.0601675985349955,0.086895431297563,0.0894922678828296,0.0687508898730601
0.1558418474803916,0.1799538861235077,0.1113999949872015,0.0862535094404932,0.0815613203075135,0.080064254114807,0.0672204004988683,0.0716823230421157,0.0857494162919012,0.0802730476834258
0.149224182813173,0.1730092651411417,0.1033814095626281,0.0905251662319602,0.0845957773933978,0.1061872077476198,0.0580715444182629,0.0738024536233925,0.0551275742716613,0.1060754187665701
0.1459442941641219,0.172242715722074,0.1022419039275766,0.0829669156879538,0.0591066803347792,0.0895754893062499,0.1017252321852877,0.0884899172375698,0.0814748755464908,0.0762319758595086
0.1475712563217941,0.1782527458448435,0.099979566367605,0.0860816586205726,0.0772491747404928,0.075051933199416,0.086405530726574,0.0801802992767055,0.0843663408087247,0.0848614940636412
0.1394573020894545,0.1675252812076008,0.0950275583309157,0.0908285912329341,0.0670894768685954,0.0846008428122419,0.0931934400732183,0.0899871138091796,0.0724272760117596,0.0998631175358976
0.1373623690119682,0.1692406495869882,0.090180707226382,0.0921340683643668,0.0869556255607306,0.0818291473348136,0.0984738593362,0.0914627836315931,0.076287028221438,0.0760737616986182
0.1303189506782445,0.166212571677867,0.088404152448539,0.0841927683285834,0.0976502794690256,0.1185665483107188,0.0675494136444088,0.0884320309112501,0.0810418228269494,0.0776314616759104
0.1152253500072464,0.1413819957768909,0.0849466193641611,0.083385656475463,0.1115445059635793,0.0989850616610592,0.0823132491913026,0.093314730178792,0.0988407575472454,0.0900620738058981
0.1232892234855975,0.1436168583303945,0.0970756540250564,0.1089868861158292,0.095398140778424,0.0838870387484623,0.0888553180035175,0.0677409104514651,0.083965407340494,0.1071845626922233
0.1280603330362429,0.1432046792346892,0.1032622119332837,0.1068998766206123,0.0874898016163989,0.0848557664819754,0.0833263478974183,0.0856606450309296,0.0917253081972727,0.0855150299221809
0.126178638313692,0.1345699433001565,0.1063143056372205,0.1054294797346578,0.092522791717756,0.0898763950124616,0.0750097842055557,0.0844921894147169,0.1053430071404483,0.0802634654974281
0.1225771376299737,0.1411748762459108,0.0967671335915098,0.1174800399094487,0.1039494498774886,0.0883510582906108,0.0809265778123961,0.0862164349793353,0.0658625365228192,0.0966947551137723
0.1192803457832747,0.138990640591873,0.0928709417030364,0.0977471522595317,0.1228181366247668,0.0959870726599649,0.0916660326335806,0.0844131682902441,0.092564229859486,0.0636622795675684
0.1218434994804321,0.1357543249634789,0.1038365629411041,0.1437072009507875,0.0808752564670953,0.0784953473404151,0.0812104253933961,0.0839358493031027,0.077588949506862,0.0927525836268106
0.122012259321621,0.1378859734356317,0.1001346334763753,0.0934053245507505,0.1170013630137893,0.0826860924440041,0.0913991203686916,0.076553370390153,0.1140732631262103,0.0648485998464915
0.1135186669786355,0.1355857468696413,0.0897038565131515,0.1109386719258905,0.1039404150239399,0.0892751833093703,0.0849231781991919,0.094260148194055,0.088529439304921,0.0893246936564609
0.1134053798770631,0.1337773249523554,0.0909208785789185,0.1276950103405356,0.1031439790866857,0.0785648076557334,0.063931566413794,0.071806547376537,0.1133278853414635,0.1034266203525885
0.0973377362834193,0.1175566034299259,0.0808821372409379,0.1246536337219404,0.134514762614424,0.0852423131844436,0.0881433497206044,0.1092526464181072,0.0683738572123112,0.0940429601499873
0.0959869631157157,0.1124560285512757,0.0785163134270443,0.1299765395267069,0.107211554380809,0.091507715697411,0.0960954196270106,0.0990574712134421,0.0912104147275083,0.0979815797085229
0.0930133612898895,0.111054952183998,0.072374270516449,0.1623401288086411,0.1299694408727034,0.0841800697815781,0.0861210442869518,0.0945388176053962,0.0667291182499795,0.0996787963800807
0.08577067667254,0.1034721190133051,0.0639698262624108,0.1313270084540258,0.1036326242614714,0.0947079746260501,0.0866809078831458,0.0959013626320325,0.0995159177922253,0.1350215823802944
0.0860685005879416,0.1113339451591657,0.0570181788896298,0.1343343605345907,0.1385985191302861,0.0925666181234341,0.0967250807136686,0.0970145124304512,0.0593759776637544,0.1269643067438154
0.0942962462892968,0.1262609714528415,0.0571841973748523,0.1175411739315899,0.1305528704956402,0.112534500209846,0.0949404496727917,0.1035744393894158,0.077214475786961,0.0859006753730054
0.0981264620125692,0.1296206888638419,0.0637890665548284,0.1426510616086025,0.1116355246609722,0.0986329432033294,0.0874033616138203,0.1070978781577658,0.0728155525105837,0.0882274607896119
0.0920862563356966,0.1300912183633971,0.0531928264038715,0.1282915669234051,0.1484128840481623,0.0945838398839095,0.0800819381068464,0.0985845078263095,0.0774081521317308,0.097266809953072
0.0901278851209007,0.1303124534177564,0.0482001598217323,0.1469573343958728,0.1499739064710548,0.1005709208146739,0.0938419739816275,0.1021322480579479,0.0664672612410336,0.0714158566541748
0.092985147490725,0.133502901403958,0.0486827462450387,0.155057454504578,0.1173086943874894,0.1067249715285082,0.1048020427966793,0.0957499631110269,0.0700580362527308,0.0751280422550305
0.0883947269950734,0.1239120967498284,0.0494487444302134,0.1530789808395576,0.1297922252059918,0.1189550791055618,0.0988108050502278,0.1083819855892782,0.0458005030726564,0.0834248529376533
0.0903127036756614,0.1256426898387878,0.0487148831667167,0.1664048198369835,0.1514649615232192,0.0969984591957612,0.0865574069148491,0.0866227240571977,0.0462676620915017,0.1010136896763598
0.0948374756189529,0.1303580878297093,0.0530263424174297,0.1379596659127578,0.1495536794859353,0.1034075780350147,0.0954092980245034,0.1022124405402703,0.0537366793812327,0.079498752732828
0.0951684197058442,0.1366741311660284,0.0499402252281863,0.1228090690890654,0.1467344567745922,0.10893164132404,0.0935864429008264,0.0888716968235251,0.0770855873894047,0.0801983295786856
0.0970319571046995,0.1324640626843952,0.0560198362549148,0.1532684707487078,0.1356964452268407,0.0702460548843264,0.1080581158216666,0.0864979639695629,0.0760785438461798,0.0846385494377034
0.0924743953281542,0.131569316066571,0.0548782375231121,0.1483122965567136,0.1501944354479577,0.1155324216349879,0.0875743527679562,0.0796731404828534,0.0579937845734046,0.0817976195980067
0.0890074991874714,0.1279816496923323,0.054205819842885,0.1740355438042298,0.1741357847825923,0.1092257068767099,0.0934000332579122,0.0783890852613597,0.0276792502824546,0.071939626990467
0.0983991353320677,0.1329638899272392,0.0578242968952885,0.1301951811278851,0.1687516982562401,0.1130553138430896,0.1183275215208614,0.0989403095205283,0.0203115341008395,0.0612311194545133
0.1019384533404249,0.1410754093350671,0.0614435346950203,0.1225802269660764,0.1564151890401874,0.1246322644975166,0.096293854868024,0.0904378717296886,0.0392499591459026,0.0659332363601063
0.0984905703894982,0.134197561671497,0.0617053916925272,0.1555749724777875,0.1324288398883207,0.1000187962009388,0.1030603013855956,0.1017318245423085,0.0522437650489573,0.0605479766824929
0.0884994837592087,0.1198551831704338,0.058672283230363,0.1654068609984132,0.1205424175918455,0.0976773227850666,0.1166017764150189,0.106011291001462,0.0437707524284292,0.0829626286003572
0.0979236104626034,0.1228784842417312,0.0709718688950398,0.1567045614247557,0.1401382571015891,0.123704952409799,0.1033873085300123,0.1017801171036506,0.0269895931530667,0.0555212466573253
0.0985294233999581,0.1224984609513668,0.0730065697323611,0.143549333833392,0.1427525514402812,0.125921699849632,0.1082832450812443,0.1056930769461913,0.0392684480548075,0.0404971906907765
0.0985909603838547,0.1236857791829444,0.0728225887023265,0.1419091967947787,0.160874685681717,0.0970058350783339,0.1089180772735583,0.1014207054848881,0.0310842976428549,0.0636878737548885
0.1034839480053359,0.1331525098893445,0.0742905200794054,0.1490769671582861,0.1437254186500268,0.0998596071784055,0.1100170750109541,0.086334284567808,0.0361004627649561,0.063959206675397
0.1111078142002916,0.1522097697218278,0.0682223395325827,0.1488706028875524,0.1431849978166672,0.1049866478167706,0.1146364614357377,0.0936139673908292,0.0101798213836636,0.0529875777937553
0.0942956754663738,0.1354841006882164,0.0564481987252687,0.1398030654275242,0.149170075066333,0.1143652282246897,0.1091543354006632,0.0983554200125986,0.0408090452213242,0.0621148557471959
0.0897462514105016,0.1226307471517791,0.0602480860306497,0.1680581659221713,0.1367795013213814,0.1180325022680821,0.1067341226271013,0.1255368757746079,0.0325977740531607,0.0396359734221195
0.0952235685295048,0.1313170737537698,0.0608426378287364,0.1358313674813564,0.1800777258795768,0.1211784834147962,0.1145665362678292,0.1102376165005381,0.0098911212845615,0.040833869040038
0.0886506547940203,0.1326366496519728,0.0518563548353499,0.158406679855235,0.1762629391522368,0.1275177345451499,0.1034233781431764,0.0956906184905983,0.026056336603383,0.0394986539079124
0.0865834023918897,0.1339982030101218,0.0466576668774921,0.160051322323539,0.1773379760440675,0.11557731285156,0.1026263616887089,0.0947601648513939,0.0268830926762137,0.0555244972650834
0.0825282596381967,0.1307760761107108,0.0429312024761645,0.1786197107722102,0.152409043814661,0.1125598624061027,0.115893520437856,0.1067990262201392,0.0133357481495867,0.0641475499541712
0.0829955663724421,0.1323373714618804,0.0445460593385851,0.1521685824982526,0.1714795023012069,0.1136915520379261,0.1080770580696298,0.1158123385897668,0.0239395528011553,0.0549524165091831
0.0803406560545733,0.1272189062594115,0.0436962243206718,0.151419919626793,0.1442176942459319,0.1232840783400165,0.1104613564056334,0.1223417962554514,0.043009653461086,0.0540097150109999
0.0792211940769242,0.1201112853178359,0.046522779311245,0.1712303666130575,0.1634064894749356,0.1207621199292224,0.1211062180060875,0.1158718187996571,0.0204991305522677,0.0412685978999052
0.0863896569985026,0.1277783160347102,0.0482899300773027,0.1474167596864027,0.1307542544253896,0.1213304719485691,0.1075978802894691,0.1136647181463596,0.0471364920405667,0.0696415203340078
0.0935398757963781,0.1314916385450371,0.0581576217192867,0.1533337301652415,0.160826719384213,0.1075295025246005,0.1079363335146192,0.1073269527472976,0.0209331193565586,0.0589245062277378
0.0959528662434163,0.1323023428987287,0.0618855741683816,0.1471799347509789,0.1321609071560348,0.1068796337208937,0.1041095959221638,0.1152642977535344,0.0397163198022793,0.0645485275646785
0.0934661148882187,0.1266302752464412,0.0628562680989302,0.158896162089028,0.1383147808235701,0.1047112143063643,0.1163058931556189,0.1258620060044674,0.0261914357625011,0.0467658496076812
0.0904150392384491,0.1137194114416976,0.0657818667257013,0.1379706942722939,0.1507349171977268,0.1124539343948665,0.1195398257836845,0.1218851005379002,0.0161179301987802,0.0713812801918031
0.0920484826057419,0.1255865331586335,0.0631425830955302,0.1444356210368249,0.1309085088261709,0.1199708530351477,0.1300563836351351,0.1177845837778265,0.0223181811967036,0.0537482696142904
0.1056647740707577,0.1412893603626434,0.0723840023290766,0.1460918453154572,0.1161810746112038,0.1241175222205936,0.1081010787426097,0.1157622413707345,0.0096967117444656,0.0607113892142598
0.1011419941176594,0.1361585541990164,0.0700015257525884,0.1292412714209147,0.1175396871734935,0.1208284206206547,0.1239893697351388,0.1004397446861553,0.0252979979196634,0.0753614343573934
0.1070133293302622,0.1442557661736953,0.0668587520655258,0.1254509476261693,0.1204927596918556,0.1281927244425931,0.1215137819226239,0.1177620080450398,0.010758818690965,0.057701111993612
0.092294723392022,0.1294335408163334,0.0556927300005353,0.1345050164083117,0.1316016019665534,0.1220641397441198,0.115570701905267,0.1175381372167951,0.0260142608817289,0.0752851476517039
0.1022350334185133,0.1428441119625885,0.0618230055806154,0.1474656355599014,0.1152400953991421,0.1288860986625579,0.101425186037212,0.1140677936278504,0.013669425354687,0.0723436143797819
0.1050795412466545,0.1421892229573202,0.0676758679917665,0.1208880044259086,0.1359042077029433,0.1124150480414343,0.1173584782152877,0.1214573943387319,0.0272927734300832,0.0497394616326068
0.1059419636331328,0.1432033931257454,0.0706379649558295,0.1350907438209233,0.1282682614889351,0.1145028875123902,0.1153678521526098,0.1099257474388134,0.0077883885263027,0.0692727973275013
0.1033569646324098,0.1408400722407713,0.0682370843895794,0.1218033010933827,0.1202763228416516,0.1242471235545768,0.1211482535978642,0.116407208454697,0.0152946132675174,0.0683890559095362
0.0919327989821956,0.1217150726707719,0.0630493695907596,0.1246881223694066,0.1124972855446234,0.1342273307976706,0.1333032509583371,0.1299510421354164,0.0353985957562333,0.0532371311770708
0.0912754904258613,0.1231455601232754,0.0573900571465368,0.1323875273378672,0.1203243528542335,0.1388636541359863,0.1186589321508379,0.1209900302627325,0.0259824241163218,0.0709819714279917
0.0870856468678779,0.1268313350318323,0.0538492514925386,0.1218396124534201,0.0987689002421561,0.1404877371497102,0.136428199490412,0.1284031148092804,0.0389160802627688,0.0673901221813412
0.1027178223379335,0.1520770478078592,0.058440350491831,0.1096109784609527,0.1400895961688534,0.1347282144550502,0.1250393114675151,0.1226231498978341,0.009764761559694,0.044908767331745
0.0964849813327436,0.1410997455411647,0.0552770689925329,0.1465626735482776,0.1271470562679142,0.1118229363298503,0.1182706939075724,0.1348619241909622,0.0194527157995754,0.0490202040709513
0.0997412082867561,0.1427063475508444,0.0582804834164988,0.1184829506258165,0.119215450144334,0.1197511835785717,0.1408306443238808,0.1327300322076963,0.0129080488935921,0.0553536509539734
