0.103080756464601,0.1024077440508212,0.1009267233294955,0.1397775876833769,0.1279873093838517,0.092029664349121,0.0947885329325892,0.0815144474198359,0.1308631427901353,0.0266240915788321
0.1078017693772218,0.1111385236423418,0.1036715844052581,0.1260900097285344,0.1150555683834286,0.0857943992205953,0.0964637889212634,0.1044347954616807,0.1186462260832726,0.0309033347590048
0.1022569584129988,0.1047538293068397,0.1002062736451109,0.1332543722006963,0.1201050202625125,0.0950911860061394,0.0995235686931231,0.0983019298558763,0.0950221975227881,0.0514846640758484
0.0942166911999504,0.1009447506295141,0.0884582426153217,0.130864713114123,0.1448338918540515,0.1106093914552053,0.0979468766271058,0.0939224565165576,0.114809079813302,0.0233939061585091
0.1006265546784256,0.1073521328653678,0.1025561337957365,0.1355831420043118,0.137837867066723,0.0913212350212762,0.098231564795685,0.1142152682466972,0.0888013080568548,0.023474793450664
0.1015314315857419,0.1020318333611835,0.1077501421763146,0.15397404134718,0.1177412264825598,0.0926433071492312,0.1022337564181806,0.0918012616827418,0.0983268724908274,0.0319661272882523
0.0906387572011006,0.0878061436240051,0.1033225102366127,0.1549931954477727,0.119750200297579,0.0965875426307436,0.0988398790152898,0.1073870765475226,0.0954377093825037,0.0452369856002753
0.0972791065087619,0.0961674694056548,0.1121852620818104,0.1592873333198444,0.12959785194718,0.0944609514254619,0.0939082816356719,0.0897032937397083,0.097265706848353,0.0301447430684426
0.0894350496289165,0.0881830887751093,0.0970051254000286,0.1265132897993442,0.1186946144514018,0.1139042595232349,0.1153863456750784,0.1073596497188153,0.10283335012739,0.0406852268834786
0.0898766627995246,0.0876716444160212,0.1014465008073491,0.1298176355352702,0.1383749003247206,0.1081287572173424,0.0999572174536633,0.0911007040957223,0.1067599868760039,0.0468659904564319
0.0866602053110793,0.0867230434962054,0.0939849193498752,0.1346888355332601,0.1332198385351399,0.1028430540869003,0.0996392816765549,0.0896103584793727,0.1331899646969342,0.0394404988182151
0.0912149874011592,0.0888945365807199,0.1009310738867646,0.1267133953736608,0.1360075443288611,0.0999315579681378,0.1034647966707278,0.1041460760106892,0.1071058652823197,0.0415901664799787
0.0910566189631969,0.0906570986181094,0.0971859320617035,0.1386116439469862,0.133368630284586,0.1114187198160254,0.1088737329132075,0.1190560367188256,0.0760252899183652,0.0337462967417116
0.0947585711776542,0.099838902576253,0.102822804904669,0.1384477842556122,0.1335046105877538,0.0960579177243237,0.1023012465172024,0.0980990335042622,0.0941381614234672,0.0400309673105848
0.0831609302819944,0.0901235309995813,0.0868650685870516,0.1425814986029345,0.1261841843084175,0.108335045709458,0.1016567631422117,0.0827323984254469,0.1327057965983841,0.0456547833279701
0.0872963909020133,0.0952288898223192,0.0903490973545795,0.1210765253678708,0.1210110497403128,0.118772815046107,0.1152167033777813,0.1049162015223004,0.1064893356884802,0.0396429911615587
0.0794327896682446,0.0911936840435895,0.0774287156824979,0.1190937698940555,0.1589460331013301,0.0971250997278463,0.1113179893727662,0.0880886784907224,0.1254803361570432,0.0518929038459057
0.0770989887151423,0.0898605168168292,0.0792602065331188,0.143628359388013,0.1094781453978749,0.0923685218524821,0.1070253088846326,0.096991543248489,0.1674427148049685,0.0368456943416372
0.0666353303975654,0.0806677098858183,0.0656030428155891,0.1656959352347097,0.1503596548508063,0.1098414086884174,0.1079059038513503,0.1015962626117585,0.103069509025903,0.0486252426207204
0.067647530982954,0.0833151532336581,0.0684118304042211,0.1421074685517413,0.1376302330096701,0.1036822639562899,0.0883109000143109,0.1176449304899522,0.1373178541017929,0.0539318352380729
0.0723763450436461,0.0894844818010571,0.0681302889399829,0.1368376940656231,0.1329011800634488,0.1207375145488079,0.1029695110045837,0.1284044322827426,0.1023981986904831,0.0457603535425402
0.0719237538265939,0.0921955282341713,0.0682896922418511,0.1362273981554018,0.1211491352828324,0.1213677044566206,0.1050915917938932,0.1115360448326687,0.1341054571439762,0.0381136940147271
0.0833761063098806,0.1076233114765846,0.0754972301878112,0.1304112186913073,0.1118143946359008,0.1208268236953035,0.1079013576187413,0.1294066579495087,0.0964100609168264,0.0367328384994034
0.0732553167193663,0.0964040716066915,0.0663737321391687,0.1330355319906927,0.1435401775902642,0.1129259364395804,0.0952667384792834,0.1132855904767949,0.1156625311207331,0.0502503734207583
0.0722254494914119,0.0911322544533946,0.0700607192102911,0.1223285647213459,0.1203415476348317,0.0935392397195802,0.1236975716773016,0.1267853006340408,0.1370765259004997,0.0428128265402386
0.0764617556045653,0.0984804416964139,0.0759641777534458,0.1474093875605272,0.1103409570584237,0.1215663601481578,0.1100636904232012,0.1139745580101747,0.0936095444082069,0.0521291273198454
0.0782633076116141,0.0908333289893022,0.0845346967238276,0.1324637742757539,0.1082140199061724,0.1391408996221222,0.1150907771668806,0.0942063502461193,0.1026494849449144,0.0546033604965675
0.0806480183585942,0.0938054675713474,0.0856397430066169,0.1254863221745524,0.1183745676472104,0.1301173387512026,0.109596798638941,0.121499058241506,0.0964273639819074,0.0384053216104403
0.079775415873165,0.0901690269472704,0.0815881700929615,0.1104280465484754,0.1112923239718313,0.1186889484105037,0.115452460407234,0.1114730791418051,0.1327596094615381,0.0483729191286155
0.0856561513598195,0.0978377130251818,0.0861590056172556,0.1001663583074367,0.0955873686947288,0.1186346742749225,0.1120837023542844,0.1164988303060122,0.1261880427860622,0.0611881532582614
0.083096402014174,0.092529573558629,0.0873794125089005,0.11977190701902,0.1133519266458648,0.1023553221039594,0.1247709049064211,0.1083133820285115,0.1223018326703979,0.0461293365275143
0.0803134395485209,0.0891478095220853,0.0836410940194569,0.0977422178153378,0.1150768099613013,0.1272522042744611,0.1098650249600823,0.1138285914902387,0.1196628337274435,0.0634699746648628
0.0846853994636544,0.095868125245526,0.0865196512846723,0.1112343492037976,0.1004164379725085,0.1214345325546203,0.1367482400744177,0.107812616163192,0.0957153231914823,0.059565324828419
0.0677550555332854,0.0784907489424053,0.0685840790464745,0.0967842489918063,0.0884458903007808,0.1224396692442839,0.1298619982757185,0.1319178584176408,0.1510728304613284,0.0646476207696701
0.0690610041795545,0.0736021887758981,0.0787024522595773,0.1185173125724188,0.1046003559889382,0.1284169012070218,0.1179091497272865,0.1254838791635516,0.1253217428893512,0.0583850132180809
0.0672579337714922,0.0721821924981251,0.0732211499396699,0.1022312014597413,0.1028555177209065,0.1285540286834069,0.1163478349208404,0.1210996414524634,0.1359606284052149,0.0802898711303227
0.0598173325595866,0.066292049629333,0.0634465286108044,0.1120500228223779,0.1006175583449399,0.1375100803983634,0.1417558592588635,0.1355520208687942,0.1279716522788049,0.0549868952099792
0.0547714337653816,0.0669584682638033,0.0561980737509988,0.1161099302868048,0.1060945686456036,0.1322347711331347,0.1420220752015062,0.1148989947929148,0.1466935585508873,0.0640181255896084
0.0582841623430506,0.0703298503787371,0.0566017184291908,0.0930563285531244,0.1053450376540594,0.1298839147449159,0.1275577419741662,0.1364684717362006,0.1355829922879779,0.0868897818798033
0.0542907279446013,0.064653046227013,0.0623627773842295,0.0989732767276288,0.0727215334753158,0.1657151872569569,0.1381379370705471,0.1113942785552552,0.1600239088779496,0.071727326461754
0.0512267465030781,0.0589788991930823,0.0599457806175053,0.1081401791831002,0.1264824679385232,0.1393343307773882,0.1203019040611842,0.1551879682953061,0.1317148660300012,0.0486868573822519
0.0497475847250964,0.0514595349344573,0.0638060013381052,0.1004452933238388,0.0994566880372731,0.1487850711170617,0.1604517380571605,0.1366921775796217,0.1151995606950587,0.0739563501744225
0.0584381710549081,0.0628769192095062,0.0730257114813161,0.1022051278726584,0.1089510652552724,0.1464993849961435,0.1384176286674196,0.1309293273424528,0.122131790429957,0.0565248736710241
0.0654807543459436,0.0679784303570867,0.0832796440288724,0.0926731909557797,0.0902307005371463,0.1634221342624481,0.1386564187144527,0.1346347702070129,0.1120580447322732,0.0515859118398559
0.0605315367206221,0.0656275280099071,0.0751572400998708,0.0912277576109873,0.0869748567943421,0.1430002790639462,0.1596160825690829,0.1403020282636895,0.1202128998623668,0.0573497909864997
0.0575129247455935,0.0654802733994038,0.0726241389366769,0.0997319716052725,0.0790392728652992,0.182011453078564,0.150295935952464,0.1467245136613867,0.1056236639940379,0.0409558517430109
0.0560873153999588,0.0608805979031479,0.0709120159729113,0.1028585383607501,0.0946017086155298,0.1499871001407941,0.1269549795335686,0.1626076247586368,0.1300679808486957,0.0450421384470927
0.0564835673788432,0.0649516435063783,0.0665667700883873,0.0856079805565625,0.081956063633757,0.164953027975837,0.1273931017247195,0.1661836065943089,0.1318578811191881,0.0540463574025653
0.0572261901527907,0.0709942006890136,0.0667119361864837,0.0751738917701185,0.0806395731145695,0.1568558716950562,0.1567054813390062,0.153011808993943,0.13575209532708,0.0469289507119657
0.0577397674129152,0.0703672783599285,0.0651463988257071,0.077680597382333,0.0785194971676937,0.173995915457133,0.1688800843521083,0.1473627022651162,0.1067186642039495,0.0535890945540933
0.0603412484803364,0.0739153491903626,0.0642403494382791,0.0873692705688821,0.0946438904875394,0.1663002502171929,0.1542647391741536,0.1441227119991483,0.1081441665102985,0.0466580239145947
0.0607975324221432,0.0704746916545617,0.0727985175580289,0.0917389412425799,0.0727160868722155,0.1666549076700085,0.167130247042191,0.1530639179814591,0.1150204082518318,0.029604749284559
0.0650465953284952,0.0724319182011587,0.076858859627203,0.0885155751399936,0.0549551226704081,0.1532372201441256,0.1573994750615745,0.1398450519222897,0.131064328487634,0.0606458533968594
0.0696420481255792,0.0829734650336213,0.0725039878123774,0.0831362571759022,0.064891206679743,0.1773179633253205,0.1638024199001354,0.1505230019907905,0.0816959641084014,0.0535136858283142
0.0678024903473381,0.0809740747053893,0.0643917504655803,0.0733966022020797,0.059843192239826,0.151653224899666,0.1645285776792457,0.1471522856224576,0.1037288437018219,0.0865289581177986
0.0682272368430405,0.0775663121963201,0.0685660427360152,0.074961368536813,0.0519288783723712,0.1712352572709372,0.1555378079239931,0.1613270700228326,0.0990018388542385,0.0716481872238865
0.068604823907982,0.0707724868268333,0.0725888979190853,0.062674216352766,0.0618562051775473,0.1337530093683216,0.1540237213497611,0.1672592324159159,0.1151055698139748,0.0933618368476238
0.0615606353267429,0.0688033860874255,0.0617655102105011,0.0744513406801103,0.0664742137269124,0.1723650480963929,0.1511979789815572,0.1322590946407644,0.1231632265092485,0.0879595657215825
0.0695398583003669,0.0774315420166013,0.0685188291331526,0.0614610168403913,0.0575153758884035,0.1676571552788763,0.1542238005170726,0.1523417972437615,0.0963619921915296,0.0949486325709768
0.0868123885100718,0.0933940874964108,0.0876090125966185,0.0550484952883142,0.0561723361062072,0.1525982527712574,0.1357983110760626,0.149539176467953,0.1177877630866939,0.0652401765802365
0.0850730032071552,0.0897541195830001,0.0885743225250699,0.051328659351354,0.057743869142693,0.1302730801458272,0.1652905648555043,0.1524784790863009,0.1215407907935721,0.0579431112898559
0.0872661019356717,0.0907430264626523,0.0892897068666455,0.0488979888632401,0.0508583973222072,0.1466043493615804,0.1595767640856421,0.1547564429238383,0.1220559741214364,0.049951248037169
0.0784422232630556,0.0887023882434933,0.0795069542812641,0.0479960631435982,0.0478831815908573,0.1470608255576798,0.17721998208945,0.1628671453711851,0.1270258021716586,0.0432954342663433
0.0770219952430451,0.083722418692053,0.0753655599196763,0.036220776868161,0.0445599356063826,0.1679990342770927,0.1743198902203104,0.1700342800841768,0.1120145964900338,0.0587415125793718
0.0723290316787031,0.0789508639931136,0.0732412943045914,0.0448479830434452,0.0325275384722915,0.1876297120615875,0.1776665174766654,0.1572833489636761,0.1052039105864623,0.0703197993986109
0.0775344844540752,0.0857992073884911,0.0773758137801877,0.0500979304385703,0.0507278700039286,0.1450822105931705,0.1504460482338205,0.1487452615203432,0.1488245483523304,0.0653666252144527
0.13808552652674,0.2043808264806285,0.0413779632224615,0.1263704581290506,0.1383925978787666,0.023195816984039,0.0335337002296013,0.0360210301784507,0.1772898827819202,0.0813521972688777
0.0783740592014997,0.0879600662588047,0.0805176954780123,0.0417804372411933,0.0437156679790766,0.1470588851095008,0.1572083421532991,0.1673189625512768,0.1352021047906958,0.0608637792165681
0.1565129711203614,0.2418377513338372,0.0649072845038794,0.2192302320484102,0.0886452474492129,0.0165207928511278,0.027254872262556,0.0061184622814018,0.1141535744248037,0.0648188113542563
0.1608454229023365,0.3027550262911341,0.0398675767828308,0.1273909628074878,0.1640792334953845,0.0221836697492011,0.0419535681568867,0.0640244949039296,0.0750139000862619,0.0018861444029118
0.1327434476708683,0.2496777887530589,0.0417512133821641,0.0877400983388422,0.1563441458925632,0.0529006662953177,0.0322066276521836,0.0011521424201698,0.1717943650279222,0.0736895042017926
0.0731246469549512,0.0931254783738335,0.0737300869237431,0.0365790450977806,0.0240390716826223,0.1563542741312765,0.1785121656280371,0.1739417727642694,0.1231741780748335,0.0674192803461355
0.0742777802351521,0.0997692155682562,0.0697006433263415,0.0245907910883674,0.0326913726904544,0.1688543153122309,0.1858655585851402,0.1726595352466241,0.1004581075057894,0.0711326804180938
0.0691584552239608,0.0976467051396357,0.0628319756802654,0.0332909571545655,0.0300272770747926,0.1776903386128506,0.170700703526139,0.1767588549967544,0.1194227081625085,0.0624720244067039
0.0681901240959077,0.0905430167676965,0.0680212266978997,0.0404404448250235,0.027699958959746,0.1609193439149884,0.2010726491617319,0.155496188729082,0.1176463899448928,0.0699706568803559
0.0671840871653116,0.0904292983348509,0.0668224390938296,0.0206998955453699,0.0254233777612418,0.1810452704362112,0.1684521229452817,0.1837253080466253,0.1226698953339588,0.0735483053151702
0.0664686649155659,0.090128118856142,0.0710526481052464,0.0344276221717183,0.0172942186999683,0.1884202412524069,0.1682251191010015,0.1865419122079731,0.1020747808273569,0.0753666738389076
0.0637083071897774,0.0859220934799964,0.0661481472186091,0.0181535308868714,0.0256291826631455,0.1855431610888052,0.1634666954284648,0.160823827668884,0.1443250661358918,0.0862799882159504
0.067213650211054,0.0916900902707986,0.0649955771437909,0.0178038158888344,0.0163984158934348,0.1591556324901614,0.1847585724662846,0.1734144696044154,0.1388162389946119,0.0857535370136903
0.060389900577313,0.0865369813257227,0.0612966364231648,0.0247105279669381,0.0155659167363163,0.2031291427365567,0.1878368529457213,0.1847748196982333,0.1241553698061964,0.051603851760258
0.0529257163252235,0.0721724901827934,0.0561162541995657,0.0216538468602945,0.0264342579677674,0.1941211883561458,0.2050278062969477,0.1739968662574873,0.1252137588315421,0.0723378147013651
0.0525196082847197,0.0723515451984627,0.0532750326356425,0.018560071956221,0.0146994275830291,0.1944206539418572,0.1714657371045563,0.1918131218146036,0.1548534034955911,0.0760413979626581
0.0634641964988518,0.0875087192987287,0.0588598955713084,0.0256649521679712,0.0185956506653415,0.1861402337245369,0.1788119452088993,0.1803477455251487,0.1116545393939778,0.0889521219190506
0.059649732491826,0.0855592221761164,0.0563849298393226,0.0114052651437747,0.0212944312349509,0.1896545124535987,0.1881555190866033,0.1911555088327665,0.1235386833707848,0.0732021953445122
0.0561801669555706,0.0769150352279389,0.0582415369133029,0.0200320809674911,0.0145454004258825,0.2132027301618855,0.1974851433924319,0.1836931274641132,0.1048038786479891,0.0749008998178674
0.0676580882710616,0.0913362750635865,0.0608998183374154,0.0167210053102065,0.0100888055032783,0.1987432062461178,0.1642684761395492,0.2029253096475589,0.1050692247920262,0.0822897906644262
0.0696770543959677,0.0931268614252295,0.0612915794329831,0.0111445955977252,0.0074146415568728,0.1877925361149254,0.1571627056705983,0.1756956220502763,0.133433959957207,0.1032604437748481
0.0806846250320554,0.1084017183046005,0.0685187677122803,0.0141672338323483,0.0092297749349557,0.1850025498325669,0.198068876326255,0.1725738812627665,0.0878220284559614,0.075530544282454
0.0802199668218953,0.1114813483303869,0.0664462204228721,0.0167593345852975,0.0058056398640021,0.1696270316815676,0.1718996964367457,0.1882403702551039,0.1321416313468794,0.0573787602293366
0.0779472576696568,0.1009520686594118,0.0710975766012261,0.004424914777679,0.0157372839920763,0.1919450054356007,0.1900940738463531,0.1574284652375727,0.1367965863884682,0.0535767673661433
0.0849214105410028,0.1106359569137696,0.0717347381830519,0.0073865168719527,0.0073831167612536,0.1666200935806333,0.1888548694914704,0.1637783848198373,0.1381647964774742,0.0605201163358939
0.1888044299541673,0.4332184668710591,0.0070743704267952,0.009731571115578,0.0077909081552165,0.0328538774068277,0.0442795743632558,0.0251477267686949,0.0763086856725509,0.1747903887916534
0.0856778627321504,0.1141847118600666,0.0661522134180633,0.0057720873048135,0.0060223062627654,0.1655393127574863,0.174948234320884,0.1618312565902385,0.1478355805624414,0.0720364341678961
0.0767207646759041,0.10255702018748,0.0614935646367947,0.0017129097683819,0.0067590398449343,0.153460974705991,0.2034744304684605,0.1852870588325987,0.1543809922938811,0.0541532445607705
0.0792683399771417,0.1056524732850971,0.0646820630355339,0.0071345488121815,0.0044341508393801,0.1910867231957251,0.2049998475372425,0.188972295594648,0.0749531014080329,0.0788164562873536
0.0720108661666721,0.0978388509552857,0.0573082624614771,0.0117873122650639,0.0071950373723008,0.1784497775213274,0.1681232578770438,0.1737146754807737,0.1504174385842354,0.0831545212914521
0.0681495516183688,0.0954370168481646,0.0511489223860982,0.0078789502218834,0.00395087091742,0.2144313757873771,0.162707161617141,0.1633101559117207,0.1328537623824591,0.10013223228333
0.0655943346017434,0.0875317957452515,0.0504338288286723,0.0125770564703042,0.0048197287936263,0.2015317216482239,0.1726181052196028,0.1984836642675442,0.100660929535003,0.1057488348619049
0.0707841948102857,0.0906307582582386,0.0604018924209093,0.0078148725896619,0.0048071270022199,0.201259014307762,0.1793939821859193,0.1911436785660011,0.1080335554845116,0.0857309243453737
0.0672584209316185,0.0972021266527654,0.053549811014948,0.0020614226935129,0.0029377272748412,0.2057417543444391,0.1916248783562415,0.1832780934339408,0.1346322943322545,0.0617134709378635
0.060823444685418,0.0907786839353378,0.0471186971475869,0.0043192446031898,0.0042266393024293,0.2089674601717553,0.1912660180359383,0.2118194194714402,0.1056870061837713,0.0749933864330496
0.0608968223454699,0.089298868657075,0.0501119265266577,0.0053878258649445,0.0018097876202491,0.2422627477825313,0.1812029755559995,0.1852271032200111,0.1000596234931151,0.0837423189042242
0.0630960716698113,0.0923972523997044,0.0535392958464724,0.0044253564906439,0.0063349266019431,0.2168234714763179,0.1677133460222649,0.1767525248271016,0.1278949977570014,0.091022756881266
0.0742744940338002,0.1048245661144759,0.060997802174087,0.0040182485021563,0.0036997537636653,0.1712319970521884,0.1647175207631238,0.2214473775982549,0.1449772268838068,0.0498110130848504
0.074491577196797,0.1115231207834419,0.0575285024550305,0.0052952764180631,0.0027252461045522,0.1944812118931933,0.1590946652291973,0.2136870031123458,0.1078675995755129,0.0733057972039776
0.0833064521837227,0.1174915360453908,0.0712944791712163,0.0067984840266965,0.0051952645249021,0.1737530371584296,0.1801183943662637,0.1996893107173542,0.0959539222996907,0.0663991194744986
0.0750358657295258,0.1098216215871016,0.0604764961292144,0.0036787262211331,0.0012592240226375,0.1592969740911414,0.1879345005191351,0.1868160181507935,0.1346202615105928,0.0810603120116203
0.0855257581783375,0.1190189824520243,0.0665256690801624,0.0037443304525863,0.0062623052471091,0.1941568472388618,0.1808121013649517,0.1716272134549404,0.0701210869862431,0.1022057055163448
0.0734027634549132,0.1076306415615149,0.0600078918359735,0.0121082668456453,0.0028623698673549,0.1812533999288813,0.1705547937793911,0.1892666477949579,0.095694902584749,0.107218322318777
0.073838619887178,0.1085955260670256,0.0604643204094486,0.004673370443977,0.0005410926783326,0.193169364656753,0.155377482353022,0.214330839706065,0.1167076701492164,0.0723017136200411
0.0811291408748262,0.115619619770056,0.0666632494022883,0.0073249494967625,0.0003417441442228,0.1935202303635825,0.174262259764618,0.1931829905196645,0.0939790679644296,0.0739767476693815
0.0727697644400527,0.1066781830931999,0.0592089981920429,0.002696994489292,0.0035826593489838,0.1844024259717974,0.1986253995600972,0.1911320196199855,0.1197634441748379,0.0611401110801681
0.078030379707852,0.1174267944256285,0.0651486045126488,0.0040804727175231,0.0092960467619498,0.1833071028177474,0.1905594359327164,0.1842735495572936,0.0748890948727193,0.0929885186608471
0.0680593093951816,0.1101443498266008,0.0534885765668136,0.0033472916402988,0.0069283084507199,0.1741540709448411,0.1986400672245696,0.2073221499577223,0.0919864445579084,0.0859294314034944
0.0713720650307543,0.1145317335215347,0.0530274765883807,0.0113374199741682,0.0002459565898064,0.2049999257304953,0.178906079977789,0.2028518497710322,0.0782012927186923,0.0845262000628051
0.0749960624873875,0.1162206200895727,0.0487855834484993,0.0060853717134627,0.0024618558709303,0.2065065341288501,0.1785067896574795,0.1882334380053247,0.1162411174128659,0.0619626271551208
0.0820061048194222,0.1246602021848519,0.0591735890209504,0.0019408126009357,0.0023884581125897,0.1856024614196395,0.1638080015325889,0.196777925713723,0.0868268613205555,0.0968155832448794
0.089896339915688,0.1271619728791825,0.0698358503885222,0.0060678844897484,0.0034306410510418,0.2037305991935626,0.1758668593459511,0.1709142777231229,0.0770728612568996,0.0760227137244717
0.0749577180106465,0.1139219076228022,0.0584947621074317,0.0068464398104112,0.0079523727165635,0.2398893234336304,0.1755060840932066,0.1480071602624932,0.1055137520113658,0.0689104798978941
0.0716559809464427,0.1043344092180864,0.0585524790505325,0.0036969911005427,0.0038225459782556,0.2395037034170957,0.1761422014308973,0.1856691040164218,0.0892038016238633,0.0674187831856291
0.0770755758355454,0.1053189369241719,0.071790261816916,0.0097551829593059,0.0053690148747123,0.2092036398561586,0.1703211388047275,0.1970584321670482,0.0700435875837402,0.0840642291435303
0.0835001199134185,0.1128831598188697,0.0767080719030655,0.0064763351277622,0.0141247721414405,0.1901784477937769,0.1956824816908061,0.1770288691262738,0.0779959548104467,0.0654217876368275
0.0731840694486597,0.1009255168622214,0.0716678511454219,0.0111346791959007,0.0096744085693051,0.2028615989579873,0.1866779165374784,0.1692830039774111,0.1130517477757063,0.0615392074927956
0.0730422689365474,0.088841297762551,0.0734361037924046,0.0037986798056471,0.0050239695851574,0.1951126191417465,0.2042257172802978,0.1794210540173044,0.1069204014980072,0.0701778881425954
0.0719771092740397,0.0899999118747205,0.0691438439774817,0.0062374737176548,0.0064529569522948,0.1941838626882868,0.209162975064114,0.1871489495011361,0.0885353773031514,0.0771575396112711
0.0684188766709636,0.0885662912404645,0.069103815987835,0.013807350879447,0.0076236449832764,0.1818029016409465,0.1824754437573374,0.180274430355,0.136468783999465,0.0714584604506569
0.0636847035730016,0.0858851319045821,0.0654314957156681,0.0018851370653378,0.0003720653505325,0.1910160684423709,0.1841115225448111,0.1805730074431555,0.1380372320100455,0.0890036359139928
0.0631120584649376,0.0792032669860859,0.0700285182687873,0.0039357119442837,0.005607873685734,0.1787219508862539,0.1989211658221897,0.1867133769162468,0.1195816800728182,0.0941743969162833
0.068315207756066,0.0873320473882793,0.079441280344761,0.0060186212706782,0.0056729129956873,0.1771852612467581,0.1856344807621985,0.1974164839809198,0.0875932973291354,0.1053904068894772
0.0724261513932241,0.088419060486541,0.0813794441755417,0.0063726292990472,0.0040586549158726,0.1825281530207222,0.1912697646436228,0.1749926399053668,0.1077573097453703,0.0907961923775064
0.0685990744960174,0.0853028670214018,0.0795284093234465,0.0112542439626772,0.0148960752341251,0.190886569343663,0.1880471708377211,0.169378728835684,0.1151498863888934,0.0769569745207716
0.0767462509045556,0.0828007737921704,0.1019906207110895,0.0170648641322848,0.0104937103358977,0.2011985911605693,0.1560968811607969,0.1900854592622795,0.1031997693704887,0.0603230791314864
0.090016966867314,0.0958220194162986,0.1113851573714695,0.0206980118798601,0.0192192499369601,0.2089159469238717,0.1877187647645868,0.1585220751507035,0.0437896798261575,0.0639121278222916
0.0901486398941245,0.1000687483590792,0.1091613003721577,0.0243505859740861,0.0189794022943137,0.17286349855486,0.1891636237587313,0.1894010760421701,0.0609233445766226,0.0449397801349414
0.0934986770227477,0.1034031018742805,0.0983720129287247,0.0164517404510941,0.0113338423313758,0.1527254894602228,0.1392746673157318,0.1531903075464731,0.1493402282826063,0.0824099327520384
0.1015308281809871,0.1155121084020738,0.1034929164512072,0.0448781871911738,0.01412934317217,0.1521015190999322,0.1737082145144231,0.1845163848551287,0.0733380338752246,0.0367924642211068
0.1034500289827935,0.1063285134413566,0.1175636174288373,0.0264948526699194,0.0150628899312849,0.1708159317484984,0.1438812205309836,0.1519619329957275,0.0884781475673189,0.0759628646641896
0.0850114409467634,0.0895243855422429,0.1015886148231445,0.0352911105804911,0.0231563613692833,0.171975861591464,0.1537832885083825,0.1830395669547255,0.0892669568885395,0.0673624127591374
0.0832754770992725,0.0830316286624293,0.1139656052864251,0.0334642813265882,0.0123987793427684,0.1354457637583576,0.1972072906387411,0.170983817859245,0.0634297813412812,0.1067975746418704
0.1003726388920122,0.1022793271800767,0.1275856069340261,0.0276940634420134,0.0240108221486925,0.151920982481604,0.1348654037115985,0.2041336409084635,0.0706899004106548,0.0564476138486742
0.0999177299860226,0.09830518328033,0.1252859469360413,0.0346490817918696,0.0206121327930228,0.1504819048020574,0.1414392395663145,0.1898947243489555,0.0938210315520519,0.0455930249050966
0.1087730238746402,0.1091315173526204,0.1304319209535046,0.0138102352407229,0.0208004560915283,0.1062286110947903,0.132358378098452,0.1350935272326525,0.1720787981292123,0.0712935318988584
0.1104050412578733,0.1304545457121528,0.0768259972686043,0.0217799632577369,0.0663414082931984,0.1532278799689437,0.2074890684356525,0.135969583466027,0.0715094792870807,0.0259970324541899
0.1028410506672476,0.1086553357690212,0.129122101035304,0.0328641763550998,0.0221156333415764,0.1708155737338117,0.1604340023840921,0.1295927992644126,0.0846681137902147,0.0588912136209044
0.0960070671802017,0.1072059719235184,0.1134659036824072,0.0300645197220275,0.0189241223761085,0.1590575470112547,0.1247460584071405,0.1370187244361249,0.107872569504865,0.1056375157229593
0.0952410022907909,0.1151845619812092,0.1186247069321087,0.0396497640609249,0.0263893406018312,0.1514700393547783,0.1601853822847569,0.1157741419693709,0.1123982237734576,0.0650828367120016
0.0922389066114565,0.1055876486396584,0.1129895052091944,0.0506194986206541,0.0446037564570342,0.1841604884834752,0.1492453378672016,0.1064705767655724,0.0946173703693349,0.0594669109396526
0.0984950527279986,0.1133168574319875,0.1299302316563069,0.0595467985967093,0.0250510513176892,0.1081939199964681,0.1412393474663474,0.1658237085495036,0.0779009200384846,0.0805021121789488
0.094596543779527,0.107956343187503,0.1203428503591954,0.0688893095123071,0.0408495910947493,0.125889375861813,0.1072245101723927,0.1213636362899965,0.1312592274420265,0.0816286122641485
0.1005373140336761,0.116697542976446,0.1376225504827572,0.0548802746883263,0.0409143216688922,0.1280278176044453,0.1377210318839294,0.1242692300320892,0.0698106544620045,0.0895192621274883
0.0777149930063828,0.0919252363631299,0.1078084666185307,0.0531479789312631,0.0460430504880913,0.1490799881583216,0.1425962349960913,0.1303406639906397,0.1103891311974296,0.0909542562130253
0.0941399978121232,0.113983544892963,0.1256211378486259,0.0493342883187564,0.0477445754064548,0.1096998012099817,0.1377513505997136,0.1125206215253127,0.1156292909748573,0.0935753913706564
0.097444030150073,0.1115352768489205,0.134461574141287,0.0657576324472036,0.04998976186874,0.1386348308981433,0.1076911538567712,0.11666784739925,0.1223086801821919,0.0555092121666647
0.0922486922147892,0.1045729833353576,0.1287819727290005,0.0619890895960537,0.0651232315105669,0.1389898742999128,0.1285823275062465,0.1257020339008311,0.0997373633017537,0.0542724315685074
0.1158498458880207,0.1260146709269895,0.1512303300757501,0.0534104085926863,0.058643904218566,0.1325950318353254,0.106846152994417,0.0962230496401576,0.1083378960328521,0.0508487097575049
0.109761532791898,0.1195665771830902,0.1421658596002625,0.0780628168131385,0.0806195941052516,0.1023433058256555,0.124958716715853,0.0928767770941469,0.0929862454278926,0.0566585744074065
0.1186059185873492,0.1314978842981702,0.1420619929247422,0.0623807751378477,0.0760763945734134,0.1072378692531969,0.1268184163288589,0.090280728567392,0.1022164377850835,0.0428235825056931
0.119318535061778,0.1372665863112489,0.1414217592156029,0.0925295619728782,0.0590600057601173,0.1080449892332348,0.0952343961552244,0.1024982935061998,0.0887113920641077,0.0559144806826159
0.1203421349584206,0.1416461411439041,0.1320928039201776,0.0841966080135301,0.0736754265630064,0.0795143295397533,0.1095324974073936,0.0785703740564911,0.1335039601603952,0.0469257242006931
0.1267789797735316,0.1569371288405976,0.1259807250704415,0.0722103631316961,0.0696450978456652,0.1079962039768558,0.0650709900817211,0.0787908636540582,0.1507970930051874,0.0457925545836429
0.1246075143453346,0.1608108944843349,0.1254626296005317,0.0708165070787094,0.0924267155622517,0.0773224420416338,0.0964345626649812,0.0814888977999234,0.1140007924699702,0.0566290439149859
0.1228433854581791,0.1571064913856761,0.1182927939601802,0.0720915667370526,0.0758730029547372,0.1109876566963205,0.06812321472126,0.0995557317786555,0.1273593583863121,0.0477667978900889
0.1366899496554465,0.1591120715770491,0.1412548104508811,0.0953605642125883,0.0880021618019474,0.0731112246299131,0.0747539664200859,0.0861531002398026,0.0893643572666505,0.0561977937109567
0.1307451334897182,0.1547876130117178,0.1380940931433113,0.0925621509442214,0.0810290161293909,0.0745032798567483,0.0824567021660285,0.0756188641307231,0.084979458046371,0.0852236890490932
0.1286290174192238,0.1459196605049636,0.1387442322850086,0.1062388591599859,0.0867086496791478,0.081374001734225,0.0867464272482075,0.0681899483102246,0.121009242051581,0.0364399615747465
0.1217135140674785,0.1428664405873156,0.1239923444358528,0.1059959907722598,0.1111119091469055,0.0737398786005871,0.0949660431838491,0.0711044683999903,0.0867395138528882,0.0677698969187555
0.1069538576772384,0.1203081889280751,0.1142717561984089,0.1121038976751048,0.1040041020059718,0.0820729866839523,0.0950875500834867,0.0871550015022919,0.1168756101875045,0.0611670490263094
0.1201106844367713,0.124491830819116,0.1453443062286961,0.1186276631893926,0.1144482672978488,0.0849862001554577,0.077895270481181,0.0587789372979878,0.1023565014068074,0.0529603386525081
0.1216494690399404,0.1112690421629034,0.1595488442290817,0.1172648579761437,0.1111142219793075,0.0624759073570101,0.0824134186083256,0.0731833512942781,0.1083462916671792,0.0527345956521329
0.1163494129947152,0.1054376793758039,0.1585530868958888,0.13168317166511,0.1148580260345547,0.0827425822041713,0.0609365879702916,0.0607135646474995,0.1136321780441476,0.0550937101323904
0.1200797820461962,0.100550998497782,0.1586011451251387,0.1168352716923328,0.1393320470734307,0.097259894360654,0.0705821002714255,0.0882608542568598,0.0783218687840382,0.03017603785932
0.1112113479340222,0.0882351969961083,0.1573792547392689,0.1358664045575357,0.1334797089358601,0.0743895041972557,0.0587553439820376,0.063412884681805,0.1253562091802095,0.0519141447629713
0.1005269976202276,0.0774296205015819,0.1561067858660382,0.1455102785011025,0.1765956290379088,0.081863372881558,0.0531279303221772,0.0759215449539607,0.0786563324116367,0.0542615078676181
0.0975864795693289,0.0748166748577047,0.150904034900019,0.1270733003833146,0.1006778314568907,0.0886090617756495,0.0706219209434807,0.0793864058906361,0.1264532209172447,0.0838710692720827
0.098899333419868,0.0767023032588747,0.1446460570561161,0.1478000072857365,0.133339658810302,0.0606765277197656,0.0561602555580599,0.0569778657425533,0.1546106106094534,0.0701873805055608
0.1106453684015656,0.0876322938397274,0.1694728515828513,0.155135075779673,0.1414328147378736,0.0596845578934859,0.0812801659043634,0.043844227363418,0.0830007591523039,0.0678718853067748
0.0839188348851784,0.0666302965053712,0.1244920619247696,0.1823037279556959,0.1849116483008331,0.0835064631853074,0.0482032370391231,0.0531155866073824,0.1044957955996453,0.0684223479611937
0.0988475552245739,0.083699676275586,0.1426558147100141,0.1656803122502397,0.1548877123431471,0.0722412752145751,0.0685942567093562,0.0578041297408162,0.0841930280380863,0.0713962394520873
0.0850368127311993,0.0763394683320369,0.1110114260590297,0.170982711407885,0.1940021370212448,0.1072330946815103,0.0468987742965795,0.0534109104757664,0.09000064576009,0.0650840191955504
0.0983950243698404,0.0893267441758785,0.1216728927846931,0.2100010928283777,0.1660621728609734,0.0700644668157184,0.0490521072738054,0.0334894119484029,0.080499930630194,0.0814361562725121
0.1003262406085386,0.09129036422957,0.1210574442590666,0.1877030775656168,0.2053866922670355,0.0789571463644521,0.0399888561341443,0.046731082384216,0.0598586316243677,0.068700464523981
0.0924291338944521,0.0861240876558516,0.1188165429449107,0.2158728554321272,0.1964342831100859,0.073699166033628,0.0419211010302643,0.0498734286939383,0.0580805113367042,0.0667488898277014
0.0848957185477054,0.0750041912657364,0.1060427070316501,0.2074001685815774,0.2420921830016402,0.0594178774428476,0.0384413512705508,0.0476994804748087,0.0794492704691844,0.0595570518758743
0.0872821349547354,0.0874694104729986,0.0996249908059632,0.2514416039463458,0.1677255714234969,0.0582935508518951,0.0605286245278866,0.0505650738389877,0.0925923072676044,0.0444767318713142
0.0735996437212356,0.0757165081631619,0.0819361410872811,0.2293885808039916,0.2440505050148084,0.0528257757208511,0.0413000168279538,0.0457002125696059,0.1231027872231775,0.0323798288319237
0.0997103056140865,0.1045427811257031,0.1016592922800514,0.2423713015780615,0.1906750489937924,0.055101379650412,0.0354694135648188,0.0454454594363467,0.070008876648124,0.055016141069493
0.0848508979100781,0.0834094281568672,0.0882980863293504,0.222444858251952,0.210460525406684,0.0351551125981391,0.0503497677792261,0.0376298857306218,0.1075964837616162,0.079804954042795
0.0883207329056658,0.0883224483666307,0.0857256662931318,0.2003385448192086,0.2093290450616192,0.0449234814259284,0.0381219985255103,0.0304566213174021,0.1389610494268626,0.0755004118249612
0.081835229604613,0.0826180096897537,0.0801583803800564,0.2420658460222637,0.1941693288180062,0.0427751090054576,0.0559736916142737,0.0350508613866353,0.1034687947271273,0.0818847487162758
0.0682163473686626,0.0799301039308493,0.0734148465424222,0.2377737230074486,0.2361495835829078,0.0460982095899664,0.0248391432185007,0.0472771281321874,0.1030368274368738,0.0832640871521381
0.0782898211990062,0.0869009479293432,0.0775285639170588,0.2467077759028175,0.2193864795561628,0.0446308503218864,0.0372410994577612,0.0408315600416356,0.0902018880209399,0.0782810136166071
0.0725206016552083,0.0760409972082933,0.0790962180307132,0.2281573049540678,0.2443822657674408,0.0319738782120827,0.0405593215152692,0.0471990638190051,0.1229052675580827,0.0571650812430285
0.0641399627623166,0.0678767687514405,0.0725769384284082,0.2547627461349886,0.2361540926994742,0.036979427055779,0.0400800359515359,0.0547305120605301,0.0849150822899615,0.0877844338311826
0.0656244826641476,0.0691419148033442,0.0754526593263109,0.2431530745660284,0.2620482227735302,0.046306787522239,0.0273395151081776,0.0482760845423155,0.0869909092478262,0.0756663494108366
0.0675233314311583,0.0697202228358935,0.0720571381224755,0.2542579144268215,0.2634755635197428,0.0390116565516009,0.0276088239425261,0.0334638482095779,0.0879285821728369,0.0849529187504334
0.045031705530537,0.0475256161526969,0.0460004036835449,0.1570427606504859,0.1379728460951443,0.0367151393358469,0.0230135105777762,0.0192442703312798,0.2357153726040902,0.2517383750132824
0.0431429182701141,0.045973989197751,0.0456694155777019,0.169524514886152,0.1657869624224754,0.0267753977789098,0.0289768218526189,0.0226048570819444,0.248741761952846,0.2028033609537364
0.0398998244012584,0.0453229228275781,0.0418562919360383,0.1881875795090408,0.1686286451794998,0.0285140676980428,0.018966683970187,0.0231075713875239,0.2267316550954811,0.2187847579715731
0.044882022867203,0.04582136940824,0.0490217122247038,0.1998848463164614,0.1984401985881276,0.0208579372472816,0.0284771179069773,0.0231778818128362,0.1607424377250871,0.2286944758795521
0.052493540435902,0.0554389204035059,0.051649708780896,0.1606517070748402,0.1748149372686649,0.0181288188225198,0.0173124495863073,0.0175473849480858,0.248542008740407,0.2034205239156001
0.0200103365586309,0.0296885364212205,0.0234636210565157,0.0067811625023844,0.0094770139360659,0.0109881563172477,9.964714474208923e-06,0.0004270127525737,0.4826004205104412,0.4165537750980998
0.052163530391544,0.0491869060180285,0.0543277011150567,0.1792648963176867,0.1645949567401233,0.013683724841762,0.0120089084256493,0.0088707029739987,0.2296210996756635,0.2362775734763868
0.0520401400691604,0.0450790646860053,0.0582316586710394,0.194339502771366,0.1596987517381954,0.0133973820122861,0.0130159087285296,0.0153594394402035,0.2449766489298434,0.2038615029297297
0.0512797255371831,0.0450888528699064,0.0545645823889051,0.1682538060944993,0.1618938159167317,0.017359206070458,0.0164113910179919,0.0242408143001588,0.2146700418793862,0.2462377639030211
0.0527127251843133,0.0435814055395491,0.06546529399379,0.1567995268498196,0.1690585125669794,0.0180055152786394,0.0103584655393139,0.0179451708671438,0.2288197504728207,0.2372536336849416
0.016369904297383,0.0590498397876888,0.0023313641677176,0.0159709311329007,0.0365257986838388,0.0010073702511792,0.0004733855671205,0.0001157312563065,0.3595797169707271,0.5085759577542326
0.0486207443972884,0.0327281609827187,0.0723474961246161,0.1743374042711346,0.1693351076406138,0.0136263730415431,0.0129468196983824,0.0175412555091858,0.2353710334274523,0.2231456048855834
0.0575228428955897,0.0422184171576317,0.0829915003310671,0.169868528045095,0.1659290561780329,0.0144669907793983,0.0170674721886204,0.009890132471409,0.227293002680068,0.2127520572510169
0.0534929570445691,0.0373268158946303,0.0757228336373568,0.1801080635792414,0.168641408008198,0.0131619300632874,0.009548452653185,0.0129919414796298,0.1844395751253691,0.2645660224933313
0.0639259447371006,0.0469882170203914,0.0881140491548564,0.1643087072926738,0.1787343971887894,0.0126681146808955,0.0126130244113806,0.0052939730521585,0.1772597173058623,0.2500938551327577
0.0024866612797274,0.030478701243252,0.0022225187120292,0.0059729018562461,0.008787732693696,0.0180225434086809,1.2145718936904116e-07,4.0405285447478885e-06,0.4487888942047843,0.4832358845010134
