0.1563562436277753,0.1523349704938297,0.1707047704822399,0.2026486468271987,0.1967341183387355,0.013768689545066,0.0106154017601003,0.0070023653680501,0.0563625045798358,0.0334722889424347
0.1684589464716303,0.1746347960795311,0.1902078544213033,0.2172686337319196,0.1715969430915986,0.0042315845101435,0.0063017874859822,0.0102598541678292,0.0359891132240327,0.0210504867786266
0.1705393303668449,0.1600234018970626,0.1968812936629343,0.2034607026315363,0.164618515406989,0.0069476014655494,0.00814593782424,0.0047086126572862,0.0480999384521663,0.0365746656025504
0.1769991255069571,0.1613404002013828,0.2060105687356853,0.181269123235027,0.1905988134310263,0.0050273086458026,0.0060715272841286,0.0037440916167571,0.0565267784511766,0.0124122628588823
0.1804425029410591,0.1605041258536122,0.2117115090842249,0.1597819953029627,0.1897359813781718,0.0083753876397104,0.0042784454763556,0.0079529279879515,0.058243529774481,0.0189735945295096
0.1837342150179364,0.1608870698003965,0.2123407304600811,0.1756516347489458,0.1764931937655375,0.0081681841772954,0.0031059114719192,0.0106922538002407,0.0448343786791449,0.0240924280452056
0.1918325840618587,0.1633065929744023,0.2292683546174476,0.1799836399960093,0.1598143274872082,0.0078062602414019,0.0036394294020485,0.0045531948950713,0.0394798773708787,0.0203157389192401
0.1970126205865963,0.1690916453836685,0.2461007810559941,0.1627310443169004,0.1414463031792459,0.0085338539342767,0.001682256807338,0.0082284947397161,0.0522094655269242,0.0129635344331676
0.1844006095989312,0.1556535465735009,0.2250082334511921,0.1963902293015187,0.1238840020977535,0.004851234355502,0.0024570127573503,0.0095854754634314,0.0847887015609818,0.0129809548061365
0.1959048992899111,0.1587513602206592,0.2403616916412247,0.1609859176082859,0.1410447065157402,0.0017504487615112,0.0058546738238562,0.0048574222383474,0.0698145238280349,0.0206743560367639
0.2044908426899687,0.1771556477938924,0.2388596889256037,0.1260874361166901,0.1455041280672919,0.0006489224582531,0.0043200871772741,0.0062866992127593,0.0839809604410457,0.0126655870832023
0.1858595434378071,0.163162809062339,0.2155932668370727,0.1794776297586368,0.1554526858743083,0.0079666367577899,0.0056612963122242,0.0091783614888838,0.0634012275247421,0.0142465429104593
0.2070147249471698,0.182884387250298,0.2277269138651994,0.1438928946502183,0.1369488067690373,0.0076069215301259,0.0064980135980409,0.007482280364789,0.0754029569056738,0.0045421000839546
0.2014024421278194,0.1828039314633939,0.216707620695299,0.1388021740200976,0.1592571245408433,0.0025759035907341,0.0082870116378363,0.0069669995523029,0.0750491780353197,0.0081476142995241
0.1973581544231499,0.1754804910864305,0.2166581807052957,0.1583930489381469,0.1380559188480578,0.0073500056658111,0.006782217340145,0.00465681708432,0.0893738195886798,0.0058913462826145
0.1991184226536443,0.1813405443445923,0.2140290976622827,0.1206456822290257,0.1377117385219351,0.0112680251122116,0.0081042822368967,0.0084139194307193,0.0985023931251913,0.0208658946468119
0.2112989063540132,0.1904294993504578,0.2347582476708893,0.1174277287982701,0.128456589980906,0.0118886148264305,0.0019060885231561,0.0093749662359939,0.0796545249314767,0.0148048332897178
0.2099570601758639,0.1786083782631295,0.2397808383103646,0.1428436846978522,0.1222429556794187,0.0026973104514389,0.0044017037342546,0.0107207968347166,0.0745964774769473,0.01415079433798
0.2153509344385993,0.1850671773421153,0.2394885417014719,0.1498068059462529,0.1191376165668675,0.0033182955617573,0.0016456170944919,0.0029610514120835,0.0643360198179144,0.0188879400815321
0.2321791129753057,0.2101645011719578,0.2398480296054101,0.1167379218940671,0.0995854729957996,0.0075469225144466,0.0050177061248944,0.0045398015081844,0.0480273622374915,0.0363531689337543
0.222310779748688,0.2115737278201265,0.2253513462201023,0.1095310362065014,0.1197093676598811,0.0081374325700492,0.016838196329561,0.0069651924273939,0.0633955931339797,0.0161873278451803
0.2253961186352809,0.2111028066429016,0.2317545435974858,0.1056761592856524,0.1074908097191089,0.0003218112212941,0.0042528003986041,0.0069720531791295,0.077975930328813,0.0290569669530787
0.2408997686031313,0.2177178075557771,0.2390763553986287,0.0912354235561648,0.1009732052957983,0.0009443018961538,0.0083120552792565,0.002465619336484,0.0730894492574775,0.025286013784766
0.2325214401319016,0.2189045701388556,0.2326857791257787,0.1002726630758676,0.1015775533794839,0.0060663294440746,0.0032680480008068,0.0010010719376804,0.0635266856040869,0.0401758591238964
0.244995741034195,0.2334772246251864,0.2425990083894748,0.0815258147628456,0.1016128732414244,0.0055447973886014,0.0045197758485953,0.0017329459413395,0.0570005243887255,0.0269912943366565
0.2179230401225197,0.2052898252904587,0.2136835958100119,0.0881849247227305,0.0899781828785108,0.0056777199313431,0.0071186471247807,0.0032661389755865,0.0986835108110256,0.070194414295527
0.230652514494122,0.2488408052904435,0.202727784492319,0.1142837390315273,0.075319540169341,0.0024746853416645,0.0013645894128618,0.0039060132688041,0.110619613460703,0.0098107149983342
0.2317495383254801,0.2441470588423916,0.2084119473432567,0.0986901023393599,0.055951656413769,0.001310185659506,0.0012290514786132,0.0010472775002874,0.1345953849452223,0.0228677971155913
0.2362644621605933,0.2586837502811602,0.2078431984228977,0.099142402322508,0.0797797907980029,0.0041116919127406,0.0030192413838668,0.0083869990258961,0.0671986160307999,0.0355698476224766
0.2209156704319444,0.2507259871796956,0.188688769008705,0.073231977265213,0.0530456262919306,0.0037472016438915,0.0021258194205718,0.0123144563678074,0.1495307422423724,0.0456737501115177
0.2415474732204109,0.2780273688174735,0.1881965517518623,0.0677966609726505,0.0475273426913178,0.0091404364459909,0.0066184872556707,0.0019060403139997,0.1100772757306119,0.0491623627605169
0.2490672095850035,0.2691590885978858,0.2184935704944607,0.0882727922904936,0.0615205646172719,0.009600682621881,0.0032172083421148,0.002811728401434,0.0862503959666631,0.0116067590416751
0.2710118475571301,0.2818754300091123,0.2419783035760192,0.0588934006074897,0.0337376786644283,0.0031139423712416,0.0037656549027838,0.0071860685717013,0.0811603289444709,0.0172773447529669
0.2410027114772097,0.2560461674255625,0.2088011487712967,0.0723052596238441,0.0535307424314266,0.0013011486187198,0.0020090719253968,0.0079517496720096,0.1372710102436296,0.019780989774747
0.2623310606478682,0.2777203294033348,0.2249589745603227,0.0529475833263603,0.0429848990171275,0.0078946283025736,0.0134501577195789,0.0125441512536511,0.0971911263793809,0.0079770893519501
0.2686103370898797,0.2902882877998095,0.2069755167303098,0.0588326129555489,0.0417411923323849,0.0076176525755461,0.0038234541103473,0.0014017579551545,0.0857775398363139,0.034931648579905
0.270426801433544,0.3011475779330934,0.2021249667944497,0.0450201630264779,0.0386705953931546,0.0130187355801381,0.0006773682212618,0.0031462519964752,0.0976770026771335,0.0280905369116193
0.2782749500430196,0.3226334355278108,0.1994746491216071,0.0349601375999241,0.0432858551675069,0.0032050490324198,0.0043640720670293,0.0053324662293511,0.0622511195476669,0.0462182656275992
0.2700330781081608,0.3145158089832594,0.1873941806168008,0.060663714963171,0.0274801806185185,0.006651682313931,0.0035199932559539,0.0001333956916786,0.116216962644954,0.0133910027677513
0.2829995734143755,0.3187356454268512,0.2064164576549262,0.0293265380391225,0.024126120369587,0.0085580173509464,0.0014825155008892,0.0011377996660622,0.0900692624128248,0.0371480701296103
0.2652306634684086,0.297031659558618,0.1951668936120063,0.0281059554087812,0.0376937260759565,0.0124525910586726,0.0051495982042348,0.0101283989311012,0.103913495789474,0.0451270178582283
0.2837806441709821,0.3165541454078887,0.2143374882475154,0.0239914186312453,0.0265676264226199,0.012582300124844,0.0065988113002415,0.0042989797036016,0.079512801419158,0.0317757845373006
0.2933415238046952,0.3278025902680066,0.2090319621191816,0.024487490588752,0.0197164408504525,0.0038826786598949,0.0037989371676202,0.0058102861672033,0.0936508243994716,0.0184772659392495
0.284666549151994,0.3288978777846018,0.2018933961796436,0.0334641544673627,0.0150380370868281,0.0115778470136079,0.0088094992087105,0.0061692792204634,0.0805914778933508,0.0288918819596175
0.2850088672565092,0.3152455737049549,0.2040503349473194,0.0373414736751501,0.0236188463328615,0.0017770705332618,0.005226493528737,0.0078092210049233,0.0915241727262294,0.028397946258547
0.2893788686812913,0.3278783682371459,0.1987939661561352,0.0253981504435646,0.016378396376845,0.000950608637878,0.0008578741614248,0.0049184170883359,0.1126304810232388,0.0228148691632446
0.3031958544396002,0.3348005362224232,0.2159068991100078,0.0206722447473803,0.0158069447673232,0.0080330906725035,0.0077885821075625,0.0078017028544212,0.0463681011948134,0.0396260438510909
0.2948819934000272,0.3315917986598978,0.2061523257915564,0.0082125015681989,0.0096196394241496,0.0041301304258745,0.0051216486096006,0.0127485418320053,0.10004143355811,0.027499986696676
0.2901962952097456,0.3233219936119761,0.1985842577345918,0.018799945318098,0.0167790750492612,0.0054794504611412,0.0091251716482347,0.0031762833912958,0.1046242554021884,0.029913272140192
0.2900255704224544,0.3319380323127799,0.1912315316864593,0.0159034388099185,0.0130341698771846,0.0076286950240017,0.0028489407215839,0.0054019642842137,0.1121904869760277,0.0297971698540983
0.277287008585332,0.3078967967287581,0.1784634862740918,0.0145909213785024,0.0187409620399159,0.0082408544913604,0.0072643976181428,0.0026074607218102,0.1271561016976923,0.0577520104341879
0.2950032874469945,0.3372908163570222,0.1786419257866526,0.0159084468908754,0.0118842882786115,0.0115601655365815,0.0046984627325766,0.0031757199139149,0.1038275957063021,0.0380092913190181
0.2998353503038422,0.3325535040527477,0.1772264826063207,0.0113231596658867,0.0058054611625994,0.0059872876729087,0.0040752738842907,0.0117405968664428,0.1104965939043993,0.0409562898512301
0.3163457609677491,0.3607844602200138,0.1850580295641773,0.0111884122119739,0.0087881547948616,0.0208008323537775,0.0084225972781382,0.0040302906019281,0.0604666475522305,0.0241148144232476
0.3011836118649315,0.3393857321186835,0.1828710528382906,0.0087010972097654,0.0098417172973262,0.0054373252971216,0.0089880031943514,0.0073800906830173,0.0854079584378254,0.0508034110267536
0.2911839973186715,0.3404581843892581,0.1708449865873466,0.0064693731075458,0.0105608778930935,0.0109900158980402,0.0100340564933803,0.0066488361312212,0.0946863279943543,0.0581233441538161
0.2996401378654456,0.3466005420058459,0.1806763811464579,0.0170442505662713,0.0038270787102045,0.0121648697867548,0.0062683721024964,0.0071860975698332,0.0933353199355627,0.0332569502775045
0.3086082467095625,0.3445621704615123,0.1998949817457779,0.0075809182834125,0.0039583093392224,0.0041558107204602,0.0111529795584721,0.0033117048185827,0.0909963067455268,0.0257785715845238
0.3108015946282704,0.3349608850484003,0.2134004324130209,0.0061358154198529,0.0074718844323856,0.0093149541746306,0.0022916283972031,0.0069561180764213,0.0847546862217318,0.023912001159068
0.3050106440334529,0.3322161812948502,0.1994821865259784,0.0117273680718633,0.0043257560142468,0.0092394507682321,0.0085913169372575,0.0016542968715902,0.0820118115656427,0.0457409878890686
0.2870227283308961,0.3247790488271723,0.1829260871445523,0.0081856966645498,0.0035968787689085,0.0171379617397414,0.0045148225833064,0.0089383246410239,0.1330344457543187,0.0298640055179764
0.3075324167115185,0.3478947106560628,0.1963364237355158,0.0095296632424697,0.0047124634699181,0.0062354893924603,0.0075788015231976,0.0096898273917996,0.0823964119562006,0.0280937918926775
0.2947628248094316,0.3366797528805274,0.1863541457570296,0.0038975484151235,0.0032676155187437,0.0111489864024579,0.0118876933731245,0.0093290418915802,0.1130818554023359,0.0295905355224721
0.3084835903522143,0.3557372041571304,0.1961044830193024,0.0031289888687696,0.0012815161107524,0.0103492945373395,0.0100165033124675,0.019669195592959,0.0614723917077059,0.0337568323122888
0.2853098342944248,0.3430777769834798,0.1695359179372658,0.0031533431341286,0.0048346173471541,0.0169377320027372,0.0149754539329853,0.0221211650026198,0.1073707891574868,0.0326833701766407
0.2996136673097568,0.3604517395168796,0.1786729866216608,0.0016419600948382,0.0073743967200485,0.0246050515018531,0.0089486276197592,0.0156995431997093,0.0667751192174842,0.0362169081663918
0.2823017540882431,0.3416646762859042,0.1567392530840252,0.0057888894412918,0.0046362650335017,0.0258249781080753,0.0112660544276738,0.0178694859336001,0.0909737060596049,0.0629349375064442
0.3047498767448296,0.3586603561007598,0.1706515864490655,0.00779413031418,0.0040741760198506,0.024221667747875,0.0055904238223945,0.0152436960541771,0.0837074113355582,0.0253066753808321
0.2975708106931086,0.3421896161887018,0.1804371210889149,0.0034906172323683,0.0043087466738954,0.0041579225453381,0.0093213277785846,0.0167060532651659,0.1168319790910968,0.0249858054136256
0.2972502002751728,0.334566452220463,0.1884169050153142,0.0044549042800319,0.0040961153826768,0.011225541918615,0.015499341895745,0.0085693620351362,0.1042252278444017,0.0316959491045159
0.2928965797077894,0.3293028587589183,0.1871761966331504,0.0105461028041906,0.0034617165177339,0.0138493515468173,0.0110558849012539,0.0076821156087592,0.1055586661728873,0.038470527321577
0.2985197238733477,0.3318541351260798,0.2016900254728538,0.0041007778285303,0.0035828671841539,0.0136864233229048,0.0098625323960167,0.0176868310700967,0.0896846607380419,0.0293320229599435
0.281503587503379,0.3104345036242241,0.2035549640865479,0.0012571518819329,0.0016843122105684,0.0121714517110945,0.0108168538513652,0.00999059570016,0.1268262403403679,0.0417603390629525
0.276172607809599,0.3018542452067559,0.1958275899635089,0.0021093328483364,0.0025634487994721,0.0188599271623568,0.0151926457195052,0.0206352783460748,0.127088260076381,0.0396966640394445
0.2842736584751211,0.3069526520349718,0.2068413638807237,0.0017551920095347,0.0006199283404652,0.0143871234918958,0.0280098487304385,0.016043569430237,0.1180192036401865,0.0230974599375928
0.2892242904221375,0.310908005432197,0.2125757401336495,0.0014466848747171,0.0010695058005129,0.0120998897551827,0.0084195260890435,0.0205920427386293,0.1210094365969671,0.0226548781279716
0.2811941889680147,0.2865527345392271,0.2109233336238326,0.0020998467755624,0.0055955372759148,0.0269218406591469,0.0139444667824872,0.0144808846577535,0.1214382014719618,0.0368489652177935
0.2740444062523607,0.2905888430287927,0.201002415821065,0.0096140401279081,0.0065728727561193,0.0109316098506569,0.0151345307971659,0.016206541586344,0.1220532276007822,0.0538515121488247
0.2580170424361152,0.2772034772010648,0.1916681279280526,0.0037465874668817,0.0035835067490959,0.0235124583292902,0.0199488842851927,0.0241878569430898,0.1629298636451713,0.0352021949865335
0.2512762447222653,0.2672624363501174,0.1874348029115604,0.0045073449942315,0.0073944215012199,0.0237706252545161,0.0195432848507357,0.0188959171682349,0.1672071514136189,0.052707770805824
0.2764766113242481,0.2892334439391531,0.2053749784032902,0.0090042769340705,0.0047151459575108,0.0209137297814251,0.0295548808885482,0.0249313863311559,0.099572325757057,0.04022322065361
0.2762490107414145,0.2849423573895047,0.2053896016176893,0.0048264049878531,0.002725584731178,0.0216015960669197,0.0230188415842782,0.0115882138664634,0.1456349713332589,0.0240234176531627
0.2407441633626825,0.2432273394390258,0.1908085748670168,0.0086649844856247,0.0043193717687931,0.0090861061822619,0.0240330591693448,0.0385297846860961,0.1882174880771263,0.0523691279360636
0.2588071074527985,0.263470654361956,0.1993049387995888,0.0087868794244216,0.0032782044755824,0.0237016685659199,0.0167710422528905,0.0286526679432032,0.1585620956115728,0.0386647410844772
0.2526415157018594,0.2480022518100458,0.2021863905664347,0.0103377066888468,0.0027718094718501,0.0178622663158699,0.0221745743617661,0.0199641164676085,0.1813809648646479,0.0426784037244246
0.25729114449296,0.2559811841845071,0.2066145379921192,0.0086641295892919,0.0067364300958089,0.0207428876708859,0.0317612314047759,0.0291069956876623,0.1454809727405759,0.0376204861133487
0.2533148451802999,0.2594910868479152,0.2017732030161789,0.0123497464263772,0.0036901277695118,0.0288373545793661,0.0252957164452047,0.0257337895615737,0.1349970341066257,0.0545170960380915
0.258396685813292,0.2611496184132424,0.2022796283398481,0.0088292696042827,0.0055712049928273,0.0326917448468997,0.0246150014560142,0.0228688946636693,0.1476736273716884,0.0359243244703771
0.2712723554487501,0.2746453145034107,0.2036964995840149,0.0111308469323139,0.0114516188494478,0.0314826834124616,0.0348988688903705,0.0179446896667695,0.0952350382945442,0.0482420843863117
0.2822535087658513,0.2793781129579705,0.2040394960773709,0.0115775712012993,0.0033810287260828,0.0309725493981392,0.041036340229201,0.0285140676769054,0.0822203688621697,0.036626956073697
0.2553488714373079,0.2522097971154791,0.1910791761614855,0.0072776933578183,0.0069569085005946,0.027573005783958,0.0255615154494739,0.0213979277115611,0.1704794768564748,0.0421156275966074
0.2368000797868975,0.240458757412626,0.168303123160022,0.0103592350073395,0.0126350048754766,0.0230613674493299,0.0386166308465783,0.042452218043337,0.1547454163086421,0.0725681670816664
0.255403882432625,0.2538890508378305,0.1861741021217779,0.024782347456847,0.0081893237322122,0.0223079691699986,0.0325839340137794,0.0280754433746421,0.1367342695678834,0.0518596772609054
0.2382268808566809,0.234447306562629,0.1679921617538045,0.0077867749295615,0.0085042503784891,0.0278509882399166,0.0427730609641445,0.0300253260943501,0.1861515387312839,0.0562417114589478
0.2347816755590079,0.2426575927091975,0.1649671091481728,0.0205430205580516,0.0056322155107475,0.0426910362150904,0.0312450278194861,0.0398302201964067,0.1777149891695145,0.0399371130849992
0.2517296731268821,0.2656647559150344,0.1756400587035958,0.0085499815370817,0.0138951488712719,0.0255079692757538,0.0436638392285341,0.034544384801462,0.1497628085204414,0.0310413799868068
0.2447703052549778,0.2585377441382713,0.1683267264891418,0.0078981116676459,0.0152092326350424,0.0369651816465321,0.0354710787428581,0.031558995513476,0.1461136928279048,0.0551489310506512
0.2378973165180749,0.2491803917515339,0.1712920745761998,0.0162991634275023,0.0098395792366008,0.0586269727259509,0.0392627740902045,0.0397337275884075,0.1328641626826248,0.0450038373691264
0.2353161897961596,0.2447070803906274,0.1720929478888609,0.0126559849504085,0.0063807182045879,0.0393000857999066,0.0602962570615252,0.0416039481411775,0.1099782972853266,0.0776684904450373
0.2334652668525015,0.2321885460711414,0.1751637559857154,0.0207481627862485,0.0164193673253493,0.0471273285769516,0.0457752127625074,0.0391370016996481,0.1457313553229963,0.0442440025851598
0.2297319535991376,0.2337091155353666,0.1642418046937568,0.0315936150361398,0.0231957041056594,0.0456582572273033,0.0325733189556602,0.0352164833212701,0.1210232786101203,0.0830564688858562
0.2426186781298032,0.2612725559549859,0.1643971227558504,0.0213089965946626,0.0235487215595142,0.0461287843929506,0.0452808736690911,0.0395497858808256,0.1179319073059506,0.037962573723727
0.2214154477369918,0.2306179288118242,0.1637326108050179,0.0271791372366734,0.0193176020412796,0.0490055995526051,0.0510548281254672,0.0432419362060963,0.1268280025110729,0.0676069069412777
0.2271907299468287,0.2304318051353488,0.1720340226529585,0.0434738062459948,0.0230081691826575,0.0339396882809694,0.0419031147089132,0.0459514037591608,0.1434669046969404,0.0386003553597699
0.2311767307769362,0.2295162947756064,0.185710757068417,0.0286456497744806,0.028729686392974,0.0378334504766804,0.0276977052566889,0.0481224230348196,0.1567382881754995,0.0258290142391816
0.228908995918677,0.2246013005334056,0.1786626923792799,0.0243758671128084,0.0201334286260124,0.0419726210719424,0.0383541162538627,0.0492761611635893,0.1500276917728385,0.0436871251397067
0.2336649681819087,0.2275099336801461,0.1764838942122137,0.0323999261501548,0.0249766361143671,0.0494580580281438,0.0448985291245671,0.0512977483699111,0.1371274457162111,0.0221828603937232
0.2187225503883241,0.2073261751457442,0.1696466698542276,0.0315158287070319,0.0289403417528354,0.055324561603581,0.0371699785343313,0.0451155149630669,0.1573004172743126,0.0489379617514718
0.2237999527597593,0.2158178632949615,0.1792175180477272,0.0289308083364734,0.0268481917306355,0.0480058579468678,0.0442595084395555,0.0504149661113807,0.1433090574812216,0.0393962758240642
0.2319065743262195,0.2250056949363717,0.1750408514271125,0.038595213305052,0.0218000852292513,0.0685124951451009,0.049833348571676,0.0573911403479598,0.0925294895834763,0.0393851070988456
0.2212235743540225,0.2130406227583753,0.1711171656780246,0.0383568673669454,0.034762358947151,0.0406427157021642,0.060598658737222,0.0438947183670214,0.1373294161576895,0.0390339019035509
0.2234938010589087,0.2167393112590253,0.1673968397220966,0.0293357662774507,0.0238372411839618,0.0625272369049012,0.0714708002238215,0.0439141421147532,0.1128199617123337,0.0484648995143852
0.2241688597923454,0.2230245846188691,0.1649936388271951,0.0262608837424834,0.0393764926738043,0.0446514737458468,0.0672494594023617,0.0537401543492526,0.1026473439810293,0.0538871088398555
0.217134681670206,0.220801749790449,0.166030524134862,0.0401403792786657,0.0430162105629767,0.0560709899421138,0.0491970487662294,0.0504751908777605,0.1100948860827705,0.0470383388663689
0.2063033255972522,0.2143442252084806,0.1506106139091248,0.0482071378131782,0.0260434825162138,0.0609899078681163,0.0578426615230693,0.0512059374725216,0.1414718620394268,0.0429808460238053
0.2024424750873207,0.2092971586197396,0.1572179402567232,0.0341267252128202,0.041768619930956,0.0725208309674818,0.058484242747225,0.0523177663499235,0.1166570776329707,0.0551671631670311
0.1961530983404495,0.1945038815580446,0.1575770433845909,0.0482690374606919,0.0471384949640031,0.0529779236811567,0.06506414922524,0.0669223236181967,0.1278416016404034,0.0435524461009671
0.2013694267139552,0.2020226585725437,0.1589340765562161,0.0506541796231405,0.0525966497367687,0.067710032066341,0.0598412815638734,0.0573298749615774,0.1023591161631338,0.0471827040153823
0.1580446701395825,0.1575833164857145,0.1368203486627841,0.0801358454387912,0.0622864118119991,0.0640020730444067,0.0631507970580858,0.0660192903289446,0.1454765612469871,0.0664806857556183
0.1806939058545032,0.1782583831643877,0.1596849031002115,0.0730688391364057,0.0556498883311571,0.0646968218203214,0.0539280758826899,0.0526490247821908,0.1278028554799023,0.0535673024185514
0.1724512060502239,0.1730172660874792,0.1444662957682776,0.0663407813623186,0.0819017953023105,0.0694302326212914,0.0627800573977407,0.0747993667344261,0.0928476095225735,0.0619653891250072
0.1857170130350591,0.1761376736849635,0.1638557155959333,0.0655849250656665,0.0533175180934912,0.0701183551419622,0.0638772912462789,0.070528728783389,0.0907357654888303,0.0601270138347843
0.1853653372412437,0.1805775080245572,0.1576879866783444,0.0910319059481102,0.0592156782283997,0.0569620177481904,0.0596630684135968,0.0473490097296452,0.0907867737339016,0.071360714226122
0.1764554370136539,0.1781230741762,0.1469928174330163,0.0644276894056345,0.0715269457711247,0.0845019490952207,0.0640129106550565,0.0612840773359777,0.1130618601318007,0.0396132389574837
0.1843277604201927,0.1787052085958733,0.1698896455017771,0.0764339952636047,0.0679895754457524,0.064585613938093,0.0656558214532442,0.0658009305606571,0.0735498295526164,0.0530616192421239
0.2026130135980306,0.2021590460672197,0.1776424580070743,0.0663521192372167,0.0766769296964838,0.0743688023365469,0.0507114873255254,0.0724507470516363,0.0590836259214509,0.0179417707320461
0.1728057009217664,0.1767874272959981,0.1450701359469669,0.074378670917959,0.0733104265914814,0.0656587163106044,0.0909631946056839,0.0719874530956739,0.0911631310088552,0.0378751432818458
0.1744794776354414,0.1766121673635072,0.1437895479448555,0.0912771498437715,0.0866313740798871,0.0694101456749424,0.0690068162899424,0.062541445186461,0.0748767336769343,0.0513751422804896
0.1830877129109864,0.1875892806209947,0.1563058118592751,0.1007413344794646,0.0680652984366469,0.0707241804285671,0.0535756369756169,0.0573095426585414,0.0656531278007138,0.0569480738045561
0.1748064801704368,0.1740037777530268,0.1525465788957566,0.079089881126382,0.0608685261497245,0.0635175498409233,0.0797752401937408,0.0767439714589951,0.082988814742737,0.0556591796436322
0.1581264441493102,0.1575673525011043,0.1399054876496958,0.0794839153142,0.0677124723590086,0.0880908093428568,0.0669647780983551,0.0790974521824462,0.1027676975775751,0.0602835908019039
0.1771972944103644,0.1721560733173506,0.1560543749271138,0.0731493412335251,0.086573832288419,0.0918054986268991,0.063827508768682,0.0677269755629711,0.0714641068444705,0.0400449939961434
0.1776471124680179,0.1772590876051762,0.1561740509420666,0.0945978511306097,0.0827904907872037,0.0771475673691598,0.0562673509183912,0.0812656674145402,0.0589913895634661,0.0378594317785662
0.1736911344335726,0.1704996247218693,0.1533027670719911,0.1048482081270676,0.0952954600607155,0.0678844982294844,0.0668388567061761,0.0592799289899772,0.0688660275060511,0.0394934941299304
0.1768171954731308,0.1691795752327408,0.1556467358988832,0.0831546730459271,0.08028409045463,0.0857366067659958,0.0695409258756626,0.076088182779944,0.0700034941938394,0.0335485202556877
0.1650577848434035,0.1528673601471287,0.1499352894559663,0.0861339511778103,0.0981220596215765,0.078805998140836,0.0701296805543984,0.0718615590094098,0.0925676201074337,0.0345186969183609
0.1559610722571805,0.1458162477734396,0.1413664471862841,0.0991108353911505,0.1024520461703213,0.0847817031345219,0.0783105982494953,0.0594337634218797,0.0767785272899296,0.0559887591032104
0.1397636132791789,0.1322689440658779,0.1267839833980897,0.0959141801249876,0.0980464840325288,0.0720403824869996,0.0936351384612839,0.0656703538491341,0.123516296689998,0.0523606235902836
0.1371306600235594,0.1280406648432186,0.1294413362276563,0.1069356299526279,0.1081332720470224,0.08489931752187,0.075004152893628,0.0725752180919277,0.115050489376024,0.0427892589994186
0.1215272822769202,0.1141606479315522,0.1213673407482632,0.1328873336943676,0.1090559071301945,0.0783946123963682,0.0724059402633582,0.0846790639854548,0.131195925697075,0.0343259458533532
0.1285412199895321,0.1210302533504777,0.122523116141178,0.1336187293343275,0.1128556510385669,0.0856808369996599,0.0649233141906297,0.0654332425096523,0.1224837885913945,0.0429098478317233
0.1191966558142069,0.1148234412968517,0.1163554624437778,0.114767368539907,0.1041127166499306,0.0694415017690762,0.0832344057577343,0.1015412010301535,0.1391226814933015,0.0374045651808012
0.1084825634013075,0.1061212751941943,0.1084449272742627,0.1194681856943632,0.1324250556111637,0.101727463177407,0.0654525753504491,0.0944283441087013,0.1165490255767496,0.0469005845888496
0.1118782733315121,0.1154397939413928,0.1011959631799774,0.1030981902923912,0.1370505376265149,0.0997931363648067,0.0816661676581137,0.0769148245506987,0.1261100722806631,0.046853040752861
0.1000729520355641,0.1081230543991107,0.0880256079900991,0.1247878485130457,0.1293846701464364,0.0787409486772186,0.0979561821534771,0.0782605724912758,0.1393548256476605,0.0552933379255635
0.1075408135484542,0.1193327843666456,0.0889292580241405,0.0982134938198298,0.1211791510299686,0.0699235080856522,0.0969873862168709,0.0732558381932769,0.1707729129643382,0.0538648537291345
0.1252008125416105,0.1413787229992066,0.0954827522140055,0.1218462749797917,0.1258370633121829,0.0833699863352322,0.0863255101469055,0.0876996933724177,0.1126058859649096,0.0202532981123775
0.10963386527336,0.1254417160737825,0.0860556190836179,0.1171957240338208,0.1300123786922613,0.0772557841070679,0.1008178552314463,0.0733416353489066,0.1323010250514791,0.047944397084944
0.1196460468108556,0.140195250047098,0.08747921623728,0.1078358959973968,0.1258975517038705,0.1039291334918822,0.087359617960706,0.0718171647358416,0.1272574154488434,0.0285827075456803
0.1172376272370004,0.1342865341307388,0.0823494990368554,0.1233557443447189,0.1137315813486362,0.0971847452553537,0.0972114408797123,0.0860278243588476,0.1031789069154968,0.0454360964717001
0.0994298793104488,0.1115528410310553,0.0762914071041204,0.1464898369327714,0.1144926743061005,0.0889676008602225,0.1013503569876369,0.0901235967765821,0.138517936096687,0.0327838705740978
0.102087324983673,0.1248202481424717,0.0706719082944594,0.1616998874926601,0.1225302575249679,0.1045415961538798,0.0961663923820204,0.0911293635573747,0.0933309055673827,0.033022115880395
0.0979892236482047,0.1198547800716713,0.0704032441246756,0.1550002270366587,0.1186273267375148,0.1156570543398312,0.1014057491273605,0.086148222132281,0.106889613848601,0.0280245589118922
0.0991383633561797,0.1248434182721727,0.0669592593855269,0.1238206452917855,0.1385461718876113,0.0798125395034295,0.0977429030032756,0.0951116936231348,0.147741064738932,0.0262839409195054
0.1046937933864953,0.1376050398698693,0.0655783483515099,0.1578575117768097,0.1420808277553487,0.0979076365810273,0.0965072602074888,0.0808865174147411,0.0940308459209565,0.0228522187153668
0.116339796761295,0.1511978769557649,0.0758005767867235,0.1262448368628157,0.1358521494131452,0.0892066867696506,0.08642125189992,0.0878012429858255,0.1147170629628463,0.0164185185822577
0.1126211788236656,0.1436689913653954,0.0688766223528021,0.1281808902776094,0.1286357919871594,0.0964602242626012,0.088657853814525,0.096862366813888,0.1136094481821854,0.0224266321020932
0.1210806112679909,0.1557232066755565,0.0740123755685981,0.1478370396219688,0.12922768353199,0.1082264860624,0.0941829978141582,0.0672780333226863,0.0886419410178066,0.0137896250984392
0.1034474320536747,0.1354818601648329,0.0629294144480417,0.166247958288739,0.1163400925316057,0.0879471150387996,0.0974627803883466,0.089111623513255,0.1306342825757013,0.0103974409787051
0.1080287708113903,0.1300717410149797,0.0687008954573602,0.1336266932678614,0.1172414783089769,0.1033755303079868,0.0879185350435825,0.1066793573248387,0.1251577812441763,0.0191992172005786
0.1147049507288986,0.1413792861373022,0.070991363173934,0.148533567536072,0.1359172502416697,0.1125294723190959,0.095366593796477,0.0928168904461056,0.0730587357535812,0.0147018898478136
0.1188864035940892,0.1461335978344982,0.073489481027147,0.1215341109270345,0.1256646463048862,0.0995485510633388,0.0849655422286281,0.10631768707424,0.100800366122489,0.0226596138061575
0.1182789496784095,0.138336741623377,0.0763179731978127,0.1386945549653852,0.1507113786633362,0.0841784684821016,0.0903053696753113,0.0875615806956246,0.0904776060955187,0.0251373769065825
0.1292596028220731,0.159968292376365,0.0822531462381843,0.1622009831230065,0.115781028805417,0.0852100187203304,0.0995845959041816,0.0668381115741823,0.0694096663031222,0.0294945541153132
0.1246643731947683,0.157001826131245,0.0853203818965167,0.1479172732273463,0.1246012241469713,0.0989213646735373,0.0924843115186876,0.1003123885972853,0.0614278226056534,0.0073490339903401
0.1252069087587612,0.1517649743281187,0.0905643077434708,0.1266452694306878,0.1492552063267559,0.1027321138068381,0.0866047601394107,0.0818203035188803,0.0595749615449709,0.0258311943832542
0.1140778253402519,0.1398495181059864,0.0823798363332984,0.1563665411645733,0.1363415924487564,0.0815679033225075,0.0955544556671129,0.0888355897050358,0.0897627837526571,0.0152639541413638
0.1113751031108797,0.137246595027962,0.0773260815341597,0.1400409339839344,0.1403323845751934,0.0947900131518017,0.1017850823757744,0.09497587708995,0.0818109658169589,0.0203169633162132
0.1151299198967821,0.1448381979523874,0.0762027997795235,0.1284538976874981,0.1418576647453823,0.1026240693233024,0.1083932386982309,0.0995327026768393,0.0532306198147335,0.0297368894074078
0.1071541930795448,0.1346852812850479,0.0731937229300313,0.127149602327131,0.1346985391353914,0.1045557209568064,0.0970285118763989,0.1073744949390381,0.0952662789009467,0.0188936545524784
0.1012838059244451,0.1259287201076076,0.0701813076660303,0.1537100800794227,0.1746893232380351,0.1058225842544347,0.0886456569352332,0.0876483706762481,0.0654217185850419,0.0266684325161112
0.1122003550282422,0.1410889754861089,0.0770811759392896,0.1350934369588459,0.1482280148066636,0.0994551828369254,0.1067651919827957,0.1029689022279471,0.0576102379330626,0.0195085267816034
0.1085077872553432,0.1382844154929198,0.0682097811123062,0.1470053540326135,0.1419190426187709,0.1313028450438808,0.0981635549076942,0.0857196837975757,0.0543725006313749,0.0265150350906805
0.1092131594933066,0.1411541923434261,0.0665874323338058,0.1253994228097745,0.1254641995508381,0.1113968013480955,0.108435868877042,0.1057556840758385,0.0823225063079769,0.0242707328418675
0.1082295958342159,0.1396684726881127,0.0632190158649726,0.1437523465614112,0.1330634928949571,0.0953240683559749,0.1076479072698028,0.1117735146959848,0.0688619737289319,0.0284596120876287
0.1026695433888375,0.1296164977062686,0.0635170999384731,0.1668175974980055,0.1281704547220481,0.1022358134191175,0.1289841730616154,0.0985719797541421,0.0580489961306011,0.021367844364106
0.1110981970679238,0.141874760266979,0.0685578108304761,0.132062138859631,0.1397389672523762,0.1144099081721904,0.1205997347266104,0.1028232164441535,0.0478486897802637,0.0209865765803451
0.1101797149686801,0.1378737086435599,0.0667637425878457,0.1532955942104663,0.1265121344435336,0.1073111209195307,0.1150508705395471,0.1126370017775848,0.0530981143771749,0.0172779975140282
0.1043899140007961,0.1318566361713425,0.0647129097832431,0.1495621756834306,0.153857497726901,0.1051722608155518,0.1062008963138837,0.1100114401244988,0.0542473166596907,0.0199889527022892
0.1015519678610382,0.1259022025955105,0.0679017705561324,0.1388061098569902,0.1300581668521984,0.1127000546941348,0.1116255648070233,0.1163997890461476,0.0661381547545561,0.0289162189574097
0.1054341848644403,0.1263659025331257,0.070473653213705,0.1495534225831221,0.1194044481627319,0.1100184966474695,0.1315044363791786,0.1068569610638867,0.0633111387296491,0.0170773558045784
0.1053564198293859,0.1263225450460164,0.0720698650084301,0.1448844966726036,0.1382811533675125,0.1050839093638075,0.1259784692369281,0.1146720973609401,0.0458230335271556,0.0215280105691181
0.1066216431648672,0.1344308159565606,0.0661277816997316,0.1470081488423101,0.1449135857374415,0.1018605384039559,0.1177375304133894,0.1106457322667902,0.042637353262529,0.028016870234721
0.1157577252475544,0.1456869211680181,0.0705707750185561,0.1354188055113364,0.1444351994520271,0.1211792178379828,0.104767734750774,0.1081201623258853,0.0388205249198624,0.0152429337498192
0.1213317846792512,0.1556658353020428,0.07066685824426,0.1264681820625765,0.1150471848517895,0.1237064425067222,0.1048139409529787,0.1072120450447108,0.0517357043495274,0.0233520219886489
0.1158678783571586,0.142723027452769,0.0716347388527223,0.1131129213854296,0.1242706192892953,0.1204459323277831,0.1156411354006915,0.1043899331391273,0.0587432330907974,0.0331705806879122
0.1221243948225508,0.1433436121844578,0.0826878035899904,0.1305646397729433,0.1168558026788926,0.1178127712429865,0.1008500285275006,0.1105105468868732,0.0557914417237257,0.0194589585538603
0.1195812717399546,0.1421851068719621,0.0774566253079155,0.116111118649135,0.1205916994658854,0.1195008626998904,0.1119671621845985,0.1108887297011783,0.0543852243530597,0.0273321990095592
0.1127690928719724,0.130821179565265,0.072402529850223,0.1340374471276877,0.1235095271849912,0.1218981545688406,0.1268057802202357,0.1084825406400133,0.0472202451369608,0.0220535028174555
0.1141634983514526,0.1350405513893208,0.0754114584109139,0.1104700337599034,0.1266366583634797,0.1215740476985887,0.1231407115482137,0.0984029457016458,0.0705795905415917,0.0245805042180831
0.1116978672625721,0.1252555804192267,0.077060895846443,0.1127924286734922,0.1173881822369828,0.1182932465260866,0.1371264608761257,0.1156619954758962,0.0682143379269683,0.0165090047399147
0.1180540972934961,0.1324390107771951,0.0821529993345683,0.1261297026126253,0.1062495777957281,0.1046547244401512,0.1331519534694518,0.1260477023545615,0.0486199309818702,0.0225003009232361
0.1144937719722621,0.1282943863209665,0.0820154790266906,0.1100620968136068,0.1094254567895163,0.137007395452073,0.1301970697138909,0.1278547650122302,0.0464262185544632,0.0142233603279784
0.1172429380027652,0.1288751138272687,0.0834115656629518,0.1061503037216574,0.1101468166252426,0.1331731751832481,0.1260762368221924,0.1144130993237628,0.0637469794852659,0.0167637713292371
0.1117550999303768,0.1210532154250763,0.0871143737135039,0.1099879116657441,0.1147060071757325,0.1347263775686905,0.118843013751452,0.1141402625968803,0.0672801395603174,0.0203935985952713
0.1095325158533533,0.1118314411412847,0.0870727287717571,0.1191856553288062,0.1033767216119782,0.1266746341964534,0.1314234562942683,0.1339815068601864,0.0560245129061481,0.020896827017789
0.1075997747503795,0.1119742024599606,0.0833412462281763,0.1259534641770487,0.1108002401646731,0.1114048796449032,0.1156212376023689,0.1362420255840192,0.0766511224258005,0.0204118069454341
0.1143986899551127,0.1125643290325016,0.094461849295978,0.107222882865704,0.1134979092181093,0.1219435813603867,0.1199300570651307,0.1463318653078324,0.0421189390822208,0.0275298967988491
0.1060436058510612,0.1089597501520113,0.0815458132954606,0.0933440021383228,0.0930699536784551,0.1496289189388394,0.1444419915915529,0.1161144560178656,0.079854265467409,0.0269972428520216
0.1115420025815016,0.1174443194259854,0.0840390782066948,0.0903906666561019,0.1025807860756933,0.1298632296393461,0.1254204791698079,0.1302879093539629,0.0924099067097735,0.0160216221644126
0.1158113247070981,0.1150785436576042,0.0952310797726043,0.1129098938548448,0.081999758231837,0.1291636881106491,0.1283072785999233,0.1309294545452342,0.0671836187268719,0.0233853597766842
0.1114673102059195,0.1134447882026804,0.0920690379177675,0.113445353725659,0.1040752053578222,0.1312610265431359,0.1184307765901334,0.1245472108386985,0.0723992130973247,0.0188600775038938
0.1070275911052897,0.1030869226675536,0.0942135504143111,0.1163825802765832,0.1127576421636404,0.1358754651750649,0.1154203735952761,0.1211543638286822,0.0708778448608015,0.0232036658955849
0.1002960163866809,0.0974894839389629,0.0925976019205925,0.1118441714504493,0.090234822771226,0.1409171724789163,0.1193846815424377,0.1225926400915127,0.0898467009821521,0.0347967084195574
0.1084389000700603,0.1084470759901017,0.0969762053494922,0.0921220099976518,0.1041881994592324,0.1289735018888604,0.1230048902517548,0.1347630450629225,0.0734041249005194,0.0296820470118793
0.1107258592487146,0.1106952800651054,0.0953007628788161,0.0895271922506268,0.0820234970860591,0.1269139115964828,0.1433978309110949,0.1426326849614797,0.0738306232322286,0.0249523577517876
0.1005794627794173,0.0964037229905237,0.0922557282819333,0.0995825412385248,0.0839465320960584,0.135302716709369,0.1472124396038328,0.1266527696573597,0.0857127282095178,0.0323513584162925
0.1022440347753957,0.0968756596333095,0.0995207144480104,0.0975580312538813,0.0726192666122528,0.1659389289737929,0.1276948833959668,0.1280747181000505,0.0729489052926921,0.0365248574958799
0.1051022400953933,0.1040266111478948,0.0936241849130824,0.0846459815890969,0.0754390444516849,0.1415419733827605,0.1512849165949958,0.1365652660285287,0.0745567139705427,0.0332130678074115
0.1013252758740944,0.101038915233851,0.0938505931914645,0.0970602616864973,0.0771131037662255,0.1537519309644489,0.1473292961329612,0.1415852339072667,0.0604847033371753,0.0264606858870321
0.0960066037638463,0.0957174298543467,0.0901188256539462,0.0931367534877489,0.0907372778875229,0.1606839104746113,0.1499057509808923,0.1551853364052126,0.0371679752655021,0.0313401362068341
