0.0853097325790002,0.0518636344059945,0.1257078728214055,0.0469283724933377,0.0459791314765428,0.1846839571716505,0.1998820703331839,0.1660603868006211,0.0419896656308644,0.0515951762664042
0.0957876315490135,0.0606043690171129,0.1361544836148904,0.0370356652015671,0.0461511037654384,0.1823185472293917,0.1747277569592161,0.1895270438454341,0.0293033839521801,0.0483900148441257
0.0996174754064945,0.0620680842115082,0.1342375516814924,0.0460964046567613,0.0382896548433991,0.1722533356427154,0.194809115039831,0.1721016556268748,0.0324153420007229,0.0481113808681977
0.0962700048106316,0.0618644771882622,0.1290701616778925,0.0587300814154087,0.0442511110396698,0.1903373936848834,0.1742085030771866,0.1907011703452481,0.0196823287720807,0.0348847679664199
0.1033648816915847,0.0755434261576103,0.1283491396358928,0.0483137371092333,0.0442664178914468,0.1815690262681427,0.17274808052993,0.167381074177993,0.0255422997887424,0.0529219167257752
0.1057406122717659,0.0746879189033032,0.1332732327837485,0.0375145289237964,0.0389283809916644,0.1987278069526194,0.1725515245964642,0.1559781467382304,0.0285098861969452,0.0540879616183196
0.1040147051464136,0.0717539152703504,0.1340483709569597,0.0352094588586445,0.0428107562175249,0.184677351441369,0.1757308130380194,0.1672129055763211,0.0457862646495482,0.0387554588227641
0.1020611203682265,0.0669326687031614,0.1398312404175262,0.0318409063015431,0.0207490974421707,0.2030869486109057,0.1826047797026082,0.1828780957086269,0.0431872319229596,0.026827910799767
0.0916346478162576,0.0584143076077423,0.1373205854413046,0.039024267544387,0.031076773556239,0.1860227058338669,0.1734947175560583,0.2037449493428171,0.0369106455340137,0.0423563997436195
0.1070229208115028,0.073514948942868,0.1446952220492811,0.0213684217983292,0.0291964260496008,0.1949510792232436,0.1850492578245179,0.1753124996977805,0.0379403455321521,0.0309488780469408
0.102769993473261,0.0711048534914651,0.139162615360924,0.0247839242124557,0.01545521752012,0.2014696684549421,0.1999340362310561,0.1973045577231394,0.0311521339880551,0.0168629995201265
0.1000204594457258,0.0712277463845869,0.1351022483478278,0.0364328168508483,0.0285336391190053,0.1886532667388282,0.1843403445563214,0.1665194147549716,0.0325040520288431,0.056666011749178
0.0940803145722606,0.0646135786414812,0.1301726074617546,0.0192087229957328,0.0239216704096914,0.1833784949165663,0.1890605076328578,0.1617931286844838,0.0975365926925164,0.0362343819689753
0.0991492998440772,0.0659808566116619,0.1369597691161238,0.0358537365120059,0.0130849884212602,0.1918165760910188,0.1899877551844947,0.171363589322053,0.0453294572270883,0.0504739716467585
0.1046541713784439,0.0681348847113391,0.1427965461844201,0.0302557615764495,0.0169796929107587,0.1771090515857869,0.1767314550675921,0.1812279053792795,0.0484503979326537,0.0536601332484974
0.0999155770492743,0.0675331039826209,0.1382183442184613,0.02364165722924,0.0167621618544943,0.1890304302572221,0.1752640785570683,0.1859490923093995,0.0673479334389384,0.0363376210802358
0.0975720902243496,0.0622217599014282,0.1410645119588335,0.0254520745832113,0.0204861067019239,0.186675017248417,0.1988295744068937,0.1675440889400211,0.066692850358587,0.0334619256536911
0.0921612023426718,0.058140506162911,0.141029851500428,0.035452796208833,0.0227849311312259,0.19126620238728,0.1691125891316388,0.1641022326429665,0.0820194095949976,0.0439302788737422
0.1068801696076003,0.0715543893525847,0.1445507707160258,0.0130935529610772,0.0126423258926982,0.1635687739926132,0.1889559351188733,0.1849454740947499,0.0852499662596437,0.0285586419814443
0.0992484506310112,0.0591396878607995,0.1555714649543017,0.020745084274662,0.0140227697696622,0.1802201612765281,0.1665917505754768,0.1835741108545812,0.0791255398566003,0.0417609799234692
0.1098556166987569,0.066674108122922,0.1602207063908337,0.0089837313164221,0.018990554247288,0.1996724649582975,0.1615421069644878,0.1724217233877482,0.0557919349962699,0.0458470528916568
0.1070211280429146,0.0600766233619271,0.1629084093970748,0.0112972385052133,0.0173428508550923,0.1850198928560431,0.1693146159807088,0.1872080958019119,0.0528748310707817,0.0469363141036747
0.0983443300910128,0.0535068722400561,0.1545318032639937,0.0173588969398469,0.0106760700152116,0.1825136775787078,0.1738256749744126,0.1809568249841379,0.0741961501955635,0.0540896996950557
0.1107295034901956,0.0655011014826277,0.1633532893406204,0.0171558671669668,0.0078307817502183,0.1812032024076395,0.1692356242168052,0.1825499817732431,0.068419297958896,0.0340213503906646
0.1110764074885427,0.0616540421913602,0.1713574956575497,0.0096227765638467,0.0111012421920748,0.161553297082389,0.172021404586209,0.1611110587776441,0.1038025170483143,0.0366997583885257
0.1022784018157655,0.0518424674834531,0.1702343582113713,0.0175343158813354,0.0091982664168896,0.1824156169191589,0.1905070818779133,0.183864881978923,0.057806172819263,0.0343184365715256
0.111402972080203,0.0587611276530033,0.1802240673279632,0.0062518242558132,0.0173091100922552,0.1600215741337205,0.1624603834621642,0.180914476877442,0.0816915907070519,0.0409628733847734
0.096307365691266,0.0518842974582474,0.1575062897516004,0.0102223324054462,0.0160972901563015,0.2053937081811416,0.182871719094404,0.1924910891519656,0.0617108521384021,0.025515055946748
0.1010951713311785,0.0555597767532255,0.1574403367454715,0.004307918942824,0.0103256759344852,0.1850503374500633,0.1959342398071472,0.1820782814785558,0.0728422368190274,0.0353660247124652
0.0967295180241895,0.0580722300968178,0.1453250274172114,0.006518801345093,0.0024823437954693,0.1977563502460572,0.1769543884417936,0.1875607077054157,0.0880207459252055,0.0405798869772929
0.1013720739395924,0.0642457097099678,0.1523352589978227,0.0099503459773987,0.0055779412224228,0.1949282208370774,0.162360677792183,0.2101033606313491,0.0840816814254705,0.0150447294403305
0.1002487778046223,0.0658382177907653,0.14608512803308,0.0110268871020552,0.0085773180720918,0.2121126464895931,0.1763591399780295,0.161538609428217,0.0843035132025682,0.0339097620717023
0.103191386304477,0.0673784780192965,0.1526862259545829,0.00718113083427,0.005009444072987,0.2031373222811374,0.1785553505838383,0.1676223435447629,0.088681914209258,0.0265564041686743
0.0969793804903358,0.0641169978755792,0.1462680625750431,0.0104008462584125,0.0059324098880316,0.1930643064570631,0.1913679440893383,0.1875383123216836,0.0797531154358913,0.0245786245823199
0.1015406953714311,0.0690631530045016,0.1474960829570169,0.0101970420244298,0.0039451321174615,0.1871528553292062,0.154680056928966,0.1766868743306075,0.1135261450046468,0.0357119629055611
0.1218581204739362,0.0827988175181137,0.1642913171855032,0.0112488713337379,0.0063265857764616,0.174942937627451,0.1709856772551961,0.1604799625607854,0.0818532310140835,0.0252144792265416
0.1195072139782672,0.0830592080279177,0.1613274747668015,0.0034021184019058,0.0047931900170195,0.1841801749958717,0.1717322451060874,0.1765219231048291,0.0576853061985271,0.037791145377185
0.1182825374543002,0.0797569482120195,0.1600934810405751,0.0068759852615019,0.0017984040547414,0.163071188027445,0.1568745582678485,0.1753577308985775,0.1128089494935602,0.0250802172636413
0.1233779115754054,0.0857242508532619,0.1584637945637515,0.0049548895345473,0.0011707945956414,0.1855049025608688,0.176499492707095,0.1705655092386157,0.0705863446014211,0.0231521097442803
0.1325542974221358,0.1001366605768851,0.1543608667787487,0.0041347132679251,0.0053751173011807,0.1560197647443391,0.162869588178717,0.1451299519142188,0.0848532882594525,0.0545657515324179
0.1417990519564411,0.1029600282087763,0.1690041507440936,0.0078532406799984,0.002168678765049,0.1421075092198606,0.1367879671532611,0.171382992529126,0.0859011985825781,0.0400351821349027
0.1280183192487656,0.0920927436682234,0.1592455751602206,0.0045279133124847,0.0058274419081068,0.17036020694975,0.1604397748900043,0.1771279964305169,0.0779965102731549,0.0243635181324438
0.1229773364510844,0.0835866644683552,0.1635647922540738,0.003014806589587,0.0080667605766558,0.1578910496986565,0.1899061546984526,0.1614298931987167,0.0678917691283859,0.0416707729103268
0.1310548032457938,0.0830741351508763,0.1756623109542661,0.0109545218373335,0.006256970746509,0.179217032129959,0.1481080056177323,0.1761549141827896,0.0630488698085665,0.0264684362996328
0.1330934120794072,0.0778022056654966,0.1845200802552933,0.0066129501629285,0.0059774918351008,0.1676204682645066,0.1792004234797629,0.1432854907116915,0.0641246844183096,0.03776279310075
0.1379326550174789,0.0840293141645642,0.1943200928026839,0.0023362327863741,0.0029700050440527,0.1661494940180428,0.1516131636485062,0.1528592112920211,0.0703402433133194,0.0374495878869966
0.1277138290889886,0.0771478153556603,0.1830470578632066,0.0084344511977365,0.0006476654891167,0.1635696259041094,0.1435484200820266,0.1420404243114912,0.084765415630998,0.0690852950514208
0.1318722848295833,0.0844539646787743,0.1875472856113023,0.0031652732060384,0.0027797459350009,0.1647021106058935,0.1382686037065423,0.1738617528020793,0.0779323675351672,0.0354166110636384
0.1394378399005769,0.0887556000530372,0.1932001971171357,0.0029959447913189,0.0002510910749657,0.159410167280669,0.1462983123773844,0.1620914112236771,0.0591902032122729,0.0483692329433442
0.136886323363696,0.0851960412244109,0.1954674366207579,0.0019672650622824,0.0003644202507585,0.1613643129410968,0.1553952757844143,0.1459746023894197,0.0660947827218402,0.0512895396148388
0.1236359441997704,0.0756649648303466,0.1836867016335381,0.0025821780311227,0.0030141503480486,0.1857654503938305,0.1602378882430587,0.1443868264760699,0.084754158702708,0.036271737115037
0.1254078128894675,0.0769317389459203,0.1933520481198125,0.0014756011656229,0.0041089645816529,0.1732050266742467,0.1589983477829404,0.1772315277204018,0.045529946384135,0.043758985708831
0.1166149037683342,0.0688515150934581,0.1832987461321851,0.0018494619886047,0.0029327295543678,0.1857160376883344,0.1595932410061393,0.149749022758371,0.0740970748778869,0.0572972671058957
0.1341197731782281,0.0887836963807867,0.1882490207700515,0.0041659892170777,0.0017662530331306,0.1654294412850277,0.1312691336789956,0.1544742227138233,0.092578934036241,0.0391635356796001
0.1260189269059209,0.0869287397253986,0.1752466805756188,0.0033049221989046,0.0047591322239113,0.1485055516318087,0.1357761740013961,0.1593028843734588,0.0951007750158587,0.0650562133209945
0.1191330688380777,0.0857771894807996,0.1547323931260389,0.0037343306915644,0.0040578728233584,0.15975010519953,0.1418317112470117,0.1292143637410604,0.1443782842405616,0.057390680586985
0.1231990089214296,0.0912761876526878,0.1581226562295329,0.004495124484305,0.0065474780676915,0.1382672103605451,0.1452551321323568,0.1295424215610088,0.1536991090433767,0.0495956715222066
0.1437996635831082,0.1097089797308929,0.1779733661042984,0.0041710743711705,0.0001086832192478,0.1386730903945116,0.1301243978888838,0.1428026353139983,0.0974150338281659,0.0552230755395242
0.1360515250393374,0.1071358003290517,0.1718274696926488,0.0109500070193779,0.0021190797784798,0.1389232027763939,0.1182985317340037,0.1559929710842804,0.1051286381714463,0.0535727743481961
0.126465507829609,0.1008969750852133,0.1522492284139658,0.0063359579562418,0.0069154468053984,0.156781339082615,0.1425300297021177,0.1506108877204269,0.1162832808506174,0.0409313465264791
0.1289476444958801,0.1064841174821277,0.1512180461690015,0.005444541533245,0.0086120623971023,0.1564878818371132,0.1241937783029021,0.1523875382080412,0.1304093526821995,0.0358150368641405
0.1291985572664704,0.1074148545310573,0.1532422526236965,0.0082947955870582,0.0062534520883857,0.1518389924524424,0.166664161750976,0.1770286517028383,0.0747612448894003,0.0253030370790915
0.0001135349145218,0.0185944355235582,0.0371080010736789,0.0779586416863346,0.0811870913139414,0.0505363034713209,0.071366903816077,0.0761945521359033,0.3173127535782764,0.2696277819307578
0.1162313276612843,0.105598683310111,0.1359460626708366,0.0086516162723063,0.0148016800299101,0.1743531954448555,0.1326091815293238,0.1825705687081749,0.074885326781059,0.0543523575594233
0.1171465398215119,0.1057852758930178,0.1377274252885034,0.0133988392008757,0.0103595532550565,0.1593598450183407,0.1470468205744148,0.1212626149711339,0.1257484843711826,0.0621646015755695
0.1400029345848924,0.128683020520354,0.1401949853909469,0.0091383474951491,0.0096816808074837,0.1378460981154401,0.1309479966638765,0.1311196372406824,0.1440710924190497,0.0283142067312025
0.1293755325632853,0.1139841696332052,0.14253101773435,0.007197681935062,0.0193962285819505,0.1461891340964417,0.1255236835582705,0.1818440398198202,0.1002210809454225,0.0337374311017954
0.135549296888584,0.126377279540494,0.141886140118056,0.008560024977662,0.0097575113902685,0.1546157327077104,0.1245382243504403,0.1236790356852017,0.0976927121503064,0.0773440421609261
0.1523011580409087,0.1360556776056284,0.1556412106738441,0.0214277557352681,0.0127169087410351,0.121928786111485,0.1270494474046286,0.1334702125493915,0.0903060676807483,0.0491027754261254
0.1474513152960417,0.13466378834457,0.1421853637745682,0.0206293257875851,0.0194424287807557,0.1634684606517792,0.1451856613463651,0.1398285813038003,0.0656961409338864,0.021448933747447
0.1379358347637354,0.1258423001067173,0.1363249632478662,0.020765333538073,0.0115980662231153,0.1267891752914593,0.1375607502502558,0.1440136091121729,0.0965755877087518,0.0625943797231653
0.1462986804340013,0.1359846820699453,0.1390335231676311,0.0120471244750409,0.0256399683790102,0.1643513282358194,0.1442349660805566,0.1156910907007097,0.0628790981468578,0.0538395382746355
0.1370657418970295,0.1230548156682821,0.1321388271548088,0.0334873560389972,0.0207304045866885,0.1155662282907157,0.126480436138943,0.1453462171477674,0.0847270774654854,0.0814028955782751
0.13463897052142,0.1201328866143038,0.1313225780321469,0.0102948932717314,0.0134346493892448,0.1426342910403339,0.1393103701671653,0.1458587499981865,0.1081641389956266,0.054208471937905
0.1429023657458377,0.121905851784319,0.1496520433503081,0.0283804446167824,0.0173041158719897,0.1555467976115918,0.1164688762058613,0.1402359716832298,0.105011794985482,0.0225917381125575
0.1380638608602459,0.1135745513665944,0.151544599659387,0.015462025319554,0.0145025128626211,0.1306229000503311,0.1364270953458644,0.1222514265944799,0.1193362201204138,0.0582148077895951
0.1427840132018718,0.1161388446192308,0.1526142815074117,0.0280526771384014,0.0181188903727022,0.1245350261648966,0.1297866430899606,0.1194127601748192,0.0725602527529377,0.095996610946292
0.1440895778253714,0.1168469692661095,0.1582003493080244,0.0286968181256458,0.0311235303936833,0.1338279394539039,0.1505805107852598,0.1155897419115438,0.0585871618488939,0.0624574010462686
0.1372251546056656,0.1196116222070064,0.1480468727150838,0.0500954118722792,0.0284248439726401,0.1309378827006783,0.1245561444963901,0.1361768538144254,0.0460273993046354,0.0788978142768127
0.1321269942198502,0.1158214770888291,0.144782684008813,0.0353287618036896,0.0176635783915032,0.1338724722649963,0.1351674572726992,0.1615978359998753,0.0628576077567489,0.060781131162295
0.1394161007667506,0.1214598662146724,0.1537864271725861,0.0287258529313817,0.0214694471723768,0.1310104414402756,0.1276110458948995,0.1341578902859662,0.0767736114773811,0.0655893166107474
0.1431511448635684,0.1317103539924215,0.1469858551254744,0.0321680049039994,0.0258893252857943,0.1268897436547665,0.1225146835290619,0.1127767340831958,0.087699621188399,0.0702145333393639
0.1480315662606164,0.1283282626018773,0.1556554823068767,0.0315801978205252,0.0308655930154942,0.144298343778545,0.1122218190861078,0.1315079940414437,0.073109843435391,0.0444008976206436
0.160034638597879,0.140391588916421,0.168050286453579,0.034833808532627,0.0318488577584755,0.1231570810396701,0.0908904862412165,0.1379027581227566,0.0856889422818029,0.0272015520245915
0.1580717938397552,0.1311784570262472,0.1704431592357743,0.0307387065795149,0.0351640058603508,0.1156641939485171,0.0865169919546393,0.0993169393424094,0.0985995773586092,0.0743061748249153
0.1685521291590996,0.1409415673854437,0.17874026569188,0.0402863029602592,0.0215754357785493,0.0959945328439324,0.0986900891795168,0.0894514023747174,0.115474492106142,0.0502937824914943
0.1687600197957437,0.1386028180609628,0.1764805117272932,0.0464289028024284,0.0486662739919,0.1044542196615501,0.0880503169299155,0.0801488977051922,0.1072622891369623,0.0411457501591718
0.1550127865794938,0.1368136266138558,0.1572228565377524,0.0612669045878897,0.042265626232523,0.1222086825791594,0.0728360387541726,0.0871052683412641,0.138308078298797,0.0269601314469364
0.1664757939521113,0.1491874631158651,0.1649807448547648,0.0432077299185896,0.0313858549861832,0.0763234801530505,0.0823579078326964,0.1128621549892534,0.1242017524751031,0.0490171176929513
0.1809343226386671,0.1625532114443101,0.185622535147532,0.0580922642908272,0.0426825767373826,0.1175719513310459,0.0953872298737109,0.079303902102254,0.0547647863588458,0.0230872200408078
0.1777453856922769,0.1513695662171272,0.1841950856089113,0.0517556217655267,0.047238097575203,0.1210264869142514,0.0778018599430018,0.0840226513771804,0.0718946305663322,0.0329506143080521
0.1725915159391775,0.1450113506954128,0.1853301606505978,0.0750578816202037,0.0529678826687006,0.1042073827031261,0.1071964138140117,0.0667611481946771,0.0471370430221666,0.0437392206586242
0.1579780048978819,0.1283538169175078,0.1769171171163613,0.0669763982296344,0.0642982514626156,0.1011784571904433,0.0939423730712065,0.0752629325173679,0.0967817754235329,0.038310873142604
0.161458176820761,0.1190073587966769,0.1889630968827757,0.09157517618276,0.0682005566408235,0.1105338675857156,0.0888113331047052,0.0922722798655951,0.0595463849273488,0.0196317691615964
0.1560347959160984,0.1227440760635942,0.1862761846394103,0.0647616995212746,0.0788148925661237,0.076763866639777,0.0669775331513074,0.0881123136384415,0.1163321318715547,0.0431825059605646
0.1413477591727258,0.1125642702034378,0.1744766076060982,0.0840432853567279,0.0655956877876402,0.1369434655131217,0.091959885419933,0.0796856789356469,0.0673920366872367,0.0459913232888802
0.1715301065737833,0.1474651183169202,0.1850952291942187,0.0909781000367077,0.0859767528657691,0.070241177525341,0.0572222177167817,0.075315873111157,0.0565613332415524,0.0596140913882944
0.1767056949456802,0.1477734741822922,0.1897200882804223,0.0900053393631971,0.0635437659073797,0.0791918745186646,0.0898005299520044,0.0622081552079947,0.0581171135383348,0.0429339640748644
0.179933583094616,0.1608716734061977,0.1942040250224777,0.1025545241993613,0.0863227338095804,0.0662611529180435,0.0864301729912296,0.0487537216623857,0.0266628796066136,0.0480055332587982
0.1680324675448377,0.1530007490795613,0.1835143431617533,0.0873781918457591,0.0869494299833752,0.0718871711145337,0.0596221148327001,0.0759654025858714,0.0597130610790747,0.0539370687439366
0.1551722927574129,0.1451309492132957,0.1748566653075134,0.0917467797604604,0.0801820906436328,0.0766974460193546,0.0655333469190787,0.0738584706231816,0.0849790909046512,0.0518428678234822
0.1748762342056999,0.1725112760557061,0.1762529151467833,0.0991685532273163,0.0967539949788895,0.0496455629889071,0.0694064486222785,0.0585876812585543,0.0735003268787128,0.02929700660855
0.1792528376539206,0.1794633807148143,0.1856343975053984,0.090927798407884,0.0792409233008698,0.065637013079495,0.0506436660390445,0.0507524762025014,0.0917096883547557,0.0267378187134616
0.1684334675525975,0.1647522033283401,0.1826013607860551,0.0941619813457872,0.0725611795325794,0.0575122440181814,0.0666717276340005,0.0624176520775761,0.0710074861397054,0.0598806975580528
0.1697830829428703,0.1601808351516989,0.1846986377944351,0.1040251258799859,0.0827386584138751,0.065839737123326,0.0536575219466046,0.0575950044915882,0.0941619749713305,0.0273194212579389
0.1572650854240868,0.1455432499759537,0.1747598554447982,0.0920449130305819,0.098549731734288,0.0686576428412137,0.0651642258393117,0.052329839663257,0.0760973340288849,0.0695881219900563
0.1614199421262916,0.1507734072226221,0.1793150840049058,0.0961277624048526,0.1058589264581098,0.0603351478591341,0.0698097421693495,0.0620593160418277,0.0727034573436692,0.0415972143407157
0.1525987913572406,0.143638824046292,0.1794412319468407,0.1313356498298465,0.1239126966843857,0.0562982406204165,0.051471621961095,0.0494473153172132,0.0795590744641703,0.0322965537420463
0.1380360536236376,0.1335834814112775,0.162120069575924,0.1150815481308958,0.1276326554867179,0.0749251843198529,0.0571412082854546,0.0704647284724725,0.0829809529781032,0.0380341176861681
0.1487206175581946,0.143582540178917,0.1779609524544024,0.1307441561637177,0.1204947225101179,0.0475581870194899,0.0424060803016383,0.0635632247799741,0.0640716664964832,0.0608978525080347
0.1357954786483323,0.13425260562259,0.1610149789598332,0.1324392545961171,0.1584678730550863,0.0502173341277395,0.0632564317101,0.0436787519855893,0.088165200305081,0.032712090960269
0.14166858744957,0.1324683055658108,0.1804250377448871,0.1331690567112205,0.13459885469243,0.0674700258395025,0.0464388534120404,0.0465937499327277,0.0563030153849536,0.0608645132357541
0.131703787927414,0.1225404060070859,0.1714426225040806,0.1444925392028487,0.1533659507052032,0.0463738159817601,0.0426796067478154,0.0512799821860146,0.0908630084111795,0.0452582802937646
0.1299619939256892,0.1240964421816499,0.1577530757596797,0.1640567297223602,0.1428431079455266,0.0552510050916635,0.0438366255294696,0.0633353292077551,0.0557327750068797,0.0631329155957274
0.135733965353827,0.1282895931491448,0.1573241629206957,0.1523817237703533,0.1582343362934601,0.0641394637288295,0.0444904838283393,0.0505228622175007,0.0681206727124503,0.0407627359935119
0.1358589624041837,0.128444315510742,0.1622352573018298,0.1482194568951123,0.1541732487919794,0.0655643027590041,0.0529739986296621,0.0280440906449258,0.0851357810056989,0.039350586028214
0.1408566423862439,0.1329110134997084,0.1742315240830597,0.168866656350469,0.1401008891524122,0.0491810081326163,0.0505483886477976,0.0531033847975907,0.0611690158838072,0.0290314770366399
0.1355214194067823,0.1275914836064637,0.1675578046748506,0.1594775717962504,0.1535842332461559,0.052986708325379,0.0462514940040749,0.045573542028168,0.0621478897603132,0.0493078531227992
0.1390460121651452,0.1257255002302185,0.1800693763640402,0.1739341872240901,0.1437963741844823,0.0340555118001159,0.0340787153529713,0.0322437249797881,0.078858253591547,0.0581923440762762
0.1364220266822416,0.1295633640312291,0.1738430544771416,0.1853188408521582,0.1573507375461349,0.0486840204652155,0.0336039033103165,0.0319021445031157,0.053054058890087,0.0502578492113523
0.1368174870780382,0.1258865219181854,0.1751820012132192,0.1716910525188408,0.1489044135546949,0.038059195384624,0.0366552277047661,0.0244840737799409,0.0762869588743177,0.0660330679448457
0.1395077238083398,0.1287074880682717,0.1757097909488651,0.1804135055735491,0.1409399985775882,0.0316732468442616,0.0364661190746824,0.0328814254289928,0.0825622975817231,0.0511384040662511
0.1391715630268195,0.1293202419921246,0.1727765406892921,0.1702966398259884,0.1531809176892376,0.0375868978615738,0.0212249445044668,0.041411529590354,0.0841825507756278,0.0508481740178036
0.1291137834015188,0.1271037881029545,0.1590196499894797,0.1779596839079213,0.1490440534350343,0.0319014835613068,0.0390211213575384,0.024243365476364,0.0986399540933211,0.0639531166496453
0.1434846673053544,0.1278873443454613,0.190689112134793,0.1647711525503265,0.1655790413680097,0.0327101662549436,0.0293701017738096,0.0334292313421986,0.0577827195161787,0.0542964633796727
0.1283194883873209,0.1200365016921091,0.1772481084325344,0.1803634213163961,0.1667009333513132,0.0312491464334948,0.0407707371133606,0.0296305636802641,0.077868246548104,0.0478128530197218
0.1403178521041905,0.129224205768209,0.1829137677786502,0.1803157909903226,0.1890175563861703,0.0144262746103056,0.0240412319261913,0.0206849671548843,0.0634451423150514,0.0556132109418778
0.1378844900621607,0.1246940702114729,0.1779014278423696,0.1855862017332037,0.1788814781885234,0.0244259921578277,0.0254321901727063,0.0380016276165478,0.0441682402833849,0.0630242817077909
0.1358686218478055,0.1233795412661876,0.1844494112083359,0.1907117622178549,0.1696977819666715,0.0404159575296452,0.0364692155639595,0.0252022866440786,0.0605779017909491,0.0332275199385641
0.1415701149055261,0.1268753749831557,0.1976352170538107,0.1914096739709637,0.164193887784591,0.0158272634747044,0.0296639615372667,0.0230612930150431,0.0443856523667893,0.0653775608815107
0.1371410296008537,0.1235827705359036,0.1966278261745819,0.1735172357805951,0.1984853634724606,0.0314128178586989,0.0202300966273971,0.0242420445233294,0.0445860600949028,0.0501747553048544
0.1188463117659092,0.1144640852494379,0.1655344302785633,0.2015176967253784,0.1702091961638322,0.0157718215214871,0.0286967205364582,0.023758486670973,0.0943581539939333,0.0668430970696667
0.1251219358387004,0.1192229750611852,0.1787776474656997,0.2172892452125115,0.186441912014814,0.0196776627444777,0.0303854002949581,0.0253340096623805,0.0517029472139564,0.046046264463354
0.1158915385546224,0.1058181163753676,0.1729354400703099,0.2128917676663995,0.1892004960513428,0.0210118092960365,0.0264268327377892,0.0146190285336837,0.0762831739662033,0.0649217967209942
0.1176559842796406,0.1086987271837549,0.179756571508673,0.1921315017551891,0.1978617610666005,0.0258450388887179,0.0207359485107721,0.0166961961974544,0.079269282803416,0.0613489877783628
0.1058253405279748,0.0928529919568547,0.1799846517360268,0.212305152562736,0.1975750429043357,0.0249410357822506,0.0252170770529692,0.0205414325373384,0.0603107674481051,0.0804465074620743
0.093653991828119,0.0842363198771994,0.1575951904741175,0.22268732325639,0.2124059541225637,0.0288983607736777,0.032087742055432,0.0387019812751091,0.0628202384953527,0.0669128978136241
0.1016426310772839,0.0892510607981049,0.1705613758101943,0.2160116694589551,0.2076070430395609,0.0306290990559713,0.0262004644927935,0.022455804997791,0.0624255632218085,0.0732152880179814
0.0990285326142818,0.0921511529433267,0.1555288894471904,0.2108251833762276,0.2495722015798008,0.0239823310407741,0.0229790294452994,0.0121847526198752,0.0692091813925367,0.0645387455126876
0.096660205207229,0.0918897217956669,0.1464759999413158,0.214338679903453,0.2224152191693473,0.0269985838308667,0.0211149819443185,0.0256076387832272,0.0811964049435944,0.0733025644535787
0.1111109377193814,0.1072138642924295,0.1579504554936388,0.2134394830960404,0.2219145083746851,0.0174759733121087,0.0217155045005929,0.016237972333622,0.0877769885061453,0.0451643123414122
0.1142775174707468,0.1080308563230738,0.1602981212708731,0.2520179983799862,0.2072763662053918,0.0181730801438255,0.0210762393479317,0.0194300483615055,0.0610453493768107,0.0383744230905971
0.1040434145234597,0.0938400414092817,0.1530420177723573,0.2589393917762931,0.2141743864904742,0.0203517787204744,0.0164919777451538,0.0172588607171291,0.045781609183057,0.076076521632859
0.108590495360999,0.1012065560438932,0.1567066483624382,0.2236586400793426,0.2159187724105532,0.0082740345140593,0.0154827149458992,0.0179496660893579,0.0555454782238892,0.0966669939398555
0.0977974122417345,0.0928213843819805,0.1459269676359981,0.260318690637743,0.2336179633685503,0.0199451661846807,0.0154695226130182,0.0214215317555144,0.0459169616346552,0.0667643995169221
0.1057106880624992,0.100102389319235,0.1593233571758166,0.2337855991910838,0.2201744013666411,0.0194091869441551,0.0230429602484308,0.0241290245838286,0.0566053444722757,0.05771704860556
0.0984975815242794,0.1021573375912411,0.1374734748042505,0.2328662694901784,0.2199044590561293,0.0156494361358104,0.0232216279490188,0.0212598486874621,0.0749328675159459,0.0740370972151356
0.0962290845620564,0.1025401883159621,0.1343629604591447,0.2519804341130962,0.2376718527957892,0.0251765044768599,0.0134182090313922,0.0110827808027119,0.0454314088090316,0.0821065766024037
0.0925125513591992,0.0935577016689429,0.1354223242335963,0.2741779492582211,0.2470299660444941,0.0086855031343648,0.0186490912374282,0.0154620262597529,0.0423820943330833,0.0721207924401339
0.1014804873325264,0.1028226214186654,0.1429277036138307,0.2561280315531409,0.2215756182495701,0.008698723771431,0.0149194453215777,0.021939050171345,0.0509751049158827,0.0785332136183396
0.0895570977907321,0.0932101568485543,0.1331251277851453,0.2707929007091724,0.2555816270157003,0.0182468638334228,0.0125337295874574,0.008569929958701,0.0481972624497822,0.0701853039906655
0.0821918301615632,0.0893579682644269,0.122915923855806,0.2374738690041218,0.2330322121700389,0.0229324024809104,0.0168244814800912,0.0094149478519805,0.0883619796829555,0.0974943850158049
0.0917801973046412,0.1010023318821133,0.1310504549056224,0.2404202382003283,0.2357382928615682,0.0164299165869633,0.0098501099548168,0.0087211473665841,0.0789220710990687,0.086085239807896
0.085369236418292,0.091157188538476,0.1237309341039833,0.2655794010892185,0.2716629613415866,0.0223000927938932,0.006685647008752,0.0113866928926999,0.0658381052589782,0.0562897405239178
0.087090782103029,0.0941053866450061,0.1285080439953313,0.2780595077217257,0.2370402209728112,0.0103730719102564,0.0067446664471841,0.0194456949869089,0.0750542170137283,0.063578408171032
0.0902290118685631,0.0931300622503015,0.1305875501993833,0.2349345015005889,0.2483622522285067,0.0114836305941277,0.0145728933626597,0.0160698348751883,0.0844524761098661,0.0761777869793164
0.0960892114228687,0.1006631229548115,0.1338326009715005,0.2435801584704019,0.2487024036436981,0.0166832512425636,0.021710956576002,0.0130181660297035,0.0598754103392939,0.0658447183166793
0.0885751502556049,0.0983145977956158,0.1238551275665127,0.2786927458030342,0.2471409265494824,0.0132337579289959,0.023407962964325,0.0128328285439741,0.0447449160141867,0.0692019865464145
0.0965822083298568,0.1060378374206814,0.1324498722427418,0.2332551504596653,0.2385994678862775,0.0118721761629022,0.0140744527346104,0.0175142910444547,0.0453175529698108,0.1042969907153233
0.0813348338476553,0.0956952653341749,0.1155061716924217,0.2928879765670562,0.2664022934315346,0.0096640023736992,0.0061670200463767,0.0088324557622226,0.0561486576190094,0.0673613232924779
0.0899619577302078,0.1088259764983763,0.1147757520939448,0.2748319371570264,0.2673959848636115,0.0127485567980957,0.0121256540797708,0.0084585137949036,0.0497982063710931,0.0610774605799428
0.1039056532225408,0.1256798695109989,0.1251663093948185,0.2298494423171672,0.262607829291162,0.0127484049638221,0.0076589976577071,0.011060350779805,0.0424919098706122,0.0788312329586977
0.1036291641624514,0.1330565475315348,0.1223892035859724,0.2265684324965472,0.2723712876054279,0.0088668484444261,0.0092185227889884,0.004802535268567,0.0605061058980031,0.0585913521842093
0.1058775733158518,0.1329848678390536,0.1324497377027752,0.2478944860102775,0.2428697344023948,0.0098400616369684,0.0080927745739427,0.0098710452793835,0.0538745947675662,0.0562451244372428
0.0936375200626411,0.1230837033535924,0.1129717639991294,0.233840338773766,0.2698596823990892,0.0158931484444467,0.0067618852472882,0.0115845773065045,0.0881622308950108,0.0442051494852747
0.0932810922257133,0.1309554654639306,0.1125411484901,0.2625549070773486,0.220958673207955,0.0102324089860714,0.0034562099313976,0.0061645876873398,0.1046226065806878,0.0552329003146603
0.0964819662900668,0.1430925789884008,0.1144844012356113,0.2454029544038645,0.2477663637409574,0.0215203594565751,0.0109440535868859,0.007792025366153,0.0747906337555527,0.0377246631394477
0.1045996018159384,0.1584535050537432,0.1178388186903769,0.2475187402864227,0.2280910146814009,0.010652864655256,0.0082833462243746,0.0131115558098489,0.0596077213841355,0.0518428313622525
0.1165238011230047,0.1719246174409141,0.1238030297633288,0.2428071283631935,0.2349452397314411,0.0066231834459372,0.0033873084693534,0.0066573988616269,0.0601402888750754,0.0331880038893357
0.1199649772785366,0.1679952402404799,0.1250732558931665,0.2530960965175432,0.187107742458117,0.0082327217719343,0.0084761434638089,0.0105876495926583,0.0716382858686411,0.0478278868792562
0.1030245545011432,0.1482122597338545,0.1191785119836005,0.2327578950435273,0.2108338316761812,0.0053682398425754,0.0048969136875798,0.0061056552617297,0.1235291046275299,0.0460930336061918
0.1075547093192118,0.1445998318540602,0.1294836630305925,0.2268108498954417,0.1716635093525962,0.0081531906307236,0.0108033491973137,0.0148800542263479,0.1104302881775426,0.0756205542823956
0.1199558071997851,0.1635983979663225,0.1319330336391338,0.185282367670326,0.21160147546335,0.0150654824262432,0.0052009223562227,0.0019752840406313,0.1158587633606052,0.0495284658439879
0.1114607235278504,0.1627527631720284,0.1184078690454731,0.2568019981614894,0.1995317916113196,0.0103292507242543,0.0045976706989183,0.0088926907237722,0.0722997991519557,0.0549254431479228
0.1117897710804907,0.1616144662125434,0.1289153782182773,0.209054214798038,0.2033281261288492,0.0096942091880276,0.009617034821354,0.0091539189060021,0.0857882946825141,0.0710445859274835
0.0967187885026396,0.1423480010954706,0.1276131013073877,0.2459048548614525,0.2119315258315335,0.0072786269142007,0.0032624631180539,0.0100826690348844,0.0988170356528411,0.0560429336411157
0.0985184622494965,0.1395432109283189,0.1392626200122834,0.2060624077579532,0.1914402774254412,0.0066506385509844,0.0055502012433601,0.0079468631603572,0.128762587175408,0.076262731456917
0.1094337962340069,0.1427953103007223,0.1625470209726681,0.2446976268352896,0.1854447587692532,0.0092051554199948,1.183673037456272e-05,0.0083308201400698,0.0921656393233325,0.0453680352347419
0.1200292627890977,0.1573482176184356,0.1595214674810099,0.2112781064902397,0.1844044945471072,0.0073572535404936,0.0085027889338926,0.0076929880139695,0.1025665046322508,0.041298915914679
0.1255731891290309,0.1708018988011874,0.1533217204445664,0.1751512193062285,0.2086640733628882,0.0060754380666854,0.0047062377498282,0.0084795911945279,0.0866658400239513,0.0605607918803176
0.1090079384570117,0.1526868017293451,0.1349853675674082,0.2130094704338836,0.1458109567466072,0.0057402318487399,0.0075435520711014,0.0099028048300082,0.1727240833851451,0.0485887928926365
0.1280593006112768,0.1591311610536756,0.1693888451040356,0.1505606965863647,0.1766771403137912,0.0154575605747787,0.0111705334450173,0.0072945174947698,0.1262371604643231,0.0560230843148191
0.1183991287962569,0.148616973128261,0.154931409323529,0.1434438592588135,0.164409083712167,0.0090416671446026,0.0089036228406314,0.0018338080487942,0.1590705009331567,0.0913499467785569
0.1096880469944358,0.148499730439776,0.1356076146672563,0.1797583036946268,0.1807788211244004,0.0114969256893535,0.0092869051496403,0.0099754942451541,0.1244644878628728,0.0904436700945077
0.1278510572455452,0.1678619775903449,0.1593814819690245,0.1769189993701831,0.1617486984666715,0.0112113298634753,0.0077513168997022,0.0040559688512377,0.1457913707602958,0.0374277989443451
0.1303206644299945,0.1846020589139082,0.1462503259207498,0.1668903519997087,0.144854898122773,0.0045490927020061,0.0041166069526159,0.0008625397168565,0.1333824510891618,0.0841710101131132
0.1325080402323691,0.1891483352988425,0.1551783417701555,0.1617611261122419,0.1773642111327899,0.0031155641166561,0.0052568686515045,0.0051957808689322,0.0986234404560799,0.0718482913176537
0.1194090691315012,0.1708285073266997,0.1503892804236091,0.1825507498618205,0.1719325911624449,0.0022118691940828,0.0047634959211377,0.0039296401136382,0.1176328147155679,0.0763519821048928
0.1249221189422445,0.1774963728810736,0.1509919499574701,0.1720252306520294,0.1327766098151311,0.0050777716136732,0.0017338414134518,0.0019379023846395,0.1516748232442819,0.0813633790527771
0.1164419596659467,0.153308647033464,0.1608561821003916,0.2030341922699972,0.1319596879630938,0.0033880952392571,0.0035644256185384,3.773031015900552e-05,0.1348621667529861,0.0925469129996507
0.112482456096911,0.1348153550247744,0.1657622219264345,0.2030417953525014,0.1909992620564651,0.0072931069126565,0.0013513768831129,0.0039903055161887,0.1344589934467029,0.0458051267384841
0.1083183325747897,0.1382993263525183,0.1575220905222383,0.1842119529995123,0.150537460821295,0.010136474728002,0.0025099957080693,0.0002293006844727,0.1532836606142325,0.0949514049458375
0.1104682604062907,0.1411773160288584,0.1617023372080592,0.1707352587334645,0.1487938526977285,0.0103150305018209,0.0027581552936726,0.0029864943334361,0.147228648480615,0.1038346462661387
0.1105459827209907,0.1420803092746641,0.1540072501863996,0.1538621622243868,0.1319360583764709,0.0047476821369675,0.0002124168707815,0.0015927651304889,0.2373189228964904,0.0636964501352879
0.1195554240943912,0.1437320996498542,0.1729827601321317,0.143414016313921,0.1467463803295515,0.0098522356058165,0.0050428342468694,0.0030195913546634,0.1914073286746588,0.0642473295487732
0.1227959903012922,0.1439353019522291,0.1875901407164335,0.1367300967344164,0.1395585427406038,0.0108899724560713,0.0100443547359575,0.0124169525901468,0.1821053189513325,0.053933328763752
0.1376870255931345,0.1558627806778555,0.2014179097959404,0.1446059871887615,0.1407481164427036,0.0203891698029666,0.0107731162531028,0.0114087538434669,0.1592412715471804,0.0178658687926242
0.1261674257537779,0.1452515099542345,0.1816248930366513,0.1448582176743282,0.1355353472780981,0.0057799755574298,0.004380596716391,0.01219396433762,0.2044258498776796,0.0397822197583652
0.1035702635124772,0.1227130052256294,0.1512405438025237,0.1328919240860934,0.1197217378682364,0.0068289290854562,0.0075955011680792,0.0043611909047226,0.2866281281625976,0.0644487761320816
0.1073040203445445,0.1357465410225335,0.1651795471877724,0.150213137863879,0.1334024237114952,0.0087003546437699,0.0121295435918587,0.0113071586358277,0.2045669458096259,0.071450327127145
0.091101597976102,0.1133364103195987,0.1452394026114513,0.1528396217066216,0.1299367761250945,0.0229495974465864,0.0105698158384328,0.0056795182395838,0.2587634304532689,0.0695838292240245
0.1211714877694395,0.1512056049051101,0.2000485411275522,0.1642759927616759,0.1382641150628291,0.010614858455984,0.0122581965807433,0.0034169833172391,0.1355102628234876,0.0632339571197164
0.0986415520114696,0.1306381293463578,0.1773973433192913,0.1204271208389826,0.1234278591313923,0.0054649235965268,0.0198377744992428,0.0012937454587068,0.2305127610743783,0.0923587906501516
0.0955044213674455,0.1427404473754794,0.141984367104878,0.1156653368735114,0.1163479466687623,0.0160781303661281,0.0080756967073269,0.02738078346285,0.2596393921832488,0.0765834778256882
0.1045791731117184,0.1564370107188267,0.1596420010401929,0.1786442235643555,0.0972878680146639,0.0301246642076304,0.0212720317462136,0.0176585287626131,0.1640355206666373,0.0703189780963121
0.1117563638895865,0.164541668040811,0.1546649688381551,0.1532635425049281,0.114177530625842,0.0018771053790782,0.0111388131279746,0.0053405553435677,0.1875014886818482,0.0957379634997597
0.1195228853353585,0.1656239330211394,0.1735915755047007,0.0862299182517162,0.1074938410722574,0.0048856118279822,0.0121952822794991,0.0260120070353113,0.216201950549476,0.0882429950509715
0.11375259141872,0.1515455890375335,0.1815620541688911,0.1169222864794352,0.1173486199200913,0.0180425692705515,0.0019600391533324,0.0070753245218394,0.1896723069565097,0.1021186190005124
0.1309183044460443,0.1721518629697274,0.1879171023490424,0.1247380527985789,0.0870927933693502,0.0144523527542109,0.0075473262574083,0.0060331537428846,0.1976728174734104,0.0714762337709976
0.1205492197827697,0.1634708169283969,0.1846201801449391,0.1068853926735457,0.095901701447837,0.0217885380771618,0.008478808713763,0.0169276204185679,0.1825088352472406,0.0988688864962623
0.1311996523821173,0.1642180755505783,0.2026687457202627,0.0806626846847128,0.0962471738890293,0.0332077639086398,0.004453576145526,0.0061224200721125,0.182572708427815,0.0986471991470594
