0.0616692733143102,0.0313101982174051,0.1148241911964174,0.0065294990270612,0.0093932341110886,0.2188582581037385,0.1896140026433263,0.225542210355976,0.1298187973498661,0.0124403356493352
0.0622635946036865,0.0316503169294139,0.1184038847755601,0.0053804315848436,0.0013737328260071,0.2288556590783299,0.1828164957675373,0.1975339687459865,0.1615605811908258,0.0101613344696134
0.0677990627683489,0.0367363199486714,0.1219243361485737,0.0075637456517203,0.0024888880602621,0.1864818936544988,0.1599045166438289,0.2548465038581404,0.1471014673919869,0.0151532658437661
0.0781251672160938,0.0451035081627458,0.1259760310452689,0.0126520905256616,0.007819234335181,0.2346375084836096,0.185506386082159,0.2217028923621497,0.0834985857122311,0.0049785960447298
0.066398592415387,0.0365837075143962,0.116451311614807,0.0114628843252536,0.0044732192920704,0.2062066310930816,0.1962736929171165,0.2034725919397929,0.1476731111693101,0.0110042576872612
0.0680858276919265,0.0336488225250681,0.1239015137152085,0.0021675825200735,0.0055466526078024,0.2321377811867589,0.2085561982884393,0.2086755226251828,0.1092955971347516,0.0079845016736228
0.0794723739865946,0.0466400544791248,0.1287470967185055,0.003184707271305,0.0050435995141983,0.2352797418998856,0.1943465691038721,0.2127331863475229,0.090806121800278,0.0037465488481176
0.0815601673853759,0.0496338850861213,0.1238330738103859,0.0084777185628344,0.0075045515503926,0.1885542110003132,0.2058113007145999,0.1824000450438549,0.1417973444008864,0.0104277024115815
0.0851905705879006,0.0503703751522771,0.1290340641724708,0.0058632784184254,0.0033681504083767,0.2049100321147866,0.2098689875082273,0.1965350253814232,0.1143811524977882,0.0004783637266465
0.083530690879462,0.0498221185076076,0.1231594360437111,0.0091646726886154,0.0054477879100856,0.1601952087159166,0.1934490404491764,0.2025516670288192,0.1479700592859648,0.0247093184610154
0.0786417215892576,0.0472716590383467,0.1159909022219844,0.0057073325419777,0.0026668331824515,0.2044350740520559,0.1810679864537713,0.1828397496085165,0.1707316935002399,0.0106470477831089
0.0931054372223996,0.0554116906863152,0.1340415958369719,0.002409968045451,0.0028875925333682,0.192027368359463,0.1920016329403869,0.2072267767010384,0.1014775657035147,0.019410371942605
0.0968817019620952,0.0608687629844456,0.128813652903434,0.0038359210376231,0.0033848626319583,0.1911005727462556,0.1879275106018819,0.1643419885248128,0.1472053180954655,0.0156397084854454
0.1015832976632536,0.061295037327378,0.1396599657903958,0.0035096207346373,0.0034762393314823,0.1763541383040865,0.1996730174226608,0.1597613749580753,0.1474768291697664,0.0072104792705641
0.1093860657108818,0.070431655304573,0.1418104645715077,0.0048529185069498,0.0068160844804315,0.1719251474152471,0.1896195956188595,0.1538567245872595,0.1368722566061296,0.0144290871711706
0.1074337716150099,0.0741015299512235,0.132342965957135,0.0046833575187992,0.0033662838169562,0.1653821556157331,0.1793905941436411,0.1733850721730424,0.1517255831475815,0.0081886860338382
0.1094824779689314,0.0755882813188689,0.1465217944290151,0.0057309992549341,0.0031107453182594,0.1785505775915016,0.1530947724950085,0.1752635589691858,0.1406236591613347,0.0120331334656117
0.1078837509006906,0.0693156833090581,0.1544335175197706,0.0047496658192659,0.002596557490226,0.1925794855146168,0.1934705883382884,0.1376894357359114,0.1301795977259863,0.0071017176181689
0.1082248838461775,0.0639578854627467,0.1683645762895205,0.0052534181432045,0.0051148520957338,0.1722281590191203,0.1624463917007875,0.1437862507756165,0.1538707190454718,0.0167528635936152
0.1155690380492921,0.0662343517143944,0.1880571682613999,0.0056194471778538,0.0030666253759527,0.1791633550469732,0.1634144075421702,0.1550607887048894,0.1201618030458723,0.0036530150540452
0.1144626810501594,0.0608979779600566,0.194971419129915,0.0054379171412396,0.003957122044892,0.1710649862072182,0.1612604343027741,0.1303430909739731,0.1486387512694364,0.0089656198948359
0.1089520878063347,0.0511967465261464,0.1999229344835651,0.0053063363312793,0.0041801527381826,0.1515144564371664,0.1342668579396242,0.1565797205333925,0.1777835129284249,0.0102971942497548
0.1134793811864896,0.0552657349652228,0.2046268796665637,0.0047484773361589,0.0039864918191932,0.1760298933591369,0.1451308942236327,0.1523265592060108,0.1406521655385414,0.0037535226712814
0.1181444314631631,0.0590634012647426,0.2023619074557319,0.0027498656389945,0.0026227014994959,0.1295481851481172,0.1493486034578176,0.143359266761318,0.1759556287408254,0.0168460085441407
0.1240844496079434,0.0631759084538864,0.2047125713033887,0.0071337665232917,0.0060138048068376,0.1383356358621358,0.1585095993619598,0.1698651420967908,0.1224219601437192,0.0057471618140427
0.1238746404778409,0.0594712086669326,0.2191816101609018,0.0027698814133754,0.0017484762318166,0.1393223941353836,0.1373741833863241,0.1743431818576244,0.1275293852198258,0.0143850384245663
0.130197234856619,0.0601133567823602,0.2313981217118621,0.0053079106534136,0.0041653289851582,0.1681595165271136,0.1373203197586266,0.1504419000744865,0.1055675622824101,0.0073287483404504
0.1264404649405059,0.0610029288861085,0.2188799617005647,0.0025026334260351,0.0005569488915026,0.1848542837380123,0.1278320401701478,0.1278242471706721,0.1318158161920183,0.018290674857526
0.1378219524802458,0.0709294029637176,0.2158341789894652,0.0098047283844935,0.010982495487884,0.1356489605727995,0.1295442392659815,0.1604217598408981,0.1186605620804534,0.0103517199069537
0.1293895335695868,0.0682927251879968,0.2063963234752429,0.0039238640426203,0.0097266029691679,0.1461749848551792,0.1605962993205396,0.1429723596905145,0.1103267610058912,0.0222005458564278
0.1373743404096691,0.0789673765788552,0.1943836671396582,0.0099062268428248,0.0034837496119016,0.1458998425765724,0.1410477647336153,0.1427922410564842,0.1006222700592566,0.0455225209633536
0.1341729153955364,0.0784812333827353,0.1945180951544652,0.0010757157453229,0.0087048862166549,0.1453243460727934,0.1224001949750338,0.1537371814125839,0.1103378150992349,0.0512476165174026
0.158507621739938,0.092407892497402,0.2146284504026302,0.0021564985858595,0.0030739179223624,0.1306899008479376,0.1535923296084468,0.1413880381114329,0.0915849858198823,0.0119703644350338
0.1610012243042074,0.0995210548401185,0.2066895192080839,0.0066648846885648,0.0092374483064844,0.128015461252395,0.1353655663365849,0.1416460639305485,0.091096860181199,0.0207619169240657
0.1548307971239717,0.0999262144222934,0.195867289661544,0.005285799972755,0.006053661049585,0.142767932354928,0.1185750740753305,0.1274297761813047,0.1206790104059679,0.0285844447266088
0.162186410808373,0.1015147779730993,0.2027546464696286,0.0071155411167717,0.0090190774045548,0.1369523647168868,0.1189723811561389,0.1280431994499858,0.1123395284501483,0.0211020724290779
0.1485485678344411,0.0872094984945434,0.194909534058437,0.0117295142875994,0.006576805694143,0.1288546974529919,0.1179451545492547,0.1322607529750648,0.1311394600004009,0.0408260146272443
0.1747980691346372,0.1099649588589674,0.2176160825764434,0.0072098510621672,0.0050697977044517,0.1254807920897608,0.1255902271816605,0.1224270356609384,0.0845533708216285,0.0272898148794324
0.1660620319501261,0.1012118909226196,0.2171522216225355,0.0132158910943682,0.0088883246074778,0.1308681119450372,0.1136290406629055,0.1307944896226086,0.0924805079147416,0.0256974896277064
0.160019707589331,0.097146772338428,0.2008096666835425,0.0089352199616269,0.0111458131851658,0.1297009260347421,0.101661993312616,0.1288959085477957,0.1290995608848825,0.032584431433145
0.1551054127357138,0.0962307644950285,0.1909187781596303,0.0167248645399481,0.012943298451737,0.1406896173444999,0.1138231171744349,0.1018391271783537,0.135870582697927,0.0358544371959377
0.1377142958514796,0.0794745700370287,0.1884685737990535,0.0164323220235719,0.0125017990026273,0.1123538100144139,0.1257541481488107,0.1082374218778977,0.1868227386996827,0.0322403205178559
0.1360475133586902,0.0755945140964489,0.1992635354905359,0.0192205543265319,0.0157780302341764,0.1497656410699933,0.1274159189696789,0.1045720622939702,0.1465902899132169,0.025751940218383
0.1404720749042592,0.0767400523254402,0.2054938880555252,0.0114690179503408,0.004860692601811,0.1316456923203859,0.1404563023229482,0.1360126929173478,0.1188930166131038,0.0339565699603226
0.143093141333764,0.078315384487798,0.2128701118388691,0.0176668160372418,0.0091767874948643,0.1037128838892362,0.1278818581152511,0.1278235471164887,0.1354012479142071,0.0440582217416871
0.1460195451360212,0.0767872106766452,0.2169769757728569,0.0254717892095424,0.012158056153137,0.1114159288820496,0.1314097448376719,0.1360097598778047,0.1158071230412856,0.0279438663844008
0.1469937475440998,0.0746099085120275,0.2231329498095536,0.0212970516602972,0.0190685232147446,0.1147480877445214,0.1134339966013997,0.1016489695664751,0.1573965453332726,0.0276702199854177
0.1434761732304248,0.0746199787750385,0.218015169688964,0.0322366468046931,0.0163010087296735,0.1207229698956548,0.1324079520311807,0.1086312625453978,0.1200218143007093,0.0335670239681639
0.152866311572061,0.0821876508024816,0.2262087802883324,0.0238725194046757,0.0217727938814885,0.1272754324246159,0.1029359905017972,0.103327208279814,0.1165114119632435,0.0430419008511504
0.1423361101852589,0.0670423901239174,0.2349066372372163,0.0292757837823862,0.0345214112139688,0.1125569673475036,0.1462518545899736,0.1100682325203999,0.0995754473261395,0.0234651656409032
0.1372785294645458,0.0656331317912967,0.2234633331899612,0.0472924756720145,0.0152549462384843,0.1139899521838471,0.1274391626654911,0.1348340057436951,0.1057301116620274,0.0290843513557112
0.1260703978139496,0.0612574221131288,0.2008208986591328,0.0250554308802723,0.0194737690133249,0.119213552358995,0.1027368373279885,0.1335696799824971,0.1868017812895136,0.0250002305300492
0.1246748734358546,0.0616959030057986,0.1943643948222957,0.0273205470808475,0.0488626066454633,0.1065747857941242,0.0987296146647996,0.1218284161478029,0.1641636345328712,0.0517852238377051
0.1232611216239965,0.0586613293990275,0.1998195845546384,0.0455828664396534,0.0254310993670623,0.1109744967578912,0.1323058560707104,0.1293234676132681,0.1379237396865519,0.0367164384542274
0.128407180364234,0.0627105876142122,0.2040569696088857,0.0540697400885131,0.0267351545845748,0.1275391497018845,0.0963075474520381,0.1306490662435131,0.1618922878694266,0.0076323164363384
0.1306311336447147,0.0709709018115702,0.1891695614018739,0.0483668946596539,0.0303199362388616,0.1276740183952254,0.0839061894611111,0.1268225875003674,0.1725709522194064,0.0195678246318978
0.1249478173319609,0.0661471166112055,0.189214918692314,0.075412469560587,0.041405843500683,0.1166110750135506,0.1067770168511264,0.1317842858485479,0.1237284563473217,0.0239710002050431
0.1265081859888874,0.069054581757551,0.1914585507517336,0.0698932010545969,0.0515345699172631,0.1093679410729573,0.1003902499661618,0.1183428454533607,0.1190965478738565,0.0443533261262597
0.1326950687666067,0.0713961146139485,0.195254608633929,0.0539827187915461,0.0478849975398885,0.1224796767151623,0.1398526729037169,0.1065426304047359,0.1130240111461614,0.0168875004473026
0.1147046921025611,0.0598396370585538,0.1720716867685145,0.0561001479903888,0.0570107540404087,0.1415662145392529,0.120585921133226,0.1010640086154375,0.1468323844442197,0.030224553272856
0.1425989789805925,0.0786891026958884,0.1969518146383039,0.0591112922264497,0.0554221321712245,0.1169711464997747,0.1047894190916312,0.110584761346633,0.0975301979188738,0.037351154394186
0.1237088369030799,0.0626083253314291,0.1859982359793006,0.0494210190893988,0.062041574269214,0.1445633708209377,0.1091863195091632,0.0953734123911004,0.1242340491193102,0.0428648565539134
0.1108173876447305,0.0551470110670567,0.1746316559333943,0.0766138159247317,0.0628046434493854,0.1077406793145257,0.1123654460309173,0.1008081043542069,0.1544816550105229,0.0445896012365126
0.1285659688748407,0.0641923038157829,0.1947106395982984,0.0736738038414153,0.0676766304122652,0.1105697115046056,0.076047544071781,0.1174314521004044,0.1365373731692626,0.0305945725712414
0.1108537575942745,0.0555994773692586,0.1744921113522027,0.0921805751865254,0.0603642116107082,0.1269007660608215,0.0969799843984803,0.0993132332773245,0.1357316449538784,0.0475842381602555
0.1193937637964986,0.0647739922651935,0.181042036987479,0.0779040617709903,0.0884893884827431,0.1184748518540129,0.087464070038174,0.1080670398156909,0.1318230364742478,0.0225677584769807
0.1018326273830489,0.0519143909733408,0.1659112875046648,0.0904786677933885,0.0854676708695842,0.1178387136080659,0.091952051548048,0.1158064966562147,0.1451820466608947,0.0336160469665083
0.0937391474247456,0.0404663691301352,0.1630050468121634,0.1175076136087057,0.0868883076718333,0.1342394342880294,0.0911110213904187,0.1172916827677306,0.1443045906462232,0.0114467862233328
0.0936303054964931,0.0364474411887941,0.1735270808989976,0.0974567238774077,0.0829249423865448,0.1163801668295206,0.0867569485244648,0.0984817638768726,0.1899669756504353,0.0244276512330923
0.093907302198833,0.0349209451053331,0.1800760044816364,0.1108248284771586,0.0890732654930361,0.1115074421422809,0.1107840612882465,0.0973793341721643,0.1336855686561784,0.0378412479460609
0.0977244735972795,0.0413047029188123,0.1720400097766196,0.1348969191438489,0.1277987887252888,0.1138657676021671,0.0615087401945536,0.079893703998172,0.1510648440226273,0.0199020499831555
0.0860902714045387,0.0331926744016592,0.164788134513879,0.1193765440568328,0.0831281521815905,0.0950487622461057,0.0915319420009048,0.0890595986112614,0.211259655091961,0.0265242654537354
0.1018336734726694,0.0487411474139118,0.1792948290568594,0.1369206030594909,0.0895267916956433,0.0929116396151488,0.0810530861345762,0.0589167837094598,0.1844802534056937,0.0263211923997602
0.0876149210767603,0.0430630647636295,0.1544427679918872,0.1182774550464072,0.0851498645919035,0.0912441696454342,0.0812657407546001,0.0799916753241043,0.2286462195044407,0.030304121270185
0.0949577554657851,0.0525312293206309,0.1522498120146032,0.1222704974194012,0.1149760055827541,0.0728765750352164,0.0849020604647637,0.0510518437408526,0.2218068224728853,0.0323773984479235
0.0966799841008192,0.0521484052727725,0.1511774058030904,0.1522822720970154,0.1221012209785713,0.1086809250811848,0.0604272234318201,0.0644463863643229,0.1599615476039514,0.0320946292312442
0.082720279246164,0.0408268946804429,0.1410814568465394,0.1437133749634638,0.1280514251035997,0.0635759376947339,0.0854210919754817,0.0720325384676422,0.1905194227113381,0.0520575782797718
0.1011346359009482,0.0472723076431529,0.1690485852220367,0.1522802080952524,0.1337044344709879,0.0833205934721345,0.0675010070728388,0.0438804623076959,0.1755074412308536,0.0263503245487582
0.0868720373117096,0.0386433807054861,0.1549347693011775,0.1609796851154149,0.1310365372959653,0.0763231832579123,0.0752969282915376,0.0592675319537783,0.2004403255482825,0.016205621183657
0.1041460295825417,0.0567755806340328,0.1604943453904887,0.1222231302049441,0.1458576604012341,0.0717037026982199,0.0726717225556918,0.0667880807209377,0.1405243318810649,0.0588154158948815
0.09982649100863,0.0541870386708117,0.1500558996718173,0.140103709780082,0.123580882177442,0.0482653951518126,0.0723640514717613,0.064841311215801,0.2011231349540246,0.0456520858630345
0.0789359222280409,0.0471301242741219,0.1187154574609691,0.1592705825549912,0.1493033802020339,0.0724969574413339,0.0681127148604134,0.0674865648036595,0.1872380194865501,0.0513102766551623
0.0865410870050003,0.0523435892873892,0.1227352590721248,0.157139128970206,0.1379700120283934,0.0716556739627285,0.056889805554889,0.0541473524784517,0.2232442132711736,0.03733387833555
0.0811889862433162,0.0439271930032744,0.1239885625333919,0.1810974320976419,0.1701663931332974,0.052081573825995,0.0648629319258613,0.0518336130788736,0.1969089268435622,0.0339443872823772
0.0834665978397739,0.0452472405608234,0.1340203741627832,0.1961821524586963,0.1589707949914131,0.0655461647547793,0.0558360792283154,0.0511434287699284,0.1517338410800468,0.0578533261148907
0.0716255239953734,0.0379913280012277,0.1129145274563895,0.16631485586334,0.1611124628698675,0.0621803971514522,0.04932828172148,0.0330287129788591,0.2621798275809335,0.0433240823465598
0.0769433474171415,0.0447721154710676,0.1102678213421955,0.131888237623729,0.1876469632075801,0.0566518858055168,0.0569847755074213,0.0569434650364002,0.2261502117513145,0.0517511768054602
0.0613299956729669,0.0310466123301169,0.1010897683877414,0.194780025970104,0.1709738636265879,0.0616729742213991,0.0498220033581902,0.0382547057369718,0.2525264568479776,0.0385035938167757
0.0736007779880374,0.0353861071359452,0.1227886405851004,0.1968469810815,0.2002189904107061,0.0588905425226917,0.0419659448792698,0.0384057452074086,0.2017271140523238,0.0301691561000933
0.079682742178584,0.0391541030116628,0.1236394559561525,0.1992256758626148,0.1933969598262699,0.0580058897745406,0.0537391978110856,0.0518376710612793,0.17076472701143,0.0305535774712099
0.0728005557464281,0.0372555320590452,0.1136617869631118,0.1968281999550981,0.1848219358046325,0.0542192610537312,0.0680190324460115,0.050996712920245,0.1721776196704259,0.0492193633469185
0.0758087950132721,0.0335153403247094,0.1292473311139698,0.2346098293444049,0.1894163785774663,0.060200667110025,0.0354694879773517,0.0343911180219435,0.1509469701214177,0.0563940823590942
0.0616811323663994,0.022999284582755,0.1115045093389504,0.2363758559171478,0.191313926244453,0.0421123408832711,0.0250690862146639,0.0322627247411716,0.2191821874278095,0.057498952251185
0.0677886780466164,0.0259221887759932,0.1183192671532924,0.2221733405960539,0.2425627137198975,0.0420930817739498,0.0484862072643061,0.0313482472750692,0.1644907024722502,0.0368155728861313
0.0648273506860827,0.0237228505905193,0.1111577645594502,0.217667823988689,0.2188703080582689,0.0446452125799929,0.0456291713459872,0.0474711250293165,0.1827319082433081,0.0432764848835398
0.0751587240213622,0.0332921037887148,0.1179145222526586,0.2347130333568892,0.2084305386772501,0.0404774778015324,0.0441643749352089,0.0390064533760177,0.1575787683724052,0.0492640033811261
0.0764219734808219,0.0364959007977481,0.1195928798051789,0.1992425194153298,0.2243993056552068,0.0452133637374963,0.0363608102917495,0.0405854471985651,0.1693090371890858,0.0523787623955059
0.0785754927580855,0.0389090834892466,0.1154422397594445,0.1976479406203354,0.2343034049183502,0.0294591668823733,0.0301922554150815,0.0296335872056169,0.1796923068397786,0.0661445220783315
0.0722210116557111,0.0325271215573809,0.1097236162025236,0.237200212186823,0.2410597526510662,0.0409805820689129,0.0323509052813946,0.0367591776762428,0.1184425179196014,0.0787351027641433
0.0713714634720229,0.0362412857873915,0.1024005395886263,0.2323940743631035,0.2218002443723088,0.0433706463350024,0.0361268923365096,0.0374570565061165,0.1568395489632636,0.0619982482392709
0.0802396471974284,0.0445005953067834,0.1028184454894332,0.207954720560904,0.2140872870671976,0.0414840326455565,0.0494851368425372,0.0203529173157225,0.1583971162896529,0.0806801012502604
0.0722839178054967,0.0399055652014818,0.0969178476507151,0.2686847530565568,0.2406864736367908,0.0217128490710801,0.0353512970297771,0.0245194720850589,0.1350152729806445,0.0649225514487702
0.0869546121345095,0.0548325196173348,0.0974404946391188,0.2585565330527289,0.2358836259355377,0.0174872563698827,0.0394441877206389,0.0245875584933053,0.1260972782162782,0.0587159337852351
0.0923544661866769,0.0664595497232038,0.0875237113214169,0.2425918847476191,0.2331972519776547,0.037181619788362,0.0349642964137131,0.0256633045282791,0.1267395503497531,0.0533243649301027
0.0878680091010737,0.0665372317746413,0.0875376883121983,0.2341789077156088,0.2839178867826866,0.0252380408550212,0.0282108639306971,0.0193031282288657,0.1206166524676879,0.0465915907989739
0.0880505436083066,0.0649536467685475,0.0829480044942516,0.2315594262514532,0.2112952111986766,0.0290098060739082,0.0437161758359826,0.0344674262274453,0.1583509333147085,0.0556488261953742
0.0893646773238453,0.0647872545440133,0.0877422950857609,0.2421682091954859,0.2502727034033646,0.031083577458184,0.0171479855376158,0.0238610613678269,0.1566846174718389,0.0368876185823253
0.0730550078924648,0.0497150122425355,0.0745637996198062,0.253926779648967,0.2554306205508426,0.0420192524177285,0.0159968719808361,0.0295456087255629,0.1249093081038471,0.0808377387868359
0.0785247175783987,0.0524732703222165,0.0798643561224274,0.2626489901112914,0.2317777534961095,0.0321502990406815,0.0279812578751189,0.031884305271783,0.1427811113136076,0.0599139388388954
0.0936096516126738,0.0677907304215301,0.0864924632545056,0.2581331058153802,0.2357914477690871,0.0291679402844911,0.0245956752619677,0.0186698112028793,0.1169591491176514,0.0687900252273118
0.0922663761872005,0.0644759351903256,0.0862899209502732,0.2169514012306432,0.2447507199808009,0.0240623849055694,0.0296257072327532,0.0275610288850091,0.1505114161289733,0.0635051092758812
0.0934689060140457,0.0695800477700142,0.0789062378927442,0.2845122514781993,0.2409229443908644,0.0306166936791103,0.0221330187957265,0.025576316540116,0.0968138836194751,0.0574696997868198
0.0833912221828114,0.0600896022301161,0.0690161061024546,0.2426848466241551,0.2872135289239307,0.0202950962216752,0.0151985011880714,0.02111541747634,0.1495419935852307,0.0514536854333233
0.0758984793153051,0.0473730089360242,0.0728836353201804,0.3043629358892654,0.2623048612374978,0.0220998602381032,0.020442268139883,0.0182793818930689,0.1436424921330372,0.0327130768638161
0.0790992832153733,0.0503717378589584,0.0784000519690183,0.2796769566677283,0.2847482242909943,0.01376094150222,0.0238164747604545,0.0088923480709063,0.1111872786982585,0.0700467029318535
0.0817205627422,0.0539446435751568,0.0766881985724284,0.2631777551350395,0.2749985290978047,0.0281617001480817,0.013663112251558,0.0115229770540379,0.1578959272231918,0.0382265941694992
0.1061818119685356,0.0680536990694492,0.099104347243519,0.2582938948911193,0.2413625701316242,0.0213957374172326,0.0160111026523014,0.0081609621824806,0.1265871080180131,0.0548487663926263
0.1100612135852518,0.0681858223863545,0.1083615918784417,0.2753305281011613,0.2429261281753752,0.0072165458487431,0.0192379293919769,0.0106447406826068,0.1156550497243954,0.0423804501933091
0.1098742930770246,0.0623905165662093,0.1134331545990689,0.2753713463488474,0.250730058755245,0.008421459483186,0.0196826472315988,0.0247298400805433,0.0954982147210797,0.0398684691047309
0.0931074494657692,0.0506049513485206,0.1068034420026199,0.2524481167303162,0.2609705426265029,0.0207952234792487,0.0112133148633471,0.0137664953409028,0.1204577313779351,0.0698327327339065
0.1083908205164595,0.0632925882016972,0.1186496484302102,0.2470177209931666,0.1850101219388332,0.0193622769397026,0.0176286660305509,0.0153791962648671,0.1584094212091009,0.066859539446009
0.1259241221124553,0.0709756954110137,0.1341551275104868,0.2652846641038039,0.2270178414216663,0.0079956624236195,0.0089476983909878,0.0257364380799569,0.0934365504268047,0.0405262000880047
0.1270406876816099,0.0699947862487674,0.1385530567608911,0.2261113074922395,0.2402364517862899,0.0104060804180296,0.0095614259144438,0.0146716971344392,0.0875856147758413,0.075838891755591
0.1274736369752381,0.0752369894118692,0.1387888063142681,0.2136877575488519,0.2233060348328181,0.0201054652585182,0.0182249240527233,0.0101367652834304,0.1233510697071052,0.0496885505860302
0.124910038908815,0.0748722315775401,0.1347056208485064,0.2374772036299245,0.2215530141230989,0.0244972626694793,0.0168579698201877,0.0152519057453794,0.1254955761815621,0.0243791764660681
0.119700174235643,0.0693451116649705,0.1290799855541554,0.2453765367130095,0.2001637677979024,0.0133394959283379,0.0113841602951437,0.0130383818866262,0.1375136997644536,0.0610586861282051
0.1267571463764436,0.0783867978206264,0.1265879946817154,0.2558268565461702,0.2407459896900537,0.0123032805922281,0.0181689023825445,0.0085849136182121,0.0832030980411393,0.0494350202183437
0.1212237513855939,0.070206681450845,0.1229706321182154,0.2500063215955143,0.1992252676234314,0.008201803818839,0.0058276680916679,0.0212137060572751,0.1440255223480202,0.0570986454777447
0.1161021576182774,0.0713717291112761,0.1172690429742226,0.2508043748027824,0.2325285410760784,0.0062851953511599,0.0067391364319528,0.0143120186121725,0.1362695757711404,0.0483182282199707
0.118970605370423,0.0804754454924494,0.1108593046362622,0.240018659332631,0.2776864653934224,0.0195782714705448,0.0154938606226091,0.0146619588697408,0.0774370319689403,0.0448183968088938
0.1143487738834797,0.0800465468691534,0.1071569795971488,0.2540506593681103,0.2348216351501841,0.0094396391475438,0.011310830579206,0.0126803145629892,0.1301960629325342,0.0459485578768124
0.1191523933418158,0.0784242832043529,0.1191445762670889,0.2889187652366933,0.2187952582759267,0.0096103435853666,0.0068341733776443,0.0043009594071608,0.117967308138661,0.0368519391343475
0.1227289566386314,0.0731186969039252,0.1230126831676753,0.2391987212917088,0.2357247140488501,0.0178588433241205,0.0114635777505284,0.0082902281731615,0.1503177490137975,0.0182858296568445
0.1342664880981452,0.0877780223687153,0.1336080413623161,0.2570427814416544,0.2024331312185348,0.0063939292320899,0.0114837763233337,0.0102648691097885,0.1406775011448141,0.0160514596694913
0.1390422607900116,0.0936419145326671,0.1360320523480843,0.234791403799451,0.237010793554659,0.0118407505025604,0.0092467441113853,0.0113744594243889,0.1040577326149706,0.0229618882906372
0.1319246394453081,0.095719893877097,0.1182076618319079,0.2604225469039243,0.2005541666409155,0.0138624355730666,0.0080148262885835,0.0098698204856772,0.1298817817443147,0.0315422271769377
0.121977172621829,0.085185070854491,0.1187796016872866,0.2058625198550074,0.2082638167877219,0.0064896702044444,0.0150369571757271,0.0072464596359538,0.1877079371136831,0.0434507940303621
0.1044781633931729,0.0672163721028959,0.1018751626601982,0.2636030585864155,0.2161793865378949,0.0157805374337464,0.0097496430197083,0.0105562185234808,0.1801468554215895,0.0304146022839805
0.1068736621075575,0.0677851771630777,0.1065957590899286,0.2856734703799461,0.228730533059354,0.0172924061026716,0.0104417846378279,0.0146261404893467,0.1135952848395721,0.0483857820929286
0.1060307948115982,0.0663074669061981,0.105851253486708,0.2658998467268994,0.2550378826600625,0.0104226574098963,0.0039470362480828,0.005745687483868,0.1447296867076822,0.0360276875199127
0.1024088047011688,0.0630830223795862,0.1002480593382638,0.2722307639233571,0.2456034391772539,0.0048351954790898,0.0102417650723606,0.003054161636296,0.1498188845367296,0.0484759037185087
0.0967125436281563,0.0554971536911228,0.1019854381532322,0.2437114337441534,0.2321323573194752,0.0145520669447863,0.016567025730046,0.0043650137271731,0.1620403355694212,0.072436631451432
0.0999569537469978,0.05954823414367,0.0959332320175588,0.2449949475403109,0.2363115506894391,0.0103145651802164,0.017802204480723,0.0193729077147174,0.1767576418582996,0.0390077625895621
0.096591869623472,0.0607876718876117,0.0952749387183561,0.2525381298295457,0.2209792802878435,0.0058201171524833,0.0062574282094407,0.0050182976021148,0.2119076381889815,0.0448246284631438
0.1004998290512075,0.0656300939448141,0.0984638028825311,0.2819542029553159,0.2457053247983881,0.0181445906079437,0.0037486217849964,0.0010184201622571,0.1301241250854395,0.0547109886836966
0.1140540748497949,0.0823308719349554,0.1029188112555604,0.2140274645861332,0.2119735970020567,0.0180981928638857,0.0123397316091284,0.0042080173784117,0.1761098188599728,0.0639394196202202
0.1171577056527805,0.0815481428156225,0.1103757321618885,0.2421152340758979,0.2124353015146813,0.0109384417247965,0.0100586750116891,0.0035085701909515,0.1485998324857561,0.0632623643244689
0.0934649125224775,0.0618801497089473,0.091535371361969,0.2365184528839037,0.2611846531102123,0.0056476928871237,0.0098879331948228,0.0037614434742857,0.2014302895898302,0.0346891012300869
0.1305281347069611,0.0855661696757492,0.1188693998009853,0.1987699284232522,0.224100907167406,0.0109385053301766,0.0024451365993142,0.0056306992520718,0.1679513804039711,0.0551997385997009
0.1333057844283849,0.0960098268736753,0.121088375758153,0.2254757881241738,0.1884276283854137,0.0114150081858653,0.0025863246083993,0.0049070495706244,0.1640150003438787,0.0527692136808214
0.1204943298588118,0.0767741489201069,0.1226071005631972,0.2397183353008035,0.1841206152100353,0.0119190280394143,0.0040628143091399,0.0091360568446541,0.1626845655208946,0.0684830053886025
0.1324988064152655,0.078983229862355,0.1376177436898063,0.232810142047317,0.2017317218193891,0.0128803623302542,0.0109794240327342,0.0156216178661065,0.1226427461679875,0.054234205717744
0.0993316436380408,0.0575390405363657,0.1062813664734968,0.2369049535233573,0.2210230820729717,0.0139181750487785,0.0066078464560756,0.0120049225979518,0.1878796830957048,0.0585092865140316
0.1039260674730881,0.0543394359259596,0.1193754697591948,0.2142118402445328,0.2029261008267358,0.0071341343425161,0.0079361318136797,0.0029505912934973,0.1975875698729708,0.0896126583995904
0.0766834106708943,0.0418493966306583,0.0872353190831245,0.1804699298483918,0.1994648562175974,0.0031930578621576,0.0030017364455407,0.0123850241669237,0.2762909374530723,0.1194263315809132
0.0970453810988549,0.0551377660583456,0.1110780416626367,0.1971755619518581,0.1850379071087317,0.0148962076488969,0.0067220437847363,0.0066661819016718,0.2433743375903327,0.0828665711500714
0.0852564594826042,0.0475891630535271,0.0962295013572429,0.1794355931611598,0.1865803214926904,0.002881028276379,0.0048895546199429,0.0046253893915179,0.3194730152395997,0.0730399738857903
0.1064200018549444,0.0551700530703407,0.1224559101501846,0.210351075896835,0.1679221321191495,0.0085039089053461,0.0023891507858926,0.0094549144896105,0.1830030164217872,0.1343298362559059
0.1308647783507731,0.0735189530146395,0.1365838209899739,0.1801246299020956,0.1547250582439061,0.0038578091206547,0.0066647677215994,0.0046408217516292,0.2083867503861486,0.100632610468519
0.1273439723121937,0.0781993949085792,0.1254548476504618,0.1911362450896146,0.1623664302833066,0.0077385800988166,0.0100549490000979,0.0049157831234749,0.1985958624970834,0.0941939349834345
0.1242400069192944,0.0779000112689361,0.121997469016546,0.2284596065245874,0.1597631268417668,0.0088626533805379,0.0148828665637718,0.0091633112690033,0.1529746831601994,0.1017562649938873
0.1149596248835972,0.0674209724382559,0.1148985500051162,0.1704611358577339,0.1573276978553066,0.0078099892469913,0.0076197075615844,0.0254905412795295,0.2238498288766499,0.1101619519403945
0.117949735943121,0.0656008324174417,0.1207382454455327,0.1923243782041705,0.1680182831755921,0.0052661400799657,0.010792921834021,0.0089345206810493,0.2162939598402786,0.0940809823279814
0.115336276719915,0.0654355921351375,0.1208865632476067,0.1763996433346513,0.1275153603118725,0.0027567227971464,0.0051279728077657,0.0117573329904365,0.2393409146971025,0.1354436209057857
0.1372029773426365,0.0797508488039481,0.1449998754944456,0.1419261971005368,0.128096855984627,0.0100569579592695,0.0089620428971797,0.0090797163681603,0.1734712835787079,0.1664532444193679
0.1237231838674377,0.0661429362293418,0.1402570192455729,0.1219967823742932,0.1525795883434343,0.0068893145828164,0.020886980340199,0.0138127797050693,0.2276986749627749,0.1260127402995371
0.1321999661425302,0.0794689876714681,0.148109430041276,0.1041068300893152,0.1581588264962486,0.0065505472054011,0.0038851149470615,0.0085875455300557,0.2321251984655355,0.1268075533600711
0.1157195043734088,0.0660078703570833,0.1385354205215276,0.1421173960822857,0.1538394518798143,0.0129087688720831,0.0026750211625541,0.00906799897711,0.2019650689405276,0.1571634987794735
0.1083887148501784,0.0624405312309057,0.1240285009759531,0.1798489152093913,0.1257488147979376,0.0085758395102698,0.0034449216569224,0.0066446736321797,0.2215488199940549,0.159330268093129
0.1160346340427926,0.0680326588538262,0.1367756557214514,0.1460809933486141,0.1467322439577205,0.0074549987626769,0.0068438562454532,0.0051430926421537,0.2060248409957396,0.1608770253766262
0.1415703416105569,0.0772819384694331,0.1808330919235554,0.1224446629788482,0.1133951262375425,0.0146775532726495,0.0044873851370101,0.0181376057808328,0.2387675339923382,0.0884047605347028
0.1380766885032518,0.081255958819301,0.1712078424125784,0.117827557413071,0.1386518604157512,0.0075437921811739,0.0092460007283785,0.0013192495084012,0.1805615634221502,0.1543094865395453
0.1249426885735617,0.0757290264838726,0.1515560395416584,0.1395889138241358,0.0927143844255659,0.0084375220999021,0.0048646909894882,0.0110878782802935,0.2310937589171003,0.1599850968073049
0.1572277439395458,0.1051211804626521,0.1848371261356936,0.1698215824578882,0.1339551977517663,0.0086273645079328,0.0011707015160207,0.0124950931787454,0.1409000935834258,0.0858439163998482
0.1314927405536249,0.0822144720158847,0.1657008184751741,0.1111632657876901,0.1271007263700427,0.0121892931387265,0.0071211641249087,0.0097567727027752,0.2174327370551956,0.1358280097195744
0.1728935881645843,0.1104590286896971,0.2090038499084306,0.1040548550614829,0.0802324634051734,0.010264709462604,0.0090238027664938,0.0010963736407329,0.1846064706299328,0.1183648582064692
0.164210442751584,0.1070677794718742,0.1982962697831789,0.0873898126720851,0.0870238899350585,0.0095176299065253,0.0179791709802879,0.0066035292981576,0.172206297145641,0.1497051779944721
0.1544496117117973,0.113742687190735,0.1801764412694353,0.1301784281203493,0.0832463353387987,0.008131457615133,0.0111681710500228,0.0081987634397113,0.1635402747144887,0.1471678294934647
0.1641013137957037,0.1100679709224598,0.2014215405789673,0.0900167827664024,0.0664032524730422,0.0038937485303748,0.0109363942711526,0.0122826194906096,0.2069619469518055,0.1339144301532916
0.1712278629819193,0.1193746054401013,0.1984276004879203,0.120825018058911,0.0854502145547241,0.0052507772644164,0.000596914268304,0.0026142411893401,0.1829169661732719,0.1133157995245208
0.1809688815228147,0.1334233200528789,0.1942262960158592,0.0691669925125175,0.0727566291037115,0.0210368859318563,0.0058309380782812,0.0108696154903061,0.2056634242399876,0.1060570169852877
0.1802044504091629,0.136473716090038,0.1928263049229256,0.0994413770488925,0.0826093878028884,0.015837050656807,0.002867273725622,0.0041473343325023,0.1688926110684294,0.116700493871744
0.1738696081033039,0.1182695441884978,0.2031081643090539,0.1073193345874084,0.0760512961309008,0.0159925449612444,0.0112104426585413,0.0197923204660089,0.1462147614015828,0.1281719831256474
0.1878072880850842,0.1225905349525059,0.2289455240026787,0.0692878846677195,0.0610628659338826,0.0138354526540389,0.0039175494707974,0.0108550872464415,0.1811035825081193,0.1205942304070334
0.1732271908279096,0.1156855288753329,0.1988622097242968,0.059844983299568,0.0332174924415084,0.0134404771646035,0.0097944611558934,0.0043678258522132,0.2737826753992751,0.1177771551972831
0.1787573812894864,0.1201203135131783,0.1913584891112979,0.0654125734961759,0.0560131115225933,0.0137722682462278,0.001688083727371,0.0206043481879057,0.2318118918887794,0.1204615389570804
0.1797503200358318,0.1268325664069422,0.1836119122320009,0.0534827347468592,0.0538452746582502,0.0120680189887966,0.0084496274209279,0.0047941854939994,0.2429284691871379,0.134236890766429
0.1903734331057464,0.1272535980307454,0.2002806708955831,0.048303927494062,0.0364069185110268,0.0232742090898244,0.0056345162640458,0.0102028387198459,0.2568736207509342,0.1013962670751432
0.1685800702785721,0.1277628333026713,0.1661044470968345,0.0528187345799518,0.0531166553260361,0.0025115059198657,0.0040050021980827,0.0127862392281641,0.2939135442429809,0.1184009677653069
0.1675693819657987,0.1337195400295933,0.1595102209132701,0.047059615843487,0.0593465929251277,0.019804360189538,0.0051489495073988,0.0125753344135689,0.2702530285096127,0.1250129756426064
0.1830330534557336,0.1564267537832718,0.1639609014726576,0.0574318598784943,0.0426435908793634,0.0155085690713017,0.0135889424424629,0.0113908971723789,0.2001036413282594,0.1559117904485908
0.1887840468536769,0.1627672970128058,0.1720503575049439,0.040797579527863,0.0397294292508613,0.0156861186304519,0.0154207303201883,0.0056514632340574,0.2190274882686954,0.1400854893329611
0.1821763280976859,0.147950044266127,0.1743026288492588,0.0324408678957912,0.0419005268721914,0.0121571755554766,0.0153901564707547,0.0187896754808675,0.1762727047466347,0.1986198917030943
0.1726465940017601,0.1450965597237687,0.1717444331369894,0.0421302028495124,0.038007676272146,0.0276183695627244,0.0185999184449059,0.0083683208419141,0.2606670496862528,0.1151208754162583
0.1847710420202491,0.1456466313349418,0.1876644450327627,0.0231240265844929,0.0411754740747469,0.0271918021366431,0.0153742362085036,0.0105231158376352,0.2010887603571865,0.1634404663428001
0.1848043900728516,0.1444589878789905,0.1886340487700244,0.0183493765045697,0.0248712654995262,0.0142487262315289,0.0243883785355225,0.0201384925548588,0.2703675908184837,0.1097387430633504
0.1896688208311815,0.1363303532052716,0.2107806007949123,0.019436373444765,0.0215379479311324,0.0231320110442764,0.0071577248876208,0.0172816190173466,0.2039673109313024,0.1707072378374531
0.1665584353170512,0.129663925062033,0.1630517762693887,0.0326649277182823,0.0098092617004306,0.0160693907680674,0.0197014956778123,0.0195597910015198,0.2573389493776913,0.1855820470445925
0.1964228989588474,0.1453896006614356,0.2079831476912106,0.0218380446571213,0.0239605943650995,0.0471894843452519,0.0271273579349225,0.0194427535568316,0.2187466045374888,0.0918995132215898
0.1856160792912142,0.1240000731577236,0.2156082487081942,0.0151293036852451,0.0088030336045794,0.0224270756687325,0.0149347779120349,0.0145851405461305,0.3112780883292099,0.0876181790369174
0.1912355123817156,0.1297193953120395,0.2130642327154513,0.0304530110433192,0.0166663399989027,0.0216553707583638,0.0225301567588821,0.0163180631938917,0.2645981848527979,0.0937597329202579
0.207806741178475,0.1410558556314834,0.2322069468039515,0.0295106638996654,0.0260061283178932,0.0278578021640592,0.0132947358647788,0.0244421546588165,0.1939539368921015,0.1038650345182921
0.175894866117208,0.1269059553210516,0.1933078362577983,0.0253677510532127,0.0304325867695215,0.023326405582314,0.016426774798899,0.0067354640876902,0.2977807205835877,0.1038216393699298
0.1838003919718669,0.1313314804352935,0.2033967003311401,0.0091675510831191,0.0101186957192948,0.0454523947406745,0.0330504517654359,0.026465412127986,0.2855777972152434,0.0716391245436734
0.2072900146493656,0.1607740272622537,0.2015653185267553,0.0179014175943156,0.0143109230083965,0.017878373679222,0.020219239524623,0.0139761544539343,0.2307253729899836,0.1153591582512193
0.2148256907136352,0.1686901595063742,0.2172297097467578,0.0145834233207448,0.0082960689567884,0.015781470329939,0.0094168321810937,0.0358096741375693,0.2589016882751384,0.056465282766068
0.1743019253475084,0.143063678066482,0.1586712449976796,0.0074903827796579,0.0190845044721771,0.0177787902161128,0.0269655795230164,0.0130102836992536,0.3281301457228909,0.111503465106614
0.1587822986462241,0.1307139232646928,0.1448240498774567,0.0386028041731284,0.0208130008110507,0.0310369325155006,0.026511824417591,0.0263135693071063,0.3196072582557182,0.1027943386660691
0.1609372247188072,0.1324127319925539,0.1557588041852905,0.0306063430602507,0.007955184963102,0.0218029139985956,0.0334861647838375,0.0223035925450284,0.2929478699620674,0.1417891697224523
0.1818999928927082,0.1478170673504583,0.172239947591868,0.009233460626359,0.0042083281941686,0.0398932778936463,0.0248571808016209,0.0220943363796573,0.3048590210741881,0.0928973871244907
0.1773456541251907,0.1580258998848563,0.1564423994689123,0.0171502067733984,0.0141454223992869,0.0254285003217429,0.0226764753565938,0.054612128988169,0.2715490020238726,0.1026243105906532
