0.0573280651755728,0.052549303029235,0.0780338976286475,0.1451145106887524,0.1629096018257342,0.1303997686719288,0.1399384567061422,0.1502638834462925,0.0660004556026821,0.0174620572054613
0.0564385386571938,0.0528446437878026,0.0774951619555384,0.1695566197011708,0.1657684187120243,0.124388583219377,0.1238915018403341,0.1295139088832197,0.0805491767721117,0.0195534464517986
0.0664745622839162,0.0593098279624163,0.0921576879987029,0.1557694509962668,0.1433756809187731,0.1390337598660764,0.1194495524662943,0.1248881820364713,0.0926485094786002,0.0068927859710673
0.0663765658173281,0.0578366260754654,0.08467713237145,0.1617768745266132,0.1224705842152924,0.159808205997299,0.1338155813376566,0.1541944423430198,0.0470346213929721,0.0120093659025482
0.0713244445525381,0.0644667430963431,0.0919532003532161,0.1725106591640667,0.1371911539119024,0.1153831293339588,0.1256582970913247,0.1261774930570144,0.0866352189679563,0.0086996604524586
0.0753113916499833,0.0692542205436393,0.0933962261425865,0.1600608690487234,0.1728839751005546,0.1241378298558158,0.1244125828898646,0.1303495195809325,0.0417436262867691,0.0084497588819201
0.0658782593953914,0.0570274019911089,0.0904088990345888,0.1669931030276226,0.1480130704290742,0.1358192111709768,0.1225783867365342,0.1144936569084435,0.0782532664320635,0.0205347448547515
0.0611492639819697,0.050141515595171,0.0886146013084831,0.1553500830521097,0.1345043091581514,0.1510896231279968,0.1407848543909967,0.1385819831731986,0.070153122723431,0.0096306434689602
0.0561274785026503,0.0496144833903847,0.0824132959913037,0.1519538512138205,0.1510582373336453,0.131305989625098,0.1356163579928908,0.1436487347900391,0.0818559880296819,0.016405583110899
0.0637803285428446,0.054071438298649,0.0884736873904061,0.1568331910748081,0.1259263979238057,0.1254094188450765,0.1458156913946743,0.1288151608801788,0.0850227144541849,0.0258519711764175
0.0683563567578637,0.0570585700224047,0.0951227455498182,0.1554752483806834,0.1340864214906996,0.1241744705028224,0.149709077577082,0.1367324277290799,0.0642684269290012,0.0150162550403868
0.0674684134962099,0.0580576381896978,0.0887100928672437,0.1452704016495426,0.1307806785453996,0.1422881024558334,0.1316210672781086,0.1458213812876118,0.0791097741672904,0.0108724500439258
0.0683840784507243,0.0555321188128271,0.0938667229667297,0.116530458417022,0.1393476331987657,0.1487128775261152,0.1676932970128181,0.127749593182727,0.0677860785918205,0.0143971418208045
0.0704380966900634,0.0574459282566105,0.0962844343855155,0.1444841207352415,0.1269834105521236,0.1504711540114435,0.1197219688814827,0.1316242947067225,0.0737506383312286,0.0287959534301446
0.0754633282023617,0.059711178463808,0.1011929121430679,0.1266368383403905,0.1123337560431415,0.134948316481988,0.1490421511233023,0.142977680571173,0.074139324290263,0.0235545143216416
0.0729886464105933,0.0551977442110401,0.1000477160229099,0.126885209129911,0.1304725107376886,0.1500885743767765,0.1569391709000883,0.1141154901652068,0.0676064597316822,0.0256584782946502
0.0750419700803098,0.059320111610764,0.1013033539631258,0.1299061894169045,0.1179871085632318,0.1626959946234069,0.1420304988159537,0.1398277265096051,0.0585434711430917,0.0133435752542247
0.0745854312563922,0.0602933905811237,0.0954173330934972,0.1185534323987179,0.1162512657110181,0.1443828046158226,0.1476421637246769,0.1368116167873606,0.0862635109905446,0.0197990508213645
0.0715585221325309,0.0601282277057022,0.0887879243265738,0.1295541197103636,0.1030731358763691,0.1442574483313609,0.1521840539200531,0.1294897338457246,0.0751167547822496,0.0458500793489064
0.0648236808678023,0.0554800465600522,0.0807727058244433,0.1342290312408659,0.116807305636524,0.1449322903163722,0.1401228766638242,0.1680222992069623,0.0701289951718255,0.0246807684917046
0.0699254206949226,0.0591073933418819,0.0874749636792596,0.1208803042161613,0.1219251874876535,0.1530272118099132,0.1533835122009155,0.1486369180932037,0.0704043543719564,0.0152347340856117
0.0722019372758182,0.0603035878827097,0.0940209894278885,0.104366887367879,0.1107806627908711,0.146672941349355,0.1404306191309901,0.1520286210105713,0.0867674024455071,0.0324263512984935
0.0753210672505621,0.0623312633822004,0.0995525894050124,0.1234155184984002,0.1060186908853511,0.1598737084174339,0.1559048937377399,0.1333531841734037,0.0549511647535603,0.0292779194762518
0.0787796588119536,0.0663733009966168,0.0991232660726214,0.1273578351632919,0.1083958140315287,0.146035586481139,0.1261484765706592,0.1554418317596448,0.0714744803819972,0.0208697497107408
0.0801600524820083,0.0702361544789539,0.0923848437267285,0.1220277713087093,0.0950361240608406,0.1530908999630447,0.1497659390072534,0.1428453218387234,0.0598928530090943,0.0345600401063062
0.0782564589534255,0.0710436959443527,0.0901492002382468,0.1220743436088866,0.1025360530399327,0.1503180906969134,0.1577223245336931,0.1426434498685738,0.0567336043365988,0.0285227787596168
0.0735861576089989,0.0656314316069965,0.0862473463731715,0.1132598597854459,0.0847336575575584,0.1577346836860909,0.1538169315917555,0.1505613421832753,0.0828333716751283,0.031595217911422
0.0784244146913822,0.0703724835962922,0.0904815033247006,0.1012430565653575,0.0818961406308154,0.1482175457753623,0.1715401203383859,0.1545602054472125,0.0764029988170748,0.0268615307937869
0.0850584642110735,0.0773904726839858,0.096511289238962,0.1053816444193461,0.0998373427955417,0.1575263330440732,0.1600218645474053,0.1457097909369942,0.0572227444780182,0.0153400536247278
0.0826859569098389,0.0821743082879505,0.0840121132853372,0.0919034838525019,0.0899772394214757,0.1648966564280284,0.135319606349854,0.1614767074180186,0.0710225141519237,0.0365314138752849
0.0890621072990292,0.0842207460992414,0.0934341002124262,0.097855948401241,0.0782196119719812,0.1641557898994982,0.1472393979661665,0.155034283893745,0.0616973081167565,0.0290807061203733
0.0806207366333863,0.0804511827959695,0.0900624438877043,0.10609261868162,0.0641104713762999,0.1516436878763863,0.151894707506048,0.1792607362903954,0.0705116624933562,0.0253517524380209
0.0794186690359251,0.0769511065114889,0.0901276443173075,0.1152112664010317,0.0668338022925612,0.1585813024356307,0.1691612941096631,0.1625174519945781,0.0463043426422685,0.0348931202382005
0.0751982259074117,0.0738451333522974,0.0852122760730607,0.101878005267077,0.0870675794311666,0.1718013451968333,0.1410416713246535,0.1585457007076341,0.0770195105645043,0.0283905521564885
0.0876793039165428,0.0891862514163442,0.09348425094706,0.087609483386656,0.0705609214178897,0.1692188581669904,0.1749142769359827,0.1248546768178306,0.0749210774443207,0.0275708995295801
0.0851900162526213,0.0854766360437013,0.0897798785189055,0.0787470853783428,0.0736348272398781,0.1485324879197264,0.15625552083669,0.1738496921902015,0.0767164634931586,0.0318173921064616
0.0825365787063318,0.0850090765544146,0.0898671716977208,0.0967640422629072,0.070156777019438,0.1624451110850692,0.1703657182631131,0.1387379712011333,0.0839743502627628,0.0201432029276845
0.088294848788569,0.0923865435831557,0.0937900703828485,0.0971168557009966,0.0675090076278333,0.1704272301472981,0.1582530007136143,0.1462461100777127,0.0568893514768207,0.0290869814817791
0.0853017575830111,0.0920446129662075,0.0889733611792999,0.0710619240026696,0.0724059112162211,0.16329797058577,0.1362954467461129,0.1588868592454596,0.1060851829636909,0.0256469734913803
0.0847281405047569,0.0890268705047681,0.0886414992936581,0.0693922092098487,0.0672895717057621,0.1533712442372057,0.1485916356921027,0.1573761764604835,0.1173993142343531,0.0241833381374723
0.091108762525467,0.0984031261559985,0.0936089971019186,0.0625461448166379,0.0692909076203445,0.1553460084144939,0.1323740837910721,0.1628535246171429,0.1116970087139592,0.0227714362218935
0.0950089762090989,0.1034314599509388,0.0956288085581725,0.0597954447183396,0.0689120234722944,0.1656397576776689,0.1536520748940355,0.1286121809211492,0.1033039275351401,0.0260153460429564
0.0991564941720624,0.1082913819779405,0.0941024533937251,0.0773584253082744,0.0765992714892066,0.1623969900161435,0.1538688167299713,0.1377118522219716,0.075129093496482,0.0153852211729059
0.095340402527459,0.1118346786794252,0.08700926528416,0.0610162769547319,0.0755553836395078,0.1652421174959646,0.1630843599039985,0.1584743387418384,0.067080000984135,0.015363175767507
0.0902861003556805,0.1072359703559627,0.0794762734557522,0.0636856564723543,0.0566394458674233,0.18855814016421,0.1761190542348849,0.1529856844149781,0.0639018530954326,0.0211118215629788
0.0886180594485262,0.1107072078102885,0.0712316064916113,0.0484004157957985,0.0573254811338155,0.1837031200023496,0.1537988029763213,0.1559504374578722,0.0949829886424241,0.0352818802212152
0.085779595976031,0.1106617546947056,0.0683677038944912,0.050035805569183,0.0506959279111793,0.1689815868822369,0.1607379300578227,0.1719591322318748,0.0981980238361967,0.0345825389260815
0.0934959640825624,0.1145879602198087,0.0795996753429423,0.0522273892831122,0.0562065159168722,0.1682962755016709,0.1545395937748637,0.1583036638644827,0.0863908352021755,0.0363521267882749
0.0800477833405557,0.0942472942806553,0.0797059505244656,0.0384339314763897,0.0604066670174348,0.2178894892650871,0.1629457349509726,0.1643513886113466,0.0712469739997408,0.0307247865126591
0.0871189352027771,0.1028501694958473,0.0844539519701426,0.0502797115683744,0.0452318835270636,0.1699530241488651,0.1637881525544216,0.1671606893444523,0.1054884476805154,0.0236750344850886
0.0896773902970804,0.1047695038469565,0.0827723345930835,0.0474162551182412,0.0360173268732542,0.1673164152368248,0.1612093232178319,0.1699612635322726,0.1050735035748193,0.0357866836883655
0.0827371599442351,0.0969725930334726,0.078704629354032,0.0426739064407472,0.0524072211886468,0.1760250001011037,0.1981469417529913,0.1575854756008892,0.087636708930819,0.0271103636317468
0.0879222321399122,0.1004659146254633,0.0812461179117415,0.0328012683607072,0.0390551013862515,0.1761679903865213,0.1660538502964428,0.1537876134775841,0.1242820225379429,0.0382178888556179
0.07689867922196,0.0891455665377404,0.073561510502753,0.0465805294470521,0.0437779901833817,0.1746798927441966,0.1622415007612264,0.1822704895776639,0.1114225436244151,0.0394212973788707
0.0809752562246876,0.0955247272371294,0.0784287209794189,0.0451743545441877,0.0392367430014346,0.1763972500790903,0.167602140755063,0.1754938832528495,0.1046361718182285,0.0365307520852338
0.0865299735680995,0.0989444540388959,0.0804735806933981,0.04699695749746,0.0203800817543725,0.1835732120482822,0.1718104493101447,0.1568128005069019,0.0971246805928471,0.0573538099662764
0.0826208097310747,0.1010437156990999,0.0745870053988363,0.0224605382436747,0.0397714287173459,0.1582690391159023,0.1826334978801398,0.1633536568630081,0.1364259437720303,0.0388343645579646
0.0879946705334632,0.1028758641200569,0.0783095913675199,0.0378966312759484,0.0257696491704179,0.1662346987075571,0.1512204135590291,0.190563396434312,0.125500973324779,0.033634111485342
0.0862938945666457,0.0957733106101109,0.0858410975307364,0.0324283178342508,0.0256719791414739,0.1756434378196572,0.1543690831851295,0.162376647577577,0.1432322257288464,0.0383700059844822
0.0874248289135645,0.0925653926384429,0.0925437913949936,0.0343465224406473,0.0214170957602874,0.1681031928326887,0.1734736553028015,0.1694266694985146,0.1099766080877885,0.050722243107342
0.0769641323312664,0.0845025296275209,0.075823961568289,0.0250878720504707,0.0259780224905473,0.1474167498479915,0.1904184168876948,0.1666719936425758,0.1520833199791265,0.0550530015535685
0.0831630692548271,0.098282472184365,0.0781966350504441,0.020384684556367,0.0351045580387918,0.1621275382804017,0.1564342616949265,0.1889020577631056,0.1260464711600826,0.051358251994211
0.0917585314241299,0.1016863835465489,0.0922525559013768,0.0282985797728473,0.0204789979444168,0.176476610867832,0.1710893808331526,0.1801748977961879,0.0948077996835583,0.0429762622064094
0.0886980844561898,0.0992311243304171,0.0886611518773548,0.0285530493821175,0.0193759336625403,0.1491203955693279,0.1685059757107298,0.1898329115831536,0.1339457290987715,0.0340756443068856
0.0996931410346223,0.1040314081675494,0.0997337210037754,0.01599324861686,0.0159203211382077,0.1673157102980441,0.1654708778533918,0.1502145488676945,0.1298073214750209,0.0518197015244516
0.0931040735878717,0.0995706582356307,0.0956545959336638,0.0181624580287851,0.0168534838650242,0.1704685671220729,0.166029836081562,0.1473283888343489,0.139352897924681,0.0534750403654161
0.0998630120485373,0.1078229081317992,0.1024575078401146,0.0189456628116427,0.0179141017379067,0.1720447802887811,0.1611989570977646,0.1694398552640614,0.1034475892713899,0.0468656254868601
0.0965197551478769,0.1007907169611187,0.1032544544807826,0.0153626613056876,0.0048165563672491,0.1798227214345829,0.1645675220104428,0.1528084391678251,0.1212369291786468,0.060820243922847
0.1086591521778245,0.1138530275277193,0.1129186269945319,0.0170194851091258,0.0133727541236064,0.1603712047892189,0.161632315171498,0.16015248457641,0.0969459141478086,0.0550750353594685
0.104943827019457,0.1187535527928832,0.0915765853600072,0.0134627730559888,0.0120365029398753,0.1753060650470603,0.1582115332002451,0.1574165290416843,0.1386238336642058,0.0296687978582347
0.1078480854790003,0.1208174556050832,0.0943666903872455,0.0136088563695187,0.0093142417532564,0.2080846625162297,0.1537141267877152,0.1506419450986426,0.0881428434053092,0.0534610925765723
0.1043904470538731,0.110949725951643,0.1009434169821416,0.0117369399727574,0.0121609165865325,0.1476511115466998,0.1651599212810004,0.1735408160505056,0.1302932215237333,0.0431734830296051
0.1175062256336513,0.1250302881038817,0.1164903030424718,0.0137980021363007,0.0069961388014262,0.1519135883443421,0.1640885473133694,0.1904783337494489,0.0622151115067892,0.0514834613444943
0.1116101276374097,0.1145399615854214,0.109956234112387,0.0130826760358936,0.0153908288848328,0.1729880596690635,0.1587233774336822,0.1498836607179876,0.0893204295349407,0.0645046443647574
0.1024495075658133,0.1063904435931628,0.1034935577353647,0.0125579114948019,0.0054377247708444,0.1631928809315514,0.1655676155962908,0.1577764725267108,0.1346476299415796,0.0484862558210822
0.1090755065982872,0.1047397160619989,0.1137219347924675,0.0139806774780878,0.0081031331189089,0.1544937675332101,0.1464590208231481,0.1734567867042204,0.1251954946503979,0.0507739622175071
0.1181508490380734,0.1178736858609557,0.1147176509606682,0.0048842602556839,0.0097261626670421,0.1728127132633947,0.1581480587364658,0.1654347971670502,0.0975136482229146,0.0407381738039325
0.1119038529979274,0.1089388872217822,0.1112234663136566,0.0091604526940658,0.0065607836809951,0.1633102471807075,0.1515475637288406,0.1672139644131558,0.1204422861612388,0.0496984955848382
0.1165974843669542,0.1085207784180136,0.1171252453015302,0.0170723746030867,0.0022879802638615,0.1457172528853645,0.157646261730591,0.1527740433153198,0.1197518925396304,0.0625066865522885
0.1129050248422024,0.0988218979402661,0.1267120813062097,0.0062660017491928,0.0089587044564722,0.1586233165033736,0.1464931331677066,0.1552966854020861,0.116662540083946,0.0692606145234822
0.1016953927588482,0.092168806290327,0.1151069013156279,0.0051059108475385,0.0039639839729518,0.1585101370951423,0.1666732513953402,0.1793394471737333,0.1355353036559497,0.0419008654712163
0.1105453592740155,0.1032978624142456,0.1189019284294937,0.0070604370109969,0.0050076878232539,0.1619744488580632,0.1349793819076359,0.1597091196662225,0.1336393253258639,0.0648844492663665
0.105630723312645,0.0955253719978174,0.1206036952740539,0.0033422557244706,0.0028586714083014,0.1572909165351807,0.1701344326386774,0.1724454661740028,0.0964097108437401,0.0757587560669746
0.1056196055403909,0.0922845112892489,0.1224028661662354,0.0064091629461549,0.0049356144700378,0.1493626456744813,0.1634775620333613,0.1665254457560426,0.1191096384257705,0.069872947674281
0.0915493602683107,0.0797093175386562,0.1149451635575845,0.0039222265394529,0.0026416828332415,0.186093324454236,0.1542828816832138,0.1665486474330521,0.1239365389713447,0.0763708566978278
0.1042347847968683,0.0954425223572542,0.1218702473880585,0.0078102551081996,0.003149814321784,0.176324610115408,0.167269322125287,0.1705710813920407,0.0988429991432285,0.0544843632284093
0.1163574494391857,0.1040470911521329,0.1348550055332578,0.004719031056115,0.0055509576973717,0.1353242926299936,0.1725262843635212,0.1447656007904728,0.1216047137954071,0.0602495735179547
0.111443998745321,0.1078878216168893,0.1273461169560614,0.0035926230694548,0.0024184246798705,0.1516545156316746,0.17359789574429,0.1553336625024521,0.0985242576149657,0.0682006834137499
0.1126969918586136,0.1119783257812061,0.1200704189277486,0.0018579986988888,0.0011458214646699,0.1785771224163776,0.1543061950601182,0.1599721116012657,0.1075766022603399,0.0518184119087261
0.1145248789956687,0.1067179562272596,0.1271913438442912,0.0043802242075964,0.0060775881384053,0.1391353573407587,0.1444511139408793,0.1519031221128468,0.1387135994152273,0.0669048157555459
0.1198776425571168,0.1170130310596206,0.12609848411466,0.0026024105409655,0.0004534804907564,0.1246284873844639,0.1363325522836377,0.1343493967964836,0.1808811578345736,0.0577633569154551
0.1177041503845781,0.1163310117394923,0.1272541858222214,0.0009219886832917,0.0016327098137433,0.1744110945134005,0.1256998712849981,0.1645337609692237,0.1219350335578331,0.0495761932075979
0.1249318429719029,0.1187371105692688,0.1381850485648552,0.0027857178472929,0.0017559991091367,0.1568673672635628,0.1358600709408363,0.1324088330334192,0.126151698278764,0.0623163113957067
0.1178240549036587,0.1166497333689668,0.1272706466520942,0.0046442240710961,0.0030407246259949,0.1525449385465548,0.1383468145959361,0.1375793768506155,0.1462449761691153,0.0558545101918927
0.1149758869250441,0.1125021961684091,0.1194798484800475,0.0034472955437377,0.0029080792537546,0.1308084215298594,0.1349896102352059,0.1457206794138921,0.1681050736579318,0.0670629087700716
0.1166722024267476,0.1170665221277785,0.1194073018915135,0.0027900169262411,0.0020497060442748,0.157212081206833,0.1348151506524683,0.1628466223079019,0.1231560978052471,0.0639842985871898
0.1206277794995448,0.1241112789146094,0.123990105614826,0.0020585871059572,9.006593905800244e-07,0.1399722466922801,0.1507307755842121,0.1408569818093472,0.1350845360576796,0.0625668080381214
0.1128084280415291,0.1138966493995232,0.1138369353562569,0.001747926500907,0.0006376600498692,0.1460869895186748,0.165026605207741,0.1339217580049469,0.1350716001755607,0.0769654477229634
0.1234900729444408,0.1201038587392119,0.128282453357812,0.0021711910540168,0.0004890471482717,0.1615751271915249,0.1378701368374451,0.1329310461057469,0.1331879723189288,0.0598990942779212
0.1147594926895846,0.1108892133564871,0.1240610034229525,0.0051218295649176,0.0063262433280436,0.1645903623531609,0.1402913335093243,0.1481924248961058,0.1159504870789378,0.069817609777115
0.1342533875435743,0.1427251193067329,0.1276397142626342,0.0080836643243322,0.0030194755368562,0.1691177529026322,0.136867830834751,0.120071087607319,0.1029535466489175,0.0552684210059117
0.1258000257987533,0.1305004184275472,0.1258421216528205,0.0052064607598042,0.0052787934173546,0.1199894321077884,0.135199829946973,0.1369694169925693,0.1488941153697084,0.0663193855027043
0.1224555767619761,0.127403808442138,0.1262074798496105,0.0031675850068705,0.0037841744864845,0.1563944318276075,0.1515600240168294,0.1533937173427488,0.1013987284135027,0.0542344738279687
0.1229588345238757,0.120546747328266,0.1320016476506866,0.0029655309380762,6.448374889380046e-05,0.1478140321558767,0.1186222325852165,0.1493190935429518,0.1387843634496214,0.0669230340517677
0.1257139594583365,0.1227925251564575,0.1287487995262798,0.002109615271997,0.005365393702336,0.1397428356538741,0.1560484930833732,0.1202691120704591,0.1339242331978935,0.0652850328543429
0.1254738018821647,0.1146207058969366,0.1439843019657304,0.0082534475965926,0.001931688524754,0.1344019262301536,0.1382570042837804,0.1371090889740946,0.1308818727796944,0.0650861618403215
0.1332922211287378,0.1178569493560954,0.1545913554606946,0.0056837941475752,0.0028186970057918,0.1307643675768827,0.1606957321936782,0.1333949734709981,0.1029928467722273,0.0579090628614491
0.1311211527702702,0.1170680750707792,0.1474147506284024,0.0027436170594755,0.0020621475208888,0.1394577115818502,0.154730432513727,0.1363848059373085,0.1261395546995643,0.0428777521924462
0.1270023030704343,0.1089483707948301,0.1517021174691768,0.0056303474095828,0.0088807778791532,0.1305797940843971,0.1303904477873704,0.1166233150717007,0.1094887387400013,0.110753787670497
0.1366921761037143,0.1230757908647182,0.1456924971742728,0.0118818576889761,0.0041821311862334,0.1169310221042481,0.1273616633230332,0.1074109648697235,0.1727911674221772,0.0539807292385171
0.1362671346923293,0.1307658802359499,0.1386540753055899,0.0060218492847065,0.0020513672766414,0.1389673682193763,0.1061362162037786,0.1353041132308051,0.1431112764488071,0.0627207190787281
0.1450148930266286,0.1453585641756672,0.1294827952626275,0.0040533463198096,0.0019356718882019,0.1241412239390773,0.1258269043912845,0.1274309261345914,0.1221402307815224,0.0746154440560331
0.1500173545505623,0.1494197288467982,0.1335200276089532,0.0070636141565814,0.0020964733968431,0.1147637188578605,0.1322520128918463,0.1066590083297563,0.130425002743894,0.0737830585937133
0.1510776972936417,0.1466274271786538,0.1335541564919505,0.0061434928373603,0.0036295509341777,0.1046904420907136,0.0991680245228797,0.104305010327965,0.1770416984854355,0.0737624998146625
0.1656045143507646,0.1649188165591526,0.1441540424495727,0.0060067716119487,0.0065097759579439,0.1154894250646834,0.1241830619528348,0.1089945825758063,0.1102923915871594,0.0538466178656828
0.1560248790254533,0.1560610389575605,0.1420467461312926,0.0109079469254045,0.0048611139908693,0.1139738318082533,0.1002609403402993,0.1137595985781452,0.136486055291297,0.0656178489277146
0.1653210353735763,0.1590201756851963,0.1446312642724982,0.0080556101403494,0.0111970389073005,0.1349199010317368,0.0865522930329489,0.1204509659679562,0.1093583999841022,0.0604933155792584
0.1485572031825408,0.1446342524942367,0.1340474661613481,0.0150557143865969,0.0122415023068986,0.1190629816540692,0.1113604982678663,0.0894055193846758,0.1506842050517957,0.0749506570857549
0.1418044560948567,0.1337239986346592,0.1347054021704106,0.0147221597729047,0.0108913351215805,0.1114425261918131,0.1262650220425421,0.1072326735860127,0.1459899263224159,0.0732225000381387
0.1449460406944058,0.1380523098113794,0.1337444227686326,0.0149415277295478,0.0062326562051689,0.100052594116197,0.0933830419961459,0.1197201259496708,0.1697562579058086,0.0791710227951966
0.1449629010039941,0.1359699928548169,0.1321506659888399,0.0114054542184456,0.0072193818806803,0.1314931835819736,0.1219063333685127,0.1517027834772481,0.1086247968977141,0.0545645067019385
0.1403778438671107,0.1329452316544598,0.1241209542390068,0.0124543709858166,0.0101078502018571,0.1133289586820309,0.1066261892690922,0.1135500859410785,0.1638446856205228,0.0826438295148724
0.1509752179693435,0.1447139081550853,0.1347724197175951,0.0177274867253716,0.0145363761258084,0.122286612559363,0.0887443381140718,0.1154048422716183,0.1352292546070022,0.0756095437275082
0.1415611666806624,0.1357860935919876,0.1231396705881667,0.0236632791740905,0.0150807196052274,0.0915273756662554,0.0964016525042455,0.1312271322835481,0.1999623135951352,0.0416505962848856
0.1488945281823117,0.1453958885022512,0.1315197168312308,0.0114378069954198,0.0210957431702039,0.1241505870256721,0.1010763458157124,0.0979918756113922,0.1562803443769059,0.0621571634611697
0.1348631796349281,0.1290681778476548,0.1241523092996502,0.0151749022284817,0.0266139312259671,0.1215696389106238,0.1040816589539731,0.1175549207297134,0.1274403085661356,0.0994809725726109
0.12752000332432,0.1325217864455522,0.1072393679558691,0.0225752430474041,0.0306555260120791,0.1036703371973598,0.1071904602049658,0.1033259009242042,0.2016452123056216,0.0636561625548026
0.126808956798427,0.1358290501842338,0.1045170319276551,0.023828625486496,0.0301661329707435,0.1116928186997155,0.095807264360761,0.1428140302231334,0.1610279366558612,0.0675081526634741
0.1160005944063055,0.1291209183209462,0.0971341410684641,0.0303781278770243,0.0203700953580285,0.1102853520550996,0.1389089614411111,0.1241982822251712,0.1585507286462653,0.0750527985715283
0.1104164306675397,0.1199040893658985,0.0950826967560745,0.0342377110360666,0.0269780642835112,0.1487306653374095,0.1131830376135445,0.1336571724914385,0.136915829043091,0.0808943033741123
0.0899955338465554,0.1117799886962806,0.0736992190551852,0.0301207826559124,0.0242682890359751,0.1185883389311444,0.1273301742323865,0.1252897345242303,0.231703684647964,0.0672242543439876
0.0978089878565451,0.1220016790156913,0.0832529607183538,0.0457928348467519,0.0483734910170437,0.1218921479252911,0.1047886928501443,0.1383929009016574,0.1419354338647959,0.0957608709697487
0.101616598677914,0.1380206988430649,0.0773729266417162,0.0293485157545056,0.0343659196414144,0.1471533559569865,0.1024789805711276,0.1014206951690822,0.1905886728443176,0.0776336358668432
0.0989224939559392,0.1298902186535632,0.0806279875449873,0.0295561627749444,0.0237200883882437,0.1253483905749083,0.1049739131504054,0.1172133868457151,0.1864906780640206,0.103256680014162
0.1071667580657947,0.1430206536858435,0.082030792340857,0.0373961485329851,0.0345164617927785,0.0995085262951565,0.0967057588406813,0.1049403064978612,0.2121188659002773,0.0825957280139985
0.1188894558226633,0.153870333208838,0.0895949246809449,0.0626942772158859,0.0264387313494579,0.1167245581896828,0.1120498738142817,0.0848513471229144,0.1769879112334677,0.0578985873285959
0.1256538941129153,0.1640958582952156,0.096820396091753,0.0398451315413836,0.0404374267322426,0.0827072068779154,0.1061446979772161,0.1234147715125621,0.1596817599471546,0.0611988568777723
0.1100701661926907,0.1517517043134318,0.088913908709656,0.0499185724866748,0.0519845862278862,0.111672557344719,0.0952552214222585,0.1201189234914898,0.1285572531053306,0.0917571066719753
0.1085875916472898,0.1429677875440843,0.0903376940798398,0.0546283095174328,0.0453207677898992,0.1113409474900112,0.0997857791948059,0.1039103180373111,0.1446885549101966,0.0984322497563528
0.1098157123121175,0.1314728111479194,0.0970317256448322,0.050918939497037,0.0518410354584518,0.1161659803435477,0.0950949591168119,0.0825508943245953,0.2050835525058544,0.0600243896158282
0.1118735091433225,0.1349847458958243,0.095598137388714,0.0556460417224106,0.0456129308409277,0.0901271114479424,0.0780816042903226,0.114977705408955,0.1667631447005403,0.1063350691308701
0.1239268688850597,0.1471082345170992,0.1135323038908216,0.0509572605985479,0.0543120600654379,0.1064116913054054,0.0826469839751627,0.0853253377505281,0.1577372543830246,0.0780420045954071
0.1054208701081802,0.1245888120748551,0.1005161856518326,0.072401762515259,0.0692663710167261,0.0903726121292313,0.1073043455528582,0.0962145106239967,0.1379332614309036,0.0959812688636443
0.1033559857497803,0.1251875408771846,0.0965044270237081,0.0728066458483853,0.0738121345792864,0.1067561932442423,0.1035201678235095,0.0994322588393565,0.14080519474942,0.0778194512333169
0.1080612720315388,0.1230658203438143,0.1131166240490635,0.0613332488990267,0.1062933398948049,0.1042627421430463,0.0905228410416767,0.0776500640331737,0.0930612379511563,0.1226328095785233
0.1050187260022175,0.1242643643379727,0.1083641940650191,0.101295454631247,0.060713269722308,0.0875450244436789,0.095352462781849,0.0970734308503911,0.1421461572996551,0.0782269158339398
0.1123954503941706,0.1325220454121237,0.1108513622604921,0.0802585318178216,0.104917340402148,0.0730100851029984,0.0638162775564674,0.0739307343695028,0.1506551203854847,0.0976430522657027
0.1259677403145193,0.1429677542753917,0.116846918371297,0.0905750950851095,0.065081658732351,0.1049570641706958,0.0645918981691446,0.0751160329794495,0.1588300125423611,0.0550658253281183
0.1222280568197852,0.1467092502662054,0.1197279459122478,0.0951035844329988,0.0882536112156938,0.0759517492651849,0.0840893228724823,0.1013559269426835,0.0899900026363246,0.0765905496013035
0.1210770300275094,0.1405168136217899,0.117681371145449,0.0898683223358727,0.115721298409506,0.0662074860499978,0.0729102212461933,0.0677985482644647,0.1446795894549534,0.0635393194101117
0.1169200170629155,0.1272832375792588,0.1144345822945593,0.093875333818215,0.0990692331521032,0.0531231243186096,0.0807872000087411,0.0809543217963752,0.1178819567512201,0.115670993186967
0.1226569638008742,0.1431010713927981,0.1173278232298767,0.091617680130466,0.1097277364310137,0.0639017285074017,0.0724554094259482,0.0657689162763324,0.1242302070979383,0.0892124636752449
0.11804742290545,0.1372684950632585,0.1231574831829643,0.1096835394171496,0.0881769697727084,0.0700256216499322,0.0721741999136664,0.0711696633647184,0.1268489850572206,0.0834476196400419
0.1192958401123431,0.1389042866435128,0.1181363889407169,0.1120682553004441,0.1135479303935223,0.0694808709873657,0.0550700198563431,0.0644833409690947,0.1174345294362202,0.0915785373267672
0.1183946043370803,0.1329937543349922,0.1332465685668386,0.1161353344848711,0.1245429839200423,0.0559766892179902,0.0585376483978615,0.0614060800979458,0.1204366514318062,0.0783296851780639
0.1214742333787949,0.1355096584662665,0.1340404413826295,0.109229098292932,0.0848952541881844,0.092952317306246,0.0824841352730093,0.0632354956823554,0.0909764131816546,0.0852029528172928
0.1249701581235558,0.1436210437858328,0.1327453976837392,0.1552188790750302,0.1117929971219219,0.0683066192941484,0.0536081918120335,0.0825679372040048,0.0875458902682725,0.0396228856010594
0.1135518446423816,0.1288460116155172,0.1252198105657258,0.1219105339990401,0.1319046057618355,0.061927935543,0.0718094697046793,0.0618909802085036,0.1230838417135093,0.0598549662178894
0.1266327051162379,0.1372599495985614,0.141992972921581,0.1422066272024033,0.1314628836578092,0.0566987114795892,0.0452479256648061,0.0397691005695165,0.0876514870479989,0.0910776367106404
0.1079560147130485,0.1162239978376976,0.1314816099682696,0.1406023721582531,0.150693132189103,0.0630519192761784,0.0542658012415579,0.0674064005563327,0.0844209017777881,0.0838978502519269
0.1231504614059529,0.1334816746083155,0.150630258572793,0.1278007268845133,0.13462059517817,0.0548608094019049,0.0516959610835762,0.0505681272610898,0.0781716952878331,0.0950196902832347
0.1195242001410905,0.128946799620422,0.1396699308628181,0.1342317513865295,0.1475686628370072,0.0588152762432838,0.0595151962815104,0.0503555366724584,0.0917081028916687,0.0696645430334853
0.1159358261585761,0.1238815631791172,0.1359151336836735,0.1770432586066145,0.1295050343966678,0.0421673019135651,0.0426963364817368,0.0420383673288053,0.0901120204844266,0.1007051577386873
0.1276943563350991,0.1349467991410091,0.1454822550130868,0.1757857569528993,0.1492132752174877,0.0380630407552248,0.0351829625936055,0.0434671603753258,0.0900024125698416,0.060161981014997
0.1265296502645649,0.1304088119877212,0.1492607781397166,0.1435573979927146,0.1396718132398641,0.028463096966615,0.0410218221178863,0.0458631731766626,0.1108130928199586,0.0844103632652874
0.1229344032958988,0.1355655115233493,0.1398740563554569,0.1599603065975093,0.1553725549788981,0.0524986436653609,0.0414238168362581,0.0379792724045847,0.0649664996289031,0.0894249346848769
0.119716244144189,0.1293073810111112,0.1492440552902765,0.1483270332399022,0.1474553750045679,0.0373590258196857,0.0385661925495854,0.0317090163922513,0.1078063900874365,0.0905092864314745
0.1093786352902761,0.1151537494826453,0.1448337567696191,0.1628656404993579,0.1532467240853987,0.0427010005286306,0.0455528469089808,0.0475778367550789,0.1069583774591408,0.0717314321921687
0.1123419621177422,0.1159353856498029,0.1460962668094828,0.1666425786583374,0.1784609825347264,0.0385684169257409,0.0259911860821025,0.0297851655675244,0.0914311813276349,0.094746874297731
0.1177085821154101,0.1204957707881064,0.1571580241609845,0.1626289660014654,0.1606111073602064,0.031637543967893,0.0452924202971242,0.0312173381212164,0.100807543117836,0.0724427040399993
0.0956736349578762,0.0970382841717272,0.1293191374091802,0.192690871814745,0.1518159052707766,0.0358074382074933,0.049040631490924,0.0408072110296295,0.1057873235929001,0.1020195620287591
0.1060944761283645,0.1081805481160477,0.1384434244921737,0.1853813495360824,0.1725247682934898,0.0471539602521771,0.0306192747840002,0.03640600759903,0.0882732545672275,0.0869229362027407
0.0901104554789415,0.0990884331984314,0.120909972076197,0.2025041309163041,0.1699396586176819,0.0410334485315273,0.0261464513032478,0.0276685582379855,0.1425685320713386,0.080030359539497
0.1075412564326181,0.1108667921046283,0.1371663742753284,0.1792758966913218,0.1808832170696871,0.0390512900212997,0.0256422237472469,0.022945539688131,0.1096419888992688,0.0869854210426873
0.1162426451713316,0.1107273695944745,0.1506512532836139,0.1827399529123724,0.1584982386306857,0.0317163772489342,0.0255089743164078,0.0221176053007234,0.1017863977827808,0.1000111857317087
0.1102495803709942,0.0976351596292323,0.14328039344413,0.2201528837330123,0.1724811432160173,0.0261995715057322,0.0274097405525638,0.025081013310443,0.108876778204011,0.0686337360091502
0.1348083376034036,0.1208965857968503,0.1703269945785931,0.1557136586360951,0.1591368581340582,0.0245886991158718,0.0202181580429747,0.0333292888133748,0.0637433600618317,0.1172380591898706
0.1375923651477456,0.1272678383160195,0.1666077685324437,0.1677915921171527,0.1499324291843699,0.0184269961700952,0.0328832674346857,0.0372127046175337,0.1032925149095746,0.0589925235429676
0.1246427563454448,0.121221463097349,0.1441898018856084,0.1730145417819496,0.2287237815687836,0.031571678871774,0.0310723331383854,0.0300018576490423,0.060028255062833,0.0555335305706905
0.1214726714835988,0.1146370023466154,0.1498574910490438,0.1738837498495733,0.1712973553476808,0.0296983302129031,0.0216694877151681,0.0259699544787756,0.1009320232100705,0.0905819342776529
0.1036911921455607,0.1043123953877211,0.1243029381565287,0.2002801371528448,0.179997251676909,0.0301488481338518,0.0280977415921211,0.02233191067318,0.1194371926184984,0.0874003924359238
0.1029818508957318,0.1023031444723273,0.1255903561713426,0.1917037531454701,0.1789409596751265,0.0315134416398195,0.0391215745558577,0.0372960896056525,0.0975038228184455,0.0930450069935665
0.1158894947526804,0.1128728463090677,0.1351536050909165,0.2137712597097275,0.1906732546193903,0.0170262060101221,0.0262368446578963,0.0171546905176459,0.102451674444875,0.06877012386318
0.1229730746299193,0.1128330946053838,0.146875100156838,0.165516497524514,0.1943457673386882,0.0201704898043592,0.0312852704246976,0.0197113242320742,0.1016753151299736,0.0846140661259109
0.1209980291215364,0.1030764429999145,0.1578022531338352,0.201415310813244,0.191936037880985,0.0265804105010066,0.0221977493028542,0.0234478952211502,0.0970329868079512,0.0555128841923265
0.1190423635861919,0.100301071540284,0.1551531026152648,0.2062162319795455,0.1800597919794125,0.0129400331760458,0.0257548513394139,0.0193165621671022,0.1296589705839361,0.0515570210074536
0.1227737852499469,0.113872163266812,0.1481722605701931,0.2080530378159926,0.1830943376993644,0.0127467045511862,0.0244535010413283,0.0250208537876828,0.1054027775256718,0.0564105784666112
0.1224841832973288,0.1070047271494027,0.1564849615818152,0.1996940221148981,0.2125528319144514,0.0153592487169917,0.0119893089645979,0.0277381325729129,0.0877844253290463,0.0589081583329359
0.1237577092443665,0.1081345744663669,0.1666901448004203,0.2294177347398852,0.1850944020497253,0.013473688015446,0.0197399074531533,0.0227637153495511,0.0857681303747803,0.0451599934817884
0.1227614544808973,0.1096333518432582,0.1639267791145594,0.1917624576383924,0.209973277343364,0.0219810093131178,0.014023311989988,0.0150540578356361,0.1019954592074035,0.048888841207693
0.1206056267492709,0.1004784450063531,0.1652447862392464,0.2144068911834586,0.2069242333832416,0.0169644883091095,0.0151223236414436,0.0218084998233241,0.0871387880411857,0.0513059175977783
0.1170669062794496,0.093577253363625,0.1660076218893168,0.2285201018678309,0.2094567999263665,0.0199828072935051,0.0151119917367722,0.0165082194242216,0.0780650461525212,0.0557032520403418
0.1082859267662906,0.0849680832038321,0.1549723580326611,0.2267436177774903,0.2059551869213721,0.0205556910091615,0.0195357148493331,0.0144266331808421,0.0877841552253965,0.076772633007144
0.1104883581425817,0.0870310946272885,0.1662176734112802,0.210493121378866,0.2254746898886672,0.0178837723298575,0.0152144705043091,0.0104347880300024,0.0875212380965173,0.0692407935623855
0.1157241342142524,0.089606496655269,0.1786049792319151,0.2460684209867165,0.2247939575457969,0.023566080498064,0.0121281953793008,0.0160712453254712,0.0486021165390827,0.0448343735939721
0.1170398773065076,0.0803937723072956,0.1902543248787394,0.2092175299409789,0.2348704923361562,0.0204297157856438,0.0161262971014323,0.0051549890828714,0.0775617271371468,0.0489512740936519
0.1117175487701238,0.0761148828158401,0.189833412286567,0.2322911016549058,0.2592683494561804,0.0141995182166426,0.0145856904969426,0.016294176283155,0.0299103897804371,0.0557849302078969
0.1159825847789935,0.080242396598435,0.1944432911647297,0.229146980100231,0.2110808731065244,0.0226280247898406,0.0247142044792026,0.0215153101599223,0.0550139954512124,0.0452323393392569
0.1029339393790328,0.0667279972647587,0.1724649352005018,0.258608516465138,0.2218723703510436,0.0152937229209192,0.0237944762829327,0.0136029678784408,0.0749740057557817,0.0497270684706091
0.1148370303154728,0.0729861767382774,0.1965212136125708,0.2398683745879227,0.2175064348682555,0.0137457273555542,0.0103930480475037,0.0082343589608021,0.0664638731302342,0.0594437623531563
0.1129238515259121,0.0642670703693472,0.1968261322086245,0.2414466545118471,0.2263234369563122,0.0201530775673291,0.0159223487334365,0.0081723523348051,0.0579779244994335,0.0559871512608742
0.0916835012388651,0.0495713840513571,0.1691279674575357,0.229924491710391,0.2185026658748889,0.0260456720311692,0.0146636576572819,0.0137327201203306,0.1386492362398205,0.0480987035903356
0.1040069925234463,0.0544890020284577,0.1914729574348213,0.2471366252657739,0.2173515715447411,0.0217327670714951,0.0058709123392257,0.0066838814897848,0.0740676996765031,0.0771875905981469
0.1189314439847074,0.0606990522867059,0.2249835581107282,0.2213244942710831,0.2021019844917879,0.0154978595608812,0.0157751241435488,0.0053999383536354,0.0779915548591642,0.0572949899069396
0.1103990025624898,0.0560505733458146,0.2086881515985132,0.2489093271798053,0.2489601340790281,0.0103391236831385,0.0081998967159148,0.0040646272045357,0.0695380771328077,0.0348510864684292
0.1056535066862652,0.0597229653724025,0.1962381341583918,0.2277513892020038,0.2159294783672041,0.0117447124839902,0.0012233547477905,0.0052799358969231,0.1017202488553195,0.0747362742002323
0.1076354039888279,0.0642464141231349,0.2033634729655731,0.2084120481410505,0.1991036255283164,0.0208940385593198,0.0164922048575465,0.0182011498757004,0.0899268112473059,0.071724830682004
0.1086504182351617,0.0623422420513303,0.1950710614301102,0.2390009152876824,0.2424842627098696,0.0076838348657701,0.0114816268957033,0.0106261094654246,0.0986717892540293,0.0239877397776797
0.1172748588852369,0.0721783930523429,0.1984546188619004,0.1995757491921606,0.2222307670600868,0.0123364582533481,0.0103726339697615,0.0141253477309614,0.098284100934429,0.0551670720317647
0.1183474001088661,0.0797511235199343,0.1848426193349097,0.2409886111209655,0.1904473566051136,0.0129499077267716,0.0107157954645467,0.007709227533822,0.1057337384339473,0.0485142201222579
0.109144150127251,0.0730437615271582,0.1790009288900025,0.2020423637133442,0.2313188042314121,0.0165534233761323,0.0061965199971693,0.0142040302966861,0.1273979956526809,0.0410980221576666
