0.2465272487063208,0.2395623702950629,0.2332495754317308,0.0067211007273566,0.0016551497462497,0.0176935856512089,0.0093448597287685,0.0113628186149861,0.1598171169740377,0.074066174093388
0.2385016997448188,0.2262921086764912,0.2317773996232563,0.0017711842659924,0.0027013294143905,0.0076117180251779,0.0173680502142031,0.0202305413808351,0.1757690672684755,0.0779769013547108
0.254044139365647,0.2337982151983609,0.2456508941515332,0.002798745308987,0.0037119597555535,0.0146578443868499,0.0162280117001719,0.005869440077549,0.1631757872705353,0.0600649627560023
0.2565400673010317,0.2448412381363565,0.2339539804919578,0.0049615720887186,0.0003265131161863,0.0083236393452385,0.0088219585873368,0.0118762114628303,0.1624186326426366,0.067936186800118
0.255838999675375,0.2340543699172762,0.2489638682464788,0.0071148882503943,0.0026920149094794,0.0167943786186816,0.0138007108785393,0.0116403681470036,0.163342086885815,0.045758314443107
0.2370908840497981,0.2160976903010222,0.2313017410537215,0.0057015370353582,0.00430142891804,0.0165734302113154,0.0181164207925567,0.0090746968389919,0.2007438418325822,0.0609983289408143
0.2488423381210552,0.2205388559891044,0.2607704746663178,0.0040925879032053,0.0013912598451325,0.0142184192495674,0.0105207221341462,0.0226362373376652,0.1627967376735033,0.0541923670528681
0.2407504536265987,0.208826480079976,0.2440153082136651,0.0024521781300833,0.0032560944840572,0.0128261311189723,0.015582900356819,0.0100909986387735,0.1972927970937572,0.064906658231163
0.233372227512334,0.20982516614426,0.2385810974363315,0.0018901113929114,0.0016335667173666,0.0335991051252628,0.0142297939556478,0.0146960342924364,0.1790642894643321,0.0731086079319787
0.235001096540242,0.2058875533748345,0.2485641779353162,0.0035266473496029,0.0048685776205011,0.0125214609687127,0.0169776639969732,0.0116858320326493,0.2048447433501367,0.0561222468041168
0.234590437468714,0.2080531095433781,0.2523997697384925,0.0043210535141832,0.0050810947989313,0.0265255223696786,0.0241864056850355,0.0257911463747642,0.1603421774924982,0.058709282985916
0.2332025162632194,0.1942572031520775,0.2577022012546246,0.0033331173599927,0.0071889143125753,0.0256790429349081,0.015381434432335,0.0224691750778639,0.1949037631772205,0.0458826320077987
0.2402749070922981,0.2048285094013497,0.2593043323995053,0.0043734498403608,0.0038296845552708,0.0317397213870134,0.019791717499,0.0145355087790012,0.1880975625676758,0.0332246064522031
0.2302233880140177,0.1996087037036216,0.245153191249623,0.0101230567800143,0.0057723824111909,0.0205102665184139,0.0165640958307875,0.0093073234516469,0.2178800716366529,0.0448575203780874
0.2290044393880473,0.2058834028441892,0.2580394882375673,0.0104393680001753,0.00561284322194,0.0246671104255897,0.0273588322389783,0.0214719788952245,0.1827739468300543,0.0347485898899356
0.2480985718202045,0.2120571641766037,0.2800950748453397,0.0064032099168464,0.0011396544256712,0.0273817936580265,0.0134802208483615,0.0202378928245719,0.1529435928688725,0.0381628245873498
0.2298475786368906,0.1859155363589087,0.2636552442170053,0.0044197886736224,0.0034300836310725,0.0208694673135803,0.0163773646503238,0.023433824006709,0.2115659631861682,0.0404851492993552
0.2308959711255722,0.1894454655623419,0.2658288431843444,0.0089513755261936,0.0099256489797222,0.0229290273273444,0.0185330694333297,0.0244155602540449,0.2037242203934935,0.0253508181880442
0.2305006099863905,0.1895252884177931,0.2769126126158787,0.0049025581666858,0.0040478871199957,0.0291627981209404,0.0279383519755887,0.0253402652544192,0.1760538693706387,0.0356157589452192
0.226319191236563,0.191356349640425,0.2595229570579861,0.0028443346078548,0.0017734361670284,0.0251626725308867,0.0318539682681003,0.0230703829027783,0.2038177801925734,0.0342789273710121
0.2189051923095431,0.175330244852094,0.2492765714049033,0.0099525782807255,0.0014988612028697,0.0244174417824677,0.0368069788420028,0.0353839981301505,0.195117460249421,0.0533106729213217
0.2460561855742764,0.1927500080700195,0.2783085193123884,0.0040901579829677,0.003000501622252,0.0210661024117872,0.0306717690846139,0.0256284718891521,0.1655333681954026,0.0328949158311914
0.232514373993597,0.1904787145390097,0.2568757665128972,0.0094900144900434,0.0089706956840622,0.0169193191461299,0.0291056038978453,0.0230337509299586,0.2014742122575193,0.031137548523486
0.2311283383822119,0.1900639652370774,0.2608564940352892,0.0069505392365571,0.0058971271612083,0.0365613742839932,0.0291057709150357,0.0166884767838387,0.1844768458148378,0.0382710681213613
0.2276049448495155,0.1936806498029754,0.2505446618948576,0.0100373654799021,0.0096545485154317,0.0272972275356308,0.0324392147477548,0.0351795814473124,0.1837335012207356,0.0298283044769373
0.217393230440716,0.180718203391306,0.2426858705665697,0.0037363855149599,0.0070981132504842,0.0283373652717012,0.0296559012739786,0.0202130588172718,0.2207422989494973,0.0494195724970935
0.2044609140085541,0.1690725037762132,0.2315694154974004,0.0210422929599524,0.0075869156162291,0.0424856896369393,0.0377317969859108,0.0406421437835097,0.2126554117456253,0.0327529159641495
0.2203750972911626,0.1878831091863068,0.2442697169219517,0.0181028081742405,0.0099757496005268,0.0397977861726922,0.0353321109610541,0.0289595190111206,0.1946509942963238,0.0206531083553351
0.2067695313263747,0.1708480692149751,0.2291926658523596,0.019420385477667,0.0088925886332628,0.0389737309362723,0.0436812631185351,0.0255648782998694,0.2084617928546614,0.0481950942574112
0.220188076937209,0.1783321144730615,0.2439502285731954,0.0124070721513868,0.0095265704532004,0.0373095553245227,0.0248636798099506,0.0378362216137106,0.1877843155685002,0.0478021650669888
0.1987450890870954,0.1610148853191276,0.2322017716663261,0.0163188035806988,0.0167088561494688,0.0380323129265566,0.0373883646674783,0.0416626747861298,0.2236442969966537,0.0342829447896826
0.2102317468226702,0.1800954846435392,0.2201242745932821,0.0204297538543781,0.0172065577912978,0.0493147790293419,0.0593715526980456,0.0534081584783169,0.1389844413170803,0.0508332507437954
0.2193867618981295,0.1906163535646675,0.2352697493812306,0.0290320969704201,0.0238412984577348,0.0449380090863364,0.0382615938974275,0.0498624550209451,0.1465163716110231,0.0222753100806736
0.2213837063966716,0.2000594352787253,0.2221261449220796,0.0196456277336381,0.018629818141849,0.0494193315228525,0.0360753526827979,0.0533217800307808,0.1546504063209687,0.0246883969399795
0.2887897083255787,0.209978982638764,0.2439598515194514,0.0777991506376401,0.0792438965972967,0.0328232645211171,0.0177920466923183,0.0011346153015694,0.0442436352882021,0.0042348482724421
0.2594252517751372,0.1802150673636597,0.2207794515102684,0.0257805755728753,0.0619799260355752,0.0375552279798152,0.0075365537983525,0.0237500857316218,0.1325910508650866,0.0503868091770377
0.2653157715419678,0.1676253641026137,0.2651057093768481,0.0545348426478939,0.0569273511371308,0.0127885500605128,0.0148182806197363,0.0411333899477044,0.0944439739195097,0.027306766421343
0.2598358982313994,0.1456496705294668,0.3052151632031259,0.0405959825794298,0.0554412564553244,0.0422735963188466,0.0227227612171306,0.0251760965443258,0.1001764042145018,0.0029131704605185
0.2655835733023027,0.1657964810538953,0.3057532511146523,0.0721457973165563,0.020020811048805,0.0618589205878581,0.0207279785576635,0.0461483066021128,0.007466834428576,0.0344980457651571
0.211278235748743,0.178517211356429,0.2309856958623475,0.0304458615904687,0.0285460853457093,0.0680205194044849,0.0536251798001637,0.0521598429617809,0.1200857091599238,0.0263356587419797
0.2062846264266729,0.1709333546754535,0.2342882208829705,0.0336782947041256,0.0237523371051657,0.051651996168841,0.0551820261321391,0.0535103713809162,0.1291055350237263,0.0416132374711324
0.2008052601765019,0.1701930501933557,0.2232088495870134,0.0342744926838621,0.0252901184302586,0.0479868889241888,0.0582751879831244,0.0570992510587339,0.116683176030092,0.0661837249051367
0.3073012211855264,0.1635419817286199,0.3630291629951484,0.0364506699770407,0.0291284292385468,0.011412620364812,0.0483396662244486,0.0130668409480161,0.0247504570400395,0.002978950062435
0.2101010653972543,0.1811816584110329,0.2306935585462082,0.0249550918263693,0.0243152871810993,0.0539712331748315,0.0629421030438141,0.0526958658685225,0.1199774317664821,0.0391667047581057
0.3143141696457275,0.1990190061048927,0.3365129955206575,0.0173272403922627,0.034171548433272,0.0171566764132858,0.0499894609718089,0.0224521468536187,0.0089366594885689,0.0001200959297731
0.3127019797302532,0.198766488939052,0.3628604581395728,0.0459927709353028,0.0163309126861287,0.0001602091862623,0.0084092900057735,0.0089034652195457,0.0454636093689669,0.0004108155532866
0.3211701608882823,0.2127363103695541,0.3605969925462133,0.0160379511711449,0.0226469906693498,0.0203289514621128,0.0016766669572684,0.0214535024463522,0.0196974616523053,0.0036550115951005
0.3244576123332734,0.2248025553465016,0.3661686153124119,0.048461533293254,0.0145264696478838,0.001404710229823,0.0015218169925265,0.01093416395002,0.0050647766549904,0.0026577459873883
0.3242994934978725,0.2102871738511004,0.3573829510997798,0.0080283182694221,0.0009120283283652,4.405593271913507e-05,0.002743823808445,0.0218254933508211,0.0711417948881412,0.0033348667013625
0.3355126774821608,0.250464424924188,0.3490906382205143,0.0037034082806855,0.0092012719254952,0.0158622140317791,0.0002739549928407,0.0116959618887674,0.0190925698287013,0.005102878192919
0.3415182055640194,0.2365479200175927,0.3818750373381109,0.0123223241743147,0.0030757367061822,0.0013381646605995,7.598220773050666e-07,0.0062145203315241,0.0159192156229214,0.0011881155465263
0.3352547776017973,0.2862220417990114,0.3121069201587915,0.0046735456231832,0.0028084153532183,0.0019147801332489,0.0104015627014229,0.0018326927349918,0.0447588736774654,2.639000925600928e-05
0.3185546633432454,0.2801420022198937,0.30780197901874,0.0013074870838536,0.0003107354455026,0.0030175074316371,0.0028710391540195,0.0002056446159688,0.0692125076781608,0.0165764338022878
0.3391890619678901,0.3251317958952714,0.3154636919113097,0.0004400619388494,0.0079275031279024,0.0004142133797059,0.0006492873483548,0.0016427792669123,0.0090899055793853,5.169937660755409e-05
0.3037648595172235,0.2772430278208816,0.3014533246767602,0.0205880086095012,0.0002213722275059,0.0061271837556611,0.0004095109680811,0.0073404537412508,0.0828427252856194,9.533130442896246e-06
0.170222025553165,0.1788650614730245,0.1688994061646358,0.0641276584819718,0.0695268562813558,0.0823675491857935,0.0637812198541355,0.0716307236051121,0.1040701235067872,0.0265093758702159
0.2908425321415962,0.2879630327477095,0.2442672811310319,0.0133958128240395,7.07115803733593e-05,0.0011463336634181,2.218925460313622e-05,0.0086582244732625,0.1229347173927242,0.0306991645391815
0.1756325099343439,0.1823631366432926,0.1685693505992711,0.0760184721523537,0.0668165939946835,0.0673869278729215,0.0702864739952032,0.0669761767749113,0.0750398564338505,0.0509105015756354
0.3121380270411524,0.3009818009863861,0.2691057395804161,0.0107407652444289,0.006292950253736,0.0025832571566562,0.0005198711394726,0.0022357237789067,0.0862644394811218,0.0091374251064205
0.1695865317382096,0.1752095851281219,0.1623278805086886,0.0574297197844338,0.074499887450847,0.0887764301454037,0.0642891765998017,0.0578567827357638,0.1028788866954963,0.0471451191920681
0.1264904892866643,0.1438961221971168,0.0858152731543397,0.1446663979550953,0.0825152604988093,0.0971477091927789,0.106557865180715,0.2044716938335536,0.0017137936059054,0.0067253948659374
0.1670701488743858,0.167657874688401,0.1614562842202853,0.0621083548603082,0.0748358824399991,0.1105897330049967,0.0660231386802869,0.0626088436124725,0.1001609662153751,0.0274887733818217
0.1707420062936962,0.165803442051509,0.1665013126420973,0.0638915316278756,0.0963854555066768,0.0788696001765822,0.0602539063068837,0.0632659086420481,0.1134755688611158,0.0208112678709792
0.1717480494459456,0.1607539286996155,0.1808523132170121,0.0980043953028575,0.0583507163170784,0.064176005909808,0.0673420071929219,0.0606490396032131,0.1024616266503893,0.0356619176403566
0.1686161828430597,0.1589102365781065,0.1763413508352838,0.0931712193538368,0.0873399967897206,0.0609272962377922,0.0745307459639391,0.0639558194322138,0.0711304843852007,0.0450766675605951
0.161015119433867,0.1558078548865655,0.1730036962584918,0.1032956709722783,0.0696486996130377,0.0742611351142581,0.0733394663640176,0.0671966231697634,0.0909826699715243,0.0314490641958847
0.1508454757915412,0.1397116799815656,0.1702561987378623,0.1003261927940324,0.0820537710419527,0.0794835363216449,0.0785957933999346,0.0694760181949166,0.0878712966756419,0.0413800370398007
0.1496307807495644,0.1388506069012071,0.1628028743951194,0.1025991491523964,0.098167847663301,0.0746520190247606,0.0629954823757734,0.0788542282844737,0.0937552839425875,0.0376917274913822
0.1539199148215067,0.1411905741009617,0.1701990133224882,0.097209334377395,0.0891793817945768,0.0690213936594898,0.0778550781062881,0.0582569639062046,0.1152206091870347,0.0279477367037345
0.1535539395113946,0.1460690617857107,0.1646242396065785,0.0932372314871824,0.0752683130736977,0.0565293807813128,0.0898920031569121,0.0772849809062872,0.1094290556850893,0.0341117939863989
0.1555619522985028,0.1502680694189301,0.1615051470701285,0.1181054418586604,0.070366494153912,0.0777956885283939,0.071454849326973,0.0852407482591407,0.0847800769910132,0.0249215320750043
0.1472508470917849,0.1392286792159157,0.1595918735458963,0.1161398120310576,0.090949045284948,0.0788455402154582,0.0558806866700558,0.0735437486378171,0.1042556953654994,0.0343140719207164
0.1432724634450054,0.1390897581401816,0.1538827567291165,0.1090742372166214,0.1195312518581223,0.0869801030912708,0.0636775246666375,0.0732863398421265,0.0893411724624411,0.0218643925281338
0.1351214730856102,0.1309734870744714,0.1491919532276672,0.1140413739178576,0.1142988644254932,0.0751765767617407,0.0796694190083287,0.079176013325269,0.0949343143958138,0.0274165247583771
0.1294711127629388,0.1294337792895878,0.1447885690804215,0.1176020386736181,0.1217519769391204,0.0823150563583909,0.0712617488206893,0.0724124387023343,0.1015987921243073,0.0293644872285911
0.1347889383221996,0.1416656656377072,0.1402400559488039,0.1275444285115822,0.0965237538969379,0.0935636780236547,0.0702121129816435,0.073529478571508,0.09180267023014,0.0301292178551381
0.1252406042664957,0.1338313746349138,0.127758551688517,0.1208473812524259,0.1219337456189483,0.0788927688382891,0.0942169099917508,0.0680566911214424,0.098193736319935,0.031028236247003
0.1295827926352221,0.1400518303490504,0.1323884503050083,0.1164784816617486,0.1139102133952531,0.0895292134667705,0.0707614492882456,0.068163788123408,0.1212898206630002,0.0178439600919587
0.129367198118517,0.1384888983518446,0.1275909889360867,0.1048981962137682,0.1219781701246039,0.0962031502270977,0.085056016017128,0.0883043843289695,0.0843478858890036,0.0237651117734142
0.1250503329944104,0.1311194869273532,0.1304656963495964,0.1188333657002154,0.1285027566171472,0.0809425890201868,0.0832514536851577,0.0812392026123491,0.0679132733879984,0.0526818426866204
0.1336181699615989,0.1440186224444696,0.1378807218881783,0.1018506772133777,0.1167340440566344,0.0970929134034271,0.0788025863902722,0.0781437545725447,0.075953725285199,0.0359047847634073
0.127916112118714,0.1341961597023168,0.1238661705581219,0.1314892713037772,0.1074103661331129,0.0877025320389897,0.0833128608202392,0.0824939625310431,0.0790801123992934,0.0425324523764598
0.1253745062153874,0.1306127775636575,0.1202038531306972,0.1205529067481638,0.1185586083693929,0.0694366589947863,0.0943960514500474,0.0898274366621054,0.1099566047217553,0.0210805961263495
0.1361738979723883,0.1464498837391314,0.1292656159547213,0.1256691195216044,0.1189673429515115,0.0737342304601164,0.0973791580628511,0.0775481098780737,0.0761950346667527,0.0186176067731717
0.1195856449092287,0.1273487882027705,0.1139205877084391,0.121685470650144,0.1197499607968592,0.0991156608315755,0.0856853990248336,0.0945756179170838,0.0856258902602078,0.0327069796808684
0.1200560587689088,0.1257988941066227,0.1173476976012542,0.1422291753853829,0.1050417428361324,0.0915463007110788,0.1070619163130883,0.0706423016074248,0.0945718687043237,0.0257040439478205
0.1204541688648091,0.1323364380330947,0.1145381943684946,0.1344036245981821,0.130785192183791,0.0862657086489667,0.0908697716839018,0.0701645659684599,0.0991622927319704,0.0210200429000364
0.1174785049737083,0.1204766602739235,0.125111627274382,0.1455464193637472,0.1570787019017185,0.0821668541738217,0.0841206283194031,0.0755136290523439,0.0707437529935517,0.0217632216547039
0.1149212792843154,0.1182462923018987,0.1143894799559532,0.116407809919164,0.1328438990726909,0.1022056834826633,0.0917132419847788,0.0926513485094795,0.087489343842625,0.0291316216283073
0.1131132694177979,0.1121549986919882,0.1160180091712195,0.116466232501983,0.1289484749436351,0.1013976265678748,0.1015597197519235,0.1034775478954951,0.0876592858282247,0.0192048352105304
0.1104926434633349,0.1173531311172405,0.1082605499450166,0.1352542409198973,0.1325557439134853,0.0940894403228623,0.0981771897592957,0.0995979571832828,0.0877410349887358,0.0164780683685285
0.1175393004155518,0.1286189974913444,0.1066963540361252,0.1464509467557269,0.152332882550727,0.086901881053139,0.0811569628062195,0.0962494045488893,0.0745598804593964,0.0094933898652807
0.1160770047225197,0.1225030458669089,0.1024072477389123,0.1260063854798453,0.1206451304547831,0.0895278167948875,0.0911490977839915,0.0901309150941711,0.1233471307776177,0.0182062252700267
0.1284186164310141,0.1334621716675661,0.1169115878735885,0.1340429521601601,0.1129640215746609,0.0867728400922662,0.0917435728553408,0.0953349335152752,0.0772938175128083,0.0230554863000788
0.1176362753751164,0.1214293415682301,0.1112761068467477,0.1223997895598849,0.1282662821761577,0.0824287962626012,0.091357986237444,0.1130454050977769,0.0971785490186235,0.0149814678407761
0.120591427836166,0.1224711243262083,0.1154253328139309,0.1460879895101843,0.1191365165089142,0.0825155836078231,0.0982310201614284,0.0900465794249557,0.0888082021231594,0.0166862236711038
0.1147951855783848,0.1208533855725171,0.1061904166430758,0.1339484614650922,0.127937635653119,0.0845408520207574,0.0905534198113997,0.1076123122451242,0.0993147901439899,0.0142535408500357
0.1142105333873525,0.1149502093751932,0.1045810274547645,0.1450532183915442,0.1231838152355816,0.0988988890960521,0.0994000962356403,0.0974396616444661,0.089740206227814,0.0125423429356715
0.1143033305057852,0.1205022566011594,0.0958212110299204,0.1340877561935442,0.1338552505926561,0.0971462706170111,0.0808042573257309,0.1066112348558212,0.1084612887497393,0.0084071435123981
0.107664292294155,0.1176093674727198,0.0892368159006579,0.1493987147043991,0.1325628736247931,0.106622361790031,0.0882454116667647,0.0978294834310686,0.0935410253648325,0.0172896537326437
0.0995639927149417,0.102636735945127,0.0881812925759787,0.1492632551980517,0.1416702254451267,0.1090428383562946,0.0874091549217057,0.1229174085628895,0.0844587083379888,0.0148563879239111
0.1040892782329041,0.1046689845421621,0.0988759344677057,0.1504545504133393,0.1489497739691592,0.0973431217708325,0.1000005376514108,0.0898403114485301,0.0958332619537146,0.0099442455326911
0.0993752085656613,0.0927511818387088,0.1004632829165621,0.1287716413991481,0.1433147528869718,0.1182824241739579,0.1184596839004052,0.0934826071470805,0.0850010175757908,0.020098199578189
0.1058336714978307,0.0976115817747701,0.1079332661993903,0.1432234434182946,0.1389411367426999,0.1002544650954898,0.1236255150638432,0.0980224221737638,0.0745195222596235,0.0100349757563997
0.0872765632650841,0.0795820789093864,0.0951120363416236,0.1359001332492954,0.1245445356028316,0.1110430796815651,0.1048924471832077,0.1192546546033307,0.1248872053301213,0.0175072658171874
0.089321195091598,0.0818918333295732,0.0937554536645257,0.1311760538886664,0.1371383092825029,0.117503054884795,0.1079493885168744,0.1129742087466839,0.0968684914657972,0.0314220111119946
0.0857977382324253,0.0756613196471369,0.0917841516008977,0.1478392910749351,0.1342872689653289,0.1198187449526053,0.1077446303497607,0.1146837204556439,0.1015213899368798,0.0208617447670243
0.0742325723552316,0.0647257389925643,0.0875359532416264,0.1585659980376635,0.1279388955587273,0.1254970664790943,0.0998075392797349,0.1063533903491319,0.1244770400353671,0.0308658056527951
0.0805846370929015,0.0721619801062397,0.0887368138177841,0.1544716608048436,0.1455493031592558,0.1269854879938654,0.0954016217140893,0.12582504684013,0.088725484697408,0.0215579637555486
0.0796762092509184,0.0712946215377048,0.0920174276613786,0.1373853791511841,0.1224756441705652,0.129516995436753,0.1217379966384826,0.1260752826386703,0.1020257289851716,0.0177947145108866
0.0747975923777225,0.0671063986797689,0.0862811240189433,0.1505838977509775,0.1422175140888291,0.1169289231652514,0.1159025664840743,0.1208727182041453,0.1080323397373472,0.0172769254753006
0.0763242875773237,0.0683069729972338,0.0928586944794111,0.1535733270124992,0.1422190085592926,0.1302436577913669,0.1138807318245299,0.1167515224361638,0.0774954987864445,0.028346298516492
0.0641964003446143,0.0579868282259824,0.0810757354060142,0.1468340526979229,0.156917516439094,0.1160979186655822,0.1350242608932366,0.1341628084673093,0.075583303618646,0.0321211752225408
0.0708638800265677,0.0627924877438384,0.0855376112866325,0.1329578399698409,0.1427684177189434,0.140172924296413,0.1176402675693335,0.1312738193583638,0.0811560138461078,0.0348367381652283
0.0762998893521249,0.0658407286450051,0.0963954862169118,0.1542265398734111,0.1500283513987156,0.1304611379276782,0.1218272062763511,0.1176532832747948,0.0722527735430222,0.0150146034728047
0.0769953242050874,0.058363134731902,0.1066412600415603,0.1342548330314073,0.1276401306996191,0.1582040090489295,0.121994875489954,0.1258857569658401,0.0668384290886314,0.0231822466788286
0.069374521706502,0.0541430296694876,0.09816641033501,0.1360439266815077,0.1343781410105644,0.1439078890287052,0.1061750271091679,0.1269554973160148,0.0979148530722918,0.0329407040516786
0.0651138794537612,0.0497079816512227,0.0986031001226197,0.1356709692768584,0.1313628022369272,0.1397398610045735,0.1393773680316439,0.110670844733523,0.0805829290978696,0.0491702643733353
0.0679885834931316,0.0504602978134155,0.1059961818386052,0.1385442629023325,0.1298568743209236,0.1338791153589895,0.1158233760402169,0.1195899096155801,0.1023204361085345,0.0355409624896895
0.0709906660867604,0.0505655272490589,0.108543322112715,0.1401359957557472,0.1342973709805871,0.1277981270215921,0.1372243592961577,0.1120546645744637,0.0881493616774378,0.0302406052272007
0.0679217677092532,0.0525272902771898,0.1008016984439034,0.128597557211617,0.1138748612391541,0.1401887951681616,0.1109951913085822,0.1259790636601034,0.1106127069816334,0.048501067982999
0.0757431384493958,0.0589190199397721,0.1074718117378188,0.1421194178126954,0.1376235287076915,0.117959799209906,0.1309996479221256,0.1244660966482856,0.0784917565362607,0.0262057830174163
0.0715420163640091,0.0606952673396421,0.0970298557745066,0.1343732053059479,0.1237822802575088,0.1336117538778727,0.1458329727264029,0.1333833002858121,0.0699714873450456,0.0297778607055795
0.0702319293291501,0.0572458017323467,0.1001641837599513,0.1313370019078462,0.1429336725679697,0.1246019247630634,0.1431867019910484,0.1397436879779189,0.0713384251283361,0.0192166708240028
0.0831470926730697,0.0671651412848243,0.1124429524196119,0.1112824364647782,0.1155324690471894,0.1410869350150842,0.1247855767408432,0.1143629570154649,0.1041264582106831,0.0260679811101715
0.0756295556871418,0.0599223650400025,0.1062095730059815,0.1401608157386334,0.1100477131268558,0.1270352919571031,0.1294435001486933,0.1392382819730386,0.0920162511548031,0.0202966521494504
0.0781373060029229,0.0608905517146299,0.106620778657898,0.1146573028610281,0.1243970102580116,0.1322761898044202,0.1421233672252522,0.1170067530426145,0.0886246880060128,0.035266052408061
0.0787098219401779,0.06082872326535,0.1047003511041941,0.1235470522794253,0.1189363160993279,0.1356675150864613,0.128615912392283,0.1475712500164941,0.075460836714645,0.0259622210832819
0.0750976578207284,0.0582681732950187,0.10231193746328,0.1169617458613027,0.0969785739685246,0.1381557326821137,0.161490401304386,0.1248423392033289,0.0914072518535929,0.0344861865297498
0.0778870768563566,0.0651270718508973,0.1017447325201122,0.1067789948560457,0.1124112839532138,0.1559485608186206,0.1166988321395443,0.1240623939740527,0.0921885806571754,0.0471524723554866
0.0892095557897565,0.0769393870671113,0.1082863635042785,0.1138990368738527,0.1070883632513971,0.1535552003084327,0.1118292446930639,0.150318019473284,0.0596540742315574,0.0292207547884683
0.0830579383282396,0.0772934585565092,0.0986945428448286,0.1013101683483806,0.1071346153345767,0.1207248233943385,0.15827634240514,0.1250686303561007,0.0903796615682431,0.0380598188450792
0.0758124545816046,0.066738917107555,0.0961688573581211,0.1165909823216799,0.0901756971632291,0.1374280383490365,0.1279785774447026,0.1336483554696156,0.1173203845616239,0.0381377356248753
0.0769393214542784,0.0724298745720399,0.0912611380923828,0.1034895708962539,0.0949885863631283,0.1678977728102759,0.1369937282616753,0.1302240048250408,0.0984588781888311,0.0273171245178489
0.0820851965215072,0.0781257534605198,0.0930846798364772,0.0927191646099047,0.1046095767673459,0.1332177440220696,0.1468702753777676,0.149082093697195,0.0855774641124619,0.0346280515756534
0.0833140867927623,0.0805783836008077,0.0939999477365899,0.0902762916282717,0.1019156013471338,0.1560598215870949,0.1407127905295819,0.1474109191489335,0.0778202974776064,0.0279118601324809
0.0858539423523333,0.0843029686520061,0.0911952167895751,0.099531728073362,0.0982660076892891,0.1574864674292886,0.1407641811166686,0.1505478529841853,0.0642171467248748,0.027834488169219
0.0787526404441695,0.0856334696387542,0.0782424296667156,0.0925086217097204,0.0838045738879949,0.1399352118176,0.1370048018813633,0.1608293528730725,0.1243498215699419,0.0189390764909342
0.0775110611853801,0.0856172578337059,0.0748573418996165,0.1207166980733495,0.0988323687297644,0.1642884086569812,0.1294807011278011,0.142758360811971,0.0680569320732543,0.037880869588365
0.0848078818948287,0.0862071464047776,0.0864490211993929,0.090521166872683,0.0795139123601372,0.1570298604547858,0.175426539030447,0.1314286811375888,0.0802381583355452,0.0283776322896285
0.0847539781680832,0.0837739333333125,0.0894893606282192,0.0917654711743797,0.0901871033652514,0.1584818981547271,0.1642822584207191,0.1619836851775402,0.0455520138894536,0.0297302976678568
0.0803202256854693,0.0756990021608234,0.0811422551834953,0.1006561368901863,0.0886887484063604,0.1377986111155843,0.1790927346981975,0.147299317557333,0.068476152986056,0.0408268152961892
0.0854242966311133,0.0804655845064194,0.0866676400719963,0.0848044681035193,0.0915950725281975,0.1692936859634429,0.1608902441869753,0.1364047531825649,0.0669338884028752,0.0375203664030226
0.0780422595841501,0.0715885509371372,0.083118046399195,0.0763766493437446,0.0740745150866636,0.1719471342151061,0.1560236806679885,0.1710640788029095,0.077594598766054,0.0401704861769237
0.0736059540238104,0.0695919382323257,0.080268756494529,0.0704716010934464,0.0920689662167072,0.1727771346637333,0.1752423183192945,0.1542163894111778,0.0831831925615689,0.0285737489621047
0.0777869974970315,0.0695272191172105,0.0919333983488112,0.060116581835888,0.0594054249778481,0.1837839392240577,0.1681585165686667,0.1876976205881754,0.0714849972276337,0.0301053045924854
0.075548294688123,0.0753454630917962,0.0815493462019462,0.0787382115276417,0.0675615036097662,0.1584711309533293,0.170566625345228,0.1702151703677061,0.0970182921796277,0.0249859620130911
0.0786803185114736,0.0806663000920731,0.0806356437425994,0.0842297595229112,0.0802496683760965,0.1846859615438605,0.1498319499075225,0.1486493910304567,0.0826276565522542,0.0297433507000385
0.0862026452829421,0.0857721741579862,0.0823640595421789,0.0643683392783763,0.0696406821931102,0.1719272691388882,0.1613654261693422,0.1595080134556482,0.0893867092063213,0.0294646815538871
0.0908820490750822,0.0903265884168955,0.077567365771485,0.0684754327297111,0.0669467234981689,0.1602706675896918,0.1720880712167846,0.1704208952638364,0.0889884944144008,0.0140337120018026
0.0823728996284084,0.0779269106447638,0.0758947301345979,0.0627962531332639,0.0560639338817012,0.1675186637183577,0.1568114899994748,0.1743949135493636,0.115678512305649,0.0305416929835658
0.0906747679430442,0.0874371678997893,0.0842424009797848,0.0641908406823872,0.0496580762725044,0.161849617870159,0.1782957434427151,0.1491133578637183,0.1051638804393506,0.0293741465835446
0.090874200440355,0.0851079351981536,0.0844274629072723,0.0535653585422817,0.0753309638826524,0.1674429037413771,0.1909313145692963,0.1651482504790738,0.0617491067387706,0.0254225034773191
0.0905203373542507,0.079449856738144,0.0848778688519325,0.0477109510381973,0.0564919396742229,0.1902579107401091,0.184031909807605,0.1585572468046693,0.0883601214316148,0.019741857537369
0.0901022689012091,0.0812266423037461,0.087997682127127,0.0420742005063094,0.0382679466985666,0.1748955246109241,0.1845916465837894,0.1843851242730585,0.0771452180901416,0.0393137458798002
0.0789294694242585,0.0697072664403172,0.0797892235941314,0.0672117740058287,0.0428033803476089,0.1983722558548545,0.181852343823427,0.1880726248667115,0.0643891113995236,0.0288725502188751
0.0734852803514136,0.0669433112980587,0.0707410905479707,0.0477918092739197,0.0614774800255424,0.2030992908708734,0.1822592410953772,0.1957150232358547,0.0638320794163111,0.0346553938604342
0.0713391444018391,0.064401185190217,0.0751169497079598,0.054687973763064,0.0666221662805076,0.1787620113352503,0.1976386621391473,0.1849627157838143,0.0958278734072057,0.01064131796613
0.0757732861819366,0.0698190757680494,0.0757918088421764,0.0564428633640434,0.0442305172508886,0.2059940109948422,0.1897902782175484,0.1753320113270966,0.0675310454521533,0.039295102576364
0.0793106787950651,0.0705271286108052,0.074741800134522,0.0377886309656618,0.0468420934855328,0.1959005960796581,0.2007810687131426,0.2067010346180705,0.073858467432555,0.0135485011396189
0.0794707560466937,0.0754540063071472,0.0711949956084736,0.0549929585520975,0.0333650908878513,0.2025366261599253,0.2032680478804146,0.1822130657903638,0.0752258257606997,0.0222786269821878
0.0755321671992012,0.0672705197185779,0.0699173987969249,0.0529291642148333,0.0491747948361207,0.1981610413109462,0.2023505306695765,0.2074131459540769,0.0546414351483532,0.0226098021267272
0.0737971186322688,0.0656517211317664,0.0709825534492644,0.0404142604161712,0.0380929083302829,0.2119621149054042,0.2042550134008523,0.1909442523243206,0.078562148279617,0.0253379091031417
0.0762937243642697,0.0657717780995469,0.0765735447500866,0.0497320046311093,0.0425868957749116,0.1987192786132446,0.1995904947010199,0.1779678540230028,0.0651624752862434,0.0476019497289087
0.0895272202989216,0.0775169517606165,0.0851259840611922,0.0392697715340082,0.0351358969246013,0.194849070189139,0.1776562077202727,0.2037128146569567,0.0671485160766153,0.0300575667521418
0.0949060804446888,0.0799949684877454,0.0965182078261997,0.0313381759588345,0.0284268981895328,0.2101003580960431,0.1674114308953543,0.2141669209516077,0.0485682926582568,0.0285686664665474
0.0859987821625058,0.0769221551217589,0.0829764999215366,0.0245708072734988,0.0217049327110059,0.225221350471464,0.21174678034759,0.1807911481256942,0.066803965890366,0.0232635779489048
0.0916887849265079,0.0789027620294408,0.0947281698664115,0.0348849020196226,0.0305079262169287,0.1874268801627949,0.1850265776755336,0.1799432298014978,0.0948702324209576,0.022020534855585
0.0871072540448642,0.0764917866163912,0.0942206573550652,0.0292123437720999,0.025132575116443,0.2045878941525189,0.1941993686567908,0.1785020832610526,0.0743810230471198,0.0361650139538661
0.0886701679457261,0.078003436321668,0.096494005335693,0.0278261532275849,0.0258164075045257,0.2372467610610632,0.1835037822603407,0.1747610391270447,0.0498926202103331,0.0377856269798054
0.0905582744943832,0.0832474855007154,0.092448201429856,0.0259191288866967,0.0239353185853769,0.2113627436513574,0.193421373481492,0.2005357615666634,0.0478730624240952,0.0306986499522414
0.0925863924458133,0.0858765623680216,0.0949993511479341,0.0284160486213353,0.0189171444616932,0.2059046781728463,0.2060174504318523,0.1852503661057497,0.0597131354061008,0.0223188708136884
0.105932093677568,0.0995875097928847,0.1057242570015815,0.0162962771440958,0.0196478701717024,0.1683230250401823,0.1836494830157737,0.2218699000546078,0.0433101255832689,0.0356594584933236
0.1050904640390351,0.0925872010748707,0.1116575287604816,0.0189220697854161,0.0177058183119157,0.1760743566468303,0.1732047448877649,0.15856002055794,0.0991951405397211,0.0470026553716647
0.1069324744563495,0.0924139210970766,0.1158754570569584,0.0184513236957316,0.0157044716244354,0.1998943589732193,0.1910843515415541,0.152123558931026,0.0725888064983099,0.0349312760996482
0.1013100831715136,0.0930216182889676,0.0994937667349402,0.0128577181592003,0.0129660020924808,0.2066497376307404,0.1797600410940848,0.1974459355515087,0.0643357828119476,0.0321593144408363
0.1047929126496579,0.1004492328650639,0.0958784249111733,0.0116335529725872,0.0098375318614599,0.1958129712453801,0.1777658514227131,0.1879108416062159,0.1005278102450437,0.0153908701962636
0.1022896760806372,0.0984487724477675,0.0969081398871195,0.0225905927590059,0.0140512733693758,0.184668542687842,0.1914427020676488,0.1901910016809627,0.0857656085403901,0.0136436904546151
0.106765732442565,0.0981280998502189,0.1071007651208603,0.0180624089779633,0.0123244914056212,0.1670596011150836,0.1671754003877011,0.2027295643307619,0.1048877343617871,0.0157662019826426
0.1122545511673364,0.0947208873298638,0.1128838672767313,0.0062824570746567,0.0061424100604694,0.1957098685347254,0.1974961027889191,0.1851389199644678,0.0671365313663962,0.0222344044110267
0.1048730135265212,0.0923142256540202,0.1064532647977485,0.0144241163535751,0.0098458094609073,0.1907068739748311,0.1853822439359003,0.1834102667530694,0.0958476977524344,0.0167424877645336
0.0990836850722657,0.0870082582160096,0.1043502926862256,0.007695165844613,0.0048743083334133,0.2114812720366109,0.2134269045089881,0.1558381664254307,0.0989475745091901,0.0172943723404986
0.0956284476531725,0.0791341054489044,0.1042089356450634,0.0048182094523169,0.0122918175020928,0.1910309811689234,0.1932812888357043,0.1957625856317099,0.1114757687044518,0.0123678599317742
0.0949716927855854,0.0768049439296472,0.1020171965538773,0.0125988309457673,0.0031928897365257,0.1749779910927917,0.1911316623827332,0.1791344074278686,0.1438983926814955,0.0212719924392389
0.1041437298616641,0.0838282326561567,0.1146293941424039,0.0072493792374613,0.0136238892054857,0.2141762386674631,0.1964422905688266,0.1755881142647027,0.0708473334301205,0.019471397939417
0.0975282755126282,0.0767152220519808,0.1116515700912662,0.0105084064991543,0.0023052692238712,0.17416626798499,0.1903539035076487,0.2015646833650533,0.1173415068942262,0.0178648948428526
0.1076953177316166,0.0848215622548228,0.1161966836609649,0.0131755067598464,0.0067497902612801,0.1976443110963117,0.2042220342072855,0.1615845703807722,0.0921352460623898,0.015774977556814
0.0921751807797374,0.0666097050602978,0.1064988314291639,0.0094327438443736,0.0076376842737678,0.2200515528205235,0.197328524953155,0.1895781378431981,0.0890542935078248,0.0216333454606699
0.0849236421992082,0.0621976312455314,0.0989987721598044,0.0093487660483008,0.002136177722717,0.1977846830684097,0.1819185779015136,0.1956693183993092,0.1398932008526668,0.0271292303758791
0.1055844445202048,0.0856488503105003,0.1053480959101976,0.0152439182096643,0.0169071491403197,0.1756829578548547,0.1959062616698109,0.1810236911084578,0.0975297223364198,0.0211249089106914
0.1050229993813849,0.089203944257598,0.1050684807347436,0.0046581830435539,0.0044233901070716,0.1829301156275282,0.1814920479307003,0.1947741986250785,0.1112056282071267,0.0212210120579912
0.1099966222037767,0.0900452241935952,0.1126509991124238,0.005804936201354,0.0002671637121107,0.1968479827751985,0.1822255389047913,0.2019098671716021,0.0715268997785991,0.0287247659201852
0.1080302506418634,0.0886642932543012,0.1126063043357839,0.0066648110630906,0.010614361909321,0.1868029509442806,0.1640190046671578,0.1753764276847975,0.1244720431787276,0.0227495522944615
0.1012139855702556,0.0838599110946458,0.1133729114093677,0.0038761961613043,0.0082585207208599,0.1543726125443193,0.184131617905558,0.1894174078826306,0.1142425811184746,0.0472542555647142
0.099846718642441,0.0798049402172507,0.1185909569130137,0.0071658123586323,0.0027184934879893,0.1937855843706826,0.2042200267434075,0.1702371024815523,0.0920567623625216,0.031573602392103
0.1041962385525165,0.0842352431875624,0.1216550290704936,0.0048179782427213,0.005847647201744,0.1998607958900001,0.1760522499214349,0.1659508737676431,0.1212159146406127,0.0161680294964168
0.1093152682952919,0.0828679670309796,0.129041880584377,0.0016646482864743,0.0050498689930833,0.1895603984071261,0.1834491276837742,0.1538755005444842,0.1204016032646275,0.0247737368799305
0.1140450726040879,0.0872585772850952,0.1311783286759175,0.006877678144436,0.0012610213596848,0.1985357971279106,0.1795373617692355,0.1701976593729125,0.0890800794828147,0.0220284241490313
0.1146189538365688,0.0876821654139111,0.1290804483700302,0.0018869882671387,0.000681945472921,0.1576678417656306,0.1671129551823265,0.2268042789942333,0.0833960378894519,0.0310683847802587
0.1132816481864557,0.0912711161677134,0.1239552483547135,0.0067097508049174,0.0013773166797064,0.2212980107973154,0.1678172798759497,0.1760037609538165,0.0641389549041792,0.0341469132472231
0.1118548657104659,0.0837442140225207,0.1273298503275711,0.0049097184940823,0.002231264207832,0.1797186679436366,0.1756883892879605,0.1913891140962069,0.0966856823375003,0.0264482335442238
0.1285002492612292,0.0940189802459521,0.145693301762508,0.0025588730479257,0.0023758946675118,0.1816269589185904,0.1832354497683373,0.1424975563522071,0.0791068516931834,0.0403858842522797
0.1257489051210212,0.0915192898901799,0.1431921814386181,0.0071046491177361,0.0027423764271907,0.1780837717543683,0.1664603262675642,0.152014781564128,0.1078763459625328,0.0252573724294179
0.1372313102235587,0.0977534828283067,0.1581694887397498,0.00637752853651,0.0030632094591887,0.183847139987396,0.1482702022519336,0.1737160772885374,0.0737738601315345,0.0177977005252267
0.1280016273997868,0.0903386099532108,0.146065276601535,0.000782751672242,9.337619603166845e-05,0.1771419079640425,0.1697465320984683,0.1755736585071565,0.0995951224972602,0.0126611370823295
0.1337131533663091,0.0984074057888779,0.1544438314856839,0.0010988680622792,0.0018425293154184,0.17802367229277,0.1464133847932314,0.1797980444038138,0.085373460415149,0.020885650047174
0.1190687341093107,0.0834939553920928,0.1420388968141621,0.0025108130168277,0.0082863332554483,0.1655539441812999,0.1818878413932685,0.1715081769977698,0.0982856417130579,0.027365663099285
0.1202408993719919,0.0833092425301796,0.1502577116830645,0.0039976147174474,0.0043230002559777,0.176150769612747,0.1730274934546292,0.1773840407916657,0.0810298317165,0.0302793958332419
0.1245112042325458,0.0901169610878712,0.1471404368324126,0.0022760256154803,0.003446580273783,0.168337366543771,0.1511501176709041,0.1647755650354316,0.1160758836071096,0.0321698590701876
0.1360067710949184,0.0962728448516654,0.1552930721518243,0.0093598582230274,0.003653260773413,0.1843340311256943,0.1570382394599366,0.1747229671249746,0.0759984063716144,0.0073205487918443
0.1350140562103199,0.1004853480320648,0.1512676855733033,0.0063591927158742,0.0039149625190624,0.1641732856462221,0.166191251722248,0.164286692843815,0.0932086987313364,0.0150988259758958
