0.008268982,0.07376665,0.12745696,0.011328706,0.015864987,0.057248462,0.04953893,0.16013281,0.28768155,0.20871194
0.049405146,0.079808556,0.07637933,0.1133544,0.077488884,0.044707734,0.11328998,0.048515193,0.24401928,0.15303153
0.06692991,0.051825423,0.12287623,0.01673352,0.034971647,0.035472132,0.051652655,0.15023749,0.33816743,0.13113357
0.11189922,0.0939314,0.09653429,0.052910987,0.026592197,0.034045886,0.18074629,0.07647331,0.18083617,0.14603025
0.03515549,0.04953281,0.05609013,0.108975224,0.139039,0.049958155,0.13145205,0.028336145,0.23348868,0.16797231
0.16047984,0.08063388,0.027996417,0.08361683,0.25299928,0.051530894,0.015416493,0.10035395,0.13580945,0.091163
0.09309276,0.043979235,0.061054233,0.026043184,0.0725298,0.13789353,0.21108003,0.017944064,0.048905313,0.28747788
0.11368591,0.0028506306,0.047837988,0.10796769,0.083743386,0.009484353,0.059050325,0.16997193,0.31671712,0.08869068
0.023364985,0.079276,0.024141569,0.0028997515,0.02303644,0.11321385,0.017058488,0.24246792,0.20056622,0.27397478
0.059940256,0.01815193,0.08148158,0.07460554,0.12266505,0.06921175,0.22952895,0.1302377,0.13061105,0.08356625
0.04588106,0.042303532,0.044994928,0.14908822,0.19056794,0.058753442,0.052451786,0.11960208,0.16316134,0.13319565
0.02739777,0.054500673,0.03076407,0.10605816,0.25885284,0.11266153,0.11266462,0.16265912,0.016234133,0.118207105
0.0011232281,0.07728368,0.018259393,0.08305585,0.18540406,0.116802625,0.03393217,0.30073938,0.12386109,0.05953859
0.052696194,0.11851546,0.15909997,0.14453365,0.138693,0.03370014,0.09993376,0.0555996,0.1607415,0.03648678
0.06707063,0.1084747,0.0782571,0.2673145,0.08845549,0.06111741,0.084949926,0.052666508,0.16339415,0.028299585
0.056421585,0.03005329,0.016217036,0.15983404,0.0038014904,0.1759991,0.03746502,0.04986306,0.30163422,0.16871111
0.015369231,0.002101584,0.09958825,0.071224645,0.031821948,0.16799921,0.13221543,0.19137356,0.079354316,0.20895186
0.010130061,0.010882142,0.06865202,0.05868465,0.115883484,0.20016658,0.19280475,0.0501031,0.18868886,0.10400437
0.06429224,0.05825452,0.07827785,0.08470608,0.13972531,0.010066239,0.044810496,0.015188529,0.38347507,0.12120364
0.081377655,0.084887266,0.07795954,0.03696702,0.031740386,0.059686538,0.1622073,0.37321916,0.016721342,0.07523379
0.046012662,0.029951666,0.12127744,0.16665815,0.018220607,0.06112571,0.15693793,0.11116191,0.20523201,0.0834219
0.13599624,0.19366916,0.08398867,0.11000358,0.025444513,0.016594773,0.1809528,0.040744755,0.022471037,0.19013456
0.15552773,0.019325886,0.05253559,0.06928563,0.087654985,0.08505798,0.08592523,0.31492764,0.10043042,0.029328927
0.043679994,0.03635224,0.01595703,0.1881076,0.14301999,0.041136354,0.09384477,0.080342375,0.29513764,0.062422004
0.041027814,0.045584053,0.07637672,0.14184958,0.26780128,0.05956435,0.05720121,0.009532386,0.08375623,0.21730638
0.06968731,0.102873266,0.05495844,0.066634156,0.07369184,0.10167237,0.061109442,0.052969225,0.048756756,0.3676472
0.07476216,0.14041905,0.056900866,0.07477231,0.14843094,0.08284445,0.12826192,0.02271468,0.07765919,0.19323441
0.13763614,0.21558124,0.074711695,0.0027247556,0.23207544,0.10822604,0.034149192,0.093550414,0.05229987,0.04904522
0.0366293,0.037929393,0.07686102,0.13890868,0.10919182,0.096650206,0.15118256,0.09249885,0.070820525,0.18932764
0.044876665,0.082052276,0.011472289,0.09614583,0.15376888,0.09952628,0.020835517,0.03697228,0.22671267,0.2276373
0.21066228,0.1350143,0.14365001,0.0049229036,0.09478397,0.104974106,0.08372343,0.032794643,0.17157334,0.017900994
0.027235014,0.113104604,0.07803219,0.039371755,0.086598046,0.03800504,0.09114029,0.21883975,0.10759291,0.20008047
0.03048694,0.12574895,0.017948944,0.019589594,0.2115246,0.095900916,0.072815575,0.3058549,0.074544944,0.045584686
0.016744621,0.12628879,0.104587495,0.031994127,0.09116979,0.049194936,0.16011815,0.010658868,0.19419716,0.21504606
0.053076908,0.062784426,0.006036781,0.15107335,0.1389503,0.09809936,0.14236282,0.13986777,0.08072545,0.12702279
0.17707235,0.0223065,0.01402821,0.21673627,0.14180663,0.050926365,0.017319161,0.15419269,0.09556267,0.1100491
0.08734779,0.005781736,0.09123058,0.19989358,0.0888242,0.09504657,0.1560923,0.024204547,0.11759225,0.13398649
0.19696309,0.04757433,0.037198722,0.034639534,0.17139131,0.19066986,0.014618393,0.16189611,0.12724522,0.01780348
0.10850821,0.1507292,0.22920826,0.2511873,0.008739706,0.013532803,0.01886435,0.18444668,0.013430274,0.02135322
0.12867609,0.06980043,0.030818539,0.038111508,0.1312357,0.037073348,0.042873625,0.13190545,0.06768805,0.32181725
0.013512319,0.035251927,0.08357047,0.10423553,0.04594807,0.2718373,0.16614668,0.117635235,0.114560105,0.04730235
0.01462685,0.03552846,0.04733295,0.0070809536,0.07864616,0.07917076,0.05635081,0.14055566,0.27985778,0.26084968
0.12101803,0.055337906,0.049268812,0.16739847,0.2337306,0.041660324,0.10291268,0.11178156,0.08594646,0.030945195
0.13278951,0.09728177,0.052348904,0.004611568,0.1922174,0.014885686,0.026298743,0.32949805,0.13759501,0.012473359
0.055961914,0.056024544,0.06527679,0.08242259,0.12230233,0.104488835,0.091088556,0.13439555,0.111268125,0.17677076
0.049431972,0.0916482,0.010843804,0.2963462,0.16253443,0.116869114,0.029063782,0.15473932,0.043118183,0.045404978
0.06346785,0.047947254,0.18012904,0.07456116,0.09736739,0.0057086027,0.011032083,0.03349763,0.30296692,0.18332201
0.032071374,0.04872346,0.059298385,0.16986309,0.06312619,0.08260923,0.073282905,0.019518781,0.06890713,0.38259947
0.031673167,0.11438512,0.09802099,0.029441524,0.12390963,0.024573898,0.018389853,0.015046825,0.26188532,0.28267366
0.017020013,0.09809324,0.063539766,0.1833767,0.022470461,0.17521787,0.21403441,0.065326855,0.06376931,0.09715136
0.12030399,0.07564975,0.08820935,0.062506214,0.011405917,0.06274283,0.106557794,0.0860875,0.2791042,0.10743244
0.029298164,0.028035393,0.04729573,0.10590057,0.06769634,0.17962672,0.3166878,0.050681226,0.011370063,0.16340803
0.07710868,0.166886,0.049942,0.06263739,0.13474979,0.05621838,0.17457782,0.11354914,0.015797308,0.14853351
0.09970443,0.21693741,0.0016528866,0.01121379,0.03907062,0.0874699,0.008048251,0.019958442,0.16465059,0.35129362
0.01266879,0.09401463,0.06381064,0.025077246,0.07315393,0.055489045,0.21345526,0.041891534,0.0465527,0.3738862
0.013736057,0.07314788,0.08719065,0.0020308387,0.10470804,0.18675596,0.22253124,0.052167077,0.11069403,0.14703819
0.039461177,0.13207391,0.004462133,0.0319788,0.0008119834,0.06572936,0.26701194,0.17532478,0.14113079,0.14201511
0.15730704,0.020684086,0.031938817,0.061291493,0.08745797,0.11561114,0.03916363,0.055981558,0.2819981,0.14856619
0.040604927,0.06428572,0.08728187,0.045233496,0.16997187,0.050793592,0.03751297,0.14472097,0.1098674,0.2497272
0.03337552,0.027435387,0.01788854,0.31578007,0.11469241,0.017394409,0.08248649,0.17497401,0.11369264,0.102280505
0.10566122,0.08165094,0.054552592,0.062623434,0.05361589,0.08203118,0.23081376,0.19787356,0.09961879,0.03155862
0.12337199,0.21252212,0.20214675,0.07006995,0.06882943,0.11688557,0.055571944,0.12725075,0.013045048,0.010306492
0.055399034,0.08693809,0.019289993,0.22838555,0.105763994,0.0808445,0.25226173,0.044851847,0.00881121,0.117454045
0.0059882756,0.0038681305,0.066673696,0.0114383185,0.20051382,0.118203536,0.04733532,0.10669885,0.3427181,0.096561946
0.12963763,0.04291926,0.005193158,0.0049168495,0.060085263,0.23871216,0.09888777,0.11942951,0.114440255,0.18577816
0.1589763,0.06233519,0.004424713,0.15595919,0.042982664,0.17684652,0.019820094,0.12820378,0.18205675,0.06839476
0.07805607,0.09577974,0.08765113,0.023452835,0.03384216,0.08755936,0.058537222,0.0951205,0.27435297,0.16564803
0.07272911,0.0830415,0.06597306,0.242747,0.101910084,0.008093444,0.12631819,0.068280876,0.18240622,0.048500534
0.18056008,0.079146266,0.0945328,0.015782874,0.43903044,0.02703232,0.00511132,0.080629714,0.07659833,0.0015758493
0.023327319,0.005550227,0.048401054,0.27565488,0.113041826,0.019962972,0.091193035,0.05175386,0.09247071,0.2786442
0.038294286,0.047867037,0.10289202,0.20680504,0.025423756,0.08952519,0.059832077,0.018527105,0.010046684,0.40078688
0.11056528,0.09955703,0.018279292,0.025933657,0.47774658,0.009231452,0.100825645,0.038444564,0.054847196,0.06456932
0.10147009,0.106266946,0.05936131,0.20998828,0.006530705,0.12166919,0.15500294,0.1189962,0.04167459,0.07903975
0.010560216,0.098916814,0.0030800009,0.17898858,0.15670198,0.10391452,0.0805275,0.0553437,0.22676426,0.085202426
0.046699762,0.20311907,0.14970286,0.1315985,0.068306014,0.08558584,0.14650363,0.059088707,0.05116012,0.058235455
0.06944423,0.11844602,0.0347585,0.10649553,0.13950151,0.069111034,0.034609202,0.15188964,0.076338865,0.19940543
0.042950284,0.12609762,0.035225444,0.08714324,0.13363498,0.15645716,0.12271689,0.06928314,0.1880184,0.038472876
0.08141072,0.09984746,0.011298246,0.45361766,0.072819695,0.029456208,0.01931062,0.15707351,0.02345999,0.051705934
0.096740685,0.10685954,0.12623057,0.012226373,0.095735155,0.037876204,0.17235053,0.07720369,0.15159401,0.12318322
0.0458669,0.0040768613,0.015248614,0.048246074,0.009212786,0.00861866,0.05551256,0.08640153,0.46241403,0.26440203
0.15644398,0.049424596,0.08080196,0.17348675,0.019042833,0.03846241,0.1438594,0.12508914,0.16745287,0.04593607
0.102873825,0.024771897,0.045653746,0.012307463,0.13535053,0.029665552,0.03345186,0.08398147,0.3894837,0.14245996
0.014604033,0.02633788,0.10913921,0.04919355,0.14964922,0.07531065,0.0706797,0.0034996339,0.31732327,0.18426284
0.11134014,0.02267764,0.013748805,0.16278125,0.14704373,0.17109357,0.06478362,0.060869396,0.15576082,0.08990102
0.045484196,0.22386737,0.03473755,0.13063484,0.06445674,0.08263293,0.12144483,0.07355189,0.19140671,0.031782947
0.017926801,0.026581964,0.03426746,0.13054848,0.28494215,0.070494115,0.079374045,0.150522,0.11589285,0.089450166
0.061407864,0.08655412,0.032347605,0.20384644,0.18157691,0.13301852,0.2037773,0.01714596,0.022767242,0.057558037
0.041563477,0.06792673,0.1601209,0.08239617,0.08595078,0.026356416,0.09746803,0.13336232,0.101486295,0.20336886
0.08497248,0.09599464,0.01833193,0.3072566,0.025548762,0.03950728,0.081365556,0.12172363,0.042602718,0.1826964
0.12847437,0.2261661,0.0626153,0.045991708,0.22791746,0.009243394,0.10085758,0.025522215,0.14877835,0.02443348
0.007983737,0.051605534,0.013164364,0.10543185,0.14449865,0.08896896,0.14458534,0.11148293,0.1548414,0.17743723
0.02699396,0.06383112,0.04929451,0.109358385,0.008487827,0.07572911,0.09333188,0.31031156,0.05585477,0.20680688
0.01142646,0.13177088,0.005491516,0.037802406,0.19384772,0.199771,0.109178,0.031003594,0.20594671,0.07376168
0.01151521,0.25965235,0.17643887,0.062393285,0.043198425,0.008653785,0.2183379,0.094592415,0.066296525,0.058921285
0.0054922216,0.18996203,0.07036131,0.18115687,0.032163464,0.029670551,0.10503921,0.09808554,0.022124829,0.2659439
0.048438404,0.009154783,0.10770481,0.0964385,0.034179095,0.043535158,0.047526248,0.0673812,0.45698324,0.08865861
0.13070089,0.17759335,0.13806207,0.11820804,0.00053168583,0.06252568,0.014233941,0.018466542,0.2245376,0.115140215
0.01185123,0.00055707875,0.054549832,0.14684467,0.070312425,0.05796813,0.16837132,0.09835307,0.29583228,0.09536001
0.005765387,0.014360659,0.09691578,0.051221997,0.051763244,0.21070477,0.09878084,0.06426658,0.09533491,0.31088585
0.10148015,0.022794928,0.010650959,0.038953144,0.10732791,0.2119335,0.02846087,0.15043327,0.16884814,0.15911709
0.0066853664,0.004803184,0.068852164,0.23338367,0.124437205,0.02872368,0.010070168,0.18098547,0.11631145,0.2257476
0.11465429,0.047806107,0.081707254,0.027794655,0.032149468,0.0018225576,0.0310023,0.07553593,0.4708764,0.116651036
0.04146231,0.020087477,0.021731216,0.14576428,0.0050096195,0.14634715,0.112761244,0.14376454,0.24594775,0.11712434
0.1469844,0.03978035,0.1005016,0.029466784,0.11569601,0.18835767,0.04255096,0.0450434,0.1706624,0.12095644
0.06431307,0.10869587,0.016069444,0.1628263,0.125818,0.17214294,0.10112159,0.069614045,0.1497112,0.029687542
0.029130768,0.086304374,0.17777279,0.17823301,0.10336375,0.09995171,0.013431864,0.10976502,0.1657497,0.036296964
0.06026977,0.12434335,0.03022663,0.034084,0.16706423,0.112631835,0.066203885,0.22820461,0.15271838,0.024253316
0.017623745,0.24761774,0.10056033,0.21758497,0.021381674,0.08744466,0.06877914,0.005265653,0.07813904,0.15560305
0.059750754,0.0012579592,0.06414057,0.06936128,0.062471483,0.11457672,0.062238626,0.009481948,0.3139949,0.24272573
0.11189846,0.13615525,0.066256225,0.007313487,0.0247665,0.08532167,0.008712154,0.017238772,0.33066866,0.21166883
0.01554697,0.00019312292,0.037438456,0.045610033,0.17459203,0.14931346,0.06837752,0.16143611,0.19078438,0.1567079
0.05828289,0.03013843,0.007327709,0.0038882513,0.067176715,0.09620399,0.13068435,0.10390562,0.16121577,0.3411763
0.021810953,0.0022521652,0.028007122,0.007603654,0.07150781,0.21700436,0.005625505,0.25815937,0.070972554,0.3170565
0.07118616,0.11504254,0.08703422,0.08611509,0.05681264,0.077545896,0.080851465,0.09189497,0.18251607,0.15100093
0.10643864,0.04986764,0.13414672,0.050051283,0.083727464,0.10536162,0.092495784,0.031872492,0.032847714,0.31319064
0.0021482566,0.07930713,0.019975754,0.0711525,0.086284645,0.011699255,0.08644735,0.06816175,0.16552366,0.40929973
0.053073693,0.07977478,0.034576014,0.03857842,0.10362181,0.1308756,0.00856158,0.04511469,0.3107822,0.19504121
0.0369557,0.05624981,0.0031985904,0.021449247,0.19581221,0.06652655,0.20250931,0.32680163,0.07160969,0.018887285
0.0069902525,0.1268094,0.066944756,0.1375684,0.005067343,0.2395822,0.2605658,0.12669371,0.013833595,0.015944526
0.011004957,0.06007004,0.06514834,0.076344706,0.23899505,0.044966266,0.11315535,0.028976241,0.22739509,0.13394399
0.076869555,0.09320026,0.113592654,0.067124456,0.12649818,0.147666,0.14332633,0.013182992,0.12521745,0.09332209
0.03486278,0.09545997,0.04022347,0.18826015,0.11108523,0.06858551,0.12659597,0.07351535,0.06302812,0.19838339
0.033110864,0.06056407,0.02703003,0.12730597,0.22683568,0.033248983,0.053884905,0.21137178,0.07300014,0.15364757
0.028024236,0.0014483016,0.029899137,0.13443202,0.048360676,0.25410748,0.11122267,0.058959994,0.18044966,0.15309583
0.0735154,0.046376813,0.06223303,0.039540455,0.1855914,0.23130602,0.20301633,0.032473043,0.065891005,0.06005654
0.11160698,0.025944535,0.07472815,0.007341365,0.05094991,0.054025933,0.17611131,0.06515776,0.2432788,0.19085523
0.07435114,0.090930015,0.22320092,0.07268859,0.014461766,0.08780104,0.09048989,0.038460262,0.23497505,0.072641365
0.06300414,0.0045604045,0.05088676,0.071392804,0.053795822,0.17977495,0.13352133,0.026320344,0.24859722,0.16814622
0.077561684,0.012819338,0.3840518,0.06485688,0.0033019946,0.14088807,0.046718083,0.14955941,0.008198744,0.11204408
0.055179693,0.038885485,0.11404073,0.032707315,0.022844942,0.061742093,0.087046556,0.19404233,0.236552,0.15695885
0.092400625,0.03257522,0.16469818,0.08712029,0.10827778,0.17327347,0.15240507,0.10843198,0.07549458,0.005322819
0.022493856,0.06442179,0.17976604,0.28697914,0.080513485,0.06478826,0.029331708,0.092285424,0.024080245,0.15534002
0.0013439667,0.07944428,0.04832875,0.06782743,0.031153863,0.20704575,0.011790845,0.083894126,0.12004209,0.34912887
0.13669406,0.09159245,0.15584345,0.07754471,0.18257642,0.09070631,0.044301834,0.052784484,0.1379203,0.030035984
0.04004477,0.056421995,0.04412028,0.1089621,0.0920924,0.2610094,0.027754718,0.094547,0.22731246,0.047734857
0.10568681,0.23690635,0.104171716,0.15046415,0.12606631,0.05231038,0.15412678,0.054604422,0.008156504,0.007506565
0.024360964,0.06698422,0.0752594,0.011211087,0.13359025,0.06752148,0.015098259,0.047539473,0.17802128,0.38041356
0.029684333,0.16369852,0.024724366,0.03692095,0.07115158,0.17212766,0.04199289,0.0038364723,0.31793642,0.13792679
0.099745914,0.058282647,0.10138696,0.065963045,0.23489039,0.02931766,0.17010717,0.009184431,0.044798553,0.1863232
0.08578084,0.07386002,0.17964222,0.16889293,0.018862924,0.03706285,0.1325533,0.16159385,0.06617807,0.07557298
0.025642728,0.06943402,0.025064176,0.14735734,0.0075386944,0.1553715,0.29794705,0.13798355,0.033882253,0.09977866
0.014975309,0.1440891,0.11174016,0.035430063,0.04651781,0.00931131,0.040510852,0.07212903,0.47158322,0.053713176
0.05070375,0.12992513,0.07971622,0.025564982,0.10690815,0.06698794,0.053662702,0.07367344,0.05247575,0.36038193
0.15188453,0.07154616,0.12654708,0.029831195,0.08310888,0.079233244,0.022389852,0.16501205,0.16152847,0.10891852
0.031261444,0.01319218,0.12767148,0.07527923,0.22124758,0.008639075,0.123341836,0.11144038,0.07944223,0.20848456
0.057839457,0.0062570274,0.15789194,0.11647298,0.18455216,0.10027509,0.03154785,0.20909274,0.1248813,0.011189452
0.0077824043,0.093176834,0.07860742,0.2998628,0.074240394,0.1766015,0.08234371,0.07046793,0.06900535,0.047911666
0.11451001,0.1867503,0.100392394,0.14242104,0.15932442,0.047626916,0.10625777,0.023334559,0.06199285,0.057389755
0.04763351,0.039114412,0.068422146,0.06465478,0.12070694,0.028018082,0.19251238,0.07155348,0.12899314,0.23839118
0.061303407,0.053398162,0.022680208,0.29294097,0.18824585,0.15778717,0.06272474,0.03638984,0.012515172,0.112014495
0.111983635,0.14179929,0.054550838,0.10535331,0.037965514,0.13468423,0.028402634,0.09214758,0.2176168,0.07549618
0.05214977,0.048547763,0.06965981,0.12857139,0.110929705,0.026188469,0.031406913,0.0527203,0.3724061,0.107419714
0.16288142,0.19605055,0.0023369044,0.055559613,0.07110753,0.07063267,0.101555094,0.04218958,0.18113506,0.116551585
0.020270186,0.09890546,0.028115386,0.024055399,0.1851051,0.06814385,0.25335863,0.04757648,0.04487062,0.22959888
0.15791814,0.005051075,0.15573342,0.31239074,0.02416539,0.03383175,0.16137905,0.03497637,0.040056687,0.074497364
0.03439108,0.16806217,0.005202204,0.05948806,0.04303231,0.0835473,0.09112033,0.12222852,0.33497056,0.0579575
0.15833424,0.13252063,0.05365214,0.056385655,0.004235147,0.00040124723,0.21216428,0.37632987,0.0038877423,0.002089029
0.02469961,0.10176407,0.01615075,0.1680177,0.025273224,0.16457538,0.105034605,0.11875382,0.17487052,0.10086028
0.03163209,0.0044672885,0.24106757,0.13866703,0.13203904,0.076624185,0.013505005,0.0014175494,0.1250612,0.23551899
0.1211396,0.15564382,0.0445391,0.06456072,0.16361211,0.12629941,0.021353157,0.05695611,0.15489022,0.09100576
0.065280646,0.08743444,0.06628853,0.09463265,0.055802863,0.23018481,0.101998456,0.17004271,0.10377096,0.024563944
0.022086408,0.001520925,0.07461211,0.10170073,0.053208314,0.101988934,0.1124785,0.14681557,0.14304651,0.24254198
0.051553316,0.04430557,0.12554242,0.08251115,0.01696871,0.15801993,0.0017822923,0.01822256,0.2069908,0.29410326
0.1682413,0.18132249,0.062196366,0.065924495,0.059442796,0.069393754,0.063658416,0.16619563,0.06875031,0.09487442
0.052681353,0.14003117,0.03542296,0.20471261,0.009881355,0.15064721,0.045783497,0.27430084,0.06398815,0.022550823
0.08985707,0.09936298,0.037382733,0.12907305,0.09007615,0.027536694,0.118872106,0.0770315,0.27683756,0.053970173
0.024306016,0.101079166,0.020799024,0.022460386,0.20607443,0.06838868,0.023196544,0.2278041,0.13171625,0.17417541
0.04511105,0.12899269,0.007147897,0.08444742,0.0065837028,0.12140696,0.030009815,0.089067765,0.049713332,0.43751937
0.2009489,0.05620251,0.13959293,0.06762765,0.20368998,0.07200501,0.057976376,0.028240437,0.1713903,0.0023259188
0.061991967,0.039481368,0.07785981,0.032067493,0.16276492,0.028030613,0.20445094,0.05734842,0.30905807,0.02694638
0.015570476,0.03636177,0.10406841,0.1655947,0.062240016,0.0799775,0.033537596,0.118293405,0.23530348,0.14905266
0.04679601,0.097991414,0.025091164,0.10712489,0.070242725,0.01266647,0.04423032,0.046081126,0.34036165,0.20941423
0.104022376,0.038198207,0.11325199,0.10360623,0.1760047,0.099065654,0.19125494,0.06558477,0.091847226,0.017163951
0.12824129,0.048133146,0.06400552,0.03097956,0.054986514,0.053786047,0.15721412,0.09303922,0.2772354,0.092379205
0.055969294,0.026338577,0.09199578,0.03163347,0.05314136,0.19712718,0.1916308,0.00253329,0.29005072,0.059579555
0.03507006,0.017091576,0.13747154,0.04635703,0.11511706,0.10918288,0.05268948,0.08374621,0.37704656,0.0262276
0.16199103,0.03428385,0.096301585,0.024159567,0.2008812,0.048280135,0.10216117,0.05180946,0.21100639,0.06912561
0.13230929,0.079037674,0.096880324,0.0057733273,0.0011559251,0.25603062,0.13362157,0.102955915,0.17238191,0.019853415
0.19612457,0.10425375,0.14904891,0.01775895,0.05767331,0.12489159,0.09079073,0.08173419,0.13987696,0.037847053
0.027804518,0.04936356,0.07230856,0.13329104,0.110775605,0.0725023,0.1806185,0.02348181,0.3074498,0.022404362
0.047073077,0.04917259,0.034634788,0.16704927,0.18247539,0.07007924,0.19311742,0.012538583,0.09021368,0.15364596
0.1636494,0.2473034,0.06168506,0.12793311,0.14328031,0.06849956,0.06274289,0.04577135,0.067552455,0.01158247
0.03338756,0.16771214,0.027647775,0.0539354,0.044663593,0.11693735,0.23988822,0.1741923,0.0059141302,0.13572153
0.0103946645,0.04211549,0.009394642,0.08295009,0.010616191,0.2578711,0.17220592,0.042659298,0.26419938,0.10759318
0.12177,0.05972309,0.11362342,0.00993285,0.16534323,0.051826593,0.001185688,0.014410531,0.14168076,0.32050383
0.14366075,0.051164646,0.12644918,0.025684677,0.1396658,0.023406573,0.075318195,0.12919319,0.07499792,0.21045908
0.07540188,0.0345681,0.009415455,0.065976374,0.15903085,0.074373245,0.04555048,0.05294055,0.41030252,0.072440535
0.03585001,0.039797626,0.14431025,0.18864033,0.065785006,0.07387721,0.19429262,0.02747906,0.14179279,0.08817511
0.12819782,0.08172318,0.17826782,0.039476007,0.01361597,0.06395883,0.121791944,0.11613303,0.19160493,0.065230474
0.10348531,0.08045003,0.18515609,0.0038486042,0.06305649,0.04691605,0.11083994,0.09017897,0.24372268,0.07234584
0.05454711,0.051373884,0.16687573,0.0805427,0.0851353,0.16137242,0.1536461,0.19283907,0.035648677,0.018019004
0.00019107449,0.062623635,0.00060939067,0.107841276,0.07784351,0.1730361,0.18548347,0.025653979,0.07500664,0.2917109
0.15396456,0.17176467,0.21605541,0.18138555,0.009957651,0.044991475,0.09246019,0.03875429,0.06511891,0.025547294
0.030326935,0.122946136,0.08567067,0.036824908,0.027154759,0.17759518,0.06503026,0.13414729,0.15517193,0.16513193
0.072737716,0.08203446,0.06528361,0.13835867,0.020166617,0.1564036,0.06003315,0.008522114,0.31415805,0.082301944
0.065589525,0.16632444,0.020553576,0.05271223,0.09410567,0.028801924,0.31135306,0.015462733,0.05284788,0.19224901
0.10756975,0.07150294,0.013683904,0.09947031,0.1562522,0.05941824,0.056983873,0.054781612,0.11505044,0.26528674
0.073304266,0.118549354,0.1757269,0.14311829,0.032077357,0.084496215,0.0443501,0.00895513,0.17062813,0.14879428
0.0072581465,0.14917833,0.08077044,0.31274375,0.15054224,0.07435964,0.051452015,0.08142548,0.09085703,0.0014129148
0.058515448,0.0708686,0.073237225,0.021413391,0.12760109,0.120017,0.02853716,0.105865486,0.23223463,0.16170998
0.068769835,0.109635495,0.056051213,0.012215439,0.018682923,0.08455875,0.08731393,0.032995477,0.10799917,0.42177778
0.10288772,0.09635061,0.008831367,0.26766968,0.043619584,0.14259696,0.09733619,0.06648382,0.102939844,0.07128423
0.2196541,0.051706202,0.12793522,0.064370126,0.030484136,0.1338818,0.046397287,0.033117317,0.05143938,0.24101442
0.053528514,0.11876786,0.0018995375,0.0512272,0.16440094,0.08469116,0.1657086,0.07065608,0.17378196,0.11533817
0.03917952,0.09703183,0.028574217,0.14653255,0.049031172,0.029221408,0.12785219,0.14824617,0.3239301,0.010400823
0.042174414,0.002909838,0.074646205,0.1236557,0.1115512,0.044446148,0.13608354,0.05854538,0.19059634,0.21539123
0.09145383,0.05339381,0.021541834,0.07332585,0.12275273,0.04552527,0.16141446,0.03608366,0.31851882,0.07598974
0.000667389,0.09974915,0.08939062,0.05986849,0.1883471,0.23530565,0.0065677264,0.08148313,0.123012856,0.115607925
0.06837544,0.030982211,0.00031149926,0.20834784,0.14656515,0.0151395155,0.15863393,0.116340876,0.07167396,0.1836296
0.07416859,0.022026166,0.059675068,0.05887053,0.104915805,0.11883432,0.08079722,0.023844516,0.30537134,0.15149641
0.07465208,0.18112509,0.03316622,0.01159251,0.10997582,0.11020259,0.10483184,0.06185912,0.22577605,0.08681874
0.22889255,0.12854163,0.09401626,0.14783767,0.025519928,0.07693532,0.08711434,0.015613699,0.11882458,0.076704
0.02200404,0.10366976,0.08754477,0.03626448,0.075311884,0.07429367,0.12592311,0.07636234,0.11855778,0.28006816
0.036755573,0.057711303,0.09252788,0.0025412592,0.113869995,0.017872022,0.15846063,0.06051066,0.31181076,0.14793995
0.076369554,0.023196546,0.02082094,0.009246187,0.24104264,0.047173943,0.10659014,0.1640716,0.13604796,0.17544049
0.091064684,0.16613162,0.05166407,0.08176291,0.14423123,0.17981026,0.028584704,0.12602831,0.0660219,0.06470031
0.061971806,0.022405008,0.06321046,0.05612363,0.09545105,0.109224595,0.02303681,0.19313323,0.26961643,0.10582699
0.10927159,0.23915143,0.028784597,0.0045739883,0.09388406,0.16349477,0.032598466,0.081282,0.13263619,0.11432294
0.20078447,0.057339903,0.021786131,0.34858653,0.076142274,0.02376405,0.10794829,0.00795625,0.117845535,0.037846576
0.096868515,0.0912981,0.008015074,0.001900343,0.19343537,0.14203982,0.12362096,0.19621167,0.14030328,0.006306884
0.1076517,0.05459743,0.1395468,0.17245206,0.02437321,0.11759849,0.014485067,0.051871125,0.29200217,0.025421962
0.05979344,0.16349341,0.03135427,0.015919583,0.030834986,0.070016,0.010895203,0.3751728,0.039257247,0.20326303
0.024352975,0.18804744,0.09027912,0.09630108,0.0077320845,0.014344694,0.14175875,0.010978458,0.20122328,0.22498211
0.14668415,0.11370204,0.09691447,0.029996937,0.011513611,0.1386459,0.053385664,0.10035957,0.28621042,0.022587234
0.008207161,0.0741874,0.09599206,0.049197905,0.08784225,0.15123804,0.005390146,0.04835422,0.34080213,0.13878869
0.025547074,0.07163694,0.010608456,0.13947117,0.03646863,0.079995885,0.24547327,0.06465216,0.27723548,0.048910964
0.05140693,0.08027661,0.03115112,0.30773878,0.051340416,0.0459607,0.042344026,0.09932543,0.18388642,0.10656956
0.09892833,0.03914491,0.12698065,0.04772577,0.05751132,0.08222548,0.10186108,0.13914841,0.23618811,0.07028597
0.07716132,0.046503842,0.16258107,0.06429132,0.02998115,3.0086628e-06,0.067151584,0.24803045,0.09072269,0.21357356
0.059711397,0.05226021,0.04273558,0.12081808,0.19811755,0.13957003,0.032418113,0.047708336,0.22082147,0.085839234
0.22397974,0.12517066,0.1858895,0.08262124,0.06580408,0.0054217437,0.071963154,0.015449255,0.18219347,0.041507162
0.051124718,0.0387005,0.017702524,0.12881449,0.15238649,0.14229606,0.2918449,0.018584471,0.0041813403,0.15436451
0.032331757,0.11863955,0.15940084,0.1110111,0.24917808,0.085003026,0.028733902,0.08303812,0.0037397777,0.12892383
0.009062021,0.029411573,0.0105676,0.03439379,0.17501172,0.21519044,0.12925458,0.08461098,0.21593486,0.09656244
0.07674139,0.14549623,0.17415446,0.09301194,0.12147168,0.027735954,0.009086489,0.11331133,0.22883093,0.010159593
0.102711596,0.031513833,0.033776794,0.074715056,0.24965313,0.026152615,0.09055345,0.016228076,0.26688334,0.10781207
0.019917399,0.019937785,0.036508217,0.11140317,0.054830644,0.08530282,0.07653019,0.0065429797,0.28365055,0.30537623
0.03391421,0.07995071,0.06483704,0.11222265,0.14162965,0.05556745,0.1228999,0.0015467713,0.29559377,0.09183783
0.18224376,0.06951695,0.13777204,0.16136242,0.00823565,0.10087702,0.21501012,0.05470662,0.021512004,0.0487634
0.05209691,0.13171795,0.04055234,0.1150387,0.04794424,0.0914889,0.07425512,0.052086193,0.22516818,0.16965146
0.14374006,0.061754584,0.10711972,0.06806166,0.09274049,0.0014760224,0.0047739306,0.05346534,0.31281346,0.15405476
0.028602522,0.07265996,0.016549233,0.2490443,0.2686504,0.040126726,0.005295345,0.17115632,0.03959121,0.10832392
0.04690402,0.09680465,0.0031253314,0.113513954,0.07721924,0.035330202,0.03990405,0.009716441,0.3474212,0.2300609
0.0013687394,0.087936185,0.050876345,0.027559746,0.13099723,0.0046458878,0.18247363,0.23514748,0.02440206,0.2545927
0.007089643,0.13627362,0.037822828,0.06082609,0.030125272,0.008455994,0.14006639,0.052779768,0.39170247,0.13485797
0.021042489,0.004279532,0.009663789,0.013477762,0.21887256,0.06549347,0.2477068,0.18873939,0.14879908,0.081925124
0.010968428,0.032258518,0.026052978,0.101145975,0.011753217,0.14184098,0.05010294,0.11728026,0.4547967,0.0538
0.028472055,0.25084868,0.262477,0.077447906,0.026275653,0.015499951,0.05195615,0.09407446,0.08332784,0.109620295
0.029298209,0.028597038,0.008032253,0.2332263,0.08220706,0.02837938,0.14608695,0.05086209,0.38986176,0.0034489466
0.032785024,0.048861835,0.0019558484,0.024150906,0.00014122437,0.19871247,0.07649775,0.022622386,0.42177382,0.1724987
0.019154483,0.021929814,0.08690492,0.13693982,0.056348015,0.087584116,0.078299835,0.13500413,0.11702768,0.2608072
0.09235365,0.09680024,0.04187018,0.15179144,0.0473884,0.28678235,0.08964204,0.11167111,0.05203727,0.029663365
0.02543362,0.12193501,0.04931409,0.0073365634,0.2959298,0.13767004,0.07367484,0.048963636,0.10584662,0.13389578
0.17510188,0.10036151,0.07206358,0.006703251,0.017488403,0.06720479,0.13104455,0.061035212,0.08178672,0.28721017
0.01681055,0.024455475,0.039316446,0.22935493,0.22553411,0.15510666,0.005389891,0.20884022,0.07600377,0.019187946
0.07292809,0.017634803,0.11859993,0.16624233,0.07068206,0.01998534,0.08429152,0.06789603,0.30740762,0.07433231
0.08113544,0.11584064,0.0535993,0.012124799,0.14336796,0.06360506,0.02086043,0.060548045,0.24685466,0.2020636
0.13079733,0.0056976005,0.0071569355,0.03826036,0.02717572,0.14621735,0.026491528,0.018030081,0.39681557,0.2033576
0.020336378,0.06368329,0.03373344,0.056016322,0.02627231,0.022363476,0.12188076,0.050073996,0.18059827,0.42504176
0.010339355,0.01573156,0.14890483,0.30680913,0.09479064,0.04715685,0.104751356,0.052789096,0.109768465,0.10895873
0.082914,0.057362024,0.072158195,0.27933338,0.12891388,0.07680641,0.049873333,0.0038578617,0.037862133,0.21091875
0.15406196,0.19855034,0.09616592,0.09960282,0.058538113,0.06052906,0.10107263,0.009576771,0.09570237,0.1262
0.09103111,0.09548279,0.11558145,0.1132867,0.008180742,0.033255886,0.14466918,0.035281647,0.31251806,0.05071243
0.07681701,0.0021125441,0.009082504,0.15220875,0.16179754,0.05631874,0.08062288,0.06468891,0.1774499,0.21890123
0.011463967,0.06770404,0.028648686,0.0316316,0.10253331,0.0722396,0.35012677,0.13397434,0.056465194,0.14521247
0.076529175,0.007784691,0.0830074,0.058406886,0.1901788,0.14850418,0.14089675,0.07365755,0.04489998,0.17613465
0.01038014,0.083174706,0.08946981,0.24904755,0.12511082,0.116011664,0.079235114,0.06909751,0.0010530322,0.17741965
0.065321155,0.04381442,0.005847034,0.06540854,0.08904794,0.08447338,0.24927981,0.010075842,0.17363168,0.21310018
0.046111323,0.054294094,0.092852294,0.12332102,0.060972694,0.0028857803,0.13698575,0.014694834,0.3137312,0.15415102
0.16112529,0.07865606,0.05173829,0.004513691,0.0892683,0.20452729,0.16317973,0.08920784,0.12192816,0.03585534
0.1136572,0.08970681,0.015847761,0.18607675,0.15400347,0.100821905,0.0876683,0.0017429797,0.2120728,0.038402025
0.067608096,0.059403215,0.05022235,0.047376916,0.124051765,0.2072172,0.002945321,0.13198982,0.28774807,0.021437252
0.0068589174,0.01738164,0.0653855,0.07950518,0.26563817,0.024859576,0.06887289,0.057956982,0.18532318,0.22821797
0.016006155,0.036133815,0.24454722,0.02548978,0.0835296,0.23385581,0.092354946,0.16355276,0.033938345,0.070591584
0.15269272,0.097392425,0.10664294,0.0857429,0.017381698,0.03451133,0.1876178,0.085677184,0.03471555,0.19762546
0.08767207,0.09809202,0.07448373,0.026935918,0.0065857377,0.06438434,0.02567114,0.1336761,0.3589029,0.12359603
0.004218155,0.08740991,0.011381668,0.035563998,0.06802705,0.04125106,0.060821217,0.13285062,0.51694494,0.041531395
0.025619928,0.035952672,0.10666214,0.12577124,0.03731469,0.022851814,0.0570329,0.054040845,0.26781,0.2669438
0.18878064,0.044911753,0.06022886,0.0863067,0.10132415,0.050170477,0.21045172,0.110527076,0.0062538865,0.14104475
0.01329689,0.15281384,0.008993034,0.008329997,0.011410404,0.072183,0.0095581105,0.051980235,0.6028722,0.06856224
0.093212426,0.13460974,0.029618166,0.041435514,0.123954736,0.16863741,0.1278047,0.061014038,0.14258201,0.07713125
0.0007116634,0.06410309,0.02418615,0.08500606,0.101879105,0.0036585263,0.05507894,0.10139794,0.33704114,0.22693738
0.04277695,0.04108943,0.033328295,0.056888703,0.23433462,0.09731604,0.13046741,0.029819567,0.22849165,0.10548732
0.1347575,0.13748667,0.07538777,0.027959587,0.07390514,0.005318411,0.0030081742,0.11523301,0.15964818,0.26729554
0.046342645,0.098872036,0.062366717,0.049807835,0.023431936,0.21939825,0.014454807,0.04958448,0.2018346,0.23390667
0.17719412,0.1257713,0.11969135,0.01318778,0.043661624,0.16315638,0.035209212,0.16570923,0.12556367,0.030855352
0.15918206,0.0817323,0.021171097,0.0325541,0.027542952,0.14353111,0.085805416,0.31390834,0.041390162,0.093182504
0.049310468,0.05208404,0.024381228,0.022640403,0.11786238,0.09546491,0.18445326,0.104832955,0.23594116,0.11302922
0.07668745,0.2023698,0.06369055,0.0845884,0.0620526,0.04489015,0.084749386,0.09803006,0.007560249,0.27538136
0.03157405,0.00096888654,0.06731796,0.1624264,0.12651715,0.19624765,0.0021984284,0.073305525,0.13836534,0.20107862
0.14623672,0.07292463,0.1500152,0.05928626,0.0015082532,0.04413889,0.09526321,0.12722316,0.2714504,0.03195325
0.068591274,0.027465515,0.22763498,0.20964316,0.03823352,0.07632843,0.042270444,0.045027867,0.19289976,0.071905084
0.059232034,0.1518779,0.09499707,0.26679897,0.032686763,0.07973994,0.048806097,0.113360584,0.05394099,0.0985596
0.09481642,0.09300151,0.13840589,0.21562326,0.04549224,0.038732417,0.11763948,0.0614182,0.009986612,0.18488397
0.09991282,0.15189482,0.10646937,0.028089616,0.051385816,0.018199176,0.22175884,0.15661344,0.106724754,0.05895134
0.05430328,0.1455806,0.16539939,0.067117445,0.267111,0.0043576206,0.063629836,0.026288303,0.11529473,0.090917856
0.08618559,0.0116290515,0.02757495,0.060006097,0.023451956,0.03716691,0.0751128,0.13144712,0.27959162,0.2678339
0.06880468,0.028267525,0.023601305,0.12106972,0.063655,0.12693198,0.031030534,0.042768016,0.45539126,0.038479976
0.024854448,0.008539861,0.02840105,0.123573095,0.08832105,0.06926158,0.08029446,0.058401335,0.35612226,0.16223083
0.044783328,0.08246271,0.075459026,0.035126958,0.07193984,0.082220145,0.0020815283,0.08531226,0.33626089,0.1843533
0.030911628,0.17847967,0.019241452,0.17126007,0.120179296,0.01791318,0.21922137,0.0017691895,0.043418605,0.19760555
0.08011042,0.06377501,0.1157679,0.07620642,0.21225065,0.05876449,0.055970315,0.018091047,0.032364726,0.286699
0.02100228,0.040917557,0.0036417327,0.03525617,0.07722219,0.20628719,0.121642925,0.031814344,0.46170777,0.00050785096
0.078635,0.12315978,0.1641628,0.03566479,0.10956064,0.15726337,0.06663143,0.076328084,0.043113623,0.14548045
0.13639908,0.09868766,0.08904521,0.068270184,0.046704657,0.09469843,0.04310302,0.020483864,0.14529745,0.25731045
0.005349462,0.05776789,0.03787483,0.1543756,0.042697303,0.16669296,0.13684548,0.043029096,0.082200214,0.27316716
0.01943756,0.05660248,0.003877523,0.05579477,0.25568897,0.10636907,0.038138002,0.03762592,0.05761902,0.3688467
0.05539386,0.077730715,0.031834573,0.039546456,0.06098103,0.057180755,0.027053436,0.029788949,0.42993078,0.19055946
0.0010945192,0.07188713,0.0032363257,0.057582173,0.12470759,0.05171495,0.02147608,0.03665696,0.36194956,0.2696947
0.020940712,0.07293294,0.038327586,0.2456404,0.11917228,0.023097819,0.050617937,0.104079045,0.11335,0.21184129
0.16144684,0.14671955,0.06683119,0.17649488,0.07116805,0.043031927,0.031381264,0.083786085,0.10250831,0.1166319
0.18301235,0.034338955,0.06829943,0.04863465,0.046394274,0.095297955,0.055382818,0.08373087,0.18947676,0.19543189
0.059878882,0.13696727,0.014235509,0.22106856,0.010537168,0.1767879,0.09565904,0.13302118,0.11315303,0.03869146
0.06566217,0.011695403,0.1343645,0.09993066,0.03301042,0.030514244,0.21221052,0.13432282,0.019556934,0.2587323
0.11229152,0.1074069,0.09990329,0.10010512,0.030402549,0.04956168,0.01616036,0.13599351,0.12603208,0.22214298
0.008684621,0.07111035,0.032678507,0.19338156,0.009761865,0.1418216,0.016900761,0.12886828,0.2698085,0.12698394
0.014253393,0.0836847,0.007635923,0.10563058,0.16539271,0.0667325,0.027311822,0.14096099,0.2505561,0.1378413
0.02200698,0.13391297,0.054617137,0.01549147,0.04930666,0.08170972,0.10975609,0.059615158,0.21755621,0.25602764
0.07760296,0.06688634,0.15288682,0.017922852,0.0062307524,0.24586274,0.060211822,0.16912457,0.07274655,0.13052459
0.03344413,0.07380253,0.11630466,0.105192944,0.048099782,0.046676878,0.056493673,0.05074122,0.27449656,0.19474763
0.0540153,0.037709158,0.016773976,0.19095337,0.3869014,0.13985561,0.11467428,0.0013997621,0.006629295,0.051087752
0.040427685,0.022704335,0.029508349,0.26823008,0.009798023,0.076282896,0.057545,0.1219423,0.27822512,0.09533628
0.031100089,0.17333685,0.03166559,0.030313201,0.07292325,0.15936817,0.0010189923,0.10542173,0.09361891,0.30123323
0.045362737,0.031950805,0.040667344,0.13537572,0.088987485,0.069398955,0.10648327,0.06145286,0.35037464,0.069946215
0.040978294,0.07683752,0.015731433,0.084878154,0.16941875,0.084853694,0.09872212,0.05630616,0.32331815,0.04895572
0.07659946,0.03241627,0.16169079,0.13848227,0.21591276,0.057814464,0.06064476,0.039740868,0.16371739,0.052980974
0.012675783,0.04746522,0.04107591,0.15777446,0.15046519,0.036973197,0.061705526,0.067666605,0.31707075,0.1071273
0.05421263,0.06446683,0.0075124614,0.0102498885,0.046664543,0.13960077,0.1330281,0.1600213,0.15177804,0.23246543
0.03199024,0.037301008,0.041652724,0.041020654,0.041816622,0.034741595,0.048724696,0.0127767,0.45656413,0.2534116
0.024318278,0.04207673,0.036415413,0.18442069,0.08176911,0.121389166,0.016504614,0.06238927,0.23213181,0.19858491
0.023762248,0.046010304,0.10546096,0.091777444,0.19964631,0.0640233,0.18131863,0.08814512,0.06642207,0.13343363
0.043939494,0.040365607,0.000702408,0.021892017,0.11235914,0.1427741,0.10640887,0.09458479,0.31453222,0.12244134
0.099925175,0.122984596,0.09445468,0.1498249,0.21217914,0.0768715,0.040393967,0.0782722,0.12161535,0.0034784926
0.038168877,0.066144034,0.06247306,0.015489796,0.21549553,0.09400099,0.028159786,0.020624023,0.095094725,0.36434925
0.045830972,0.04389881,0.15284967,0.061651994,0.11884405,0.10302314,0.385217,0.076070786,0.011211948,0.0014015432
0.011283357,0.053747557,0.026259806,0.08547485,0.12226942,0.036418054,0.03834738,0.052036818,0.29794893,0.27621382
0.11900781,0.11170935,0.0086572245,0.0956478,0.09516117,0.07063681,0.09967765,0.027583187,0.23329847,0.1386206
0.08576677,0.0001837405,0.12679392,0.2031339,0.12910102,0.070446074,0.16033657,0.08957731,0.002323647,0.13233702
0.1305987,0.04699401,0.09276912,0.20593512,0.044930182,0.013780308,0.04672643,0.03326682,0.16081741,0.22418188
0.014309855,0.073913276,0.22683322,0.22357866,0.0071925577,0.10377246,0.0423526,0.1581679,0.048531376,0.101348124
0.09231493,0.11478993,0.047092754,0.003477836,0.07877527,0.16514966,0.112530924,0.08475972,0.18769951,0.11340944
0.10373252,0.1851003,0.08819067,0.036401875,0.101077735,0.088455744,0.0059993104,0.17175004,0.02406827,0.19522355
0.15078415,0.22426042,0.06450296,0.005673885,0.0040540104,0.04625194,0.025980547,0.2280808,0.018965542,0.23144574
0.123861775,0.047965143,0.17033768,0.09549737,0.10691724,0.04480352,0.15738271,0.08583966,0.16342175,0.003973164
0.115425,0.04837962,0.07086386,0.065667294,0.0040150792,0.3780145,0.18115145,0.04025944,0.06419264,0.03203113
0.20445493,0.13704522,0.09785485,0.016908161,0.06140585,0.009795228,0.08084104,0.11688526,0.24672723,0.028082183
0.07857287,0.08814104,0.049316715,0.21043624,0.33504105,0.066059425,0.10926394,0.0056191003,0.034672096,0.022877503
0.04100028,0.10967128,0.057611436,0.08248535,0.057082698,0.10301104,0.11427718,0.15638898,0.11558059,0.16289116
0.048781253,0.031306934,0.031919483,0.09377182,0.15466987,0.045988463,0.05390377,0.1940645,0.035692524,0.3099014
0.023466736,0.116910525,0.08714093,0.11902661,0.15636808,0.25453898,0.16582195,0.036214955,0.028556138,0.011955081
0.06986319,0.053339157,0.075095765,0.17085882,0.070137285,0.049754787,0.2968822,0.058221646,0.111465506,0.044381633
0.056397405,0.08854665,0.0502834,0.15640384,0.13853477,0.15417285,0.02575664,0.02726906,0.01720225,0.28543314
0.073361866,0.1023035,0.15853202,0.08251871,0.08331602,0.052323952,0.07746773,0.012671226,0.031850614,0.32565436
0.01430508,0.02994808,0.032783505,0.21760486,0.15410356,0.13668777,0.07964655,0.043945085,0.10575321,0.18522225
