0.12580158,0.07995929,0.09645888,0.07889273,0.11158644,0.059999127,0.0337984,0.15413159,0.19735128,0.062020667
0.051427804,0.17456587,0.04628958,0.15513068,0.13955778,0.0031812985,0.14133842,0.12824072,0.11606159,0.044206224
0.0015556816,0.03720279,0.13085231,0.04745972,0.033121686,0.04103824,0.009326079,0.055753425,0.5775958,0.06609427
0.11839375,0.05255223,0.12840775,0.10532694,0.17078952,0.07132899,0.1573139,0.08058335,0.022715952,0.09258767
0.044609517,0.022461008,0.13249138,0.07529046,0.10771574,0.23574212,0.04519036,0.29624143,0.007258413,0.03299957
0.11727363,0.018199626,0.12840825,0.21748221,0.20803803,0.06438337,0.07551515,0.042217623,0.004934625,0.12354747
0.01077163,0.053932607,0.025095798,0.013979597,0.057330646,0.17048527,0.16281648,0.1239307,0.23353587,0.1481214
0.014080722,0.16498685,0.021117337,0.26962683,0.1234858,0.0691287,0.04216968,0.07694204,0.09753146,0.12093057
0.07107689,0.033216435,0.0026752313,0.12195082,0.12160472,0.13508843,0.06304231,0.036367945,0.31323543,0.10174174
0.065861486,0.102037996,0.21661441,0.109040104,0.028006325,0.036257178,0.08169916,0.06394514,0.08026805,0.21627016
0.020281462,0.012514597,0.043977257,0.13292608,0.07096364,0.06025298,0.11163325,0.12716785,0.19513686,0.22514603
0.018076397,0.075077735,0.20329411,0.12364314,0.14168353,0.057370678,0.0029172965,0.12534787,0.022428894,0.23016036
0.065127224,0.029585337,0.010520531,0.17413336,0.025649417,0.113907374,0.13235189,0.13683729,0.017092286,0.29479527
0.11685484,0.061716713,0.06575693,0.10818759,0.07090738,0.018732652,0.057351902,0.03762653,0.23506811,0.22779736
0.044476505,0.058435366,0.011676534,0.12531072,0.06286891,0.0853467,0.044531524,0.16051984,0.014817702,0.39201623
0.15112562,0.07927315,0.060230605,0.03258273,0.087502666,0.12110669,0.0949758,0.0777523,0.19163537,0.103815064
0.09385652,0.004317185,0.092310905,0.033187475,0.03909055,0.09885504,0.14989772,0.067576505,0.19868942,0.22221868
0.08450524,0.17648254,0.14756815,0.019681247,0.052168634,0.0114160925,0.10976914,0.15230232,0.029538337,0.21656832
0.07716993,0.092950165,0.112623446,0.057897944,0.12173088,0.2176347,0.17632414,0.024373485,0.056495704,0.0627996
0.15378904,0.05935543,0.026899407,0.06920582,0.025310231,0.12136013,0.27048203,0.06809304,0.018727304,0.18677759
0.079001,0.07151194,0.048290018,0.0624647,0.017994555,0.0092569925,0.00025129327,0.081069045,0.4066637,0.22349678
0.09072766,0.09775905,0.07997731,0.013701554,0.055359915,0.116154194,0.07294164,0.056811485,0.11503417,0.301533
0.066866554,0.06280845,0.109505475,0.07914703,0.280855,0.00038209767,0.012766859,0.052188937,0.04796013,0.28751948
9.926806e-05,0.13115545,0.108082,0.026890475,0.08329251,0.15889654,0.08858219,0.19131897,0.047797333,0.16388528
0.03283843,0.09116519,0.14151816,0.24004675,0.122908294,0.036584742,0.12123513,0.07824674,0.029356126,0.10610042
0.059644412,0.022433316,0.09730465,0.028285826,0.03944682,0.1330427,0.16588414,0.31982738,0.11595712,0.018173663
0.089679495,0.08618075,0.02779111,0.041012727,0.15697375,0.12582412,0.050463032,0.13664737,0.1327605,0.15266714
0.005470158,0.06698643,0.119682714,0.053345032,0.023040209,0.06668056,0.19124514,0.14876527,0.2720648,0.052719675
0.02196413,0.012348028,0.086210474,0.04373934,0.0195946,0.080106705,0.08699053,0.23619816,0.22249557,0.19035248
0.17241779,0.05426153,0.098505616,0.027592275,0.046053372,0.1442575,0.14880677,0.007226451,0.25250208,0.048376616
0.05245871,0.07147461,0.06771556,0.040507548,0.18563476,0.10817875,0.07599433,0.06248312,0.13016412,0.20538849
0.029526478,0.11124634,0.053408884,0.06276238,0.028878678,0.042065512,0.0041552065,0.07538448,0.33779144,0.25478056
0.08825509,0.098351024,0.06002595,0.080742575,0.03498732,0.09069895,0.13096724,0.06920947,0.32332033,0.023441993
0.0031386777,0.041131344,0.020248935,0.02655087,0.21040046,0.23703009,0.05736772,0.08018129,0.1267445,0.19720611
0.18156883,0.10863198,0.19523858,0.03133785,0.016636934,0.04522824,0.06715043,0.117334,0.10126563,0.13560756
0.04823401,0.061321035,0.16054134,0.05136089,0.060503293,0.32427692,0.061291065,0.13938425,0.049870692,0.0432165
0.12416816,0.109472096,0.14237557,0.07483933,0.0130115235,0.1791837,0.018781364,0.10634723,0.101414554,0.13040647
0.019145753,0.04993972,0.016153593,0.021613343,0.0903379,0.104021385,0.18699987,0.10372802,0.15982579,0.24823461
0.06060432,0.033951547,0.038451612,0.19818969,0.0151516,0.092997275,0.09272262,0.21039955,0.25649372,0.001038066
0.10872809,0.036821384,0.055777285,0.14779961,0.013539317,0.12953393,0.11381695,0.11892219,0.07741291,0.19764838
0.014474028,0.124440454,0.042671062,0.011556863,0.11287953,0.18699895,0.020934362,0.017234067,0.4249769,0.043833766
0.048294954,0.055679854,0.04465781,0.059759438,0.14151844,0.2627443,0.08155603,0.06193708,0.2308248,0.013027269
0.015318671,0.22667119,0.01285009,0.13040063,0.018166665,0.1177231,0.059777472,0.011072982,0.38409257,0.023926627
0.022113917,0.12866256,0.109142266,0.048848122,0.0018033313,0.17353547,0.11003461,0.065738484,0.32152343,0.018597823
0.021256544,0.053278483,0.11139498,0.0034355253,0.110337734,0.097895876,0.09816804,0.067678586,0.29662353,0.13993067
0.12813155,0.11123946,0.0882774,0.016335255,0.038970284,0.019051848,0.116796605,0.17647503,0.25151634,0.05320625
0.024491247,0.018708775,0.12855335,0.007747211,0.18532023,0.16024819,0.029139526,0.039041676,0.3308635,0.07588631
0.149661,0.045611683,0.024135964,0.05151408,0.09294069,0.044792693,0.09881373,0.104661696,0.32851854,0.059349936
0.029407928,0.12888099,0.112418436,0.17608954,0.11056172,0.00075358525,0.06777318,0.0016244547,0.25575387,0.116736285
0.10575884,0.06524411,0.12774217,0.030393532,0.13236296,0.105671205,0.13109317,0.0802185,0.19182104,0.02969447
0.17730768,0.17082937,0.22128536,0.1692157,0.00564352,0.05513279,0.06139563,0.08370786,0.03612121,0.019360876
0.053533245,0.018254261,0.16065103,0.07615683,0.061240405,0.37309328,0.022178553,0.06278652,0.008102462,0.16400346
0.034976333,0.0678427,0.022244142,0.084158026,0.07499868,0.1953965,0.07661495,0.02518604,0.29215124,0.12643147
0.11153184,0.14509086,0.0957391,0.0656596,0.052045833,0.045821313,0.16895038,0.09349141,0.119019754,0.102650024
0.0432677,0.11955873,0.039886415,0.029074667,0.053086434,0.17137572,0.1403199,0.009168947,0.23511916,0.15914229
0.020804342,0.1658175,0.08509839,0.028379608,0.12352529,0.06847814,0.03931792,0.14392045,0.09560215,0.22905621
0.053240694,0.16823512,0.007848829,0.08837474,0.10599315,0.058745075,0.117487796,0.09409847,0.12219345,0.18378268
0.17087895,0.07728688,0.002219752,0.044466957,0.14846033,0.16990097,0.0015071005,0.047563955,0.29631758,0.041397486
0.13708915,0.109469175,0.0037244176,0.04549419,0.034950763,0.059863452,0.12583394,0.24021116,0.008589129,0.23477459
0.032236118,0.036286317,0.021905417,0.1621892,0.120786615,0.028249778,0.073223285,0.11263967,0.11635458,0.29612902
0.16068624,0.06451071,0.12192474,0.109829254,0.12147388,0.16327415,0.102729835,0.018046038,0.049825527,0.08769962
0.05502787,0.040729046,0.059011735,0.031205956,0.019604892,0.05543243,0.09503543,0.10244058,0.46967196,0.07184011
0.20516804,0.11705054,0.062215127,0.0628983,0.033309065,0.18456042,0.07842447,0.04128663,0.028932055,0.18615536
0.1306759,0.026419071,0.07018516,0.09889937,0.015026364,0.110781066,0.081538804,0.00097477203,0.43149176,0.034007747
0.028868502,0.02224912,0.12714365,0.15250209,0.12436724,0.11828001,0.047246005,0.057926226,0.16950399,0.15191317
0.08057736,0.071721464,0.042144418,0.11950242,0.039907604,0.042300224,0.13962217,0.24662517,0.10843336,0.10916582
0.0627884,0.012542108,0.10620651,0.1512165,0.09042443,0.040155973,0.045631606,0.07850824,0.40263173,0.009894479
0.064458735,0.009776576,0.014919486,0.016820535,0.07922765,0.14283001,0.051913533,0.06360029,0.23086381,0.32558936
0.06356488,0.009329574,0.017749302,0.0976506,0.12802094,0.07560138,0.1649335,0.209006,0.057069093,0.17707473
0.03662698,0.12962025,0.025758768,0.1472999,0.14909603,0.17370526,0.08426858,0.10168923,0.07710124,0.07483378
0.14797005,0.168027,0.029781919,0.07959457,0.06425604,0.039999746,0.28884724,0.0058507635,0.05064883,0.12502384
0.062700436,0.036950175,0.0025679234,0.055676673,0.12566872,0.06638556,0.08797127,0.09708339,0.23101948,0.23397633
0.21843775,0.014179463,0.10627859,0.042455956,0.016592737,0.013001522,0.30075815,0.03615635,0.10549114,0.14664833
0.123711765,0.04014384,0.05169974,0.112078294,5.8910442e-05,0.022082534,0.05196243,0.056104574,0.31536722,0.2267907
0.03592815,0.013843176,0.07441464,0.04766639,0.15398298,0.16115658,0.037235815,0.088166066,0.27048147,0.11712473
0.061110955,0.023798691,0.05254478,0.0859701,0.059301347,0.03295713,0.064742245,0.15885817,0.192656,0.2680606
0.06370443,0.034340974,0.06924219,0.0054911086,0.12405038,0.08255939,0.16067801,0.13720839,0.3104506,0.01227452
0.03476297,0.05645903,0.02260287,0.11186589,0.016835023,0.21371831,0.1820679,0.1603114,0.17148577,0.029890833
0.118447006,0.2153724,0.079634555,0.09688884,0.0018173256,0.0094347065,0.08172671,0.053908136,0.20895202,0.13381827
0.048152477,0.08566274,0.058244735,0.046604592,0.023683006,0.0875938,0.07258286,0.03682311,0.38023543,0.1604172
0.018848278,0.08032865,0.10426054,0.17912202,0.013671175,0.0058932262,0.18656649,0.16397086,0.044807296,0.20253147
0.008032709,0.13154665,0.01562874,0.028315496,0.034138266,0.051196445,0.03846844,0.1663346,0.20530665,0.32103205
0.07736547,0.06431228,0.08483993,0.07521444,0.0028671145,0.006117674,0.090230495,0.06817381,0.22025281,0.31062597
0.0017520806,0.017571064,0.060432646,0.09779518,0.07992038,0.05673437,0.1683791,0.0019308067,0.08997835,0.42550603
0.14977928,0.06274868,0.11411578,0.0034951854,0.2181863,0.06416457,0.11467767,0.053089574,0.21797839,0.0017645815
0.12121391,0.06264748,0.0935499,0.0057396647,0.32271013,0.032180067,0.04583913,0.14304967,0.1582452,0.014824841
0.21986115,0.1834912,0.103108354,0.05005981,0.09007348,0.057459466,0.0751708,0.09190461,0.039603274,0.08926789
0.04666455,0.19517288,0.040518485,0.0437803,0.06813956,0.2445754,0.046041217,0.16668032,0.08195372,0.066473566
0.076572284,0.019003883,0.013428774,0.10497813,0.11637475,0.13047363,0.0008779196,0.15326916,0.012186415,0.37283504
0.056564305,0.049266316,0.056432508,0.05610935,0.07977869,0.06198879,0.089174226,0.080957204,0.19493495,0.27479365
0.005843986,0.10124466,0.06719647,0.072368205,0.10167582,0.0672263,0.10573437,0.027547443,0.35327378,0.09788898
0.018760838,0.11041448,0.029826218,0.010828372,0.0064170016,0.22041008,0.05310813,0.12378201,0.1063232,0.3201297
0.077387184,0.08243566,0.10122261,0.12774692,0.14266169,0.14380565,0.07353641,0.18855408,0.018293964,0.044355825
0.061450135,0.094892174,0.040166758,0.13977282,0.0874841,0.035645835,0.09501452,0.19170028,0.010620642,0.24325275
0.30438524,0.08354711,0.037432592,0.029894188,0.0074605565,0.22210115,0.04676476,0.0239452,0.14852606,0.09594313
0.1181725,0.12077068,0.06631127,0.06346985,0.060304996,0.09356171,0.040718947,0.065750055,0.31704995,0.05389006
0.019094475,0.1650409,0.05813314,0.18469785,0.19880511,0.09609107,0.012174873,0.014306136,0.22033167,0.0313247
0.019985575,0.04456212,0.05658901,0.055316843,0.0075455415,0.14526094,0.05928179,0.12751618,0.34904483,0.13489723
0.13898093,0.04094586,0.019507494,0.13511147,0.1341825,0.08610165,0.011030053,0.09400456,0.24778405,0.09235145
0.08614372,0.08785893,0.023245236,0.054636862,0.11047593,0.070113316,0.007466778,0.119580284,0.4037799,0.036699045
0.16744728,0.026031947,0.036363825,0.0037017886,0.19136432,0.041338887,0.09633886,0.090701155,0.11182318,0.23488876
0.010632317,0.08235211,0.1348213,0.10897153,0.062325194,0.02271667,0.1854227,0.070563935,0.18579069,0.13640358
0.08179541,0.1656935,0.09237788,0.009249617,0.049402036,0.06259672,0.09942663,0.14899471,0.20358536,0.08687814
0.041307937,0.027778216,0.022037897,0.20802982,0.05523329,0.07965866,0.07482434,0.12815411,0.24016333,0.12281241
0.048310798,0.12428041,0.00033116696,0.18627532,0.035316363,0.08122302,0.09962803,0.0570103,0.143465,0.22415954
0.027627787,0.12664981,0.010303199,0.025480965,0.047807902,0.21629277,0.060047727,0.081204996,0.05320421,0.35138062
0.024072705,0.06888449,0.06537558,0.03796263,0.07729265,0.24844347,0.12006638,0.22381519,0.041568086,0.09251877
0.0060085417,0.0057528457,0.020772269,0.118511066,0.11226677,0.043091457,0.048694804,0.11876541,0.42512068,0.101016134
0.15719758,0.0070852623,0.015014625,0.042004447,0.070980236,0.061431635,0.13230778,0.08332557,0.327439,0.10321385
0.04480528,0.0649455,0.046273332,0.18475921,0.026848083,0.017433869,0.09186413,0.1977426,0.2386056,0.08672238
0.016903177,0.008455561,0.05167435,0.011240158,0.07101699,0.07628363,0.20609173,0.0933355,0.39135984,0.07363908
0.08055144,0.046474516,0.050537944,0.048129417,0.13476786,0.028457195,0.020843219,0.03692614,0.2539391,0.29937318
0.06632139,0.015026832,0.042056713,0.0991009,0.29724813,0.010924195,0.10409001,0.11240805,0.21280198,0.040021844
0.08710479,0.11997393,0.09893166,0.124716796,0.034208518,0.17296907,0.07711687,0.0014928269,0.10496586,0.17851967
0.12892851,0.02600142,0.16272631,0.05127485,0.066582374,0.041009657,0.030535815,0.2591372,0.012571156,0.22123268
0.06458475,0.031185593,0.08485434,0.06936777,0.1431611,0.13706987,0.15123898,0.05122254,0.16176724,0.10554782
0.049196735,0.03914106,0.06852429,0.020655693,0.12551151,0.000809282,0.07575301,0.06514843,0.34500962,0.21025032
0.12002233,0.014777154,0.09123034,0.10976293,0.14407063,0.08064929,0.09352489,0.051907353,0.1343995,0.15965563
0.18598345,0.056748267,0.02306858,0.09091514,0.057768136,0.06673026,0.03665352,0.10010193,0.21837269,0.16365802
0.017660877,0.03306397,0.036178622,0.10150946,0.14011486,0.08862676,0.23752058,0.02349519,0.006787513,0.3150422
0.08728512,0.034300815,0.10941877,0.055226937,0.116717085,0.022323422,0.067647286,0.16548349,0.19260868,0.14898837
0.20374446,0.058913965,0.2276892,0.03092533,0.012323927,0.137452,0.05724015,0.08381172,0.15018052,0.037718732
0.086803086,0.0654669,0.103899315,0.063011944,0.10435534,0.016089996,0.03149481,0.056868896,0.16968799,0.30232167
0.032729633,0.14746994,0.03692985,0.09583601,0.09950433,0.12426348,0.0140376,0.06263827,0.37940636,0.0071845422
0.036174938,0.052993663,0.018677332,0.30244362,0.10314145,0.048129436,0.013269781,0.04348896,0.12656252,0.25511828
0.14990032,0.02035237,0.024177253,0.03554955,0.030611478,0.058132794,0.22100914,0.099593975,0.3601562,0.00051688583
0.04643083,0.12263416,0.027395234,0.22242622,0.027547691,0.06327018,0.055136498,0.18960951,0.03748047,0.2080692
0.030036982,0.0034631283,0.0029332296,0.11559754,0.081032254,0.23107658,0.12971163,0.00030894694,0.23820797,0.16763173
0.06681489,0.14200108,0.043646477,0.0117763225,0.037231684,0.14295687,0.09775842,0.01720524,0.38108692,0.059522104
0.07885837,0.15964516,0.057190277,0.14072709,0.088490024,0.06740251,0.05470191,0.13065436,0.18261679,0.039713494
0.033038683,0.08253839,0.063328475,0.06648167,0.06047623,0.1586154,0.060626823,0.18543124,0.18761754,0.10184553
0.029647274,0.013688847,0.06668333,0.1632868,0.062373444,0.3224208,0.051829737,0.18905357,0.01407502,0.08694116
0.06637216,0.03221608,0.033015113,0.1300728,0.25887397,0.087564155,0.14179388,0.10114487,0.045118466,0.103828475
0.074646875,0.012232845,0.05789159,0.111571446,0.03549879,0.084947936,0.05743242,0.22146916,0.13446704,0.20984192
0.07706559,0.11048516,0.0025355718,0.09434849,0.01876076,0.024873221,0.09065021,0.05782806,0.39258727,0.13086568
0.07119633,0.09422649,0.003663309,0.17659003,0.08417048,0.07388254,0.021730337,0.0031052795,0.17001079,0.3014244
0.06734403,0.050124954,0.06521914,0.15686543,0.06027956,0.057788398,0.021878794,0.12891,0.3704265,0.021163223
0.10131412,0.07173577,0.05574118,0.0011662206,0.22098875,0.06458905,0.091346696,0.018950429,0.20112196,0.17304583
0.111836895,0.015100063,0.018021986,0.14495009,0.22215477,0.010483618,0.10090191,0.08510403,0.08757343,0.2038732
0.073985085,0.021137584,0.015213914,0.12217073,0.12092859,0.04820953,0.07156081,0.057628985,0.41683552,0.052329253
0.036035895,0.1158584,0.065032266,0.15067732,0.16249193,0.16343819,0.10374247,0.010117177,0.09996792,0.09263843
0.09228091,0.099831805,0.08234486,0.010710476,0.2872183,0.17857245,0.022835145,0.10028111,0.03979595,0.08612898
0.046358317,0.09303657,0.006356105,0.11987349,0.026621047,0.022132099,0.16542506,0.09806847,0.32421955,0.09790924
0.07020187,0.073694386,0.05504093,0.067016326,0.049422942,0.07552382,0.10950127,0.076059304,0.41354942,0.009989641
0.033257216,0.088762686,0.01784,0.09009213,0.012748146,0.1619293,0.21046075,0.033547916,0.10734556,0.2440163
0.057927758,0.037229687,0.0077235308,0.13979225,0.09141927,0.17333817,0.032043055,0.026283478,0.28119707,0.15304571
0.09528613,0.073478654,0.12110456,0.16513118,0.046678133,0.01836783,0.088223256,0.09005963,0.055682577,0.24598804
0.11667598,0.049166843,0.018456273,0.1661077,0.11350603,0.18281756,0.16119422,0.08589782,0.09152913,0.014648441
0.03899083,0.08293598,0.020633249,0.07253893,0.012336206,0.10049611,0.1591818,0.112849325,0.29789272,0.10214483
0.037376806,0.11264259,0.07377898,0.03436009,0.032473713,0.20419349,0.046071768,0.16414407,0.13629277,0.15866572
0.058189005,0.28302082,0.009511437,0.04681281,0.036129013,0.11354755,0.11317858,0.018034732,0.10288289,0.2186932
0.10980694,0.09116904,0.021109903,0.017355818,0.19809861,0.039389253,0.06524693,0.10196713,0.31870916,0.03714719
0.04628423,0.057599887,0.10344563,0.08750064,0.083019026,0.18797079,0.109972134,0.091332994,0.0052799652,0.22759467
0.015595786,0.19830775,0.098417334,0.14299841,0.1602616,0.043412343,0.0072598616,0.03279283,0.06520795,0.23574612
0.00868785,0.034488246,0.11893274,0.12869708,0.020972436,0.10561629,0.14612602,0.072409235,0.26344773,0.10062237
0.014340564,0.06103343,0.07346886,0.038644128,0.015896618,0.2011412,0.20534047,0.010638876,0.24190193,0.13759391
0.18805672,0.18155655,0.009366733,0.04952009,0.20176305,0.07344361,0.10466003,0.08861306,0.055367734,0.04765239
0.27780953,0.009312906,0.048168126,0.023130218,0.14518909,0.019596877,0.06799384,0.08769531,0.19248374,0.12862042
0.04041656,0.07138658,0.14435604,0.090315536,0.034994114,0.06743735,0.20109162,0.05542324,0.093395464,0.2011835
0.019623376,0.065638505,0.103569746,0.09374098,0.14331524,0.123008184,0.084827855,0.002062148,0.13555653,0.22865741
0.12686501,0.12469231,0.0054699276,0.06991486,0.009920686,0.04801435,0.006130303,0.20288362,0.25545505,0.1506539
0.13882959,0.0062224925,0.060568806,0.0022680128,0.09654491,0.024013603,0.15378918,0.023797778,0.49020725,0.0037583828
0.049153205,0.029969798,0.009548417,0.14371882,0.009148092,0.0019102341,0.1080765,0.15196146,0.28658918,0.2099243
0.035616603,0.110703535,0.0016117343,0.006111614,0.12039787,0.08400841,0.11220511,0.086621225,0.27898088,0.1637431
0.10362182,0.08962344,0.08369924,0.119840905,0.17403696,0.005081345,0.032289013,0.15296687,0.1905864,0.048254
0.051835123,0.18198523,0.0006119117,0.13066375,0.07218115,0.04669175,0.015158936,0.0192875,0.32067227,0.16091233
0.12443161,0.011990878,0.08352321,0.15233058,0.2802574,0.009409005,0.12814377,0.007914295,0.006283491,0.19571576
0.029609054,0.015652368,0.07672767,0.13373116,0.12549715,0.033122763,0.16548526,0.08776962,0.049888454,0.28251648
0.1867446,0.09422821,0.026717167,0.18303151,0.08752249,0.05119855,0.029649856,0.046960007,0.24382536,0.050122257
0.036506966,0.059006706,0.015783431,0.0007812736,0.09207628,0.24872494,0.14947438,0.05461118,0.33483034,0.008204484
0.047017843,0.015807852,0.05171437,0.2851988,0.14384894,0.03295981,0.01159569,0.07429614,0.0016005965,0.33595997
0.12301122,0.10292031,0.032007497,0.16886029,0.08787918,0.07886776,0.057071377,0.027823633,0.2641052,0.057453543
0.13584688,0.011431418,0.008611745,0.02878235,0.17140028,0.053118236,0.0037224782,0.13440995,0.43011442,0.02256224
0.1264538,0.056185786,0.076552495,0.035788205,0.16849704,0.15558958,0.085179955,0.03202884,0.13688752,0.1268368
0.14846943,0.07118133,0.005304343,0.054672137,0.060333908,0.12305555,0.112228885,0.11844867,0.14341329,0.16289246
0.022953149,0.10333817,0.17290436,0.023328984,0.017266622,0.09733391,0.338446,0.18289696,0.0019625158,0.039569344
0.14290516,0.14328146,0.08492702,0.10605797,0.0977707,0.020670537,0.056880113,0.19086531,0.115158066,0.041483693
0.05966911,0.015297966,0.11448932,0.14478278,0.10970589,0.03732639,0.35187882,0.05550609,0.10277697,0.008566664
0.0057230205,0.12772287,0.020632958,0.08118853,0.033827905,0.085102886,0.18773685,0.24770296,0.13853681,0.0718252
0.042346887,0.006501425,0.098205954,0.06579263,0.10648704,0.019525042,0.039904043,0.075890936,0.34538993,0.19995613
0.02802173,0.057071198,0.09498128,0.19044131,0.19745582,0.11317604,0.12307883,0.04523788,0.05836326,0.09217266
0.015731018,0.021555431,0.0051094797,0.15383644,0.10683283,0.07422805,0.17262085,0.13539594,0.23497297,0.07971698
0.10535938,0.26735914,0.12431314,0.12136849,0.050540537,0.010725029,0.05467164,0.013691768,0.11519297,0.1367779
0.082358465,0.021671997,0.036326226,0.16842191,0.0685059,0.22372027,0.062819324,0.16114518,0.0529808,0.122049876
0.017510308,0.040206626,0.11859329,0.19054636,0.17464367,0.07632358,0.06297935,0.01641471,0.28626648,0.016515637
0.08199654,0.03798125,0.0053362274,0.08138503,0.16482973,0.16656175,0.04910125,0.08081297,0.1722892,0.15970606
0.019860735,0.043701135,0.05110219,0.0037957316,0.1290743,0.06839123,0.17270058,0.20782939,0.23056276,0.07298193
0.041011874,0.0009457991,0.055889074,0.05951264,0.06280183,0.15852171,0.07056239,0.050177477,0.30078375,0.19979346
0.036519587,0.10529359,0.1527725,0.21216272,0.033586014,0.017247105,0.017057743,0.028169991,0.28814617,0.109044574
0.13162325,0.16859809,0.09929015,0.069156654,0.0031765918,0.0058420915,0.008239177,0.10161398,0.14094086,0.27151915
0.073425084,0.11849353,0.050720505,0.18349086,0.13069312,0.118922114,0.0031424013,0.04293801,0.27184507,0.0063293152
0.048471533,0.046329502,0.14387363,0.14340262,0.09583069,0.22917798,0.055414207,0.034802176,0.0044062156,0.19829147
0.100677244,0.027294168,0.040712055,0.010423423,0.0067913174,0.027804822,0.023257969,0.059139933,0.2513668,0.4525323
0.008318492,0.10036615,0.067796096,0.06348093,0.04186826,0.049448073,0.176433,0.32041445,0.08622404,0.085650556
0.05985576,0.0532058,0.030426499,0.18299517,0.15663877,0.14039648,0.07281067,0.087087244,0.1312723,0.085311286
0.068650834,0.060640566,0.05814936,0.1266628,0.11892212,0.05391219,0.07267324,0.04464178,0.26295483,0.13279228
0.056318857,0.018495807,0.1430143,0.07023529,0.0025349418,0.18675384,0.15148409,0.3081783,0.017754637,0.045229934
0.04009664,0.11010782,0.012826061,0.018814037,0.13612084,0.11837834,0.00414117,0.17971684,0.32565823,0.054140005
0.122758396,0.040772103,0.012725666,0.0970406,0.060394473,0.17059384,0.09313327,0.14049387,0.26094073,0.0011470413
0.0070555867,0.10777104,0.034296513,0.07282014,0.19491877,0.18156077,0.049281172,0.03884884,0.05196103,0.26148614
0.15529034,0.17663765,0.12718844,0.00093948713,0.29715323,0.09796986,0.067191884,0.0014284828,0.037478108,0.038722496
0.17216219,0.112070635,0.01325374,0.08339454,0.1028156,0.024771512,0.11132925,0.08127635,0.26323146,0.035694726
0.05271586,0.15428889,0.017110677,0.2689624,0.02264822,0.14346191,0.013995992,0.07454333,0.047949605,0.20432314
0.0341655,0.04197426,0.02994508,0.06602566,0.05559419,0.16833873,0.16286057,0.0011584602,0.29749468,0.14244287
0.071136214,0.1315999,0.105215594,0.0067069945,0.1646162,0.19613573,0.015833149,0.22471122,0.06282347,0.021221519
0.13247421,0.30933347,0.2990799,0.033742875,0.009796437,0.10280561,0.067655526,0.0034457692,0.041197322,0.00046889373
0.09758507,0.19930902,0.01188354,0.052120816,0.09443638,0.24298377,0.11215261,0.041725203,0.13884947,0.008954159
0.15515739,0.07127281,0.004309746,0.09236269,0.001808089,0.16079375,0.07001631,0.23174393,0.104154624,0.10838066
0.13388067,0.0740059,0.084220566,0.059710782,0.06850149,0.1701104,0.0057452307,0.018349277,0.05795226,0.32752347
0.20106186,0.1250935,0.09699845,0.10330622,0.03817572,0.122822315,0.06911982,0.013064921,0.041529752,0.18882743
0.04537945,0.10422176,0.22786507,0.026463436,0.009026563,0.013208658,0.17226788,0.09733766,0.2807378,0.023491677
0.017506447,0.071333826,0.072750814,0.05107388,0.24866247,0.06718778,0.063829124,0.051476214,0.18956728,0.16661216
0.16334659,0.026655888,0.06972618,0.17061383,0.09359478,0.06854301,0.01652597,0.047805175,0.26567268,0.07751588
0.07198789,0.009090689,0.07594115,0.041185174,0.15263508,0.014547314,0.16707756,0.009989292,0.100220226,0.3573256
0.23387182,0.10375396,0.033965327,0.02128436,0.18055347,0.23966105,0.034770988,0.10207432,0.048969682,0.0010950142
0.17651483,0.03389055,0.027160682,0.031613804,0.11991147,0.13609715,0.01853916,0.07978563,0.048134744,0.32835194
0.040000144,0.011864891,0.08234272,0.0399353,0.013577625,0.09464398,0.084404245,0.050842762,0.56242526,0.019963102
0.042544723,0.017980196,0.11448977,0.0038085566,0.038701456,0.07443596,0.089301266,0.20639244,0.2419015,0.17044413
0.04115663,0.015910463,0.032870255,0.1408076,0.18237069,0.030705927,0.059940577,0.09287716,0.18806562,0.21529514
0.0061894045,0.1694723,0.06927335,0.2091887,0.14197274,0.006970852,0.1462056,0.0075730467,0.042993948,0.20016004
0.12096298,0.059346158,0.10579155,0.1834173,0.14600176,0.018846717,0.04966037,0.021123162,0.22844446,0.066405565
0.02992747,0.025330432,0.13737215,0.10854915,0.08209473,0.03167459,0.16131988,0.19433902,0.022823095,0.2065695
0.034101535,0.08631665,0.013428822,0.24267256,0.098638944,0.06848515,0.038759414,0.18512368,0.23222432,0.00024891144
0.086122945,0.024056653,0.08887626,0.004613076,0.12445474,0.26507396,0.072250895,0.1649146,0.07455919,0.09507773
0.0289263,0.12000623,0.007724078,0.008694097,0.088961646,0.022606323,0.12856758,0.04155326,0.35589352,0.19706698
0.010689498,0.13806985,0.07145104,0.15636186,0.02451347,0.0075491685,0.055822626,0.097025506,0.29728004,0.14123695
0.049681656,0.083067745,0.03879146,0.07283147,0.12356155,0.07165031,0.035357628,0.09789305,0.3043414,0.12282379
0.015875809,0.078460924,0.095815055,0.053479653,0.17125364,0.13113394,0.024270065,0.064738214,0.18283206,0.18214059
0.0144217545,0.008389255,0.0614429,0.054175228,0.15625937,0.018028203,0.23458189,0.13220897,0.3186064,0.0018860291
0.007661685,0.1004094,0.08244046,0.054820523,0.08354429,0.14652777,0.08551917,0.20146073,0.2001916,0.03742435
0.00024382092,0.11169702,0.010686609,0.0737231,0.10825033,0.28913137,0.055349417,0.012431527,0.10091816,0.23756865
0.0693312,0.052059144,0.011670868,0.12998657,0.15353763,0.24486849,0.069982156,0.0047858255,0.18658379,0.07719434
9.68808e-05,0.024293827,0.012735718,0.2006475,0.08860957,0.046164185,0.14402418,0.07894021,0.3485087,0.055979226
0.026099494,0.0791533,0.042296495,0.13519779,0.011569058,0.035666432,0.11284205,0.19035536,0.1187958,0.24802423
0.18418258,0.027720239,0.1740285,0.1286744,0.11604808,0.08992152,0.07589203,0.1761058,0.02093931,0.0064875246
0.1392013,0.037793327,0.047172405,0.07143031,0.035238784,0.16741435,0.15513596,0.11122858,0.062258083,0.1731269
0.06694862,0.14383791,0.050390355,0.11844886,0.06979481,0.051228296,0.006366874,0.08392449,0.28866073,0.12039904
0.12813209,0.037881777,0.00031684234,0.01435013,0.16876934,0.08258127,0.16629572,0.11887223,0.13824716,0.14455342
0.13308811,0.17498995,0.09555521,0.02863414,0.0036075404,0.063508816,0.1361061,0.05490982,0.16297394,0.14662638
0.115629904,0.013159221,0.042229228,0.014665001,0.03973794,0.25924814,0.1101286,0.18628842,0.18473463,0.034178935
0.15570278,0.052511953,0.15312971,0.16531539,0.07686143,0.06753249,0.022161175,0.09824947,0.038682487,0.16985314
0.1698907,0.110439934,0.083517194,0.092775255,0.107116744,0.092215896,0.05447521,0.18228388,0.10422792,0.003057256
0.1609311,0.050103594,0.015820058,0.113081746,0.021054618,0.047858294,0.08414262,0.19756913,0.30568582,0.0037530148
0.052993815,0.13637376,0.020407794,0.092831515,0.20738444,0.28197208,0.021209411,0.07530201,0.05636989,0.055155285
0.0054998305,0.01776509,0.01924963,0.03737069,0.13006356,0.09237016,0.2610894,0.17538375,0.06576907,0.1954388
0.12601778,0.09777545,0.17799781,0.16806307,0.061081138,0.13510357,0.04232092,0.019796612,0.013340436,0.15850322
0.09705108,0.13295989,0.063669786,0.05604429,0.024178453,0.093053736,0.071612105,0.086526886,0.34997013,0.024933685
0.04565025,0.055132188,0.046549853,0.059875004,0.0949892,0.036719434,0.17545141,0.0655207,0.20435727,0.21575461
0.12857273,0.04608635,0.06189265,0.18450716,0.10969338,0.09963451,0.10903262,0.043460675,0.17768191,0.039438017
0.03120537,0.0456245,0.16984668,0.2805159,0.061844796,0.065473504,0.062393554,0.10318891,0.16696122,0.012945529
0.06581805,0.10045769,0.044771627,0.10560334,0.11021562,0.124561176,0.17474969,0.058983374,0.1851402,0.029699273
0.031805895,0.028814986,0.008512269,0.10191092,0.2818886,0.14809816,0.23332958,0.012311473,0.055046737,0.098281376
0.1448496,0.26295957,0.007942414,0.1258204,0.124098025,0.0614652,0.0009945261,0.09981531,0.12249886,0.049556106
0.16577633,0.11951733,0.04574173,0.057822514,0.02711905,0.17593634,0.019815207,0.03744922,0.19057234,0.16024996
0.0444534,0.015244295,0.019351475,0.07604021,0.016449388,0.1084245,0.13348675,0.014135125,0.33542418,0.23699068
0.034498036,0.04491758,0.21679412,0.018547794,0.09861092,0.1276293,0.16782992,0.020557215,0.11890385,0.15171127
0.049222805,0.122886635,0.0030319355,0.059030693,0.14664891,0.015962241,0.3172985,0.042654835,0.23891899,0.0043444345
0.0695819,0.0069970395,0.023249548,0.097768016,0.13460776,0.21451548,0.10708733,0.24624223,0.06072469,0.039226007
0.15610865,0.04541012,0.090733305,0.13123816,0.13105904,0.0745186,0.06735749,0.23565455,0.05223712,0.015682982
0.12958348,0.09433414,0.023976358,0.0451549,0.08456284,0.036528274,0.14412837,0.21832336,0.04482765,0.17858063
0.0022911457,0.06806055,0.037958913,0.008230351,0.07968531,0.24367936,0.0670366,0.31211847,0.06884014,0.1120992
0.07118058,0.090453014,0.05306189,0.14418116,0.08547749,0.0959092,0.19205561,0.06226687,0.20477724,0.0006369247
0.12296976,0.036843397,0.12985207,0.028794212,0.08577322,0.07484794,0.14195013,0.06555472,0.0862597,0.22715491
0.10973028,0.12593623,0.04053321,0.18654564,0.1039332,0.029082943,0.06290048,0.04104243,0.13702767,0.16326793
0.12125459,0.031128794,0.09518498,0.0098735895,0.037245926,0.12091227,0.14004101,0.038924262,0.33869046,0.06674413
0.09602302,0.029904699,0.05162388,0.03960507,0.22147734,0.08276446,0.13184863,0.19658205,0.004488251,0.14568259
0.086587034,0.0045213206,0.07871189,0.15185724,0.20697123,0.105211236,0.050248366,0.13365258,0.05579072,0.12644836
0.17209691,0.03983008,0.107046366,0.03601636,0.12315727,0.120076455,0.0069768033,0.07262123,0.3009293,0.02124921
0.13099235,0.10159597,0.07746983,0.07854999,0.014075357,0.14892803,0.028826267,0.17265268,0.20558074,0.041328777
0.024077315,0.0010360837,0.00482546,0.098660834,0.10250779,0.00025153477,0.35548544,0.068814114,0.22673926,0.117602184
0.12650985,0.13279338,0.12252373,0.1846151,0.13430928,0.13225569,0.025770675,0.012365673,0.0795588,0.04929779
0.06598801,0.067540556,0.014160458,0.034639258,0.07455814,0.068255335,0.13398284,0.14464709,0.18261872,0.21360958
0.15805393,0.030560855,0.20143464,0.2693036,0.08133168,0.017474672,0.1604679,0.06309228,0.003608873,0.014671613
0.019984974,0.072986856,0.11326127,0.083808176,0.101634964,0.16796526,0.16754343,0.036675587,0.05160244,0.18453705
0.08279254,0.07311567,0.0658854,0.02927084,0.0046534385,0.028668253,0.009131415,0.124435745,0.47433284,0.10771388
0.16382101,0.16005456,0.017911976,0.11842126,0.07368143,0.0040707225,0.099647544,0.11689445,0.04007568,0.20542134
0.18097466,8.513303e-05,0.17020728,0.22336294,0.12013273,0.0024812848,0.047754068,0.010035868,0.21634308,0.02862297
0.08859125,0.02816312,0.0016801597,0.08036981,0.07565042,0.20397359,0.16609384,0.122885115,0.08575849,0.14683421
0.055263955,0.06541264,0.18617529,0.055107273,0.11055847,0.00010223134,0.14454275,0.15354078,0.07685602,0.15244061
0.037594534,0.03609296,0.029488573,0.0072377482,0.23426308,0.040302347,0.24674834,0.18625224,0.109260686,0.07275948
0.016928108,0.20306817,0.0009736388,0.17465727,0.18936548,0.0067062126,0.09731239,0.05865417,0.03712605,0.2152085
0.14368045,0.039850637,0.07073011,0.08197188,0.11255707,0.21276796,0.11816656,0.024526188,0.12058156,0.0751676
0.067739524,0.08142343,0.014062638,0.0470665,0.17361616,0.063892394,0.21985833,0.11687226,0.17602055,0.03944826
0.1859608,0.14368093,0.09142233,0.122484885,0.036190692,0.08592878,0.12742296,0.111047216,0.09384263,0.0020188545
0.21666367,0.10330479,0.017839905,0.061221402,0.061212648,0.028531581,0.18062112,0.18593286,0.121729225,0.0229428
0.029837845,0.09271096,0.19982424,0.029841686,0.08581204,0.16010198,0.16532834,0.015797077,0.21309398,0.007651796
0.025324862,0.10676553,0.08257655,0.111097604,0.16895363,0.19351354,0.11753518,0.04089173,0.092145234,0.061196122
0.031183919,0.029618049,0.10402216,0.02835232,0.08879702,0.18457718,0.0613768,0.1224078,0.15268768,0.19697706
0.10395864,0.11717758,0.05311914,0.17105812,0.14756075,0.087592594,0.023346957,0.11748034,0.07581479,0.1028911
0.08090156,0.10521471,0.048581325,0.14484884,0.12174407,0.07363733,0.07782732,0.03134248,0.30174637,0.014156026
0.056549698,0.2029443,0.04336938,0.018766368,0.09434784,0.15641095,0.10503221,0.027005749,0.14213997,0.15343355
0.100768626,0.116876744,0.14472196,0.013498233,0.099400625,0.02749286,0.27370688,0.17529899,0.023689205,0.024545869
0.03180968,0.16886476,0.020195648,0.07823185,0.19663927,0.06939366,0.040890273,0.13525341,0.008298776,0.2504227
0.060011752,0.045592014,0.11421138,0.15102442,0.26646367,0.0890334,0.011186373,0.10711166,0.08413827,0.07122708
0.012359409,0.08351179,0.15285207,0.04275402,0.16055533,0.0039432794,0.23184912,0.06219543,0.16846365,0.08151591
0.002399095,0.03150578,0.14001861,0.0296914,0.09778911,0.046737973,0.0371076,0.08060921,0.33475637,0.1993849
0.0010725063,0.05728822,0.052841585,0.020854956,0.08727279,0.03771638,0.045457132,0.21443415,0.32074547,0.16231683
0.09762277,0.015690064,0.0052347216,0.0064125867,0.16911478,0.062287316,0.031808734,0.06317999,0.5217692,0.026879845
0.038570188,0.058581155,0.082085505,0.2122492,0.029979412,0.13928609,0.058035195,0.081165165,0.23625208,0.06379602
0.27173653,0.10245887,0.091451496,0.046019554,0.00858188,0.14307758,0.12499754,0.00819091,0.040113315,0.16337234
0.020979257,0.017786896,0.10075926,0.03251631,0.1399721,0.1204412,0.119645976,0.023036478,0.19172247,0.23314005
0.0048919967,0.123578995,0.11833303,0.15148856,0.043151606,0.24668114,0.076810144,0.12434848,0.042570777,0.068145275
0.07842405,0.123709776,0.052286223,0.07543049,0.014444831,0.22985582,0.15534778,0.16985586,0.008650162,0.09199499
0.041270714,0.04067577,0.017866192,0.11727101,0.095464416,0.048929118,0.08191189,0.16441919,0.21003047,0.18216118
0.2702307,0.00054412935,0.07172859,0.043301903,0.0066755926,0.29432875,0.054744657,0.10053967,0.01239032,0.14551568
0.16365673,0.026313812,0.023655629,0.0721129,0.25051978,0.02417886,0.020512605,0.01215975,0.15421039,0.25267956
0.2030376,0.02430302,0.046376333,0.0064072423,0.12625274,0.20317473,0.0036360107,0.11420193,0.23098859,0.0416218
0.094430245,0.08242694,0.1395683,0.030213276,0.0220971,0.06873351,0.13334553,0.1796732,0.035279617,0.21423228
0.0828293,0.16457205,0.022843035,0.33952075,0.19336362,0.020803643,0.020197947,0.00052805984,0.14950609,0.005835506
0.004090453,0.09936762,0.03705138,0.10598223,0.20487604,0.06116734,0.040081035,0.17865252,0.09489314,0.1738382
0.09704897,0.12998988,0.03183405,0.05827677,0.001259123,0.31453624,0.15412273,0.076690644,0.014294187,0.12194738
0.068418026,0.12993497,0.12532876,0.046194732,0.0745008,0.003730734,0.14782725,0.059029587,0.30003753,0.04499766
0.020686384,0.07385466,0.04066206,0.13806237,0.10750901,0.049242444,0.19988458,0.079350986,0.21522576,0.07552174
0.10591152,0.0649331,0.06867126,0.05904128,0.0973363,0.08535641,0.24346071,0.03740441,0.16606238,0.07182263
0.046151042,0.02868316,0.10678678,0.053787034,0.06792809,0.054658145,0.17825404,0.16240601,0.17477168,0.12657401
0.0894287,0.019838497,0.124042206,0.12424429,0.17997412,0.040565275,0.119514436,0.08777804,0.14842641,0.06618801
0.051701706,0.015603737,0.08919598,0.11933929,0.0023475762,0.13752837,0.078675486,0.0707355,0.22313227,0.21174005
0.13736276,0.081819296,0.11878903,0.08277238,0.093188465,0.1891201,0.03130667,0.101795316,0.04552957,0.11831647
0.052253183,0.069901,0.046242528,0.099204764,0.2026616,0.004069658,0.14723743,0.018998118,0.20993958,0.14949214
0.14632738,0.086059116,0.05910751,0.13915525,0.034682296,0.089337654,0.055084422,0.038574245,0.24175812,0.109914
0.06400202,0.050203677,0.0077054445,0.13440049,0.039572682,0.10217998,0.18592902,0.1385424,0.2417768,0.035687495
0.099582076,0.06890331,0.08938485,0.021274228,0.11715893,0.018496707,0.24347182,0.11159442,0.14099063,0.089142986
0.078905776,0.106331006,0.09974434,0.008610145,0.16757855,0.010062951,0.021530952,0.2214849,0.21532884,0.07042253
0.16531539,0.12214766,0.07503825,0.09185753,0.14721249,0.07614226,0.049537506,0.02906418,0.09762623,0.1460585
0.038675245,0.11206354,0.2418956,0.010167034,0.11048146,0.08521638,0.037179533,0.1213721,0.15160295,0.091346145
0.016826726,0.14099984,0.011340267,0.05850853,0.1480459,0.09822178,0.0512917,0.02915893,0.28123266,0.16437367
0.13404937,0.089978606,0.102413535,0.123208925,0.03649815,0.08288567,0.025583606,0.26796755,0.029492583,0.107922
0.00866275,0.0126237795,0.09951962,0.103227615,0.094569765,0.07331336,0.082053006,0.13361256,0.30367145,0.088746086
0.06982716,0.000463864,0.011715636,0.07883511,0.088902384,0.022369716,0.019530991,0.100711934,0.40170413,0.20593908
0.024270678,0.05918139,0.0051989895,0.107110195,0.17387556,0.018356577,0.11925409,0.16641371,0.15393345,0.1724054
0.16087139,0.12107362,0.029989077,0.017348623,0.14302552,0.0054440442,0.066402234,0.060943272,0.31455413,0.080348104
0.012915608,0.027603207,0.019857906,0.29070073,0.019456305,0.10706412,0.045578267,0.097860456,0.26604345,0.112919964
0.017138274,0.06185006,0.029296443,0.0125180585,0.027243095,0.14554086,0.1429538,0.14838271,0.38642842,0.028648263
0.09176566,0.01395209,0.03796015,0.096017815,0.036491413,0.299033,0.21253066,0.16926657,0.018468607,0.02451406
0.019630533,0.05032771,0.09146948,0.054965276,0.13392289,0.080731526,0.15337712,0.004692811,0.2434113,0.16747144
0.14419757,0.15109271,0.08642325,0.10096359,0.045266476,0.14193802,0.12011223,0.0102358805,0.12161201,0.07815828
0.03457391,0.011167645,0.017677272,0.025686743,0.33000544,0.18078397,0.0529983,0.24681509,0.037734672,0.06255704
0.20889021,0.005905184,0.03353282,0.27652544,0.062128246,0.07691164,0.008463516,0.1444417,0.07444378,0.10875747
0.069993235,0.075416245,0.044144344,0.04216181,0.06959011,0.116022766,0.08050535,0.14722122,0.20485303,0.1500919
0.23408139,0.034726344,0.08892196,0.076202594,0.101987496,0.16833222,0.08618865,0.042741444,0.089321315,0.077496566
0.15134448,0.07618461,0.031147847,0.044408485,0.13853413,0.082629435,0.17394337,0.084821016,0.1358702,0.08111643
0.12146808,0.16554095,0.030069757,0.095102094,0.112487115,0.20318808,0.13245729,0.021007322,0.099208504,0.01947087
0.036044575,0.044536207,0.0076870974,0.03944089,0.13453141,0.034833394,0.20613861,0.23114643,0.18508233,0.08055906
0.17638259,0.026805606,0.0064882566,0.09586015,0.036111593,0.08463133,0.0946795,0.005059109,0.27839202,0.19558987
0.12046337,0.09567986,0.025400043,0.25229028,0.09000445,0.08165846,0.08061201,0.10965006,0.08174515,0.062496282
0.017994788,0.11778584,0.0066180998,0.1574257,0.102462955,0.0950362,0.12316405,0.066465065,0.28550717,0.027540125
0.008690431,0.06912172,0.13181031,0.036513872,0.0028019873,0.1949415,0.065110914,0.01886184,0.4460536,0.026093822
0.0098120775,0.05059109,0.07323502,0.07022882,0.16619585,0.0012247941,0.14444664,0.0068611167,0.26808086,0.20932378
0.014864437,0.1322792,0.15969014,0.29431581,0.090420015,0.03712665,0.029005883,0.09165431,0.13526936,0.015374195
0.10585039,0.09743601,0.088618994,0.04009429,0.011434909,0.15612008,0.056156673,0.11764955,0.27969947,0.04693966
0.0031753748,0.2556167,0.07879154,0.08705902,0.1102553,0.0879473,0.08265876,0.043475017,0.02725656,0.22376442
0.02540061,0.08636027,0.16091394,0.009338016,0.11319073,0.18917629,0.06660762,0.0963357,0.24189787,0.0107789
