0.026944812,0.19897123,0.07705597,0.08395556,0.010288904,0.023543913,0.07903251,0.057075243,0.24594277,0.19718908
0.031622503,0.0147394445,0.05229628,0.08779019,0.06896599,0.023425251,0.033757538,0.043508757,0.36331832,0.2805758
0.032010444,0.12219125,0.05021307,0.12639287,0.009758983,0.031205723,0.09396396,0.089584254,0.24537402,0.19930542
0.13200699,0.037609246,0.12981674,0.059530403,0.1695853,0.07826681,0.098190196,0.20247702,0.0791459,0.01337139
0.015522544,0.06755556,0.028919337,0.08802576,0.08302453,0.14065841,0.19349584,0.08747486,0.24224833,0.05307482
0.03852198,0.08315435,0.15000075,0.037132647,0.02202281,0.059090145,0.2666214,0.16264422,0.027409276,0.15340239
0.05197526,0.017812338,0.022765571,0.09542304,0.10779137,0.078843184,0.1245274,0.14107026,0.29872775,0.06106381
0.21436952,0.15773636,0.030930478,0.016154945,0.08761098,0.053335667,0.0904617,0.1651051,0.115198284,0.069096945
0.26151127,0.033229966,0.08041614,0.11111872,0.002038441,0.11046073,0.0407247,0.13797623,0.12286093,0.09966288
0.120349444,0.10364833,0.03576961,0.09515183,0.14075889,0.101891726,0.0622114,0.21376051,0.059633207,0.06682506
0.043646574,0.15673126,0.02344462,0.0065087187,0.1598099,0.038694106,0.20958652,0.061508566,0.25750092,0.042568807
0.082828715,0.011007764,0.10972937,0.04908973,0.11437615,0.20272946,0.11012695,0.0036776657,0.1516309,0.16480331
0.08715971,0.06558748,0.038338024,0.067286156,0.14957222,0.0068858587,0.09491844,0.09286147,0.3055998,0.091790825
0.0051641073,0.13600531,0.0061422726,0.2477559,0.004248188,0.17239779,0.04210227,0.07952047,0.08969303,0.21697067
0.097907335,0.016129225,0.0005909662,0.100520484,0.21793522,0.111826524,0.008109889,0.033260964,0.047679648,0.36603975
0.025010882,0.061888766,0.22019248,0.016361898,0.14423351,0.042010605,0.022117542,0.036290918,0.1619363,0.2699571
0.000748003,0.04260426,0.022792954,0.07518228,0.03369775,0.023550624,0.19029158,0.23548621,0.22520912,0.15043722
0.089129485,0.09487138,0.030733243,0.1403754,0.054612704,0.19916794,0.16280524,0.11859336,0.0019211387,0.1077901
0.010735218,0.07681744,0.108231276,0.10515189,0.20823348,0.014432936,0.20056692,0.06111105,0.13005151,0.08466825
0.18022855,0.106507786,0.00394146,0.14823851,0.029808972,0.097696364,0.048959106,0.0660949,0.1974317,0.1210926
0.032723732,0.026602821,0.106124416,0.051662225,0.0949544,0.16926439,0.068531826,0.10101659,0.2723292,0.07679038
0.01876276,0.07129174,0.05232303,0.03961787,0.025299279,0.19177596,0.17065069,0.044334378,0.16047879,0.22546552
0.06971783,0.04774605,0.07255897,0.03776912,0.12560736,0.11872444,0.025339073,0.18762116,0.05767666,0.25723934
0.078886904,0.08159871,0.068437144,0.11056362,0.17988247,0.11941889,0.11453743,0.13089386,0.0494494,0.06633157
0.017716208,0.13966112,0.19491357,0.063142,0.23505437,0.06866378,0.025976138,0.06318577,0.056046106,0.135641
0.11650645,0.16116555,0.15860973,0.080059044,0.0064447355,0.13102862,0.1739207,0.03676336,0.035939727,0.09956202
0.10846269,0.04476913,0.01734458,0.12873888,0.0978031,0.100964,0.10876546,0.08423798,0.27098587,0.037928272
0.033689316,0.009372567,0.052670557,0.09999091,0.10002291,0.11599501,0.045228615,0.09026022,0.42719096,0.025578922
0.18655366,0.1716641,0.07614854,0.12499504,0.11799837,0.037031896,0.07179449,0.065749034,0.10195594,0.04610892
0.06893675,0.066607065,0.09501761,0.10513076,0.016356526,0.074666,0.08512234,0.14795007,0.3179971,0.022215772
0.1435757,0.15043092,0.029093117,0.051980034,0.040002692,0.26746392,0.19849928,0.03290733,0.07150062,0.014546376
0.13379093,0.021369902,0.012160987,0.14840448,0.048915718,0.1158873,0.17659423,0.08264285,0.13773823,0.12249546
0.17158909,0.06167871,0.06217802,0.13168637,0.22877742,0.005243559,0.07375452,0.06452231,0.09263148,0.10793851
0.074180074,0.22953111,0.1268632,0.0010238979,0.021037992,0.016659737,0.05136149,0.04743663,0.065306716,0.36659923
0.040876184,0.20200008,0.11217099,0.043978374,0.007961595,0.10232891,0.0146231735,0.0096194185,0.080070354,0.38637087
0.26304388,0.10188618,0.018631242,0.055650365,0.041123092,0.23682074,0.08088516,0.062984794,0.04074393,0.09823063
0.05430062,0.010958934,0.04198587,0.057948887,0.13738678,0.16414677,0.12700063,0.030850686,0.051694967,0.32372588
0.028940652,0.046319753,0.08219567,0.047375564,0.09718749,0.042618547,0.074576244,0.0045362487,0.56662774,0.009622059
0.03256645,0.106047146,0.081838004,0.21087375,0.10594493,0.052427735,0.038774844,0.13292053,0.12574658,0.11285997
0.3296298,0.17665412,0.035439625,0.02898878,0.05402673,0.036811072,0.045589224,0.04541822,0.21910428,0.028338144
0.14586078,0.17104627,0.0928909,0.0003778487,0.017828038,0.041359443,0.059566747,0.13618493,0.31017247,0.024712564
0.040663496,0.08896619,0.1354009,0.06861426,0.0030729556,0.12363995,0.13315076,0.14767048,0.02394267,0.23487835
0.16166162,0.036069643,0.008254941,0.2923018,0.059218556,0.053284008,0.14912486,0.018745564,0.03588743,0.18545157
0.084946446,0.015835555,0.07321489,0.31385523,0.09626393,0.1595313,0.030768348,0.12766768,0.078476444,0.019440234
0.04879347,0.10557991,0.068506986,0.1321165,0.010231558,0.042738363,0.1553362,0.10580466,0.1525416,0.17835076
0.0486652,0.16117784,0.10043179,0.18180445,0.032377854,0.15148474,0.030591708,0.087341085,0.0150933135,0.19103202
0.02999961,0.01756435,0.11948148,0.0468907,0.0063515017,0.43231568,0.19350731,0.009721721,0.057867017,0.086300634
0.022931568,0.15478784,0.06597249,0.050698277,0.1936014,0.009571709,0.029810563,0.09704635,0.28466675,0.09091304
0.12840715,0.048274532,0.054521248,0.091248654,0.1429276,0.074061505,0.1396888,0.11741375,0.07755211,0.12590465
0.051929787,0.03127786,0.040827874,0.0042664036,0.05976348,0.14333336,0.002334494,0.10889424,0.3863948,0.17097773
0.078187026,0.1358974,0.023306174,0.06657978,0.037760686,0.025381539,0.07137146,0.19406287,0.16121928,0.20623372
0.13346128,0.077542394,0.10629027,0.06865153,0.1168521,0.036391214,0.01962647,0.07260672,0.31204528,0.05653271
0.08919079,0.053891014,0.18878625,0.05808858,0.27557644,0.04130524,0.10314183,0.13751832,0.016131347,0.036370147
0.2099749,0.213666,0.06870126,0.03490015,0.012513154,0.05070708,0.15757257,0.12348634,0.014262456,0.114216074
0.024485886,0.0035488992,0.024685124,0.12773846,0.019979576,0.2152991,0.18569641,0.0007075596,0.15142213,0.24643683
0.03477921,0.12825234,0.11084919,0.14423847,0.11240775,0.11617884,0.04951534,0.03763578,0.23020053,0.035942603
0.08396285,0.05349123,0.025460755,0.034615222,0.11783656,0.0283806,0.1531545,0.05925778,0.015440802,0.42839968
0.050354443,0.02767757,0.12991658,0.09443034,0.014222441,0.017598478,0.05294933,0.23957643,0.09515046,0.27812392
0.108725905,0.06576755,0.08825491,0.034910616,0.01817872,0.187698,0.09334342,0.11324101,0.2014202,0.08845966
0.127136,0.016586691,0.0064273328,0.15969206,0.08569429,0.041528378,0.1093588,0.24359055,0.08089051,0.12909538
0.052654784,0.09401989,0.013795681,0.24499045,0.19610259,0.19715892,0.02394101,0.029655904,0.004745008,0.14293577
0.05155942,0.10048506,0.005310026,0.11129806,0.07460129,0.14991896,0.04446559,0.005519448,0.21269462,0.24414757
0.044837337,0.052369397,0.0010699034,0.07407801,0.14018033,0.11000605,0.087598756,0.031045284,0.30805463,0.15076032
0.01949297,0.01803618,0.010545726,0.086351074,0.05971809,0.037126224,0.029257137,0.033129036,0.48886076,0.21748276
0.050128613,0.030426035,0.014077186,0.15043746,0.01126088,0.026102548,0.052503902,0.05059129,0.58746105,0.027011035
0.054556426,0.013525089,0.013320851,0.058969297,0.035397567,0.15871033,0.054972954,0.039148334,0.2637036,0.3076955
0.04154952,0.03007147,0.07701502,0.16357706,0.15409683,0.071143255,0.15257558,0.012646004,0.131038,0.16628727
0.19161436,0.10017049,0.037845824,0.09081818,0.108719185,0.034679912,0.12919706,0.020873126,0.12696686,0.15911493
0.02913516,0.1819644,0.14723478,0.07214185,0.13840286,0.07799608,0.16815966,0.03499723,0.05098085,0.09898715
0.05337369,0.13746856,0.029990545,0.035497714,0.08435877,0.16298223,0.17798124,0.20723857,0.10027804,0.010830569
0.0800194,0.13794206,0.026026033,0.12604226,0.039702952,0.06611587,0.12729305,0.13351575,0.21154949,0.051793184
0.02280941,0.10401597,0.042140674,0.078916326,0.010392881,0.03446247,0.13043298,0.18917559,0.29916945,0.08848428
0.102921456,0.09057824,0.038628627,0.15455273,0.029362239,0.17493501,0.00972004,0.048454784,0.111616306,0.23923057
0.07228758,0.22295073,0.018081766,0.052835792,0.069342665,0.09716113,0.049006056,0.04857418,0.113598086,0.25616205
0.06199645,0.12499372,0.07242916,0.14429364,0.07478566,0.099869005,0.07561409,0.069998406,0.15210204,0.12391784
0.118798494,0.064738646,0.12151388,0.015966177,0.09723805,0.14923619,0.029449195,0.010529277,0.13782376,0.25470635
0.015537085,0.06871635,0.039260045,0.04024293,0.20991245,0.08474343,0.10098358,0.050708566,0.15730083,0.23259474
0.11642977,0.07581842,0.06296959,0.104525365,0.045898907,0.17935906,0.12760003,0.10258894,0.17958336,0.005226561
0.01863168,0.04182251,0.1377206,0.05129028,0.04024214,0.06263776,0.11729471,0.16829099,0.13780463,0.22426467
0.10215358,0.0708719,0.12640162,0.03471149,0.024991399,0.051324137,0.19112876,0.07288149,0.14178962,0.1837461
0.18270117,0.070266,0.008829297,0.09109265,0.14562353,0.15837975,0.14137843,0.044831797,0.13135621,0.025541136
0.07942221,0.02426935,0.026198627,0.03780955,0.1315068,0.25175467,0.07759034,0.1900002,0.04071542,0.14073284
0.20323485,0.06474523,0.06699328,0.062207557,0.034460522,0.07089654,0.24776386,0.013700567,0.10111338,0.13488421
0.11247152,0.103595786,0.0064032003,0.1319451,0.14645618,0.074892215,0.014825537,0.11741216,0.2652909,0.026707407
0.04164086,0.068701684,0.10269691,0.2207282,0.058069814,0.0021484385,0.14330961,0.049310572,0.12471229,0.18868159
0.107450835,0.029956568,0.07917931,0.033085693,0.06930773,0.06924653,0.11022749,0.15666802,0.17259055,0.17228723
0.035700932,0.056813244,0.10239283,0.18619487,0.07743718,0.05098328,0.16967282,0.13282014,0.16949476,0.01848995
0.11104559,0.059918616,0.010930495,0.10966222,0.07586191,0.009169655,0.00088724506,0.40859318,0.034623306,0.17930777
0.12325611,0.017465906,0.05841459,0.15353233,0.21825393,0.035236802,0.035713527,0.10992636,0.137628,0.11057244
0.095609404,0.032334033,0.058911145,0.1596694,0.075585485,0.10476229,0.09280932,0.019661374,0.07072958,0.28992796
0.09918026,0.05150545,0.028721513,0.0569665,0.060485743,0.052608065,0.07034573,0.02936686,0.30004814,0.25077173
0.08345643,0.14817339,0.043588504,0.008269061,0.024002776,0.08187419,0.103989094,0.10749579,0.010865771,0.38828498
0.0028321294,0.014902934,0.18436983,0.10617328,0.023659064,0.080904774,0.0620533,0.086604305,0.42292902,0.01557135
0.046645302,0.059593156,0.058612168,0.07422996,0.02754418,0.23078613,0.17192218,0.199828,0.08969595,0.04114298
0.096056566,0.17683451,0.09966869,0.0063708485,0.054974016,0.01705233,0.0010144459,0.027557405,0.063700445,0.4567708
0.0257456,0.055053793,0.073454194,0.12165103,0.13664001,0.002450636,0.17460537,0.08480297,0.29619005,0.029406343
0.13761395,0.14935306,0.09844327,0.07881364,0.0307621,0.020283258,0.018424664,0.26714283,0.14490737,0.054255866
0.072022274,0.07519449,0.12243246,0.02515931,0.07955929,0.0057726237,0.016373597,0.060957905,0.25086647,0.2916616
0.07685307,0.054567717,0.035918213,0.11290767,0.22522016,0.14202783,0.04794304,0.1686652,0.03401735,0.10187976
0.03829965,0.024538547,0.05700198,0.028288025,0.055299964,0.011558367,0.013245502,0.03948986,0.44324687,0.28903124
0.044970814,0.10698388,0.14426962,0.098496154,0.08481503,0.08044525,0.011381374,0.108246244,0.060717516,0.25967413
0.101266086,0.16434251,0.028771155,0.0033294426,0.18916622,0.0050000264,0.117643625,0.091040954,0.2765545,0.022885475
0.02246147,0.048058715,0.04514201,0.08035503,0.10027566,0.33687,0.029554764,0.006235277,0.032307297,0.29873976
0.058088277,0.17806917,0.01728843,0.038767625,0.04740422,0.08077743,0.06334401,0.103816494,0.17037079,0.24207357
0.0011274221,0.013898497,0.12381164,0.11992143,0.0980558,0.05786739,0.21759018,0.015532445,0.032743525,0.31945166
0.06641434,0.03988214,0.036632206,0.032284677,0.018793704,0.13084887,0.14881046,0.12541215,0.37297997,0.027941484
0.020720586,0.060440525,0.06833726,0.074572906,0.1787443,0.068002865,0.17233339,0.12150919,0.22824714,0.0070918733
0.07363974,0.026504703,0.016456544,0.24130653,0.066152915,0.017169468,0.13894024,0.098398976,0.20818011,0.113250814
0.02346597,0.11332419,0.013053398,0.044763163,0.15536277,0.04191939,0.046026252,0.16686927,0.17949612,0.21571942
0.038739838,0.1607768,0.024305798,0.09057262,0.019011796,0.15030254,0.10443138,0.12788393,0.2435176,0.040457666
0.0038562594,0.22124843,0.16321005,0.022267858,0.0018557578,0.2204035,0.16176203,0.11114173,0.015831329,0.078422986
0.04799905,0.1618686,0.0148474565,0.0839759,0.07947456,0.1692661,0.04399336,0.13194755,0.17589028,0.09073709
0.054316744,0.052718863,0.07708137,0.08869461,0.13141617,0.13669778,0.006385933,0.0895274,0.085108705,0.27805242
0.1010875,0.0485315,0.047931544,0.28531608,0.08039235,0.15737355,0.083977394,0.07855764,0.016463622,0.10036882
0.18071926,0.12164678,0.09140601,0.15539809,0.17480487,0.036593243,0.028456066,0.023180183,0.05594453,0.13185099
0.0039439905,0.054812152,0.057299543,0.0186979,0.04875649,0.027041335,0.073474616,0.007290081,0.35361713,0.35506675
0.12100383,0.06760704,0.0013037482,0.044768568,0.076766275,0.11714846,0.14282885,0.083764814,0.23745082,0.10735759
0.08484505,0.08526154,0.023649897,0.016185842,0.24248996,0.009159227,0.095846675,0.15107417,0.023380807,0.26810682
0.076785825,0.019261133,0.056500953,0.14466533,0.11712582,0.033284146,0.18945035,0.17158687,0.06629214,0.12504745
0.1402745,0.018833306,0.16430655,0.0437292,0.071881205,0.037830416,0.20432669,0.01812561,0.13357392,0.1671186
0.06367477,0.06050122,0.021313416,0.02000601,0.06919859,0.026646573,0.057050023,0.107674114,0.34338665,0.23054868
0.079091,0.03599788,0.04691666,0.15424472,0.13042744,0.24259922,0.0062141325,0.006999942,0.29361936,0.0038896305
0.10857724,0.043856535,0.18086568,0.0028470748,0.14978737,0.029750658,0.063878216,0.09199092,0.11649872,0.21194758
0.009516083,0.13417205,0.013729007,0.16098815,0.018824972,0.077338375,0.10268491,0.205704,0.26073217,0.01631026
0.06460048,0.08201084,0.06607048,0.0054731127,0.00038787397,0.06094189,0.063145556,0.025095997,0.41822198,0.2140518
0.0033150788,0.021117674,0.09255244,0.17636344,0.031745546,0.1106786,0.14777859,0.069692634,0.21033838,0.1364176
0.17957476,0.103659794,0.16189313,0.0017879094,0.13250463,0.121451214,0.046079405,0.17259474,0.016063351,0.06439109
0.062790506,0.018681087,0.024238508,0.10650264,0.18854076,0.112468034,0.029384136,0.07569198,0.3612657,0.020436678
0.10468638,0.04932642,0.03741375,0.17279306,0.018364688,0.22036545,0.20748371,0.0120958695,0.095225,0.08224567
0.09505071,0.08821718,0.042294588,0.02480114,0.07341035,0.11360033,0.23135225,0.016804924,0.1728296,0.14163892
0.08673742,0.11107999,0.05107843,0.08015281,0.043230046,0.0041500414,0.1486974,0.056708246,0.17517431,0.24299131
0.15871665,0.20788458,0.16978076,0.11363959,0.009578371,0.15887307,0.00021392942,0.084061794,0.0065016127,0.090749644
0.058766924,0.08785681,0.03361534,0.022720696,0.045252778,0.08296312,0.11736997,0.15392755,0.1913898,0.20613709
0.06328348,0.0815091,0.04005631,0.1665935,0.08508666,0.092312574,0.073032565,0.06583258,0.10118498,0.23110823
0.031287514,0.038274787,0.07405594,0.20505595,0.111051865,0.01899245,0.1334652,0.01865973,0.079321794,0.28983474
0.048778445,0.03343906,0.111268416,0.124825306,0.003384456,0.038573958,0.061008938,0.07827974,0.38312137,0.11732031
0.13869525,0.094634324,0.20444424,0.09210557,0.025230097,0.0286741,0.0051726187,0.028997587,0.039380915,0.34266528
0.011568902,0.011683646,0.024241932,0.20844266,0.058909126,0.166241,0.013081076,0.0297605,0.38621584,0.08985529
0.03718376,0.15182734,0.046008743,0.11003664,0.008181218,0.004798436,0.070878506,0.32862934,0.027123526,0.21533248
0.02932691,0.07747781,0.077370524,0.099175416,0.11000285,0.14487669,0.1878075,0.057079174,0.16610356,0.050779615
0.07205132,0.06339488,0.121954694,0.09901478,0.10317109,0.16049682,0.017990826,0.14530265,0.13228193,0.084341034
0.1781763,0.068149455,0.08173623,0.020584602,0.13169432,0.13913031,0.036738347,0.104040004,0.14388156,0.09586886
0.11318639,0.10444251,0.07082209,0.2401743,0.03985123,0.115412526,0.15892756,0.056607272,0.04156911,0.059006967
0.00790799,0.050271455,0.027427556,0.025027294,0.09974323,0.21349376,0.054141607,0.09515245,0.050793536,0.37604117
0.07268874,0.1380655,0.03188509,0.15093178,0.24177292,0.12183902,0.047469184,0.034640163,0.024229547,0.13647804
0.048070844,0.024844702,0.11450032,0.13780077,0.07489312,0.15829147,0.008409117,0.12858321,0.15816419,0.14644226
0.027966276,0.0958469,0.04874,0.026591543,0.123542,0.028768864,0.17401594,0.12665057,0.1859736,0.16190426
0.05728869,0.079829365,0.050908897,0.09917829,0.08918157,0.01824177,0.021081408,0.0018803085,0.34243357,0.23997615
0.03995085,0.075368956,0.014134253,0.029482257,0.17423551,0.3099407,0.061048362,0.19000737,0.00865098,0.09718076
0.11351343,0.057090107,0.051652554,0.10653386,0.04378715,0.13264845,0.15232687,0.15376121,0.06080413,0.12788223
0.016629724,0.011941725,0.014218388,0.032276347,0.014648422,0.026421595,0.28332224,0.23737659,0.2196788,0.14348614
0.06861881,0.07896375,0.121422976,0.05011677,0.1647113,0.11008502,0.12904984,0.06000516,0.13472009,0.082306296
0.12171395,0.012412185,0.075470984,0.07421339,0.03887961,0.09039772,0.16758011,0.10223065,0.20176074,0.11534066
0.029790659,0.034327105,0.013111899,0.044563744,0.03598309,0.03259261,0.018841881,0.0031920427,0.5299856,0.25761133
0.053668432,0.028184345,0.060779247,0.10196942,0.035088908,0.079165615,0.10161847,0.16772139,0.30111626,0.0706879
0.05720392,0.14501372,0.10893607,0.19671111,0.019185672,0.06516188,0.09899717,0.068666376,0.08375881,0.15636529
0.04499579,0.033452746,0.116745055,0.13751942,0.011628634,0.05116584,0.15597466,0.1115396,0.31944647,0.017531762
0.15851104,0.120373085,0.17923175,0.07328468,0.0053046765,0.11183812,0.0788693,0.041750766,0.22584519,0.00499138
0.008042636,0.002393015,0.20238073,0.059216026,0.19016148,0.024908803,0.01097621,0.06770781,0.0014657716,0.4327475
0.033078805,0.06652801,0.07200427,0.10325488,0.01204411,0.16881844,0.038674902,0.18816406,0.118871376,0.19856116
0.0662272,0.0700993,0.09317583,0.06413864,0.001985813,0.124913104,0.060495354,0.058829643,0.22885941,0.23127572
0.0842925,0.04239469,0.07193109,0.06412207,0.11138481,0.055198405,0.15694173,0.03718554,0.048634138,0.32791504
0.0398598,0.13312474,0.039696455,0.13310428,0.13474719,0.12753785,0.09471077,0.05192302,0.2273517,0.017944159
0.13080078,0.07766527,0.121729724,0.055563644,0.1862643,0.0788236,0.02402451,0.06407814,0.26088724,0.00016279037
0.07963967,0.1598633,0.21816237,0.021346644,0.09789626,0.10777566,0.0637247,0.053151466,0.17894119,0.01949876
0.043148488,0.046820536,0.059985474,0.13994758,0.08032648,0.061462272,0.12344372,0.07898847,0.20572756,0.16014941
0.06398819,0.024332235,0.076623745,0.055788897,0.24887554,0.07552333,0.16292468,0.005216645,0.12938161,0.15734513
0.07683951,0.056143127,0.12040975,0.0092177605,0.033186268,0.009372851,0.0955737,0.024083313,0.38629186,0.18888184
0.07355101,0.07567152,0.062685706,0.010866714,0.14525549,0.034687914,0.08589422,0.059733167,0.3706078,0.081046484
0.03639872,0.023666834,0.060469843,0.07646312,0.11257701,0.013735402,0.0835554,0.0062457453,0.47044793,0.11643998
0.04878998,0.044975463,0.010791359,0.036390495,0.21938844,0.16134045,0.13209955,0.18701714,0.09185136,0.06735576
0.023347905,0.0025012,0.022608439,0.017141005,0.1406293,0.17147423,0.055139657,0.1952975,0.056395404,0.31546533
0.03954388,0.022932656,0.16054797,0.18841511,0.06971184,0.0034283497,0.05974138,0.16357751,0.20243084,0.08967048
0.025015738,0.044210073,0.01504883,0.12087562,0.004758188,0.008253469,0.0824945,0.024026366,0.36259398,0.31272328
0.12635806,0.03606203,0.08117465,0.01056057,0.03014297,0.03492692,0.122219145,0.088948704,0.1977476,0.27185938
0.03613886,0.059642427,0.09320923,0.130331,0.042457763,0.17565522,0.16549692,0.09979387,0.06744191,0.12983282
0.009965855,0.039665725,0.045188922,0.22798626,0.05942642,0.2247414,0.10201623,0.032242518,0.09391437,0.1648523
0.029984273,0.008130894,0.25606555,0.074241854,0.09237489,0.047163755,0.05903148,0.031993344,0.13733819,0.26367575
0.017169211,0.10195703,0.11442915,0.02560154,0.07200081,0.007601631,0.15230688,0.04709827,0.30867472,0.1531607
0.11497913,0.112069726,0.0019613183,0.13633922,0.08370889,0.023736741,0.05518384,0.16232328,0.2425614,0.067136444
0.10986524,0.096587494,0.040810507,0.05664764,0.02131611,0.15044504,0.03524081,0.023375567,0.17169406,0.2940175
0.05250668,0.039985165,0.12201569,0.17809488,0.058797307,0.057824694,0.051333733,0.26618865,0.121246405,0.052006807
0.023140347,0.0060422476,0.026667217,0.030542381,0.14752525,0.05033454,0.13260597,0.0263999,0.049641322,0.5071008
0.12573637,0.07174671,0.025123527,0.081939615,0.19858912,0.09151351,0.06248697,0.16506182,0.16370825,0.014094076
0.030638227,0.21085668,0.014133924,0.12602746,0.10194246,0.12769786,0.03685354,0.048552297,0.15480088,0.14849667
0.018132007,0.038617976,0.104725294,0.03296543,0.1334059,0.17585838,0.01801563,0.10468393,0.37200874,0.0015867192
0.009596151,0.16214024,0.13968846,0.0013441145,0.018275198,0.012387317,0.28075853,0.08044257,0.1650844,0.13028303
0.01661714,0.04245267,0.18031634,0.103637256,0.024500752,0.06993695,0.13689326,0.14604504,0.2510572,0.028543366
0.047132853,0.015389463,0.036323875,0.16772847,0.17900512,0.13810064,0.22171149,0.00010714015,0.13432223,0.06017867
0.027395431,0.14255007,0.07574134,0.02125108,0.07921652,0.07726602,0.056527622,0.04673172,0.4197463,0.053573925
0.11034214,0.0009317187,0.028048761,0.03274836,0.013421021,0.14566301,0.09458352,0.2911556,0.24255414,0.040551733
0.09494052,0.006377588,0.21025832,0.02890366,0.014157373,0.13111642,0.2317958,0.03197554,0.06239698,0.18807779
0.10128767,0.02455166,0.050874386,0.120697655,0.08983407,0.03886051,0.14093763,0.005487504,0.42606023,0.0014086779
0.15140207,0.08526864,0.15147908,0.061750274,0.061547156,0.22876355,0.047951967,0.19938846,0.008175017,0.0042737806
0.08990701,0.0103794895,0.04445641,0.003199927,0.13317217,0.08816937,0.197104,0.08465247,0.25745672,0.09150243
0.032539602,0.009354973,0.07368373,0.105253674,0.050443802,0.035196226,0.15891108,0.136757,0.20288616,0.1949738
0.008850672,0.12728462,0.012863351,0.09872504,0.06897692,0.06960014,0.14724658,0.119701385,0.3003147,0.046436585
0.017550608,0.016626226,0.07656845,0.13959284,0.17441903,0.037237305,0.0111325495,0.21913937,0.29364395,0.014089692
0.08761725,0.026933903,0.027505537,0.052115664,0.10688803,0.08579639,0.07273094,0.050392415,0.3274177,0.16260222
0.2844203,0.010267874,0.18112896,0.12032342,0.17121075,0.11669097,0.0039273365,0.016777555,0.029072482,0.066180386
0.029977974,0.030236294,0.078436285,0.015867863,0.25317907,0.05916733,0.1077474,0.09769144,0.10146898,0.2262273
0.03547346,0.095077015,0.02484733,0.23764895,0.03138408,0.03829013,0.095017605,0.129311,0.15480909,0.15814134
0.09627366,0.067201324,0.018883923,0.014655605,0.12859684,0.22414474,0.038162824,0.05409539,0.2358137,0.12217196
0.046598867,0.065270916,0.27848798,0.04654177,0.023936277,0.14637928,0.016639825,0.0034185874,0.13451265,0.23821387
0.016732568,0.09092053,0.19100147,0.11887853,0.047462314,0.26414737,0.15736787,0.016276678,0.030526314,0.066686295
0.10885905,0.15323931,0.06373312,0.06973744,0.015572281,0.057154268,0.1118314,0.05217066,0.29636812,0.07133436
0.116343565,0.113765284,0.05563104,0.02892266,0.1609304,0.047360916,0.11112789,0.07694107,0.27992558,0.009051593
0.0028624032,0.09865721,0.16207539,0.13483444,0.012123588,0.057207774,0.14950633,0.054069888,0.319768,0.008894986
0.061356906,0.013563635,0.06918559,0.10364592,0.01725131,0.10273735,0.008230603,0.010396619,0.3092918,0.30434027
0.18806249,0.15494896,0.017760582,0.021604337,0.08185864,0.08930562,0.009416614,0.108475864,0.26589185,0.062675044
0.0629666,0.13276976,0.027762996,0.15249892,0.044291843,0.025728812,0.20082267,0.059285596,0.10466843,0.18920441
0.12277795,0.0039380686,0.09409618,0.09483286,0.06264623,0.079488486,0.02828158,0.16783947,0.31619996,0.029899219
0.020265855,0.14408249,0.10996102,0.021808349,0.045669794,0.07865141,0.08336854,0.062697835,0.2382079,0.19528684
0.23769917,0.013568449,0.21743034,0.018290814,0.08913603,0.07315206,0.16463083,0.011958344,0.07163566,0.102498315
0.084220245,0.019982785,0.08262579,0.19805014,0.2635802,0.048173483,0.08824507,0.01630205,0.19388534,0.004934885
0.07351716,0.11074392,0.10800568,0.031383265,0.022661518,0.01634776,0.18755491,0.022078332,0.38253498,0.045172427
0.010527901,0.096677266,0.028670393,0.050993048,0.08047042,0.09304433,0.016677659,0.19799481,0.11044389,0.31450024
0.0874009,0.046826217,0.096304104,0.049377784,0.21130288,0.0195079,0.107527636,0.12514447,0.19178079,0.06482733
0.15723567,0.14981793,0.048185896,0.042336885,0.12422841,0.2218398,0.06927383,0.15008366,0.014879288,0.022118645
0.16532367,0.07902397,0.124079995,0.0035097857,0.29026088,0.03845026,0.1208338,0.024080727,0.10583133,0.048605587
0.008312429,0.047115576,0.19109309,0.17059419,0.10154642,0.020984102,0.07089595,0.18366416,0.11107112,0.09472299
0.10623517,0.16268799,0.011767258,0.12811376,0.23609817,0.014022921,0.1656829,0.0066146827,0.03534605,0.13343105
0.118506156,0.13085656,0.09329759,0.055665642,0.11964396,0.041130565,0.16186135,0.052668296,0.15394619,0.0724237
0.025934635,0.03177591,0.25028354,0.06819629,0.060568385,0.030696576,0.13396053,0.19644041,0.06581399,0.13632974
0.03996046,0.08307564,0.084752515,0.14344135,0.018273551,0.0040298514,0.051923245,0.051841184,0.4042602,0.118442014
0.043363173,0.041522935,0.009871041,0.28382406,0.111902356,0.03448124,0.013515727,0.18240409,0.06315295,0.21596245
0.12757605,0.099108525,0.035257623,0.051287934,0.007436307,0.08909319,0.025806818,0.121507056,0.17918019,0.26374626
0.08576683,0.2549717,0.0027258175,0.11630795,0.13425131,0.040494308,0.14518625,0.06865022,0.07306039,0.078585185
0.013230354,0.083722584,0.09276588,0.08468653,0.10511974,0.07504938,0.029213779,0.00038832796,0.18063298,0.33519045
0.1169301,0.08197273,0.024127077,0.048557222,0.22612227,0.20212466,0.16518162,0.04911265,0.011619428,0.07425223
0.2381844,0.070608705,0.117181085,0.056674484,0.119223885,0.010824387,0.041521937,0.022865191,0.26572925,0.05718666
0.07474189,0.07642578,0.18862626,0.13090794,0.09285275,0.04742706,0.12060722,0.015247035,0.13130139,0.12186269
0.10342441,0.101151496,0.013002348,0.10244305,0.09499134,0.03639723,0.106782176,0.011374706,0.26369765,0.16673557
0.0014280808,0.12042284,0.014456713,0.16458637,0.073102154,0.119743414,0.09388007,0.04816792,0.25090945,0.11330298
0.027900668,0.029112916,0.045338236,0.012499955,0.0042496976,0.13035434,0.29433423,0.0988572,0.21875317,0.13859959
0.01111262,0.04200889,0.035637878,0.0020157422,0.10623051,0.018473843,0.100110404,0.030725908,0.3605733,0.29311094
0.08166499,0.079392105,0.06965146,0.06756506,0.13125642,0.14824699,0.09857652,0.04098956,0.22728705,0.055369835
0.164394,0.11248016,0.1469249,0.07466528,0.01500859,0.037270516,0.13858834,0.00045566048,0.0766403,0.23357229
0.041565817,0.03834785,0.0095549505,0.046186164,0.10196549,0.24374458,0.17293167,0.21305355,0.005700238,0.12694971
0.076113164,0.18156758,0.0909512,0.02084159,0.08767214,0.11327463,0.07974947,0.07757917,0.18104772,0.09120338
0.21029085,0.11971135,0.11095858,0.012328123,0.012375916,0.06980786,0.062959574,0.04498632,0.064824134,0.29175726
0.033892114,0.16498318,0.07382846,0.02158384,0.1876113,0.110197976,0.051337115,0.123800695,0.08600779,0.14675753
0.101044,0.06134375,0.066123664,0.06480598,0.1716667,0.15836638,0.015044007,0.22531088,0.03811927,0.09817537
0.07771502,0.114451244,0.04155254,0.077796556,0.067388065,0.118199565,0.19614485,0.15402977,0.05560285,0.09711954
0.14839794,0.07228486,0.12059021,0.16345447,0.1315867,0.12338452,0.023260975,0.057270322,0.00048834534,0.15928166
0.10370923,0.107412755,0.14314432,0.1382727,0.035219073,0.025469953,0.0005711587,0.018028904,0.30355626,0.124615654
0.048800755,0.056747567,0.013734994,0.022335248,0.0014829205,0.15216683,0.29185244,0.08332318,0.083444506,0.24611156
0.057372764,0.24278183,0.019119838,0.03397714,0.08069194,0.21112697,0.116116084,0.020537516,0.0851735,0.13310243
0.07863458,0.07243228,0.05372955,0.20696029,0.14303632,0.2429652,0.031127958,0.002733478,0.031773053,0.13660733
0.06164341,0.2084453,0.062204774,0.014208016,0.081514716,0.008823922,0.014048203,0.02861204,0.043995645,0.47650397
0.090206854,0.018340044,0.15481617,0.12892523,0.050247423,0.13324,0.23101796,0.031105753,0.010247073,0.15185353
0.006267804,0.08510987,0.09228678,0.07210178,0.04693915,0.024896067,0.1963901,0.04304436,0.4277783,0.005185774
0.27598098,0.097680256,0.00228747,0.029373324,0.0627662,0.047968544,0.16590415,0.034807086,0.23301798,0.05021401
0.110672005,0.012575058,0.07710482,0.24766892,0.014911093,0.0685033,0.16924132,0.08358509,0.18869199,0.027046459
0.092992075,0.15380843,0.15302731,0.058560397,0.044200525,0.2328755,0.122396305,0.06769399,0.019062258,0.055383213
0.034327142,0.10023892,0.057680547,0.04229739,0.1863892,0.12076426,0.06789566,0.118136585,0.00863933,0.263631
0.00038062842,0.116969205,0.09332172,0.14876167,0.32666788,0.061335906,0.010599145,0.14243186,0.03769508,0.061836924
0.09210753,0.03957964,0.03595155,0.0862855,0.12809357,0.21159868,0.15964176,0.03242442,0.18807636,0.026240975
0.030974647,0.09606814,0.045356497,0.056849476,0.052244496,0.20184977,0.12957998,0.03336845,0.06272844,0.2909801
0.048050743,0.12538709,0.097078994,0.03753798,0.03209051,0.14195715,0.13671668,0.056509007,0.15611124,0.16856062
0.115047224,0.098841675,0.060033955,0.12354449,0.03372634,0.050983015,0.084887035,0.04472019,0.30200106,0.08621495
0.0018998225,0.07416706,0.05967659,0.23898031,0.09475236,0.07601728,0.17143252,0.16372445,0.01678051,0.102569096
0.045612942,0.01102872,0.104093574,0.05508432,0.08467666,0.03422559,0.01827254,0.0219392,0.396068,0.22899842
0.13595177,0.014550157,0.11332115,0.10646067,0.14260504,0.05221276,0.018440356,0.13814987,0.1106531,0.16765516
0.0786664,0.06469444,0.09331334,0.014862523,0.02718847,0.15661836,0.03283075,0.070918195,0.11582248,0.34508508
0.06360795,0.012759428,0.1000436,0.013370341,0.10447459,0.0010459919,0.10466667,0.22134376,0.3188031,0.059884563
0.08466016,0.06189202,0.12379892,0.13114984,0.066448174,0.009343516,0.094130054,0.027237993,0.09854897,0.30279034
0.087045096,0.06603149,0.12347368,0.012204065,0.026860982,0.14185745,0.089470945,0.117362946,0.25144106,0.08425228
0.026187642,0.09834151,0.0840429,0.0645697,0.17169778,0.008358814,0.10965343,0.019084306,0.25600734,0.16205652
0.11657253,0.1291504,0.10587852,0.07966472,0.0266378,0.04981142,0.070236854,0.14079982,0.21989107,0.06135686
0.0873819,0.017028254,0.097917624,0.17028116,0.08266074,0.0513982,0.007479921,0.03539441,0.10204265,0.34841514
0.045239802,0.025438009,0.15247552,0.013437046,0.15049794,0.008761109,0.13764985,0.084883384,0.124719016,0.2568983
0.06060431,0.15745734,0.20045984,0.019290952,0.17479417,0.114765465,0.008627472,0.09237384,0.10506936,0.06655725
0.057358485,0.12609361,0.00990753,0.07765348,0.082194805,0.08737073,0.14817272,0.02543039,0.20704332,0.17877486
0.12106507,0.03778989,0.05837497,0.029347349,0.115188375,0.17406656,0.022886986,0.10236517,0.12570277,0.21321286
0.113697566,0.14234817,0.011027323,0.32540807,0.14605913,0.011037051,0.0062419716,0.029797904,0.16707791,0.047304966
0.06725534,0.034527693,0.16054516,0.100924395,0.13002542,0.14037713,0.06427944,0.07453491,0.08555084,0.14197965
0.2552574,0.03812791,0.027784413,0.05496813,0.090918235,0.13007823,0.084312655,0.035265636,0.0912164,0.192071
0.15870135,0.104679376,0.06973794,0.15636845,0.05386166,0.060195196,0.05290048,0.14215332,0.04819199,0.15321024
0.053962618,0.073090665,0.019026091,0.17563136,0.0020634402,0.14620541,0.16689979,0.11913777,0.03124028,0.21274261
0.09486815,0.01511207,0.19250247,0.12704112,0.033274256,0.12478486,0.15615594,0.002820788,0.19790858,0.055531796
0.13458489,0.034207214,0.02047233,0.11671056,0.2156396,0.034194913,0.08119529,0.17200953,0.05502851,0.1359572
0.063438535,0.112110935,0.008081345,0.10035436,0.12862481,0.07969925,0.09190542,0.10143976,0.14745818,0.1668874
0.17804767,0.09193312,0.095926784,0.024142455,0.014565606,0.027018905,0.033183295,0.043498106,0.26883987,0.22284421
0.050536577,0.024207141,0.058378197,0.22187407,0.11560643,0.024115318,0.18484662,0.2878891,0.011899712,0.020646784
0.07292597,0.19175883,0.094932236,0.04653582,0.019693395,0.2394415,0.00500359,0.003150396,0.24939318,0.0771651
0.08758102,0.0024830378,0.060496997,0.002849618,0.16254233,0.02031524,0.16748029,0.10384612,0.16426867,0.22813667
0.06404033,0.008997485,0.1488153,0.14600733,0.047610246,0.30818433,0.010330395,0.030559478,0.1052884,0.13016671
0.06482925,0.030607415,0.06820548,0.13547549,0.20277894,0.0506147,0.03991646,0.070330136,0.19993004,0.1373121
0.10410945,0.09013985,0.05982613,0.041958127,0.1564727,0.23779255,0.09919551,0.026315132,0.15393062,0.030259933
0.00954285,0.033147205,0.011395355,0.08556907,0.04387615,0.028563103,0.12692851,0.05536796,0.4485862,0.15702364
0.06375607,0.043864444,0.030088276,0.026613442,0.1459643,0.17114235,0.01356478,0.07187837,0.3711728,0.061955214
0.0005589548,0.10155971,0.049080994,0.07854658,0.14622974,0.073123164,0.2427852,0.14452529,0.04305654,0.120533794
0.05919945,0.011049491,0.040961668,0.007958528,0.17837001,0.072106,0.16175666,0.20280245,0.034021508,0.23177424
0.09765307,0.02900335,0.017655967,0.14305526,0.12747087,0.026925316,0.032132857,0.031107485,0.42351237,0.07148346
0.07754396,0.008326674,0.0134549765,0.12537251,0.0017713589,0.049524836,0.11379916,0.083531074,0.43276626,0.09390923
0.1310607,0.088126905,0.13725463,0.13053127,0.0092071,0.04622744,0.15158024,0.004412818,0.21563363,0.08596525
0.0093336785,0.026415313,0.078914836,0.10853213,0.010083993,0.10075375,0.031494252,0.24091206,0.1071946,0.28636545
0.057769008,0.005213414,0.023126807,0.09718055,0.0685338,0.07292065,0.035278447,0.0542659,0.18752898,0.39818242
0.09596833,0.03690515,0.06722016,0.057490658,0.06865213,0.11912562,0.11603217,0.05973106,0.30134156,0.07753318
0.016335685,0.11043824,0.023852529,0.44043878,0.1910651,0.004370534,0.14422141,0.056298353,0.004669706,0.00830966
0.034930117,0.04624249,0.18772098,0.09195484,0.013389683,0.17404422,0.040397745,0.07695644,0.14074825,0.19361529
0.046461128,0.067840196,0.14038728,0.04624391,0.10160503,0.12064513,0.14776091,0.066061206,0.22371347,0.039281745
0.03580116,0.07946715,0.055062402,0.19115582,0.0478143,0.024037892,0.1674957,0.086166084,0.17396806,0.13903148
0.10979942,0.08419705,0.051325362,0.0847138,0.0387959,0.0058943564,0.13584466,0.12975526,0.19469321,0.164981
0.065862186,0.10274687,0.08694591,0.10266508,0.13342372,0.02657015,0.029796153,0.029930927,0.28291595,0.13914306
0.1533645,0.06879002,0.010821753,0.05038061,0.11577914,0.06229023,0.16977233,0.042432185,0.15585937,0.1705099
0.03170325,0.04979097,0.010830864,0.07695533,0.12395024,0.009482006,0.038862277,0.10397111,0.11452051,0.43993345
0.14995594,0.04002503,0.009406412,0.24558772,0.13111982,0.11967655,0.096160606,0.0013908768,0.13873738,0.0679397
0.0150874015,0.10074976,0.009298825,0.114375226,0.1785446,0.100905426,0.03563578,0.084910184,0.083687715,0.2768051
0.0391545,0.08095268,0.004560628,0.08032055,0.16750196,0.16033478,0.025714895,0.08516225,0.21907027,0.13722745
0.10938662,0.1513258,0.028731769,0.10430917,0.20043263,0.14779726,0.08432467,0.06607453,0.027755257,0.0798623
0.029376406,0.013574356,0.03433889,0.030685946,0.033577196,0.027877085,0.018412227,0.08767464,0.38461176,0.33987147
0.1024356,0.03171225,0.113983445,0.11733715,0.30286106,0.06838167,0.11802396,0.03243254,0.08265858,0.030173754
0.016998142,0.12379449,0.0951325,0.06369186,0.07830703,0.10337616,0.1821745,0.16470972,0.12697883,0.04483677
0.14722462,0.016391383,0.040014617,0.19443229,0.28597996,0.10040422,0.029106261,0.07555987,0.10598395,0.0049028317
0.019159054,0.013905004,0.1258739,0.17848274,0.08191387,0.033645153,0.058118165,0.03485778,0.17608532,0.27795896
0.008969136,0.004393221,0.034740098,0.05477246,0.1617138,0.15579835,0.119504966,0.076327436,0.22880378,0.15497676
0.00032048594,0.030198906,0.13002674,0.047884792,0.04488232,0.14007054,0.06671822,0.10867624,0.22876939,0.20245236
0.028954156,0.23178051,0.08781243,0.16668017,0.09779039,0.133359,0.04531103,0.098280124,0.09167988,0.0183523
0.060402118,0.007127706,0.25915286,0.02622154,0.28153598,0.04779796,0.0321477,0.10621901,0.05917959,0.12021552
0.13924196,0.28517583,0.03094467,0.19524865,0.05289424,0.031221071,0.05373702,0.06686663,0.050155252,0.09451467
0.09837492,0.04091656,0.10236357,0.057638127,0.078554444,0.024977349,0.12664467,0.24039996,0.14713635,0.08299406
0.030945426,0.025322018,0.22370687,0.041814804,0.27411,0.077185966,0.041566115,0.018120324,0.12082463,0.14640391
0.102040514,0.037278667,0.0068274233,0.35195076,0.12249628,0.09117334,0.10746928,0.110167384,0.005441897,0.06515445
0.023303585,0.032333847,0.038012955,0.3023438,0.029060403,0.114019506,0.07300287,0.019675989,0.2521369,0.116110265
0.083086394,0.011653235,0.11951704,0.020036438,0.06954474,0.0072430484,0.19055048,0.16739745,0.26309693,0.06787421
0.08501938,0.12387554,0.036418997,0.09749604,0.15119219,0.10066367,0.06017194,0.20740704,0.084474325,0.053280868
0.098248295,0.11754611,0.025532398,0.07879561,0.05117157,0.0106126005,0.008620851,0.06208989,0.32186446,0.22551815
0.06428549,0.024051933,0.0331191,0.04827882,0.11817028,0.084503055,0.1607451,0.085934356,0.28429586,0.09661601
0.028986735,0.07668337,0.064984396,0.12590708,0.06221741,0.010885209,0.06415529,0.12443266,0.21256012,0.22918774
0.02252211,0.050312765,0.10791578,0.04215711,0.034696944,0.08979349,0.22182761,0.07715789,0.2671438,0.08647251
0.12090917,0.014436299,0.2087508,0.14469448,0.011353618,0.12516645,0.058482036,0.10573262,0.109853566,0.10062095
0.002030909,0.06653819,0.102349155,0.07284814,0.03350502,0.13921617,0.11440638,0.048008103,0.32627013,0.09482781
0.037348606,0.09632792,0.05844976,0.04509871,0.13053116,0.055643123,0.06310676,0.107196115,0.35345045,0.052847393
0.06904843,0.024658838,0.00089416135,0.1426808,0.16872759,0.12079082,0.008327198,0.08554605,0.13019663,0.2491295
0.097339064,0.0057832645,0.029907178,0.1083402,0.23836261,0.041654114,0.20785835,0.08128796,0.07355097,0.11591631
0.08355394,0.026971295,0.038319383,0.10803083,0.019897921,0.124464974,0.13679582,0.090903044,0.27268994,0.09837287
0.1146765,0.14834246,0.06588891,0.03576317,0.011409046,0.06568226,0.16944772,0.084822364,0.24557397,0.058393642
0.06606726,0.048163872,0.04480562,0.090900235,0.082175806,0.0022884253,0.1966262,0.031727172,0.24230011,0.1949454
0.025964515,0.050900925,0.0450825,0.053328183,0.16947946,0.24365999,0.06206561,0.24920611,0.09446528,0.0058473577
0.013929907,0.011272199,0.03434179,0.13939948,0.06627264,0.040082004,0.0006954666,0.20967777,0.063327014,0.4210017
0.010214193,0.049077053,0.04240073,0.14322186,0.16902527,0.025794808,0.03905238,0.1432972,0.36924857,0.008667944
0.06616915,0.0039042025,0.22598773,0.051412214,0.10703049,0.17477395,0.0040628216,0.025825791,0.076167434,0.26466623
0.11278611,0.09894609,0.0039020258,0.00603037,0.05925224,0.08493407,0.04263836,0.005340793,0.41888142,0.16728854
0.057042275,0.009277082,0.09255991,0.030100094,0.11504964,0.15942569,0.21408497,0.25288704,0.031082675,0.038490623
0.07330766,0.11640863,0.06061509,0.12925893,0.15600668,0.07729775,0.06699422,0.14651385,0.12148713,0.05211003
0.028239187,0.016993368,0.025941534,0.3560834,0.11155806,0.041284937,0.1480329,0.013957379,0.0015064965,0.25640276
0.15699755,0.07935597,0.14044705,0.0060276417,0.03498096,0.03560774,0.024651513,0.028043289,0.039225925,0.45466235
0.09567175,0.1063889,0.046310447,0.07560011,0.18902001,0.017899336,0.16741547,0.010012342,0.1377621,0.15391953
0.032826502,0.0481016,0.014151254,0.14056216,0.092449054,0.10889162,0.15732093,0.044360034,0.10005198,0.2612849
0.06455541,0.1341057,0.04841674,0.05854029,0.15015349,0.20109686,0.103935845,0.050942738,0.1087413,0.07951165
0.047820795,0.055923127,0.10771019,0.25103164,0.08039955,0.1783952,0.038630936,0.031443622,0.0879848,0.12066016
