0.09415056,0.2454563,0.075573914,0.009330091,0.025241565,0.0754162,0.14994802,0.028634582,0.16215573,0.13409305
0.062773205,0.012902051,0.09555287,0.15361695,0.13992606,0.15211932,0.0807862,0.0016570198,0.13389625,0.1667701
0.0021752613,0.022858605,0.0871727,0.1793258,0.082274444,0.17281042,0.15597142,0.01318826,0.20467176,0.07955128
0.036424473,0.015818002,0.05308356,0.10487544,0.06396786,0.24991788,0.08585863,0.17875947,0.12471542,0.08657924
0.06340597,0.047079492,0.06025349,0.1722441,0.027779702,0.07511484,0.13594846,0.16408807,0.2492719,0.004813967
0.025330858,0.029762227,0.053683426,0.110564135,0.025759844,0.1801252,0.02451876,0.22578193,0.29563463,0.028838983
0.1639878,0.13610363,0.0675462,0.008872184,0.053877216,0.027670039,0.028753491,0.01210433,0.21707553,0.2840096
0.07412993,0.031187326,0.052544072,0.20401306,0.12645097,0.09384306,0.20572986,0.052452374,0.06495173,0.094697535
0.13831389,0.013313005,0.04233929,0.032055095,0.02776711,0.10185959,0.2455174,0.035382673,0.18012545,0.1833265
0.12282936,0.12343214,0.14011826,0.11171573,0.09597517,0.07366351,0.047032285,0.08918144,0.096344724,0.09970738
0.051900208,0.052579433,0.024787098,0.007567948,0.060007606,0.0565429,0.052793324,0.075266674,0.58040863,0.0381462
0.22659673,0.07428255,0.027041204,0.004293401,0.12636875,0.11781272,0.011559915,0.1237274,0.118638754,0.16967855
0.008741409,0.05612048,0.05651222,0.10920335,0.18504867,0.04271337,0.029473431,0.115425795,0.1043922,0.29236907
0.0008071345,0.08129586,0.05691943,0.16362049,0.15360622,0.07175782,0.10328773,0.14449993,0.11661093,0.10759445
0.058187544,0.061115716,0.016225524,0.020156963,0.059922185,0.050621912,0.108403474,0.15705225,0.17761052,0.2907039
0.17465143,0.03439569,0.07817861,0.14099614,0.1578872,0.10005155,0.054870315,0.024219785,0.12361911,0.1111302
0.10302651,0.11843949,0.058030978,0.14018798,0.21390028,0.016876042,0.02400778,0.050300796,0.22681807,0.048412085
0.05768601,0.09753246,0.08350078,0.22113036,0.01882295,0.02150871,0.11949449,0.07810382,0.2980013,0.0042190948
0.123977475,0.19965936,0.11449084,0.0071611716,0.0033121638,0.051927276,0.09450098,0.057548158,0.197618,0.14980458
0.0062544844,0.07740304,0.00878355,0.15576005,0.12563883,0.019698437,0.13638845,0.09824825,0.111468345,0.26035658
0.17744279,0.098461606,0.15819497,0.0077724117,0.0605762,0.030840665,0.107775725,0.030178457,0.15715973,0.17159747
0.17611659,0.15333515,0.009702295,0.07688184,0.037289172,0.0068318397,0.08297604,0.14655052,0.11678052,0.19353603
0.09217004,0.06367941,0.037714843,0.11070676,0.12904288,0.09296084,0.005249785,0.05531434,0.22661744,0.1865436
0.05015494,0.056849614,0.0071460945,0.113817476,0.020665025,0.14190511,0.08928338,0.13613702,0.24143778,0.14260356
0.005300024,0.016512012,0.0052529518,0.2510008,0.062976785,0.26318294,0.06737306,0.17210318,0.023489887,0.13280837
0.09374576,0.03506697,0.029777993,0.048731346,0.14947191,0.1377635,0.074200414,0.0046636346,0.38974294,0.036835536
0.15162452,0.13254207,0.09575217,0.048862625,0.1041698,0.106258266,0.017620536,0.09198674,0.13840322,0.11278004
0.07395953,0.016874665,0.07759217,0.06880231,0.12725647,0.09421605,0.1219252,0.056399092,0.3397074,0.023267124
0.043299116,0.1686775,0.07130793,0.058564924,0.054153457,0.10751738,0.13530387,0.0943914,0.09490993,0.17187452
0.046332996,0.019847669,0.057838127,0.01049234,0.05925669,0.08350312,0.3283461,0.12375827,0.09721074,0.17341395
0.0113591645,0.13031839,0.08411436,0.086383805,0.0019234023,0.19498321,0.20719588,0.114176646,0.11439464,0.055150494
0.14353716,0.06224592,0.028783204,0.20416331,0.12400993,0.2292822,0.0038940744,0.08142335,0.07909511,0.043565746
0.13965367,0.059492443,0.03726805,0.09109142,0.056407552,0.05739304,0.0760154,0.078267,0.21294698,0.19146444
0.080684885,0.028276244,0.10946502,0.21496457,0.13740417,0.09159143,0.1101879,0.052304957,0.12671061,0.048410203
0.04695326,0.024224058,0.19907536,0.02735164,0.06200738,0.024473708,0.0646116,0.01690342,0.1532418,0.3811578
0.003258857,0.02566096,0.03392142,0.17022605,0.010498066,0.16770066,0.14711599,0.08393223,0.105997354,0.2516884
0.056246333,0.09394313,0.10179958,0.03466814,0.028226305,0.039179448,0.062366996,0.14818467,0.3248241,0.11056129
0.13254428,0.010662868,0.15164542,0.17972001,0.017072722,0.07905238,0.1620536,0.18464646,0.045957703,0.03664463
0.08043368,0.078189924,0.024038477,0.037574586,0.062081292,0.0870608,0.027962532,0.16399938,0.28176138,0.15689796
0.12559573,0.084966846,0.11032209,0.038799364,0.087687835,0.032083206,0.14154716,0.16052687,0.17125522,0.047215685
0.09982306,0.13662003,0.08988318,0.09233892,0.123822995,0.038681556,0.09504036,0.050060935,0.15924646,0.11448252
0.0010456322,0.011915735,0.12958263,0.001343132,0.13053605,0.22142072,0.22856912,0.1906972,0.020294389,0.06459539
0.14711353,0.10322668,0.013592798,0.12969275,0.010268123,0.051939905,0.18261565,0.16650915,0.07776312,0.11727829
0.0156803,0.008297993,0.012438394,0.2578167,0.040890463,0.07707887,0.05221669,0.17468135,0.2612093,0.099689916
0.046910726,0.080096014,0.06826733,0.02213527,0.11433441,0.010466722,0.04866258,0.1575913,0.26644525,0.1850904
0.050670885,0.084635034,0.16619651,0.015671682,0.035681278,0.007888712,0.13916136,0.16908069,0.29361638,0.037397455
0.019653212,0.123804964,0.027662912,0.1747653,0.014972354,0.013991097,0.08666232,0.123129606,0.2842469,0.13111134
0.077582926,0.10739381,0.01554966,0.17903745,0.15535393,0.040411767,0.12256028,0.21277115,0.038528614,0.050810408
0.09156158,0.01942185,0.007525808,0.17308497,0.17286609,0.03437311,0.028184235,0.2124264,0.11570862,0.14484733
0.04854346,0.077795945,0.004835912,0.017159764,0.06335698,0.14275621,0.04689861,0.091852345,0.35370073,0.15310004
0.051923428,0.026840072,0.18105474,0.14096087,0.022004668,0.040797137,0.08370365,0.005085622,0.19826083,0.24936901
0.10648061,0.09587018,0.089650504,0.001638718,0.08755579,0.20607418,0.093063846,0.07289508,0.23294534,0.013825757
0.013927169,0.12016956,0.096694894,0.16136177,0.116653666,0.08502967,0.026517836,0.019519253,0.12690286,0.23322336
0.020438854,0.061962653,0.0062160506,0.10588225,0.23050581,0.13466413,0.119261734,0.07325629,0.22152208,0.026290169
0.016251365,0.023383275,0.0019998215,0.06573218,0.102322415,0.119776875,0.0975359,0.18494865,0.24309193,0.14495762
0.12373459,0.06603727,0.058254607,0.051353194,0.09271771,0.05440054,0.11312931,0.10785851,0.22166736,0.110846914
0.14035867,0.080152094,0.074015535,0.06124973,0.06384916,0.10136738,0.11520754,0.014498353,0.33368206,0.015619484
0.099180296,0.05084493,0.03818373,0.021429319,0.027925555,0.26921487,0.005624784,0.09831983,0.1463606,0.2429161
0.20082772,0.09258973,0.07527685,0.07931943,0.12762845,0.028073601,0.017875673,0.010232418,0.10407728,0.26409885
0.107016325,0.1671821,0.10047172,0.017214429,0.05379921,0.04251162,0.052396163,0.036063593,0.3436032,0.079741634
0.107265085,0.058334716,0.078192554,0.047324438,0.08901907,0.008343501,0.049256798,0.14726119,0.23971058,0.1752921
0.17617583,0.24686393,0.1896945,0.06869669,0.025399497,0.14341454,0.118824475,0.015441008,0.0032017776,0.01228775
0.019198649,0.046927106,0.02395216,0.015856668,0.029745337,0.08498578,0.17506494,0.10105054,0.3172997,0.18591912
0.16552165,0.14504682,0.14698964,0.055581335,0.118804954,0.08202773,0.012710625,0.15436438,0.024081174,0.094871685
0.13207272,0.05829162,0.003595422,0.08426161,0.036261413,0.024074437,0.18507569,0.029163115,0.31150427,0.13569964
0.09870215,0.03966301,0.01321364,0.0011132276,0.02448236,0.1534931,0.06225724,0.160517,0.1248762,0.321682
0.078574836,0.08513248,0.025311157,0.011955087,0.1195188,0.045191288,0.11243081,0.00275691,0.30005977,0.21906887
0.12638511,0.06991223,0.008618906,0.052593857,0.06668988,0.27005848,0.07199308,0.24098627,0.067030564,0.025731629
0.12028799,0.08919553,0.10663839,0.07410662,0.18665585,0.083394244,0.053726625,0.10130361,0.1016466,0.0830445
0.080527596,0.033644266,0.16874929,0.08136155,0.101824425,0.0087096235,0.03534818,0.017112209,0.25985307,0.2128698
0.17629178,0.16268313,0.011764659,0.23012742,0.02994694,0.0007324636,0.04146767,0.007906775,0.102403775,0.23667538
0.07700533,0.12958145,0.06366897,0.06934566,0.091511756,0.20782231,0.14598678,0.052393164,0.06543176,0.09725282
0.04876938,0.119262084,0.0014162995,0.14624073,0.18763272,0.053494252,0.020658853,0.008212009,0.1204749,0.29383874
0.0121127805,0.0067678555,0.07704825,0.075636774,0.16600662,0.17166172,0.12061551,0.05718493,0.26154065,0.051424894
0.026537882,0.05423201,0.059668288,0.21614097,0.1295337,0.13074285,0.03165809,0.16338655,0.15571223,0.03238744
0.10010948,0.21161231,0.085716344,0.091516346,0.12054162,0.043478116,0.1260269,0.07147779,0.060878523,0.088642575
0.028162153,0.14917235,0.026884237,0.1580001,0.13393678,0.009007194,0.0982658,0.071495764,0.0694283,0.25564733
0.06491185,0.1727832,0.009951501,0.020279417,0.0026024561,0.11423852,0.17537116,0.10432372,0.033857007,0.30168116
0.14857669,0.098692805,0.11143658,0.005007959,0.16669096,0.07360383,0.038531434,0.0016310952,0.24326016,0.11256844
0.059771355,0.03092557,0.050448515,0.11462768,0.1845258,0.025534064,0.09720641,0.0879478,0.076115444,0.27289736
0.024310175,0.011659132,0.0957874,0.047206853,0.31689516,0.07323284,0.13462508,0.033914916,0.19501284,0.06735561
0.018470328,0.040386036,0.07099283,0.16130419,0.00514244,0.0759796,0.021850811,0.03612317,0.30466193,0.26508868
0.015687115,0.02217792,0.09793276,0.0066905534,0.04973021,0.17387718,0.017973492,0.07835972,0.04626854,0.49130252
0.06847435,0.06935843,0.10500715,0.1197239,0.08148089,0.016898004,0.023649763,0.21906216,0.18816188,0.10818345
0.08901006,0.093158565,0.054390498,0.08215605,0.022360737,0.12680654,0.045516856,0.19551699,0.19210376,0.098979965
0.031401243,0.09165255,0.061672837,0.122212134,0.015143665,0.120009944,0.12466151,0.113963686,0.14041509,0.17886734
0.06583781,0.11473952,0.0039001803,0.035410024,0.10994407,0.052057855,0.044040255,0.101691976,0.36946216,0.102916144
0.048757385,0.0330971,0.0114246765,0.23357296,0.18693227,0.18172571,0.109374814,0.013721378,0.013029732,0.16836399
0.06037894,0.15643016,0.09048268,0.059076983,0.26740396,0.042653654,0.042653024,0.00052594853,0.019764103,0.26063058
0.015054536,0.05061105,0.13346285,0.0106035555,0.21599698,0.07666242,0.1622024,0.00389781,0.15516661,0.1763418
0.11879084,0.100586385,0.14431582,0.09777839,0.07587274,0.0421785,0.042983495,0.13221103,0.0095444145,0.23573835
0.06217395,0.116940625,0.095034845,0.076189876,0.19970983,0.22580479,0.015274407,0.1376118,0.06779389,0.003465976
0.013969987,0.029811932,0.07822989,0.10435001,0.11739639,0.11422393,0.11380424,0.015423566,0.31915942,0.09363066
0.04440329,0.100551315,0.054308347,0.03971795,0.019577993,0.17078523,0.03083961,0.0142266955,0.3953383,0.13025126
0.1948594,0.01440458,0.08270724,0.02029833,0.051469874,0.07623406,0.021331137,0.031335462,0.26321185,0.24414808
0.060068857,0.10466221,0.1072557,0.10547878,0.024536015,0.031366564,0.062317748,0.22314642,0.19220519,0.08896252
0.035165336,0.093006335,0.03428476,0.06924777,0.26179814,0.013177916,0.010379601,0.0030760379,0.3849269,0.09493727
0.0023653123,0.058003757,0.023156058,0.25846085,0.06266676,0.13303716,0.029463122,0.017241959,0.4115084,0.0040965904
0.1290967,0.13853367,0.1149838,0.13986407,0.06430018,0.05627168,0.046265684,0.111943394,0.056086373,0.14265445
0.06309151,0.11674041,0.016335359,0.122838825,0.0063391193,0.24565165,0.029182095,0.051761493,0.0747933,0.27326623
0.00637244,0.015063989,0.07495351,0.1371031,0.11981451,0.07217373,0.24480377,0.1271461,0.103124045,0.09944479
0.095849104,0.072201245,0.09310593,0.035750136,0.07980492,0.25050905,0.0875088,0.0716858,0.07076542,0.1428196
0.038137775,0.12613995,0.13849421,0.115896106,0.020094901,0.10115151,0.064376585,0.0707902,0.22844173,0.09647704
0.011402417,0.052329045,0.015490605,0.18347946,0.14573587,0.16698459,0.10478904,0.21885352,0.06852047,0.03241493
0.08045587,0.06860019,0.22421417,0.014505106,0.07176283,0.05326153,0.026097285,0.046460032,0.04261069,0.37203228
0.028872022,0.17873575,0.057141215,0.04125973,0.032666713,0.14793637,0.076444924,0.089334056,0.15973295,0.18787627
0.11651155,0.044472523,0.12414219,0.046697866,0.042052593,0.06332132,0.14594842,0.068730675,0.28199187,0.06613097
0.063282825,0.057193823,0.040070113,0.06745263,0.122167446,0.0113577545,0.3138082,0.13428505,0.0040605143,0.1863217
0.070542894,0.1272702,0.023486985,0.10030314,0.013864055,0.13151625,0.11750881,0.0013160228,0.33685854,0.0773331
0.093147315,0.008571717,0.08520799,0.33725724,0.10724887,0.024493845,0.08753765,0.021352708,0.1060798,0.12910287
0.057081025,0.15805516,0.0014063691,0.03625599,0.06425585,0.17706266,0.1983605,0.023539253,0.2649948,0.018988408
0.22674446,0.1959595,0.107233405,0.04393528,0.037131503,0.030594323,0.15396863,0.025338475,0.13742119,0.04167324
0.06281548,0.05816464,0.06396188,0.04013538,0.016225746,0.014125682,0.15411673,0.0040846406,0.13867214,0.44769767
0.1257316,0.066700146,0.030971998,0.14916947,0.023913577,0.14736456,0.0011094229,0.04029247,0.36800194,0.046744797
0.034087088,0.01975036,0.049827732,0.1954139,0.053121764,0.099517815,0.09853706,0.2134913,0.16667376,0.06957921
0.090550244,0.17699645,0.035405695,0.18364611,0.06961357,0.3183324,0.007617084,0.005709645,0.054284018,0.057844773
0.17770429,0.14891271,0.10383195,0.04158507,0.042781312,0.06310452,0.011450354,0.09097538,0.20351739,0.116137065
0.10660498,0.040082235,0.028895862,0.014706277,0.13834544,0.10351606,0.085505836,0.029941315,0.29670352,0.1556984
0.004274188,0.14293951,0.19390166,0.052257534,0.1684444,0.24044926,0.041389063,0.030523071,0.101871915,0.023949418
0.07322264,0.015873231,0.04543673,0.14878927,0.1350444,0.03957452,0.13925457,0.11333933,0.16192323,0.12754214
0.040770013,0.006895389,0.04921172,0.118777804,0.18691142,0.101565614,0.051219147,0.15392111,0.17398177,0.116746016
0.09501221,0.037908662,0.026354086,0.10198215,0.008009865,0.0983156,0.11502318,0.2610192,0.053111844,0.20326327
0.07884853,0.13888945,0.0017646563,0.086072154,0.09544195,0.05298451,0.12558703,0.1529132,0.043886155,0.22361241
0.0038574776,0.12431761,0.055925183,0.14316292,0.13677844,0.018147843,0.0070494753,0.09642907,0.33453122,0.079800695
0.112277836,0.06911804,0.022927519,0.005699985,0.13439982,0.15808916,0.014643624,0.10121665,0.15255198,0.22907543
0.15246287,0.07968946,0.038964655,0.3094587,0.012901372,0.21256936,0.07159551,0.07688156,0.0069485526,0.038527966
0.053461522,0.08718359,0.1012782,0.25909755,0.0022563192,0.0039150496,0.064970896,0.21324535,0.14024948,0.074342005
0.044827983,0.003938389,0.011057023,0.017689228,0.17767513,0.1549413,0.09346556,0.15417773,0.3246994,0.017528262
0.14661294,0.008097427,0.029442342,0.14967594,0.008799793,0.08592096,0.023439629,0.15228043,0.18750444,0.2082261
0.08952426,0.18370414,0.11314431,0.13962439,0.06609672,0.051909506,0.07833204,0.18479358,0.050843988,0.042027064
0.076667845,0.10904831,0.0075520375,0.1385954,0.08403301,0.0144704655,0.06780665,0.15729706,0.07983529,0.26469392
0.021732103,0.06377508,0.18991265,0.022623863,0.122354455,0.018250199,0.084506996,0.24950728,0.049363717,0.17797366
0.014481968,0.127489,0.065778464,0.054902565,0.019247254,0.25065437,0.022202475,0.298978,0.11202102,0.03424487
0.11636905,0.09279329,0.016078763,0.06478643,0.10931752,0.111575365,0.07819796,0.054578185,0.19809309,0.15821034
0.10267802,0.098239645,0.20279886,0.010391576,0.13367395,0.07722026,0.03318989,0.19791517,0.0890935,0.054799125
0.04392803,0.02980846,0.20045756,0.053286463,0.04177283,0.12278881,0.07376777,0.11137602,0.2047261,0.11808796
0.0060658115,0.103128456,0.1895259,0.08493077,0.07394003,0.095931105,0.05292449,0.15621237,0.1855261,0.051814947
0.109629355,0.072899126,0.10481118,0.16024092,0.0010508914,0.01506774,0.054040868,0.1736803,0.1452254,0.16335422
0.03698077,0.051790286,0.14009756,0.110507235,0.15297577,0.14295438,0.013751778,0.06276895,0.17627987,0.11189335
0.07120998,0.07922313,0.06473961,0.007738008,0.13097468,0.023226297,0.011847712,0.10936934,0.29547128,0.20619994
0.2663388,0.006602674,0.18138766,0.055553403,0.16227816,0.14869559,0.019650022,0.06827385,0.062404722,0.028815089
0.06877372,0.10529092,0.124244794,0.018962076,0.05323912,0.0050510913,0.08813378,0.129593,0.22667958,0.18003191
0.20972654,0.052069314,0.0072765537,0.017900005,0.08476776,0.009857328,0.09748258,0.09455119,0.37446132,0.051907342
0.009834283,0.18934768,0.057259746,0.24078037,0.0296905,0.13901778,0.0029987087,0.25113708,0.072826445,0.007107415
0.005408022,0.013558955,0.090283364,0.26989657,0.12878047,0.02693062,0.018888643,0.04414062,0.0699444,0.3321683
0.017669486,0.044349015,0.04368462,0.089504525,0.21227905,0.08338132,0.20705114,0.11337415,0.17416291,0.014543727
0.08363767,0.012785798,0.07685735,0.11686288,0.049379926,0.18175171,0.0016230195,0.23134744,0.03265905,0.21309513
0.12839614,0.15422322,0.0029778797,0.009316278,0.028200109,0.08789744,0.035833787,0.03988867,0.27481776,0.23844872
0.086071104,0.04977492,0.05514782,0.0043417355,0.09092656,0.087689534,0.0045452965,0.1642035,0.1794311,0.27786845
0.1419055,0.045717094,0.054894943,0.08082188,0.053729624,0.043942332,0.22839193,0.16690595,0.009792409,0.17389832
0.015389224,0.09254488,0.09258448,0.06113721,0.0105261365,0.0347812,0.04097566,0.18895276,0.2958415,0.16726695
0.101825066,0.05027066,0.04612998,0.03321822,0.060142756,0.06643006,0.16628698,0.24203444,0.19904606,0.03461579
0.09689556,0.040445358,0.0038630574,0.16346444,0.093034394,0.024075432,0.0065478943,0.08560605,0.29244995,0.19361785
0.033905085,0.06553668,0.11448969,0.015495472,0.09904764,0.16537085,0.14812219,0.004645046,0.23711978,0.11626756
0.05150652,0.03156209,0.1576282,0.017450113,0.016308097,0.06309499,0.13780034,0.17417115,0.25188315,0.09859536
0.0076752403,0.020775804,0.03796654,0.0025515703,0.10128972,0.22642033,0.09144955,0.022484187,0.41575864,0.07362841
0.065783985,0.101174645,0.036336455,0.15689372,0.19591394,0.07911048,0.040831093,0.027575256,0.009161506,0.28721896
0.122614406,0.010164908,0.0486426,0.12022667,0.185631,0.065127514,0.05022275,0.012868632,0.37836605,0.006135531
0.11289995,0.08572871,0.038770616,0.15106022,0.20501877,0.1409095,0.1660928,0.022952253,0.059860013,0.016707163
0.1192108,0.18561162,0.010529132,0.08362797,0.27145624,0.090461865,0.0010124755,0.07337083,0.14019078,0.024528325
0.12139216,0.02126419,0.05126807,0.17541571,0.16428384,0.08523255,0.0019867828,0.2159286,0.07549471,0.08773338
0.019712593,0.011510863,0.04293127,0.13312805,0.2504614,0.06369061,0.088197544,0.05135084,0.28739652,0.05162033
0.10014005,0.020455137,0.077889,0.1008748,0.107358195,0.04611386,0.14592202,0.08087861,0.20033889,0.12002944
0.12403929,0.08471453,0.11794567,0.20178936,0.045161672,0.055889204,0.06360216,0.049988694,0.18741924,0.069450215
0.077731445,0.048269525,0.059906445,0.035291146,0.18104333,0.03311931,0.1140599,0.038786415,0.12655656,0.2852359
0.11221411,0.08793857,0.16640978,0.033469725,0.07831997,0.0141149275,0.16096167,0.06997691,0.09089617,0.18569821
0.12566249,0.035546586,0.059579663,0.13140753,0.0039429357,0.010929301,0.1577757,0.16373162,0.24939248,0.062031675
0.03712249,0.030029556,0.16952065,0.29676896,0.13260612,0.031992495,0.025993483,0.08129143,0.10374292,0.09093192
0.0922955,0.09925576,0.016510118,0.14408216,0.09003619,0.028510625,0.07497461,0.05939053,0.11750463,0.2774399
0.10104687,0.08244049,0.06558702,0.13155617,0.06837263,0.009534261,0.023395227,0.10779833,0.2543777,0.15589133
0.086402744,0.1300915,0.057625458,0.10647621,0.18561839,0.015167727,0.12534921,0.09648019,0.009063923,0.18772465
0.049006972,0.06065385,0.0686422,0.057876945,0.11866365,0.016905468,0.17841142,0.12017284,0.26139998,0.06826667
0.039626356,0.1004894,0.058113184,0.05776987,0.06591968,0.004286245,0.21876456,0.3637045,0.040456217,0.050869975
0.00275632,0.13567853,0.10234911,0.10766274,0.012380094,0.06537576,0.14167494,0.17925465,0.1146816,0.13818625
0.14410275,0.07795615,0.03623236,0.11755696,0.014788076,0.17185968,0.19008154,0.0013370934,0.09433295,0.15175247
0.053168613,0.07192725,0.043439243,0.04721584,0.095537834,0.17015094,0.1446109,0.04193503,0.12730037,0.20471399
0.111940674,0.006029609,0.1040453,0.018885026,0.2806943,0.023492713,0.10363305,0.23030487,0.02674033,0.09423414
0.13973425,0.012923695,0.03107688,0.100350484,0.046192173,0.081638865,0.20730807,0.10190174,0.06899566,0.20987818
0.15016487,0.04122206,0.0032849472,0.021060709,0.04136423,0.032247532,0.113498285,0.23168583,0.3437757,0.021695828
0.10509451,0.029321257,0.050867967,0.0642834,0.06638606,0.026856422,0.21223879,0.030930592,0.19412899,0.21989201
0.1047907,0.10497557,0.15194857,0.0692387,0.12252693,0.026889425,0.090273716,0.03395885,0.069513276,0.22588421
0.03848125,0.11202469,0.05635665,0.03296933,0.19808663,0.1111911,0.13721609,0.022641152,0.07293569,0.21809742
0.106032304,0.102767035,0.019156175,0.041305445,0.013427639,0.07742282,0.024266208,0.18681015,0.219698,0.20911428
0.12559325,0.10384417,0.02467742,0.043031767,0.003082034,0.019866757,0.12541252,0.0029284868,0.36466005,0.18690348
0.03856749,0.06346553,0.10622512,0.06031887,0.016220456,0.13834824,0.0061130165,0.042469833,0.26553085,0.26274064
0.12345528,0.15476583,0.031241402,0.04177282,0.067666434,0.12418146,0.12344046,0.01028624,0.13652986,0.18666025
0.055945903,0.014458457,9.075083e-05,0.09433306,0.12799622,0.21770099,0.11184004,0.04173613,0.11763648,0.21826196
0.16785444,0.015779065,0.023248117,0.12228247,0.23067228,0.07726544,0.07175843,0.024409024,0.26544723,0.0012834466
0.102393456,0.14636181,0.12064929,0.12995233,0.087724835,0.079628125,0.09340204,0.09498797,0.04826179,0.096638344
0.0015155402,0.09116335,0.060735483,0.12694056,0.14656152,0.07083605,0.025205916,0.08321475,0.08392815,0.30989867
0.07018601,0.13886143,0.0609097,0.14266711,0.010174822,0.2584063,0.036069434,0.05228117,0.13535623,0.09508781
0.04951333,0.11396282,0.073364936,0.13741344,0.041776996,0.12316209,0.04339025,0.032293502,0.34148234,0.043640282
0.055586874,0.1352697,0.042027034,0.02399029,0.15441903,0.1259876,0.19853653,0.08325467,0.17735262,0.0035756184
0.009956037,0.08049896,0.073741704,0.031085888,0.09855383,0.28603643,0.0118580535,0.15479358,0.20446046,0.049015075
0.09514475,0.03719037,0.10114845,0.2330851,0.1387541,0.09455509,0.1100404,0.008572499,0.09299496,0.088514276
0.011555668,0.01837201,0.060310204,0.03661775,0.14725415,0.2753771,0.0993782,0.053603604,0.021743407,0.27578792
0.05284099,0.03145981,0.019738514,0.07747407,0.22180071,0.067265056,0.2180013,0.096043356,0.19773011,0.01764604
0.012530977,0.00030344367,0.19774278,0.08503418,0.1504339,0.03725852,0.09419319,0.059596,0.15272099,0.21018599
0.06511542,0.018985562,0.044554576,0.20471105,0.11069333,0.03082951,0.09472287,0.04872172,0.24341296,0.138253
0.025596581,0.15927437,0.068383634,0.121557355,0.061128292,0.021875544,0.17152166,0.054379586,0.1753916,0.14089137
0.05376422,0.027570553,0.06620844,0.035538565,0.19046476,0.11425756,0.14632164,0.06544879,0.086168595,0.21425688
0.024105972,0.07792674,0.0012964498,0.0345934,0.05593997,0.30251676,0.040745005,0.13063802,0.109357856,0.22287984
0.07278447,0.023229403,0.04057184,0.03500653,0.1566465,0.072281495,0.053861964,0.28202394,0.09260267,0.17099123
0.24257973,0.06648142,0.15486515,0.033547267,0.1229959,0.07927305,0.020573393,0.03326852,0.16009556,0.086320005
0.09886906,0.1766893,0.07997678,0.09554084,0.18814799,0.14750603,0.0143802175,0.08569612,0.0069797877,0.10621383
0.1561574,0.10371535,0.052343868,0.16396354,0.09592993,0.18754601,0.049955577,0.11962304,0.027336815,0.04342844
0.16956192,0.08849661,0.0042289123,0.046961114,0.056683514,0.14847672,0.15037961,0.012841668,0.17483479,0.14753515
0.11077931,0.07081776,0.032493524,0.022989197,0.20133178,0.021583065,0.0046414225,0.017232578,0.23807363,0.2800577
0.017991895,0.04393225,0.09793229,0.019901967,0.08903238,0.2498726,0.16300346,0.05333091,0.00843915,0.2565631
0.042749606,0.054437198,0.13037886,0.13406214,0.0032464317,0.037598412,0.1791899,0.062151708,0.13391064,0.2222751
0.13397041,0.03759216,0.11057433,0.0046383273,0.11374039,0.08268016,0.047696926,0.2617713,0.04401131,0.16332468
0.0014124713,0.025836745,0.05734224,0.008434738,0.12331259,0.12165057,0.024481544,0.17181751,0.3108424,0.15486921
0.0833507,0.0024776044,0.036738794,0.079940245,0.050249957,0.006997935,0.13245858,0.13869472,0.120997734,0.3480937
0.03708821,0.016062135,0.051471382,0.14119038,0.13359906,0.18762995,0.17117777,0.08165893,0.0028867377,0.17723541
0.07430641,0.105265416,0.06598252,0.086051255,0.044417676,0.26326874,0.05350505,0.084006734,0.11434176,0.10885445
0.01174207,0.14230514,0.032031067,0.17298844,0.021895755,0.18584621,0.11219662,0.17280792,0.087028526,0.061158266
0.11817371,0.017525539,0.016852375,0.16145799,0.21465257,0.20344222,0.03999739,0.07758625,0.1396178,0.010694151
0.11207943,0.07128158,0.051384874,0.08749456,0.097104594,0.1233752,0.0893061,0.19908527,0.13474184,0.03414655
0.11143695,0.09820717,0.024820019,0.06478573,0.042050526,0.14193651,0.18218374,0.116654925,0.072635286,0.14528915
0.08489228,0.015123646,0.11421889,0.05569598,0.07290624,0.019338006,0.20447089,0.017824205,0.32325137,0.09227846
0.07180352,0.041769903,0.031888206,0.13712178,0.13125692,0.058915284,0.05485079,0.15855494,0.05647212,0.25736654
0.02188939,0.08796048,0.19252554,0.045897525,0.09054177,0.003815039,0.0026492712,0.02630316,0.34966674,0.17875111
0.102960415,0.12955602,0.2236786,0.05585171,0.08004742,0.23224273,0.13157894,0.0061198464,0.005659345,0.03230497
0.053628445,0.017919054,0.0025212055,0.33495045,0.14941339,0.10849421,0.036013175,0.057665493,0.17603892,0.06335567
0.042413194,0.14608452,0.032810405,0.11745137,0.021610748,0.055590685,0.27925876,0.1332124,0.16646227,0.0051056254
0.11685962,0.25516024,0.050793402,0.15284768,0.032350983,0.03694683,0.035954956,0.04580452,0.00991746,0.2633643
0.09914506,0.0026892365,0.05826836,0.057056267,0.11042237,0.09029262,0.039018095,0.12823516,0.3570964,0.05777641
0.1597233,0.05343726,0.10930699,0.18976873,0.03780026,0.035544887,0.07141036,0.17041942,0.01594007,0.15664873
0.07037858,0.07118405,0.1427053,0.04139934,0.13126402,0.0138742495,0.023403693,0.06565999,0.2927058,0.147425
0.023720806,0.1318917,0.06308213,0.14427091,0.0064121652,0.2490641,0.12322398,0.106970705,0.06186447,0.089499034
0.06388617,0.061394166,0.14145964,0.07802381,0.12688869,0.1544486,0.05136681,0.005544483,0.14056732,0.17642027
0.06436423,0.037678152,0.006210485,0.010351675,0.2790508,0.0799502,0.07421319,0.049971174,0.18823738,0.20997266
0.09757692,0.018748641,0.015777472,0.14976473,0.16841501,0.16997579,0.042604096,0.041961253,0.22116643,0.07400966
0.0962349,0.11260982,0.07180032,0.013335847,0.108961634,0.11117236,0.037166838,0.11999731,0.17695971,0.1517613
0.034382034,0.0042663985,0.069394924,0.11373711,0.032557692,0.076789714,0.07115514,0.1069813,0.35837516,0.13236053
0.12975359,0.07234725,0.08467334,0.12862207,0.17037399,0.016147116,0.12806602,0.099153064,0.15443775,0.01642579
0.08665669,0.04040235,0.005861258,0.1447565,0.054081336,0.11403868,0.24762526,0.07279606,0.17549926,0.05828252
0.034138486,0.0025773533,0.08041347,0.023093132,0.082145035,0.103571266,0.035576876,0.0060608764,0.27314293,0.35928056
0.0783699,0.016163714,0.053170543,0.15203927,0.034561146,0.17452995,0.11031135,0.07665148,0.12826377,0.17593892
0.15972582,0.0028680656,0.12415281,0.04409172,0.057462722,0.14920977,0.06121685,0.117804796,0.1861147,0.09735274
0.025393058,0.11037583,0.039036103,0.16119339,0.0058264495,0.0922117,0.08889935,0.12541834,0.20142026,0.15022555
0.015103574,0.12338292,0.10425342,0.11826424,0.04102784,0.08025845,0.012954524,0.020319063,0.28868583,0.19575019
0.05648998,0.040062048,0.025015088,0.07674252,0.10680606,0.091526724,0.07992427,0.10037391,0.28415614,0.13890325
0.02136765,0.06905002,0.17618346,0.024322243,0.09818667,0.0039629196,0.0050311573,0.13933666,0.23342071,0.22913852
0.0032237521,0.054061707,0.090446845,0.0062687676,0.046681054,0.29440275,0.016218571,0.13122128,0.19238691,0.16508833
0.04292579,0.15345602,0.18706778,0.09917353,0.21490812,0.027742656,0.055375647,0.12588269,0.021621887,0.071845874
0.07565978,0.033254206,0.009102375,0.20424703,0.10452061,0.2534492,0.02512734,0.024812669,0.24580373,0.02402305
0.008597951,0.058959812,0.042049356,0.0061251544,0.06084969,0.07439153,0.029973194,0.14756027,0.34175456,0.22973846
0.037409715,0.067165494,0.018455286,0.10125094,0.13037297,0.041167855,0.072456285,0.04071815,0.4090215,0.08198184
0.030291758,0.043108627,0.044714812,0.14963087,0.073633485,0.096364,0.15259197,0.099516496,0.2925054,0.017642569
0.05465962,0.11135354,0.14388219,0.045621168,0.12612292,0.07316425,0.05712347,0.02379778,0.23857342,0.12570159
0.074803166,0.16950396,0.082550086,0.017165868,0.095009826,0.08341274,0.030495424,0.12613598,0.19975793,0.12116512
0.10558488,0.04104951,0.055311386,0.016599922,0.18737514,0.31068024,0.0046209088,0.00826295,0.10620284,0.16431221
0.0036085343,0.11212412,0.12355327,0.0049907365,0.1809409,0.047669858,0.11074867,0.17903776,0.23630145,0.0010247001
0.0675173,0.004477199,0.060713034,0.08258869,0.24637553,0.073740825,0.046126213,0.06712279,0.2501693,0.10116912
0.018276453,0.017452953,0.11057689,0.09935691,0.100966476,0.12906726,0.08960882,0.10842714,0.16951096,0.15675607
0.14722031,0.06312224,0.14663316,0.011410409,0.09216897,0.005351735,0.08219162,0.23852602,0.008187475,0.2051881
0.033642568,0.029212503,0.04274388,0.17359534,0.0052484022,0.28367203,0.34880954,0.036374137,0.013489223,0.03321239
0.016733129,0.0048595737,0.057190355,0.03645017,0.11269761,0.23985736,0.2187937,0.03901184,0.042609897,0.23179635
0.03944554,0.1413751,0.08931214,0.10713023,0.0727096,0.078221574,0.07954864,0.001484812,0.28544888,0.1053235
0.07901297,0.02372564,0.048157047,0.1623527,0.00398558,0.14214581,0.11729386,0.01680984,0.23467489,0.17184168
0.10183438,0.0013977735,0.16506052,0.049858794,0.052032758,0.036992062,0.01653993,0.06862714,0.26128423,0.24637234
0.06517842,0.07283095,0.047453657,0.19411367,0.07495593,0.020872392,0.16257468,0.020932328,0.281513,0.059574958
0.009886497,0.032149173,0.021803018,0.16757491,4.692574e-05,0.19535244,0.12101101,0.04782547,0.18135343,0.22299713
0.10761745,0.020447891,0.033885594,0.035089843,0.20436747,0.20521519,0.119251065,0.06130793,0.17467523,0.038142342
0.0077396384,0.15398394,0.2002287,0.014129936,0.16657026,0.11255275,0.00013365394,0.09858156,0.046146713,0.19993286
0.05799427,0.036868036,0.07478763,0.20365396,0.10658865,0.09808864,0.09490136,0.015494854,0.14926668,0.16235593
0.04332875,0.17782745,0.031288087,0.09242478,0.19780593,0.06597961,0.026790002,0.22741319,0.10802608,0.029116118
0.1164734,0.024484897,0.12777223,0.04900129,0.0833101,0.08700265,0.1519778,0.15918913,0.16106385,0.03972463
0.09286933,0.054243043,0.055757247,0.030574908,0.03343168,0.08623681,0.104803175,0.15261677,0.21876766,0.17069939
0.029961143,0.006278625,0.005100698,0.020679938,0.089754015,0.07968697,0.23686722,0.14473839,0.12229086,0.26464218
0.07061969,0.0028600611,0.0036839573,0.12769026,0.045308035,0.13896585,0.0024426691,0.16692899,0.056453258,0.3850472
0.18684657,0.0047232276,0.084740356,0.03935744,0.20476057,0.0065989424,0.13443267,0.18674566,0.050049465,0.10174511
0.21523432,0.18643072,0.019700836,0.022431722,0.050800424,0.06220512,0.20200916,0.13136427,0.04683418,0.06298921
0.04647151,0.07820979,0.063768014,0.15725745,0.25363427,0.018275322,0.042405028,0.099415034,0.15757099,0.082992606
0.08631414,0.02428488,0.16138428,0.019769412,0.06906072,0.03963176,0.19247766,0.027289297,0.050080914,0.32970688
0.07823859,0.055904746,0.07956237,0.06943958,0.16217618,0.02721182,0.22717245,0.055817988,0.17349406,0.07098222
0.052915577,0.0038989887,0.023934953,0.0021542455,0.05706129,0.097425334,0.05895816,0.1901418,0.3092549,0.20425472
0.015873546,0.17126903,0.13522029,0.022946676,0.0076328944,0.034261018,0.35788238,0.082975514,0.08311321,0.088825434
0.10833831,0.048527937,0.10674317,0.13028368,0.0048461673,0.14296877,0.144121,0.04286308,0.25493807,0.016369825
0.12486135,0.057768047,0.1554502,0.0555614,0.016779019,0.044714816,0.049947277,0.03113752,0.1921582,0.2716222
0.011861681,0.062039666,0.117542796,0.13000281,0.018203221,0.049173947,0.036081128,0.048874844,0.50494385,0.021276053
0.035818014,0.10035738,0.0501999,0.0003484626,0.23740615,0.0071862135,0.114876054,0.10710077,0.14055514,0.20615186
0.0726712,0.11665474,0.064778835,0.17226619,0.053111862,0.0014338235,0.09531759,0.012643514,0.3379698,0.073152445
0.13586083,0.008464925,0.11728412,0.022122374,0.117573716,0.08640462,0.1395539,0.07263356,0.02815942,0.27194253
0.15266606,0.12489884,0.00043093043,0.21279302,0.029095931,0.0926206,0.08324501,0.038710877,0.20051004,0.06502868
0.03950025,0.07620848,0.118432984,0.07520318,0.16617699,0.05913673,0.15605713,0.13034852,0.16350357,0.015432171
0.12200657,0.07842179,0.0055692247,0.09151515,0.08461804,0.13557348,0.12379051,0.23766635,0.05015198,0.07068691
0.008496184,0.05679726,0.05297954,0.1742559,0.064550444,0.057258334,0.036605395,0.035667907,0.36148998,0.15189907
0.0445487,0.092831686,0.02918206,0.23873016,0.15378349,0.009148671,0.24735396,0.011740294,0.09899742,0.073683575
0.022719322,0.039035276,0.04406802,0.057795323,0.22598375,0.084420785,0.08875429,0.10714578,0.07919462,0.2508829
0.2348646,0.19690716,0.1087688,0.05123441,0.13491507,0.126592,0.06582049,0.017397847,0.03017427,0.033325344
0.014215585,0.09625504,0.15577365,0.07256496,0.031066911,0.11587476,0.14556076,0.027583042,0.25321302,0.08789231
0.085357495,0.0070925914,0.011043688,0.2042397,0.038450677,0.16629873,0.1304901,0.101414375,0.14903478,0.10657784
0.011787998,0.009779081,0.108724825,0.08719429,0.08774381,0.073345326,0.1093306,0.01593432,0.1417037,0.35445607
0.06159146,0.077709295,0.15503423,0.084096596,0.17505732,0.07484853,0.00719163,0.119284995,0.21120675,0.03397916
0.03785546,0.06797224,0.08203194,0.000118933465,0.03985256,0.18702427,0.08239466,0.08134937,0.4033089,0.018091664
0.043229055,0.0466542,0.057704348,0.205168,0.08280355,0.16003174,0.091553815,0.04770205,0.06662193,0.19853131
0.031887993,0.011750697,0.04702297,0.14176053,0.17435154,0.07362949,0.12685476,0.043722164,0.1607696,0.18825026
0.083960645,0.06429945,0.30468544,0.18183479,0.047911674,0.01245016,0.039284077,0.16006629,0.014369414,0.09113807
0.10879754,0.009108165,0.122687854,0.04710966,0.016387422,0.16465119,0.101361275,0.09808772,0.18801807,0.14379111
0.10879572,0.10516238,0.03455806,0.05489139,0.05082247,0.065382294,0.04416257,0.08449844,0.2598121,0.19191456
0.3020194,0.01941902,0.021887762,0.14638619,0.12523404,0.039809834,0.017674077,0.24794218,0.008704948,0.07092253
0.057452194,0.17836457,0.08069126,0.07273583,0.21056378,0.07458474,0.03548642,0.0406149,0.057926,0.19158031
0.052492455,0.10241215,0.1727444,0.063194275,0.06846632,0.055532668,0.09509498,0.011682109,0.2353176,0.14306305
0.053921036,0.08450968,0.036495585,0.014557103,0.0038592338,0.33799523,0.00060868205,0.19355911,0.2146843,0.05981005
0.10187757,0.042471524,0.016299875,0.08447092,0.053914677,0.019488487,0.0060655912,0.02244781,0.24668038,0.40628317
0.1539998,0.1104145,0.056923643,0.18028231,0.1599813,0.013908668,0.09370982,0.1002804,0.06940133,0.061098237
0.10557471,0.023110889,0.036858324,0.05233423,0.22954473,0.0936209,0.018503154,0.054356236,0.15785395,0.22824287
0.03550914,0.13009855,0.04687482,0.06047238,0.11086051,0.13143939,0.045962166,0.06753367,0.3137321,0.057517298
0.02374988,0.0839261,0.034192618,0.16409498,0.063917965,0.09142839,0.25115398,0.1274881,0.0977696,0.062278416
0.09982171,0.06914325,0.013848026,0.10130352,0.026956555,0.120307826,0.18066941,0.11923842,0.008590461,0.26012087
0.05611183,0.049613006,0.082382016,0.035120007,0.030853033,0.1585715,0.09739608,0.06417108,0.29125866,0.13452283
0.11256238,0.042042013,0.038447805,0.122031786,0.013877998,0.111213535,0.025973625,0.0392148,0.18373628,0.3108998
0.06983629,0.034937453,0.0045671547,0.07040535,0.098277465,0.03281688,0.27635762,0.1680549,0.03399976,0.21074711
0.11687554,0.051376686,0.10039907,0.08049748,0.010600125,0.14945072,0.12559028,0.15942119,0.054485932,0.15130301
0.11904063,0.07086423,0.12209908,0.045641385,0.18298684,0.020502515,0.06394146,0.12242092,0.050867002,0.20163587
0.0076393825,0.1901289,0.104370035,0.09846983,0.08413134,0.040082656,0.14670219,0.14163233,0.013087143,0.1737562
0.044187203,0.1113081,0.008831518,0.16599877,0.10542242,0.14946353,0.021530643,0.09970739,0.024685092,0.26886532
0.090260185,0.2208336,0.08068982,0.18101259,0.05857119,0.009928836,0.041450687,0.080970526,0.07697187,0.1593107
0.10578151,0.050702684,0.11358226,0.033896975,0.064185955,0.025650676,0.13467948,0.20140013,0.123546764,0.14657357
0.1647584,0.05272875,0.1053687,0.11496623,0.024335127,0.19734955,0.14333372,0.06637628,0.045385323,0.08539792
0.08717695,0.09587602,0.08159245,0.07520483,0.096474856,0.015617281,0.12204689,0.12457122,0.28840992,0.013029523
0.06213284,0.10790597,0.14134209,0.11467015,0.018821986,0.074972525,0.03694611,0.22797535,0.08799524,0.1272377
0.020699618,0.017947424,0.008917843,0.1578392,0.1967443,0.019509824,0.08571458,0.078546844,0.35973123,0.054349154
0.072005354,0.0119232405,0.007285189,0.18973124,0.24825247,0.017543286,0.24394438,0.021353783,0.10699342,0.08096764
0.14493693,0.03062585,0.08093008,0.079494335,0.10961823,0.065891616,0.22165872,0.12457667,0.06407546,0.0781921
0.1116545,0.12856302,0.21992716,0.035397727,0.051053844,0.09898442,0.011329516,0.06417477,0.18219821,0.096716784
0.007870503,0.042725023,0.027685372,0.0790395,0.027444577,0.14082775,0.22740883,0.14197503,0.18915041,0.115872994
0.01906228,0.06760937,0.122385584,0.08505716,0.09000698,0.11960064,0.022728616,0.1090912,0.13458782,0.22987035
0.06425126,0.0012287073,0.015913218,0.46039745,0.024784314,0.035592694,0.063463986,0.25431105,0.07943274,0.0006245584
0.01715238,0.03665885,0.03869756,0.20995633,0.13459232,0.016763998,0.03152858,0.20480683,0.29818124,0.011661958
0.06437109,0.101698294,0.08018182,0.06806606,0.022805098,0.05034596,0.035353582,0.09882398,0.32744458,0.15090953
0.032056704,0.05815152,0.06671343,0.035092425,0.17364316,0.194824,0.027653977,0.22437535,0.118346155,0.06914329
0.06582805,0.06599479,0.116307944,0.06727594,0.08152464,0.06923578,0.0049604587,0.13447666,0.2718976,0.12249816
0.09606445,0.024872113,0.07192588,0.051031046,0.07549472,0.018428393,0.035089135,0.09520667,0.26116943,0.27071816
0.14390805,0.043672398,0.054145176,0.013750116,0.13081935,0.07651792,0.18431556,0.14742313,0.16838168,0.037066605
0.1490197,0.15433156,0.002262278,0.06092923,0.09875644,0.16439301,0.17971686,0.01581995,0.09074087,0.08403011
0.1744461,0.010561384,0.0754194,0.12012837,0.0012405214,0.015943319,0.13254103,0.005865824,0.23985517,0.22399887
0.06697058,0.027372448,0.13295794,0.05380058,5.8826154e-05,0.020447506,0.047087435,0.08281561,0.058445524,0.51004356
0.051253226,0.039223526,0.07047118,0.09265596,0.15320493,0.010125361,0.009976136,0.010787432,0.43644053,0.12586172
0.094188854,0.01978787,0.12714162,0.0275671,0.19762635,0.038898323,0.20216209,0.039728247,0.12410201,0.1287975
0.1058855,0.09707786,0.10388417,0.057724923,0.06555965,0.03200967,0.046629943,0.12706867,0.28983024,0.07432932
0.13594764,0.0065705255,0.11404697,0.23739536,0.041606277,0.02218894,0.085872,0.028215677,0.26683706,0.06131956
0.1081843,0.052331634,0.031271584,0.025866307,0.13209215,0.09528319,0.0033816693,0.14207241,0.13666748,0.27284932
0.06950323,0.097798765,0.025394538,0.02609234,0.038434755,0.019990357,0.15605314,0.12942491,0.12454969,0.31275833
0.050798643,0.12715591,0.1566949,0.11905456,0.07727765,0.119098514,0.060422856,0.05999279,0.016362272,0.21314189
0.058258254,0.102431364,0.086852364,0.1708974,0.062341828,0.12546955,0.12199393,0.039966878,0.09559241,0.13619603
0.04031213,0.06360766,0.18223007,0.11522582,0.014298217,0.060745288,0.38537583,0.019669672,0.0913874,0.027147904
0.038023368,0.051422812,0.12336146,0.10569392,0.0053555756,0.26846236,0.06397809,0.13265492,0.111307845,0.0997396
0.054497108,0.08480781,0.01095026,0.022169739,0.050648548,0.18950921,0.20409009,0.06523311,0.20984504,0.108249076
0.10813001,0.13214235,0.08712612,0.06666882,0.15070407,0.08245326,0.026474157,0.08816152,0.2064596,0.051680066
0.021429673,0.012110835,0.1838327,0.014303549,0.08259868,0.018409349,0.031405702,0.099839285,0.19494046,0.34112978
