0.010786557,0.16165096,0.047548972,0.1520233,0.16946451,0.027090335,0.10974825,0.002018473,0.19788654,0.12178204
0.06972697,0.14597477,0.00801451,0.17246392,0.07798497,0.11944016,0.04800275,0.082551256,0.26600167,0.009839031
0.12691297,0.0661494,0.06511827,0.026057286,0.05941245,0.15058616,0.06956715,0.11636244,0.20649229,0.11334159
0.0229501,0.059386775,0.041027848,0.14549138,0.07020921,0.14770134,0.050976522,0.15557867,0.1259397,0.18073846
0.057178475,0.08338135,0.009322064,0.18820332,0.022501837,0.12331678,0.0697931,0.1972331,0.14722864,0.10184137
0.10238538,0.09197024,0.111386076,0.024098517,0.015547212,0.077985056,0.21341047,0.0762663,0.2577729,0.029177835
0.07553078,0.14635848,0.0054952516,0.16385892,0.1355863,0.09529984,0.063434035,0.06885901,0.012389473,0.23318788
0.1226096,0.038623933,0.0384347,0.17944732,0.274986,0.0023447496,0.031726275,0.056260604,0.010052881,0.24551395
0.107423656,0.20629373,0.018990178,0.06834238,0.20515166,0.016802419,0.013979836,0.2053818,0.048640523,0.10899382
0.09778902,0.036192816,0.028532919,0.06711855,0.0474315,0.18959898,0.21853338,0.21146275,0.09236516,0.010974939
0.040959727,0.05389422,0.108002,0.04094142,0.083131194,0.1394701,0.07714684,0.06587091,0.3794779,0.011105689
0.066383414,0.015026335,0.2108405,0.14463073,0.03884787,0.12137512,0.029403446,0.03510539,0.24314229,0.095244855
0.07183215,0.063876905,0.06814913,0.22866488,0.05710856,0.062810086,0.03448945,0.04723446,0.26385418,0.10198016
0.03875128,0.05893697,0.0017968444,0.023426903,0.18993795,0.12307628,0.0067037446,0.058980994,0.19120832,0.30718076
0.06660356,0.021448832,0.10269297,0.27650422,0.06097999,0.11349417,0.019159397,0.090364404,0.038473867,0.21027865
0.10594142,0.07112137,0.0401265,0.07145382,0.105672754,0.14655824,0.108465955,0.024724554,0.21248159,0.11345379
0.037290137,0.15692165,0.067280635,0.10493287,0.062007006,0.038477045,0.008055474,0.22037537,0.112391174,0.19226867
0.04370086,0.0047954093,0.064926535,0.0344836,0.16054437,0.01587603,0.03474602,0.066566095,0.27155858,0.3028025
0.04768013,0.009076296,0.122504696,0.17001437,0.22940023,0.15987489,0.013151028,0.023505181,0.051087745,0.17370543
0.08855006,0.068709366,0.029798128,0.11071469,0.3475174,0.021016411,0.016121458,0.10226445,0.03171853,0.18358953
0.2348823,0.15291312,0.17301288,0.16418248,0.053881906,0.03906046,0.053075336,0.06497379,0.04197216,0.022045529
0.037661683,0.111640766,0.05763581,0.13560323,0.112727,0.029521028,0.029926447,0.13540533,0.34881628,0.001062458
0.097753786,0.1426428,0.05460471,0.048613932,0.08304155,0.029125247,0.027800472,0.085548565,0.2392671,0.19160183
0.083487645,0.13720877,0.094775856,0.0802125,0.036665488,0.09152579,0.15308096,0.028325533,0.23292558,0.06179188
0.012727794,0.035869155,0.0050708144,0.28918624,0.04071033,0.006376258,0.15707783,0.060646925,0.134312,0.25802264
0.009912833,0.012314825,0.049382973,0.2593843,0.22441211,0.08831171,0.050791256,0.09955154,0.18894723,0.016991232
0.041893706,0.020967985,0.03910016,0.09691871,0.07929746,0.16080965,0.06880296,0.11213617,0.22277899,0.15729423
0.08586373,0.057986375,0.036140945,0.056879546,0.028012369,0.15913479,0.3856496,0.15001588,0.025598478,0.014718286
0.044799984,0.0043981886,0.08802524,0.023465693,0.04294145,0.1781878,0.16286184,0.28976166,0.1030381,0.06252007
0.11640404,0.039391913,0.023575647,0.19075853,0.033331554,0.17046513,0.21203832,0.029843526,0.124310106,0.05988119
0.0021864655,0.01618549,0.024418144,0.06158637,0.06609742,0.032989956,0.24788944,0.15799509,0.28056374,0.11008789
0.06313821,0.059019722,0.100050785,0.18254107,0.14845203,0.1496961,0.08146743,0.1134295,0.091122374,0.011082773
0.10692654,0.085027,0.017911103,0.12366656,0.08799508,0.06093098,0.020258315,0.10066447,0.14074804,0.25587192
0.011953347,0.00956922,0.06825253,0.08761617,0.13469663,0.14870094,0.019213226,0.2577667,0.05970817,0.20252304
0.10527763,0.16663776,0.054360434,0.062326252,0.21074556,0.029421655,0.05902756,0.16365573,0.008514918,0.14003256
0.008294489,0.1633673,0.21976036,0.16551565,0.0101685375,0.025656125,0.10523925,0.002678442,0.09541059,0.20390925
0.023942867,0.032630343,0.0054984037,0.028573744,0.080712825,0.08441009,0.3189114,0.013420967,0.32585296,0.0860464
0.1322748,0.017026803,0.074774966,0.0286336,0.07842039,0.038134303,0.17868857,0.08875171,0.07680207,0.2864928
0.048196808,0.011954633,0.040971473,0.2887026,0.0023730998,0.12983263,0.072031,0.112800926,0.22697558,0.06616126
0.034709077,0.17706567,0.03145078,0.062325593,0.18095878,0.028117953,0.06877601,0.15411186,0.16625376,0.096230485
0.10199015,0.056705832,0.055188417,0.033488814,0.11248007,0.08533957,0.12278849,0.12800206,0.122287475,0.1817291
0.046491656,0.0717751,0.08343234,0.14597753,0.019110885,0.17586593,0.041934565,0.17240274,0.14508168,0.09792756
0.020577237,0.048828915,0.0960876,0.29693085,0.24516752,0.028387884,0.08860311,0.009448656,0.08753412,0.07843403
0.036874134,0.1031124,0.054002065,0.07368907,0.18018639,0.14702915,0.018213524,0.14675643,0.10912548,0.1310113
0.063320145,0.015075299,0.08578591,0.070313975,0.12536284,0.11021521,0.08302785,0.07772003,0.07824962,0.2909291
0.1062535,0.15053365,0.0017541099,0.10717367,0.024417426,0.06360845,0.16782264,0.15186125,0.067800395,0.15877496
0.057330754,0.1161689,0.16620317,0.0881406,0.02721627,0.056910507,0.14915963,0.042408764,0.095318325,0.20114309
0.017113697,0.14791003,0.09450161,0.13146049,0.0859469,0.2091583,0.008392272,0.12830086,0.05647898,0.120736904
0.03876616,0.14480683,0.09400932,0.28690913,0.24043214,0.010336098,0.038859654,0.075911134,0.026462756,0.043506775
0.021073658,0.05403741,0.0722921,0.13416924,0.13509811,0.05483955,0.12573296,0.110188514,0.18375371,0.10881473
0.0025843175,0.062509425,0.024985246,0.23776817,0.10321134,0.23307763,0.009719531,0.07706033,0.1721594,0.0769246
0.04732499,0.19347873,0.12420329,0.11689156,0.10171755,0.0090874275,0.041971087,0.09782233,0.10910425,0.15839884
0.07309991,0.16986272,0.04134368,0.07340312,0.09138004,0.1447137,0.05529664,0.07229124,0.16073008,0.11787891
0.09955423,0.11911267,0.19656724,0.07964409,0.020831468,0.08553863,0.17256637,0.08692591,0.09406865,0.045190748
0.050089963,0.19495478,0.15157217,0.077880315,0.025693843,0.10838317,0.18505596,0.15121993,0.02604455,0.029105296
0.06449962,0.027531441,0.025260061,0.14070915,0.24692145,0.09556623,0.12838855,0.08196787,0.09500099,0.09415465
0.015254316,0.17551576,0.07666968,0.0067897155,0.053555768,0.13739175,0.16308492,0.065519825,0.30109054,0.0051276577
0.15921736,0.082078665,0.07230995,0.02497911,0.11051883,0.01973503,0.22963789,0.091286026,0.20977809,0.00045905492
0.06524601,0.12095936,0.069385245,0.0937775,0.1131268,0.10698969,0.08971546,0.019180797,0.09468729,0.22693186
0.096603535,0.07282176,0.045252007,0.07007369,0.07564718,0.05750242,0.007603025,0.05389553,0.2240118,0.29658905
0.042730723,0.033574995,0.06745448,0.29739892,0.13017565,0.05628781,0.00055783114,0.051908657,0.06992537,0.24998556
0.04664575,0.18919955,0.12770247,0.11005299,0.023882981,0.047106676,0.046675872,0.075503685,0.24711904,0.08611101
0.0040293164,0.049513754,0.00890008,0.14319956,0.056227896,0.21155226,0.121490374,0.17489874,0.083274245,0.14691377
0.09477634,0.08243736,0.011253614,0.11062835,0.16573012,0.03662806,0.023241768,0.071035564,0.14571898,0.25854984
0.012439492,0.1377482,0.051477775,0.032481022,0.12714733,0.060903188,0.029728655,0.110267155,0.40672946,0.031077722
0.04531401,0.096595794,0.09252806,0.11219898,0.08383061,0.089141995,0.008070988,0.077504955,0.13736174,0.25745288
0.081601374,0.15116647,0.03870457,0.07219076,0.059260417,0.0040070494,0.02317131,0.14488113,0.21316725,0.21184966
0.03965256,0.007639415,0.094097584,0.044982996,0.08681775,0.017469808,0.22191909,0.13062724,0.045505323,0.31128824
0.025599422,0.047941353,0.06555944,0.11370882,0.07658372,0.30701694,0.07834573,0.17802763,0.081989475,0.025227478
0.097093344,0.070613585,0.01633849,0.1705143,0.288943,0.10129828,0.035084356,0.030127263,0.14610912,0.04387831
0.19844654,0.160512,0.18786757,0.077747315,0.0030538095,0.04058439,0.06875933,0.06227018,0.055021226,0.14573765
0.0022743854,0.021389004,0.06121732,0.08075941,0.11492395,0.06281005,0.08682394,0.22539325,0.34285343,0.0015552632
0.012433046,0.096406944,0.1197274,0.22561005,0.02047356,0.034996215,0.027501222,0.075512536,0.33585536,0.05148366
0.14384536,0.071535446,0.10965363,0.07985247,0.2795706,0.09625392,0.022041865,0.033372022,0.1433247,0.020550014
0.09768045,0.055797387,0.17560484,0.012086806,0.09887326,0.16314884,0.014904381,0.0061267274,0.19093461,0.18484272
0.0014138543,0.013740623,0.12715502,0.23966968,0.19497539,0.069189414,0.049487498,0.06014643,0.21072286,0.033499278
0.097190894,0.15292993,0.059772663,0.034489892,0.16243975,0.030981997,0.11518475,0.12267505,0.038148392,0.18618667
0.09934327,0.045757975,0.18069713,0.010042996,0.05612444,0.09408637,0.17555843,0.019281374,0.1908689,0.12823913
0.06310031,0.16026957,0.015913688,0.07352448,0.06359708,0.17895593,0.022996986,0.14110658,0.03103538,0.24949995
0.04904894,0.13987583,0.08401928,0.15750523,0.07519007,0.06577132,0.004267029,0.022766076,0.3372628,0.06429346
0.03988516,0.10087142,0.113155276,0.114350684,0.11909178,0.13352035,0.0466853,0.0336177,0.18545547,0.113366805
0.033324722,0.041409835,0.028943272,0.2566792,0.1573282,0.023610933,0.029502612,0.020666953,0.15334967,0.25518465
0.057422042,0.04281684,0.041650075,0.08527461,0.088781126,0.13096233,0.022699295,0.065738186,0.2337805,0.230875
0.06654209,0.020830013,0.036909357,0.02545785,0.07814622,0.1820892,0.007138181,0.23509681,0.11198435,0.2358059
0.08931156,0.01234914,0.024964955,0.038917836,0.07360017,0.033454545,0.17780904,0.13711798,0.17604971,0.23642506
0.08297001,0.023823641,0.056919467,0.15701127,8.90225e-05,0.11153418,0.10296717,0.11574056,0.010094824,0.33884984
0.18254262,0.04675244,0.0010778069,0.008142927,0.07286101,0.14627358,0.00868257,0.18924178,0.015387835,0.32903743
0.031193154,0.20086828,0.07317231,0.012392695,0.08738185,0.013703273,0.22904824,0.083939865,0.08364632,0.184654
0.03136819,0.06313546,0.05998164,0.25685513,0.10879724,0.07141658,0.14003891,0.091581,0.17016605,0.006659856
0.12926793,0.05572116,0.09647258,0.045305513,0.030533208,0.0660777,0.24160971,0.15308774,0.057436172,0.12448828
0.041924383,0.07187484,0.0709482,0.10985446,0.18235584,0.15710914,0.051466607,0.0978578,0.092593424,0.12401531
0.13791533,0.03944388,0.12516584,0.05094286,0.1468443,0.055831395,0.059193835,0.03266279,0.2875137,0.064486064
0.13171756,0.14794229,0.06385669,0.1269862,0.12524407,0.025945704,0.1573958,0.08983539,0.12758128,0.0034949852
0.15238449,0.12991732,0.07564797,0.05810758,0.056076787,0.06860168,0.10330203,0.0027346627,0.023556162,0.32967126
0.04291865,0.004360476,0.1160848,0.112802364,0.033664737,0.01842729,0.059016127,0.04092516,0.34279108,0.2290093
0.0053589945,0.15683837,0.100805596,0.18604429,0.122262746,0.1768968,0.047952782,0.014395248,0.007387348,0.1820578
0.027199736,0.012859529,0.08079907,0.18853106,0.08802732,0.074054286,0.17100663,0.060474604,0.25729957,0.03974824
0.11578901,0.024414148,0.06413444,0.106684275,0.26710427,0.009697997,0.04239825,0.01583031,0.21805693,0.13589036
0.02724426,0.13138956,0.12997763,0.03896265,0.05097709,0.08572936,0.23545137,0.12185826,0.13726453,0.041145295
0.07458259,0.045020323,0.020627918,0.08748289,0.12787277,0.052872356,0.23799138,0.19599353,0.13262069,0.02493559
0.1550179,0.12715754,0.025960486,0.1307951,0.20934775,0.0062697004,0.020150524,0.040269632,0.03972211,0.24530926
0.08888379,0.12348236,0.14314874,0.031680603,0.05596206,0.07242121,0.049242344,0.031132283,0.22731026,0.17673641
0.13634449,0.2360127,0.022481732,0.09393747,0.10335588,0.12181681,0.12558554,0.020744821,0.11481033,0.024910254
0.0311684,0.00206715,0.045333553,0.13309498,0.21395458,0.16112591,0.09491846,0.027156752,0.2016162,0.089564
0.064916015,0.27008358,0.019908609,0.25511384,0.016486771,0.10269694,0.0004385081,0.005870256,0.043932956,0.22055252
0.07986579,0.10047583,0.18530267,0.11094592,0.181033,0.098993964,0.037047807,0.012338087,0.087470874,0.10652604
0.054468077,0.03547031,0.016941302,0.22666161,0.20519346,0.11591886,0.14797904,0.029527307,0.044995982,0.12284407
0.03658917,0.062596306,0.023280056,0.26699266,0.2203712,0.043381084,0.042182177,0.00047171142,0.11399156,0.19014408
0.06605061,0.10180272,0.13471863,0.07851466,0.033989727,0.14802195,0.06926631,0.15197293,0.08413434,0.13152814
0.0053107264,0.0008253417,0.061756555,0.27574,0.01725081,0.18670562,0.036427747,0.26182434,0.06379888,0.09035998
0.0069368756,0.09303418,0.016752811,0.048296813,0.022090048,0.044146843,0.17679124,0.25954196,0.12619185,0.20621744
0.068504594,0.029323826,0.04211155,0.03928295,0.108860135,0.15737113,0.09834444,0.07635192,0.26088747,0.11896196
0.049145684,0.09084377,0.06670641,0.2057551,0.18046808,0.072174266,0.016670857,0.0887081,0.00754707,0.22198066
0.11240053,0.06846425,0.08016931,0.082050316,0.15688136,0.023978896,0.040637102,0.11585631,0.1220452,0.19751671
0.07591678,0.12157054,0.0496023,0.12583329,0.09086589,0.11901554,0.04133768,0.07834401,0.24806853,0.049445454
0.022208178,0.07965211,0.039729893,0.08489033,0.15734637,0.12847781,0.11511392,0.0008900835,0.23609582,0.13559552
0.15195946,0.053491596,0.12341031,0.10169443,0.1513568,0.02427878,0.042082727,0.06549432,0.07026884,0.21596274
0.21767846,0.13084887,0.07041338,0.0060051633,0.14253883,0.026435891,0.02391196,0.22531593,0.009312791,0.14753872
0.08615214,0.13140558,0.11400401,0.051351625,0.053412937,0.1053887,0.20461114,0.029143367,0.099011995,0.12551852
0.11033734,0.14434485,0.06619657,0.13883977,0.14166355,0.025751477,0.15243028,0.062180895,0.022550287,0.13570495
0.112287626,0.0032759507,0.13130097,0.0315552,0.09707551,0.050157085,0.08210015,0.17841871,0.21697183,0.09685696
0.053834278,0.06802972,0.064064816,0.00867531,0.018280506,0.16114041,0.011991697,0.11220801,0.39957193,0.10220334
0.025417496,0.028960062,0.013935727,0.111226656,0.11254551,0.031615842,0.18476266,0.06577695,0.15602861,0.26973048
0.062763676,0.14887494,0.05853312,0.009279228,0.0141178565,0.066635974,0.08455981,0.22569369,0.23023339,0.09930832
0.026277913,0.027575368,0.054519262,0.13950647,0.28968975,0.0042781215,0.03174289,0.0099390885,0.11636287,0.30010828
0.03172114,0.03050266,0.08342696,0.13663836,0.053259686,0.00281934,0.14176884,0.12150737,0.3352501,0.06310551
0.10434267,0.093916826,0.03901069,0.099676564,0.048220903,0.0790057,0.1144525,0.06687377,0.21124087,0.14325951
0.06546651,0.044303667,0.020538624,0.07329462,0.20603894,0.010956729,0.07860183,0.20257214,0.12255452,0.17567243
0.10583998,0.04345878,0.18952571,0.29169276,0.0607267,0.02825865,0.07652613,0.07746272,0.117452495,0.009056089
0.018807316,0.0056902487,0.0012699161,0.08562688,0.010271035,0.08808425,0.12489885,0.1018072,0.22203536,0.34150898
0.09317276,0.095589116,0.097894266,0.20518634,0.109021254,0.11322331,0.031130929,0.0289967,0.18736842,0.038416907
0.15222947,0.016352776,0.141787,0.018918302,0.11803724,0.025951255,0.21182466,0.13407734,0.014688259,0.16613373
0.073587395,0.059312206,0.093108125,0.05978978,0.27074015,0.032005288,0.115972914,0.12703216,0.057842035,0.11060988
0.20745744,0.15834002,0.040722217,0.040891357,0.13795169,0.038946416,0.075028636,0.017452601,0.019978901,0.26323068
0.10330108,0.030755404,0.1403657,0.030637853,0.1420122,0.13819672,0.05979309,0.03529359,0.053582836,0.26606154
0.1257389,0.047817495,0.0026805976,0.12271768,0.08874036,0.003890489,0.095272556,0.011375953,0.14963417,0.35213172
0.020540548,0.13349603,0.072860375,0.19231018,0.09769183,0.040719658,0.08674087,0.07413958,0.066835046,0.21466596
0.015058203,0.05374992,0.14337084,0.073506355,0.06950014,0.05419897,0.12041212,0.15067092,0.20293935,0.11659319
0.1635502,0.07302563,0.031586442,0.029506529,0.010400387,0.05253402,0.0029255215,0.04467376,0.21473114,0.37706637
0.08805944,0.059116974,0.051243443,0.017083425,0.06519396,0.028899916,0.13445154,0.060158417,0.26349807,0.23229484
0.06854027,0.17606756,0.10991572,0.00014499425,0.13559766,0.0700229,0.0810633,0.14399742,0.10506493,0.10958525
0.008312778,0.0040037315,0.08440453,0.007898523,0.08465236,0.14058502,0.16030549,0.16525841,0.26132998,0.0832492
0.029586622,0.09350689,0.0865398,0.11351771,0.0500414,0.09005235,0.10126735,0.0785187,0.27542743,0.08154177
0.106071845,0.021352544,0.088021874,0.032879166,0.018427107,0.075708605,0.088053554,0.122037366,0.15761709,0.28983083
0.031305894,0.041254546,0.027395824,0.12755823,0.06337886,0.2155028,0.08969005,0.0051946463,0.38640547,0.012313686
0.12962684,0.09568481,0.045285482,0.22990982,0.08760828,0.00908022,0.18665394,0.008007524,0.016749961,0.1913931
0.110023856,0.044153314,0.13368885,0.22182189,0.099698044,0.09832669,0.106779546,0.006408438,0.107276775,0.07182261
0.039846957,0.0264939,0.022666428,0.037084606,0.2882662,0.0939852,0.029336317,0.0073705837,0.34288234,0.11206743
0.11172238,0.029019997,0.01664813,0.03882613,0.09051651,0.072346166,0.009501011,0.18239745,0.41446662,0.034555603
0.12745132,0.14102365,0.036764525,0.15012507,0.076564044,0.011234605,0.059938528,0.14124292,0.11428407,0.14137122
0.056922913,0.03625807,0.004165315,0.12992615,0.10959095,0.017809162,0.006347992,0.074074425,0.4871112,0.07779371
0.058011737,0.13852373,0.09768371,0.23337185,0.25083223,0.021607433,0.040723495,0.0765297,0.014701797,0.06801434
0.016868377,0.059819765,0.07890442,0.016191216,0.08658911,0.16177042,0.17845389,0.22532909,0.15818469,0.017889045
0.07253462,0.040750563,0.13084926,0.166623,0.19035533,0.14086992,0.0018604227,0.050976705,0.12305065,0.08212953
0.06846456,0.14154904,0.0019587968,0.05518034,0.0739111,0.15830866,0.06890412,0.0047681835,0.21214257,0.21481264
0.22415349,0.014067343,0.06138325,0.08380489,0.06494239,0.11821516,0.105655104,0.048882887,0.11849886,0.16039662
0.094938084,0.05188711,0.004403994,0.13385276,0.059903167,0.03958912,0.06752446,0.12786302,0.20438968,0.21564859
0.024701376,0.022304956,0.23288894,0.06787689,0.11324228,0.05092951,0.17861454,0.09157739,0.04654634,0.17131782
0.091439076,0.15959908,0.10199918,0.027465347,0.17391495,0.06767837,0.04146525,0.024366463,0.2504198,0.061652496
0.014800948,0.0263561,0.12535167,0.023269752,0.024973856,0.22388855,0.25846222,0.0094460985,0.29149488,0.0019559348
0.086637355,0.13477398,0.028321406,0.07137871,0.12588573,0.03808025,0.024229273,0.07260053,0.09771061,0.3203822
0.0028361,0.057415385,0.060238734,0.16029072,0.12559782,0.15916456,0.22222465,0.016527561,0.049653217,0.14605126
0.015582262,0.0825906,0.052699447,0.07511886,0.12897898,0.05510986,0.16215153,0.08938738,0.12166153,0.21671954
0.02904758,0.11223464,0.03119212,0.15107998,0.010271837,0.11410261,0.09636192,0.004206331,0.16057688,0.2909261
0.001860686,0.059652768,0.021178532,0.11529179,0.116147645,0.14263523,0.06533995,0.1288444,0.33289224,0.016156793
0.011152866,0.20945087,0.028781762,0.018820532,0.14591318,0.15688281,0.07005495,0.1067526,0.000976009,0.25121444
0.0370572,0.076281674,0.04853766,0.12917744,0.020540742,0.041128993,0.1962218,0.068482496,0.18180329,0.20076868
0.11831533,0.01129794,0.029191237,0.094746396,0.016840367,0.08149248,0.14960577,0.2047083,0.09648698,0.1973152
0.024507126,0.05141598,0.050904553,0.08407163,0.14128998,0.019955765,0.0525725,0.081240274,0.30406088,0.18998128
0.06916742,0.03766725,0.016120115,0.15198807,0.06607837,0.07100033,0.014950641,0.03803639,0.35571167,0.17927976
0.027282752,0.004885236,0.02302656,0.14653987,0.09956686,0.16561805,0.17286673,0.09605634,0.20489307,0.059264485
0.02251362,0.048190486,0.03725344,0.009739715,0.3156933,0.030654984,0.13985455,0.024003232,0.17615622,0.19594048
0.03909888,0.09041231,0.028932763,0.07218976,0.08674306,0.03998234,0.08205721,0.0918737,0.37316397,0.095546
0.039874505,0.14716601,0.09351273,0.033222444,0.1830319,0.07769853,0.06907586,0.055313427,0.24152559,0.05957902
0.059509505,0.02615936,0.030786166,0.0123144025,0.0546318,0.09377511,0.095200755,0.14791813,0.2980696,0.18163514
0.045349177,0.035133995,0.03939785,0.14381704,0.14642675,0.054843906,0.053714868,0.020159384,0.32576746,0.13538961
0.03843375,0.028893739,0.123756774,0.13796005,0.0046932013,0.06100336,0.06442189,0.102446295,0.088232666,0.35015827
0.059315797,0.25635254,0.021577407,0.11077269,0.079828665,0.031594146,0.024829373,0.012779706,0.29636312,0.10658655
0.10622408,0.04396322,0.09218392,0.095188856,0.023787096,0.06412643,0.102963306,0.066768445,0.30822542,0.09656919
0.030701054,0.002921216,0.03932792,0.07743293,0.013002962,0.021756684,0.064004555,0.13588487,0.123858586,0.49110928
0.14573416,0.09588362,0.03792631,0.00036915034,0.23428287,0.07911494,0.106129706,0.120097384,0.109524034,0.07093784
0.029117446,0.06822278,0.059994757,0.021060104,0.09765214,0.055919312,0.097802155,0.06225453,0.15084606,0.3571307
0.08007145,0.03581528,0.010506804,0.15903334,0.067454174,0.093443334,0.04933385,0.011993162,0.46072507,0.03162354
0.059748467,0.11798792,0.010324664,0.15315135,0.17707162,0.0069648437,0.062415168,0.06771178,0.092002116,0.25262207
0.1759022,0.010645199,0.24592194,0.08781239,0.08088657,0.06547204,0.0568457,0.0058310917,0.05855317,0.21212968
0.071227096,0.088131875,0.069357656,0.07358639,0.058492422,0.09372611,0.023176359,0.010244759,0.40098628,0.11107106
0.12017037,0.012379126,0.012152951,0.23272617,0.07320683,0.19514643,0.10261394,0.013470037,0.17231278,0.06582135
0.040277418,0.05552268,0.06392841,0.16127183,0.0036178026,0.18119334,0.096063025,0.07879206,0.05830886,0.2610246
0.115931936,0.06423379,0.046792246,0.11545561,0.053264238,0.03512872,0.30133194,0.017988537,0.06683376,0.18303919
0.007847939,0.15163484,0.024358602,0.21483326,0.10014571,0.13675058,0.087374076,0.08027986,0.16105944,0.035715688
0.040509433,0.078069516,0.06006251,0.18643278,0.04941793,0.03836651,0.111124806,0.06283545,0.24169056,0.1314905
0.049521405,0.045370065,0.034348078,0.089768484,0.017960977,0.14091769,0.4321652,0.05307105,0.12871026,0.008166789
0.0011924162,0.03808787,0.041680455,0.15685856,0.067648485,0.007893215,0.08516791,0.22319138,0.33270591,0.04557377
0.10485774,0.045490593,0.09601131,0.03228682,0.16641182,0.14952034,0.014399525,0.019313855,0.23463853,0.13706942
0.22579642,0.17042899,0.014876595,0.016450306,0.11790966,0.13131174,0.24243298,0.011899351,0.0062760324,0.06261793
0.18716869,0.13755532,0.007938988,0.11584761,0.11077974,0.07235732,0.1077238,0.15075767,0.092140935,0.01772989
0.06409955,0.20753723,0.11761197,0.049358875,0.024276577,0.12625638,0.11382059,0.04883042,0.15746468,0.090743735
0.018660208,0.0067832144,0.018967753,0.043660294,0.13548206,0.08924424,0.049469978,0.22224393,0.34232748,0.073160894
0.0395534,0.065427266,0.0109097585,0.012227486,0.23307912,0.017786136,0.08476756,0.048421856,0.42682678,0.0610007
0.03256724,0.07148463,0.048699494,0.1521089,0.12838928,0.050529703,0.077265784,0.24648254,0.010192166,0.18228029
0.10885078,0.029706772,0.18675914,0.01742236,0.05572931,0.18664783,0.13585168,0.046499893,0.20886041,0.023671819
0.040501628,0.13923405,0.06602711,0.06722332,0.07702971,0.16316691,0.059795566,0.11147195,0.2143804,0.061169364
0.046532724,0.05907024,0.028089615,0.011415631,0.05532627,0.17793998,0.16262136,0.09699205,0.27739388,0.084618226
0.05924027,0.12557901,0.03180994,0.19094051,0.13078254,0.03414292,0.07152645,0.017878655,0.2092647,0.12883496
0.03906684,0.0059992964,0.029777437,0.12132526,0.06783989,0.25628603,0.0027197378,0.11588495,0.15878053,0.20232002
0.08370442,0.013465373,0.006598407,0.05949209,0.24476252,0.14771965,0.09880721,0.07632162,0.10771443,0.1614143
0.050637264,0.0052059265,0.021871535,0.05131654,0.11543446,0.1313184,0.094152845,0.1281315,0.35705036,0.044881195
0.057014685,0.08467796,0.084482476,0.10288442,0.137519,0.025523562,0.11144293,0.06544503,0.28656912,0.044440757
0.038496483,0.036272146,0.04176995,0.017148143,0.17997377,0.08773573,0.09512949,0.1721635,0.27676627,0.05454453
0.0007905271,0.12001016,0.09775047,0.11151138,0.1375137,0.117679074,0.16659497,0.22500192,0.01787063,0.005277152
0.034802347,0.08736748,0.06868878,0.0061585377,0.076387644,0.122995354,0.041266568,0.083806716,0.3728427,0.105683856
0.077771835,0.08493516,0.052435648,0.04176627,0.050863273,0.21626388,0.11889509,0.00212994,0.11088574,0.24405317
0.04262464,0.12896192,0.038322113,0.0439152,0.16255897,0.0006685484,0.012389796,0.030821223,0.2253078,0.31442973
0.09447503,0.018290393,0.033997092,0.03055941,0.041711006,0.35446042,0.01658339,0.2358977,0.04550515,0.12852041
0.037942477,0.01641728,0.06786594,0.10149189,0.06602461,0.1478218,0.08234975,0.08289929,0.24884126,0.14834572
6.81648e-05,0.13681528,0.06899252,0.007479667,0.16846262,0.059239224,0.23672023,0.17364416,0.02763961,0.12093856
0.085260995,0.02705933,0.07720023,0.043310065,0.17789365,0.13984387,0.13848525,0.09011482,0.053114343,0.16771746
0.11949049,0.029428732,0.041825008,0.18288827,0.021894783,0.06465567,0.02176486,0.032041464,0.19146131,0.29454944
0.113569595,0.029583836,0.11029895,0.0073600467,0.11865981,0.16040829,0.07912336,0.13528804,0.09091294,0.15479514
0.056900654,0.05832584,0.1799793,0.2975609,0.04541084,0.09272981,0.124793105,0.026409943,0.057838503,0.060051113
0.17573771,0.2672553,0.18875499,0.01618294,0.060477518,0.030705806,0.12791826,0.006175713,0.04215998,0.08463177
0.104748935,0.13020013,0.051526807,0.08264037,0.045505,0.14418721,0.00431065,0.1358831,0.22333457,0.07766325
0.061848864,0.023784662,0.10214299,0.20584151,0.20321034,0.03473766,0.019316902,0.09819508,0.15983641,0.09108559
0.049637903,0.075887844,0.10071427,0.012771113,0.00042489203,0.040527485,0.16266759,0.07984763,0.28298217,0.19453911
0.06843796,0.07982855,0.022811165,0.023964833,0.085580625,0.10214406,0.1407589,0.30914396,0.10610232,0.06122762
0.071742594,0.12585954,0.044837583,0.055800397,0.00069482403,0.053490613,0.095089324,0.046795193,0.24773556,0.25795436
0.02944028,0.17785627,0.010128286,0.14775702,0.023305662,0.14413242,0.054371696,0.011011159,0.33815274,0.063844495
0.17815231,0.10245631,0.04432983,0.13777067,0.1681944,0.09431717,0.106585905,0.031819575,0.12428291,0.012090918
0.15464143,0.11103034,0.12258035,0.11054761,0.09740299,0.13356684,0.0027626008,0.055967078,0.12795071,0.08355004
0.045765534,0.12087745,0.028593358,0.068398274,0.14687632,0.07773061,0.2209386,0.12360461,0.10411844,0.063096784
0.043161213,0.04922963,0.05500857,0.09968257,0.06849298,0.036822286,0.07333155,0.04525217,0.41640845,0.11261059
0.11900651,0.0974063,0.035202757,0.1846348,0.024000796,0.112726934,0.14618193,0.02069275,0.2441841,0.015963126
0.00041795624,0.0037780362,0.22671053,0.13417922,0.0145747885,0.19188175,0.19581334,0.05590744,0.095153235,0.08158373
0.038072832,0.055721782,0.069231324,0.029631123,0.017045794,0.062141273,0.021594208,0.12411491,0.26617262,0.31627414
0.07740557,0.3261027,0.0051146382,0.048759785,0.061299603,0.21301055,0.06314328,0.03547788,0.10977524,0.05991075
0.25837007,0.20902663,0.06060022,0.025609775,0.040734477,0.0570834,0.10037909,0.13803439,0.0037054042,0.10645649
0.06464239,0.17533392,0.025255674,0.19711533,0.115034446,0.07548246,0.16514108,0.054546498,0.10098279,0.026465416
0.016463263,0.010454964,0.10626135,0.06667889,0.0009175101,0.3067945,0.050444666,0.06400748,0.12134659,0.25663078
0.09886364,0.1294613,0.06054458,0.18857118,0.026078628,0.102136075,0.023703799,0.11211182,0.2554487,0.003080263
0.007841636,0.012626371,0.003825541,0.12441756,0.06040837,0.121747956,0.14885786,0.39747193,0.06749788,0.055304896
0.13489482,0.023153307,0.13206783,0.007267954,0.21409802,0.0876817,0.10803747,0.16538356,0.036851056,0.09056427
0.04914033,0.12045253,0.013166734,0.18156312,0.16485061,0.21113482,0.09947343,0.09798912,0.040422082,0.021807224
0.12548548,0.09382597,0.09232224,0.0550801,0.104663536,0.0044683684,0.035918318,0.037239745,0.36636248,0.08463375
0.058848187,0.09762022,0.029493172,0.13714607,0.0582179,0.18509956,0.016563885,0.21022093,0.18163748,0.025152603
0.02518751,0.056885637,0.028364105,0.013474223,0.17521967,0.2220788,0.15493532,0.13429084,0.18405014,0.005513726
0.056231648,0.02639123,0.022081539,0.052735064,0.14122353,0.14538155,0.24774526,0.11769395,0.06980823,0.12070805
0.19123177,0.031145887,0.03412523,0.020960247,0.0026137328,0.055280156,0.2153461,0.18833691,0.11187267,0.14908724
0.09955149,0.01211899,0.049765855,0.14328991,0.123783454,0.08214334,0.13050511,0.06917343,0.25063133,0.039037123
0.015109891,0.0776692,0.045631792,0.14602162,0.050175056,0.15938506,0.21656996,0.18401657,0.075932495,0.029488355
0.033408016,0.02024385,0.05763221,0.12789415,0.04646445,0.106113546,0.055836804,0.034131654,0.3983936,0.119881704
0.009257751,0.10684358,0.013612759,0.0727856,0.31563154,0.11274089,0.107332654,0.015507565,0.20263818,0.04364948
0.07275921,0.08535557,0.08729864,0.04706707,0.16950352,0.047808107,0.056447785,0.018607931,0.26985037,0.14530177
0.0051754527,0.05566889,0.091581285,0.013372209,0.1450652,0.2144083,0.1036639,0.06096943,0.27945882,0.030636448
0.14044893,0.10170521,0.10652848,0.07766505,0.025730962,0.17934401,0.06731157,0.17214406,0.019085357,0.1100364
0.07784409,0.031523965,0.03291521,0.117947675,0.15459724,0.087879345,0.026562395,0.08916449,0.05996947,0.32159612
0.09964913,0.04117915,0.02213984,0.04959221,0.2709406,0.27696043,0.065875754,0.07730924,0.051107638,0.045246027
0.049524833,0.09954946,0.06435752,0.03882394,0.008552239,0.07049174,0.005728109,0.25726202,0.21307577,0.19263434
0.0063274913,0.1273507,0.025402766,0.11739039,0.12334775,0.02490017,0.013155872,0.01551026,0.33365744,0.21295711
0.2288869,0.035406835,0.07175224,0.106350936,0.03321662,0.108181,0.12495293,0.030939694,0.05325049,0.20706236
0.09352074,0.035891443,0.06632593,0.014687161,0.004665219,0.17436111,0.05272059,0.040529534,0.45200115,0.06529712
0.030193178,0.02186914,0.09531956,0.059114017,0.06584535,0.24038793,0.16145849,0.027920224,0.15074614,0.14714597
0.12301573,0.09629197,0.022589158,0.073446035,0.06425876,0.06592549,0.10410028,0.029590437,0.28246635,0.13831578
0.252214,0.017279664,0.22057432,0.045168452,0.09588637,0.03198885,0.10648139,0.008222972,0.1351031,0.087080866
0.028557789,0.13289398,0.09026707,0.22246404,0.07180207,0.11559727,0.13087524,0.029587852,0.16765417,0.010300547
0.102896206,0.10905743,0.040733676,0.16652124,0.15363936,0.1300918,0.13122502,0.0856045,0.03619826,0.044032544
0.031615403,0.13280438,0.017317377,0.064051755,0.11808884,0.039313458,0.08167856,0.113668606,0.29604483,0.1054168
0.1029186,0.029770665,0.08815217,0.099967286,0.058683574,0.09753162,0.03751735,0.035762332,0.19227394,0.25742245
0.10626998,0.09387501,0.05090073,0.0957051,0.055115916,0.2026967,0.15025905,0.10333426,0.12646785,0.015375408
0.0720699,0.12189924,0.0727547,0.111114904,0.1779749,0.13760816,0.017436264,0.16509326,0.10140451,0.022644192
0.0053233113,0.004654669,0.06708998,0.08050883,0.21497282,0.3351934,0.109385684,0.088333175,0.08808685,0.006451267
0.021348383,0.05325497,0.10554535,0.12535052,0.015579077,0.1384644,0.1077109,0.17197011,0.06545172,0.19532457
0.12500343,0.03684218,0.090977944,0.042245213,0.21666048,0.08515536,0.13373683,0.04381707,0.044386834,0.18117465
0.08864912,0.15368262,0.010675086,0.010634502,0.07683938,0.101174586,0.07057447,0.10639298,0.13457091,0.24680644
0.05888819,0.011952318,0.012174594,0.11849878,0.12617001,0.0866175,0.05197838,0.025175173,0.29114306,0.21740201
0.13895522,0.20180555,0.039632246,0.09184958,0.098543465,0.00050777715,0.30848095,0.035721008,0.062376678,0.022127533
0.092364475,0.13634892,0.12322366,0.0332195,0.18272042,0.029263103,0.027713422,0.20066255,0.033796653,0.14068729
0.12607314,0.052822452,0.015999941,0.10040786,0.09348755,0.08768667,0.11952459,0.02994538,0.18023476,0.19381766
0.007165367,0.04241419,0.13637875,0.130676,0.036111522,0.08544921,0.025391977,0.016633064,0.25805867,0.26172125
0.014829147,0.1571332,0.019097764,0.112636484,0.06522201,0.084091224,0.011903299,0.0681725,0.15425833,0.312656
0.043339472,0.2037188,0.0364402,0.014583748,0.18073444,0.15748166,0.0017533106,0.058771294,0.19565052,0.10752661
0.08480779,0.052747034,0.061243586,0.08865686,0.107913144,0.090412,0.005113268,0.009764989,0.24362813,0.25571325
0.10555801,0.082877815,0.025553169,0.0060419687,0.10073752,0.14466032,0.081567675,0.24451475,0.022176517,0.18631226
0.05738253,0.1592837,0.07996956,0.1441123,0.046417937,0.15066996,0.18577531,0.013140132,0.010589093,0.15265943
0.17604898,0.070562914,0.17746802,0.015308791,0.045667466,0.044903684,0.028398428,0.112634405,0.22894356,0.10006381
0.018880086,0.08573534,0.017606307,0.005627415,0.2594343,0.091208555,0.1878291,0.09160614,0.1218534,0.12021934
0.088234775,0.096810624,0.11463936,0.09231109,0.058571216,0.17372683,0.08124573,0.17232312,0.04181168,0.08032559
0.06840888,0.25341454,0.0055662454,0.08425136,0.16253896,0.15641299,0.17062423,0.0090935,0.03934893,0.05034038
0.037171733,0.030120725,0.023486229,0.08597851,0.11627489,0.07385388,0.19876622,0.09306638,0.20050569,0.14077573
0.061931066,0.050506447,0.062282715,0.114382766,0.06924514,0.021383781,0.22503679,0.08508316,0.2471728,0.06297535
0.083190136,0.12727399,0.035081733,0.04961229,0.18330258,0.11170991,0.029180467,0.0022679314,0.2628603,0.1155207
0.061008,0.084414765,0.081060484,0.13685371,0.026661336,0.09104058,0.048380997,0.113509715,0.09155564,0.26551476
0.026376681,0.04136112,0.11154018,0.043291308,0.038781863,0.13359125,0.14705023,0.20986839,0.092499614,0.15563938
0.014150564,0.08947106,0.02284862,0.14787187,0.07680033,0.05419685,0.039976727,0.1528692,0.1639022,0.2379126
0.07279695,0.02186129,0.065464795,0.18829371,0.057708222,0.09237993,0.03734955,0.04439924,0.29727826,0.12246807
0.15604495,0.14482051,0.1521737,0.18830094,0.03984785,0.06480125,0.07731266,0.034872867,0.054429524,0.08739579
0.21184434,0.030977072,0.17850731,0.012385,0.0711484,0.11360181,0.093093194,0.08660915,0.18196452,0.019869212
0.06921917,0.058376234,0.08969582,0.08191385,0.0061177537,0.11383788,0.050390467,0.12913854,0.272374,0.12893629
0.065437384,0.036295727,0.025829708,0.19831558,0.19214006,0.02273074,0.046253793,0.026035724,0.17180765,0.21515365
0.08024622,0.13051575,0.1507956,0.011398299,0.09625491,0.20156594,0.20392852,0.0502026,0.011255956,0.06383627
0.10283413,0.13238126,0.024109272,0.07877781,0.07833609,0.10495844,0.15939794,0.0503738,0.18797022,0.08086104
0.049932655,0.1136836,0.0030368618,0.003067683,0.049778778,0.1208336,0.14914435,0.27307358,0.027007418,0.21044147
0.11610289,0.013342974,0.01909103,0.20088033,0.1605999,0.014947655,0.06422601,0.002591734,0.19828998,0.20992751
0.06351145,0.15491436,0.10762801,0.016365178,0.13186283,0.022703534,0.21088941,0.008702399,0.21738079,0.06604202
0.07662941,0.11117079,0.070515685,0.19686897,0.0034374187,0.14821322,0.06678587,0.093043216,0.19073658,0.04259889
0.04396838,0.2478471,0.017045433,0.17439449,0.037123483,0.04898155,0.08856147,0.010265143,0.17446187,0.15735115
0.06963338,0.055735245,0.034712445,0.13404854,0.10130349,0.018229717,0.19311248,0.0599429,0.1420724,0.19120945
0.052713927,0.08442585,0.0924606,0.14341705,0.20486012,0.019812182,0.097037464,0.024009133,0.20775603,0.07350761
0.039938737,0.14039281,0.0070059625,0.22130543,0.14407828,0.111815855,0.14741051,0.05628882,0.09118933,0.040574297
0.0617972,0.052171517,0.0028252956,0.109635726,0.11385345,0.035441928,0.23695709,0.020976366,0.35852367,0.007817787
0.15073891,0.07439583,0.052169174,0.14805438,0.0065541337,0.2136698,0.15787117,0.074789695,0.008011226,0.11374568
0.020560095,0.16789433,0.029881349,0.16593926,0.10156968,0.18020393,0.02193941,0.014473801,0.15790041,0.13963774
0.21181655,0.020588713,0.13490665,0.07592693,0.09055385,0.0007012445,0.037223633,0.06374145,0.100758746,0.26378223
0.15459508,0.17550822,0.16247018,0.012995103,0.061416224,0.24861802,0.0125318905,0.069338255,0.08095985,0.02156717
0.13632579,0.037325583,0.09031058,0.14314093,0.0061011976,0.19766615,0.04398004,0.1320021,0.14962487,0.06352273
0.031472657,0.028003618,0.056212053,0.10351782,0.17777935,0.008288909,0.16278684,0.061704,0.24070874,0.129526
0.11345107,0.05380339,0.057042684,0.08624873,0.078601696,0.04102247,0.07558798,0.11551828,0.080876485,0.2978472
0.043744344,0.05823608,0.045410685,0.13600174,0.050064784,0.19213448,0.19087942,0.16493176,0.04814641,0.070450224
0.09624627,0.019843632,0.30865088,0.04919313,0.037723772,0.03725391,0.10279971,0.040078178,0.010589121,0.2976214
0.0067775976,0.06065824,0.03363222,0.08967416,0.13685787,0.20670082,0.07210839,0.16603099,0.1633807,0.06417903
0.022782914,0.14802957,0.05044215,0.061180484,0.06766456,0.19940321,0.0799636,0.15473977,0.12870412,0.08708962
0.07437995,0.058356002,0.08123494,0.1315754,0.21094254,0.12835671,0.07388699,0.095766686,0.1254984,0.02000238
0.0048152944,0.06791311,0.03024271,0.013100782,0.012082553,0.26268244,0.06600856,0.08611036,0.32354712,0.13349706
0.05703366,0.06854305,0.12952223,0.049857993,0.13812514,0.062676735,0.16556647,0.020404587,0.22788481,0.08038533
0.005842459,0.25018412,0.03874604,0.018017834,0.038825814,0.17391118,0.053386513,0.1457242,0.22740877,0.047953047
0.039511465,0.18825118,0.18886039,0.04301655,0.011549627,0.25858355,0.018638423,0.008411752,0.22836345,0.014813618
0.097231664,0.032431,0.13572085,0.01235068,0.27019647,0.040391456,0.12520556,0.17779896,0.07888308,0.029790284
0.09430864,0.06356352,0.08247421,0.024331287,0.039866112,0.14269,0.081419244,0.13497852,0.19909479,0.13727368
0.04898292,0.12461155,0.2023186,0.03905626,0.02121927,0.04918026,0.11286842,0.037761644,0.27763736,0.086363725
0.043785922,0.01896393,0.06145345,0.090401955,0.27343574,0.07495666,0.017586203,0.07032994,0.12474631,0.22433993
0.11922707,0.014824279,0.19643672,0.11754204,0.03399322,0.033037156,0.21025518,0.05971284,0.17618872,0.03878275
0.05747792,0.020504253,0.0021498154,0.054700695,0.12579438,0.05193976,0.13228859,0.15697211,0.17993549,0.218237
0.032022905,0.09593287,0.11010298,0.16449758,0.031912558,0.03542115,0.054740768,0.08117524,0.30620736,0.087986566
0.13063754,0.06268286,0.04164496,0.11269877,0.17737177,0.04100351,0.15104643,0.07229642,0.19742651,0.0131912185
0.07448235,0.03938329,0.11357911,0.038751002,0.034065038,0.15403669,0.06776698,0.11082272,0.19567683,0.171436
0.109387696,0.13440396,0.058747757,0.0865551,0.0095776515,0.1237685,0.012252941,0.065227255,0.15294299,0.24713616
0.08202607,0.024623375,0.17697494,0.17046547,0.035510678,0.1694193,0.07463224,0.12084284,0.0025102547,0.14299478
0.20826277,0.1200206,0.24401818,0.027684404,0.01705702,0.04416341,0.052572254,0.089231275,0.14743051,0.049559545
0.11219534,0.08143055,0.00884807,0.036498997,0.043628056,0.061137535,0.094663724,0.20449376,0.29536697,0.061737012
0.12698512,0.1875084,0.029719548,0.18961352,0.0891372,0.062282573,0.0054429397,0.17267196,0.02440294,0.112235814
0.06377296,0.06415387,0.0489582,0.10542105,0.111315906,0.12362537,0.053517386,0.08337062,0.1593049,0.18655972
0.1838322,0.0029269708,0.02686562,0.17785701,0.28879583,0.008237793,0.004082274,0.11947912,0.077247135,0.11067607
0.1427028,0.020484671,0.039245714,0.10880795,0.062463026,0.05294404,0.0362252,0.2050885,0.11300044,0.2190376
0.28042784,0.0068819597,0.008608595,0.1129438,0.21742725,0.14985614,0.05210724,0.012697269,0.0628674,0.09618251
0.073021345,0.031880084,0.027966904,0.11310665,0.08524456,0.117618844,0.022066996,0.0956144,0.057549205,0.375931
0.08718175,0.028362013,0.039432697,0.04100051,0.21343626,0.042151783,0.123943225,0.032486573,0.23749432,0.15451087
0.03514448,0.14126977,0.13762137,0.090729676,0.045092355,0.19932212,0.14032412,0.012055608,0.07268137,0.12575912
0.03059727,0.0034719624,0.008625449,0.20623618,0.26280814,0.023745026,0.12548594,0.101796456,0.08997013,0.14726342
0.016822346,0.12599613,0.04436661,0.11513872,0.020944664,0.078864865,0.057123646,0.097680695,0.29705387,0.14600846
0.13466121,0.0053409585,0.14931223,0.050242685,0.10111777,0.05215541,0.09416559,0.119782604,0.26964024,0.02358129
0.17991179,0.058946062,0.12074366,0.13454947,0.01724952,0.13732684,0.070740856,0.06325854,0.06243838,0.15483484
0.009419594,0.094809756,0.018324526,0.019790858,0.10358173,0.017300943,0.15576647,0.09898943,0.104556546,0.37746015
0.009814762,0.005049991,0.03980483,0.3178634,0.18267408,0.04876512,0.026966633,0.02823985,0.17199625,0.1688251
0.036781915,0.06579052,0.0069835056,0.39072806,0.100237355,0.02247884,0.06389805,0.0779239,0.12380201,0.11137584
