0.029834243,0.046515983,0.069335215,0.19848914,0.019340912,0.07766527,0.13058104,0.07204776,0.124343455,0.23184699
0.0509559,0.017829482,0.004898488,0.048903756,0.033134937,0.11824072,0.15699205,0.16819644,0.15774234,0.24310587
0.10460677,0.11423248,0.016066007,0.060066476,0.072003946,0.23971874,0.024016602,0.09119439,0.17576735,0.10232726
0.05778723,0.18325068,0.018807597,0.036303982,0.039815698,0.23412381,0.08189526,0.058717243,0.21225886,0.077039644
0.04477161,0.11809173,0.10495842,0.13518667,0.10304738,0.14998606,0.09684316,0.10056068,0.052524403,0.09402988
0.070482686,0.094726585,0.07333229,0.18972066,0.040276635,0.014624364,0.17671931,0.11887901,0.16272031,0.05851815
0.14981765,0.05647204,0.06327332,0.07904353,0.013509641,0.00688362,0.24712919,0.14668576,0.047915604,0.18926966
0.005657519,0.08076071,0.03095554,0.054740924,0.18095304,0.025007986,0.18067873,0.047874894,0.3668932,0.02647748
0.03650283,0.015189287,0.039008602,0.24164884,0.059255503,0.009987855,0.047950953,0.12032305,0.33456463,0.09556846
0.08932425,0.05313587,0.078709796,0.13443737,0.08501395,0.18961939,0.0032571014,0.20124742,0.10224649,0.06300837
0.019370835,0.0032250083,0.023074392,0.05601473,0.10506649,0.049940202,0.060810167,0.07470357,0.35246345,0.2553312
0.016833227,0.008372335,0.07498262,0.10715744,0.03575575,0.0776897,0.079438396,0.14975093,0.22145559,0.22856402
0.022099584,0.02548322,0.08034586,0.0073454194,0.0028257049,0.046079487,0.1163167,0.13549106,0.44360286,0.120410085
0.076868914,0.10077461,0.04019463,0.1628949,0.025358325,0.07723695,0.16405183,0.18973266,0.03460044,0.1282868
0.007670612,0.0748005,0.04061848,0.0009672288,0.060975213,0.046357993,0.065265656,0.18181194,0.3518874,0.169645
0.017139245,0.07987915,0.06472036,0.07780372,0.1223169,0.0609169,0.030002045,0.2697686,0.13755557,0.13989754
0.14428952,0.100067005,0.06458845,0.029085008,0.047430158,0.18185143,0.12099525,0.034983907,0.07316404,0.20354523
0.04039464,0.023953797,0.086293034,0.028463548,0.12830685,0.005096283,0.03057121,0.06979641,0.32143953,0.26568466
0.06324716,0.19123247,0.09567623,0.36401942,0.053887647,0.042932205,0.10262221,0.040612735,0.0056595467,0.040110365
0.0413893,0.044932857,0.027795106,0.2800511,0.08295144,0.031113023,0.13375123,0.13701434,0.1196808,0.101320766
0.03065759,0.076575644,0.047266256,0.1833762,0.21845452,0.08984144,0.06275568,0.10072922,0.1287283,0.061615165
0.08843302,0.008505427,0.079910286,0.03255939,0.08470896,0.12728864,0.025892857,0.23112431,0.13451369,0.18706341
0.17998621,0.022611985,0.14438118,0.035002537,0.048950687,0.06955631,0.13152094,0.002650675,0.13321187,0.23212759
0.026424862,0.081864506,0.033286195,0.23212817,0.07135908,0.034795772,0.15597542,0.041633226,0.11131514,0.21121761
0.10478086,0.1237371,0.115297675,0.046591677,0.04336417,0.055130173,0.066926844,0.097146116,0.24334443,0.103680946
0.09054328,0.02173794,0.011472023,0.10637277,0.063884705,0.21683097,0.07709284,0.07103675,0.1281761,0.21285261
0.009770972,0.007749616,0.113709666,0.070932604,0.13163415,0.18705337,0.07795847,0.11310776,0.029472876,0.25861046
0.04993697,0.05903183,0.11009026,0.13847215,0.0067076315,0.15238938,0.14292957,0.05971121,0.14794454,0.13278647
0.12342934,0.133803,0.054721914,0.05510714,0.15071584,0.073669985,0.14488876,0.03422556,0.06406971,0.16536875
0.042803243,0.059838176,0.008270272,0.18982282,0.06967298,0.06420106,0.20626585,0.09064379,0.0030216053,0.2654603
0.032690153,0.12197195,0.044649333,0.107118614,0.049413506,0.020450067,0.030291133,0.0057543055,0.4451768,0.14248414
0.10490105,0.04528155,0.07160821,0.104767084,0.06563519,0.012210926,0.13449712,0.09665558,0.05172808,0.31271526
0.09547488,0.06276987,0.107674345,0.09622259,0.0945718,0.021763865,0.19132271,0.07450553,0.18450703,0.071187384
0.0319347,0.01606889,0.20122714,0.08913209,0.121172436,0.09720852,0.14299612,0.21659555,0.049131226,0.034533378
0.012562454,0.10462756,0.00033818302,0.14806017,0.054799847,0.05392326,0.11328733,0.011736296,0.39208922,0.10857568
0.010647048,0.049951788,0.1393239,0.17866845,0.06958315,0.03819293,0.05828717,0.06764309,0.26098776,0.12671469
0.09829626,0.027423475,0.045545116,0.04108926,0.25535384,0.07422609,0.04002941,0.19907027,0.08774439,0.13122194
0.044812996,0.12457689,0.10930284,0.17487364,0.08239897,0.22460078,0.04015051,0.04873586,0.0743516,0.07619592
0.037219733,0.027040243,0.014772497,0.056786723,0.09250518,0.22333387,0.09769305,0.054083426,0.25531107,0.14125422
0.056864724,0.018014118,0.0028023582,0.2265902,0.10884447,0.0872024,0.16435803,0.10752512,0.21010362,0.01769495
0.081301324,0.008741241,0.066866376,0.04679427,0.017201005,0.070545346,0.015931522,0.013746542,0.32963642,0.349236
0.03997823,0.11969937,0.0987618,0.31487843,0.009021814,0.055352096,0.095115334,0.10572311,0.06713868,0.09433114
0.12114069,0.12746853,0.08653071,0.044923004,0.19462258,0.31386912,0.04405141,0.02984495,0.010872477,0.02667657
0.048506986,0.044973455,0.021283548,0.17459461,0.10374949,0.08711246,0.013879767,0.16100295,0.30250105,0.042395703
0.06366239,0.05314354,0.021226374,0.114409484,0.08649018,0.021084286,0.16834646,0.11543961,0.11601463,0.24018303
0.096024595,0.010688004,0.1581447,0.052562643,0.2959911,0.11327803,0.085958034,0.1134063,0.059922338,0.01402426
0.0970254,0.10585132,0.013367648,0.09797989,0.061642375,0.206354,0.16097292,0.053764615,0.06938906,0.13365276
0.099029474,0.011245433,0.052258343,0.10251152,0.037735917,0.07844561,0.17900059,0.011478674,0.2999832,0.12831123
0.018699251,0.024110034,0.015794495,0.04212971,0.07733878,0.08653747,0.10572412,0.21400261,0.0890765,0.32658708
0.07573676,0.0019804034,0.11750489,0.002245031,0.10009526,0.13548897,0.18247528,0.03667421,0.32289183,0.024907362
0.09411655,0.06434307,0.13291638,0.048135847,0.07083263,0.19142717,0.013171383,0.0050447276,0.12140803,0.2586042
0.1861177,0.30828193,0.12804571,0.019872075,0.16499077,0.029579703,0.090436615,0.0014232289,0.041860797,0.029391496
0.16421147,0.05134708,0.04371931,0.19463871,0.11519166,0.1390967,0.01650972,0.022989893,0.09131402,0.16098143
0.13252786,0.086753525,0.0022365835,0.23545331,0.0969967,0.09535961,0.05305158,0.1848768,0.09607777,0.016666256
0.0072548464,0.04136073,0.037860863,0.075335845,0.09962767,0.06183862,0.34939298,0.008692469,0.1854025,0.13323349
0.047703817,0.027286174,0.104893245,0.12573922,0.034075797,0.011520339,0.19424291,0.14021456,0.09753356,0.2167904
0.1270381,0.08265137,0.16531503,0.17472492,0.16827935,0.057980698,0.050534178,0.04729827,0.09667724,0.029500833
0.027313521,0.0515747,0.13579834,0.0031022883,0.051135607,0.115029976,0.0039201262,0.12243339,0.11957444,0.3701176
0.030483523,0.034668393,0.02969398,0.16028105,0.19536129,0.1459489,0.0116388295,0.23245427,0.019687694,0.13978212
0.08335927,0.08093724,0.096367754,0.06489527,0.008554161,0.047350984,0.00067660544,0.2815289,0.037991967,0.29833788
0.032825552,0.041356273,0.12545216,0.17636076,0.15256667,0.12460315,0.06224412,0.09379334,0.06154103,0.12925693
0.014606506,0.05129755,0.032570317,0.15252256,0.17812589,0.04447992,0.10543791,0.045508828,0.23294191,0.1425086
0.0147106955,0.10654675,0.15580027,0.0055968314,0.045665283,0.110802785,0.21925448,0.076533146,0.022453193,0.24263656
0.022747483,0.062160484,0.04971346,0.16947468,0.004869014,0.11841129,0.102384046,0.0746258,0.3452167,0.050397065
0.030878486,0.027967423,0.061746407,0.14634214,0.012952901,0.08851626,0.07903996,0.03736053,0.28560477,0.2295911
0.06538352,0.089335606,0.02989481,0.037438244,0.0071897143,0.029117119,0.18308069,0.057630725,0.3529602,0.14796935
0.16243874,0.22365282,0.046658967,0.16417274,0.029036164,0.037728235,0.006598543,0.030439455,0.23958504,0.059689295
0.035810962,0.023273138,0.01760204,0.06963641,0.101220526,0.054758597,0.036263045,0.23809612,0.185118,0.23822112
0.122748345,0.045123275,0.22277085,0.07748656,0.15803424,0.0019283828,0.2238601,0.024059268,0.0685762,0.055412777
0.036822002,0.08553305,0.05618206,0.03524684,0.032193106,0.024101038,0.030631743,0.094174184,0.2420282,0.3630877
0.044293113,0.020515902,0.08265503,0.03289885,0.25030613,0.14824925,0.110316135,0.060308665,0.053207226,0.19724968
0.08370377,0.0916513,0.08154501,0.054136418,0.032740634,0.038210254,0.07666525,0.020661896,0.30135378,0.21933162
0.15885527,0.018163335,0.07252038,0.22490981,0.033102464,0.023950037,0.15526113,0.112467,0.10044957,0.10032099
0.0075330697,0.049949836,0.07890995,0.0020836822,0.22223467,0.018103626,0.3007842,0.03863917,0.23182689,0.049934935
0.11352672,0.10086627,0.20079434,0.007357005,0.072699115,0.12307974,0.051186323,0.05526869,0.25363058,0.021591222
0.11493858,0.15393014,0.025166955,0.048939742,0.06590324,0.022772685,0.05517988,0.008975477,0.2966594,0.20753391
0.08289685,0.03643888,0.0661497,0.061281312,0.016159663,0.17410639,0.19394134,0.007815892,0.28082463,0.08038534
0.19562863,0.010832084,0.1115835,0.01974021,0.11443642,0.006971177,0.11857936,0.09266877,0.095548615,0.23401123
0.048207436,0.029269852,0.12752539,0.21792975,0.06579646,0.22498465,0.038116496,0.1094905,0.061534036,0.07714543
0.057718202,0.065079734,0.04946381,0.11566945,0.09748478,0.014338662,0.018278131,0.031333834,0.13460732,0.41602603
0.021724889,0.14844166,0.22312653,0.12598781,0.103883885,0.07165554,0.022241708,0.14077604,0.087339245,0.0548227
0.09738323,0.057486895,0.055674676,0.1162252,0.110756904,0.15701082,0.1359409,0.013837826,0.13430862,0.121374965
0.020381244,0.10467111,0.019323522,0.056952287,0.14338624,0.05184572,0.019871237,0.039513223,0.49230087,0.051754545
0.011867973,0.0075285304,0.01700227,0.16145371,0.14123966,0.052102827,0.0016148103,0.06777616,0.24398111,0.29543296
0.03639997,0.053750917,0.044196602,0.010683215,0.01034236,0.08180449,0.04233917,0.018234184,0.35501635,0.3472327
0.116914205,0.120064355,0.027953414,0.06581973,0.03440043,0.095391445,0.05198287,0.18846022,0.071403936,0.2276094
0.13828762,0.011298093,0.15304197,0.043509286,0.17592011,0.1760859,0.04361658,0.19503053,0.048555806,0.014654148
0.13416371,0.10473822,0.16045082,0.019975834,0.16411345,0.09474975,0.08782571,0.013852237,0.13306998,0.0870603
0.05951466,0.05789245,0.041189738,0.22274974,0.113284975,0.15405676,0.06966251,0.13024029,0.078751,0.072657876
0.02495876,0.008137743,0.1057284,0.03195407,0.19010934,0.13923669,0.056927543,0.01732353,0.39835942,0.027264522
0.09987635,0.023208229,0.10912712,0.123841405,0.114974715,0.17727862,0.1613885,0.006753822,0.09916646,0.08438478
0.06802382,0.1078086,0.045145113,0.049742468,0.12671421,0.1662252,0.1769024,0.059919644,0.09022632,0.109292224
0.031327084,0.061359946,0.09610588,0.14886205,0.051747043,0.04063289,0.12771794,0.040800598,0.13179141,0.26965514
0.04706572,0.02295312,0.08379857,0.09910323,0.008922185,0.11253569,0.0364369,0.104787126,0.2818668,0.20253067
0.03279828,0.046007924,0.009374283,0.12938172,0.10899502,0.10421603,0.10135247,0.09654295,0.22048856,0.1508428
0.12289491,0.103812575,0.13209935,0.051355954,0.04969213,0.03271677,0.09400684,0.0022277469,0.33617434,0.07501939
0.11768831,0.04726256,0.048486866,0.10718083,0.052019235,0.02793496,0.060331684,0.074636266,0.30313185,0.16132744
0.0383002,0.11953214,0.11250675,0.22923642,0.04569862,0.05737968,0.03159024,0.0018965561,0.016088273,0.3477711
0.058002163,0.193419,0.034028053,0.1171626,0.027624799,0.029123329,0.21329701,0.124916695,0.14617947,0.05624688
0.005945367,0.028160902,0.027498147,0.15771256,0.17277324,0.09357422,0.12908019,0.23150058,0.11200134,0.04175345
0.013103773,0.15882754,0.11140158,0.1776141,0.23194942,0.019665677,0.023454051,0.1319566,0.031647258,0.10038001
0.115157254,0.11656619,0.12711374,0.037971154,0.051759463,0.08466643,0.07201984,0.0076966956,0.06621104,0.32083815
0.15394416,0.05548091,0.057080064,0.08791891,0.07385363,0.1165571,0.003004729,0.1666709,0.1960479,0.089441694
0.025382495,0.06752583,0.018049862,0.007173612,0.2373157,0.04682002,0.11751075,0.18406402,0.1799616,0.11619611
0.07753869,0.020050049,0.050042666,0.06164451,0.0127007915,0.07257582,0.061956603,0.026722204,0.24389511,0.37287357
0.024674136,0.012167227,0.056999538,0.02844996,0.06646168,0.0525615,0.13501343,0.06450002,0.4781204,0.08105213
0.021954373,0.08703307,0.09710416,0.10584651,0.14765559,0.0036426603,0.010017908,0.04286917,0.24564844,0.2382282
0.13532755,0.0020405638,0.05040887,0.050711073,0.08780603,0.043017514,0.26998577,0.20943643,0.12612915,0.025136992
0.06480123,0.060218796,0.07322672,0.16846165,0.033041675,0.07202386,0.11485404,0.14763461,0.0055067535,0.26023066
0.043184537,0.0042742887,0.03537501,0.01661172,0.04499397,0.0060586208,0.0111889485,0.11842515,0.39642105,0.32346672
0.047258276,0.048605066,0.016794126,0.17041224,0.12368403,0.23176256,0.050502237,0.03665172,0.038731344,0.2355984
0.029068075,0.074227884,0.035402294,0.29118133,0.048274837,0.21526657,0.14314091,0.028537229,0.079703785,0.055197075
0.11313941,0.19877525,0.12842943,0.059339877,0.012153692,0.04558235,0.04063801,0.061457634,0.3329961,0.007488242
0.09799127,0.02534141,0.027431494,0.070657425,0.14817676,0.084870815,0.020421542,0.11675131,0.14746782,0.26089013
0.027145017,0.1923441,0.027590623,0.033322755,0.07868058,0.13068518,0.047727697,0.12654643,0.01656184,0.31939575
0.070532754,0.036145817,0.0152295455,0.29679567,0.082691774,0.09570799,0.09397353,0.12747264,0.06769576,0.113754585
0.0073275664,0.092214935,0.0704114,0.1528964,0.08341515,0.07989837,0.04390121,0.052541174,0.41262308,0.004770664
0.0069200573,0.10734082,0.022038575,0.078510635,0.2547013,0.056705777,0.051592898,0.13514376,0.24201974,0.04502644
0.013786082,0.041045684,0.09184177,0.07591235,0.031299673,0.023705598,0.023467578,0.03735287,0.45266673,0.20892169
0.015755009,0.070420526,0.0038195993,0.09280745,0.1305945,0.14867036,0.093346074,0.009310816,0.33379376,0.10148196
0.06709739,0.13828532,0.098169334,0.07530301,0.01329438,0.10346441,0.018828182,0.10321391,0.15236728,0.2299768
0.23555021,0.0689769,0.07385888,0.030799054,0.06176825,0.025850825,0.056642734,0.06057145,0.12513576,0.26084584
0.13082583,0.026959738,0.013046328,0.12436308,0.21998991,0.31310168,0.027550256,0.024722988,0.09700668,0.022433504
0.013571108,0.08469888,0.052857358,0.038812637,0.033624537,0.073040605,0.052870292,0.23338416,0.2050595,0.21208091
0.05537239,0.045442156,0.07869981,0.03668258,0.011275992,0.0118463235,0.05166652,0.039323676,0.36350188,0.3061887
0.016335597,0.00418423,0.059221603,0.1939614,0.16426037,0.07004559,0.2834033,0.035443235,0.08530778,0.087836854
0.04554592,0.031233637,0.10972408,0.10556478,0.090765744,0.14885293,0.12551814,0.017459467,0.07427476,0.25106055
0.10002632,0.049383853,0.06289567,0.12841824,0.03695627,0.20938751,0.13969785,0.11126377,0.13476433,0.027206207
0.05611534,0.055341363,0.00081823685,0.09505567,0.121446714,0.05567755,0.20798305,0.063074805,0.23653765,0.10794965
0.030729346,0.063840486,0.008343817,0.0789177,0.3567427,0.026308559,0.13618396,0.025790215,0.16401736,0.10912579
0.011115421,0.028718894,0.096943215,0.02730357,0.12072494,0.12257608,0.09187335,0.13239026,0.010580557,0.35777372
0.055200525,0.13928781,0.009875219,0.06341853,0.07518413,0.010788663,0.16034493,0.16489877,0.24703929,0.07396213
0.021525243,0.18892917,0.05941097,0.19667394,0.070565164,0.0791864,0.15496811,0.038208004,0.14552905,0.045003947
0.08345832,0.08082761,0.14483197,0.031328402,0.04175,0.15862155,0.12808594,0.1859146,0.02925542,0.11592618
0.084592015,0.03444878,0.06864065,0.19136,0.16206218,0.12610953,0.0535465,0.046399504,0.12019387,0.112646975
0.08231855,0.14340578,0.053670228,0.14266814,0.1416046,0.14138693,0.07128638,0.13595589,0.067556515,0.020147061
0.07371709,0.018870916,0.07447444,0.08245671,0.08286399,0.08639974,0.0628831,0.03633617,0.2756085,0.2063894
0.059850495,0.05911676,0.036266644,0.012629605,0.08853318,0.031130409,0.23405355,0.14537199,0.25722703,0.07582036
0.023990894,0.002213903,0.1471573,0.18262205,0.06853943,0.105804496,0.124911375,0.06920279,0.04723976,0.22831799
0.05503911,0.024042292,0.002811241,0.15918688,0.060326844,0.033901785,0.020896582,0.014951774,0.42575017,0.20309332
0.17693062,0.17429686,0.069202535,0.050434977,0.08085058,0.08016462,0.11784424,0.05246313,0.13220918,0.06560327
0.026771711,0.026553048,0.009732566,0.07894177,0.039428547,0.009640204,0.010844839,0.076557025,0.44613564,0.27539465
0.17482056,0.050399397,0.25460222,0.096978724,0.010062888,0.0903688,0.019428631,0.026329443,0.21223927,0.064770006
0.1047113,0.018902954,0.046893667,0.029424839,0.16321811,0.31196824,0.09020325,0.17580551,0.012745896,0.046126246
0.062491182,0.13934499,0.0909566,0.061337005,0.079587124,0.035331767,0.08753981,0.08501028,0.018079337,0.3403219
0.17625561,0.04384346,0.04777151,0.06419669,0.005893983,0.13503808,0.08969198,0.09657781,0.08729092,0.25343996
0.057172965,0.047660228,0.13606843,0.15205473,0.06188592,0.00012730903,0.0653256,0.07541092,0.2162786,0.18801531
0.0849765,0.12481323,0.18512271,0.07683626,0.02131424,0.13309054,0.060836945,0.119879514,0.13163222,0.06149781
0.10420181,0.11550318,0.021451293,0.119927615,0.042191822,0.24755785,0.0055448827,0.07812197,0.24878538,0.0167142
0.014989656,0.014564921,0.004314961,0.19842504,0.13658485,0.0057923873,0.119510055,0.04499526,0.21356073,0.24726212
0.05519845,0.0325801,0.054540895,0.1525454,0.0612629,0.13650289,0.030597674,0.0074022897,0.24496764,0.22440174
0.027015273,0.024546502,0.061953414,0.020144092,0.11013223,0.01734498,0.006668898,0.10566263,0.524621,0.101910956
0.088583596,0.10602734,0.13184436,0.009905381,0.17422426,0.008471297,0.10855479,0.11050181,0.054074127,0.20781301
0.13771021,0.080771826,0.044386685,0.17236967,0.08498619,0.07044461,0.097028166,0.09950329,0.009978684,0.20282067
0.056415275,0.060562097,0.048195716,0.11889844,0.040754978,0.02564453,0.15556973,0.10735669,0.08157826,0.30502427
0.009066004,0.114944644,0.15921766,0.081561856,0.0521064,0.12680998,0.18681155,0.01684188,0.09775369,0.15488634
0.10466174,0.05677749,0.09683457,0.04371355,0.061397046,0.33149657,0.033531416,0.050246783,0.17268209,0.048658744
0.019756986,0.0067608645,0.062440433,0.06815325,0.01920219,0.2000562,0.17854923,0.0877727,0.3282734,0.02903477
0.0775747,0.17320623,0.10638234,0.18699017,0.04887072,0.0118090585,0.012537951,0.007594057,0.2451395,0.12989527
0.073372014,0.05852131,0.23041333,0.024207223,0.10380395,0.09001073,0.105427906,0.122095995,0.16865516,0.023492396
0.06907837,0.0035316036,0.10808814,0.14488082,0.08373794,0.0063823643,0.07090944,0.23109907,0.15343396,0.12885828
0.09908534,0.06014413,0.11169059,0.032788295,0.019261288,0.11777106,0.015693229,0.0718898,0.38818336,0.08349292
0.014478089,0.031376325,0.10016593,0.013371936,0.21027336,0.13256903,0.13855341,0.19172727,0.054853905,0.11263075
0.038996056,0.083551705,0.13536358,0.09487185,0.06078206,0.11737829,0.042074014,0.2371786,0.18627928,0.0035245896
0.034987263,0.01753431,0.050104484,0.1444951,0.0036483854,0.041986097,0.04612106,0.27465037,0.107408136,0.27906483
0.08580206,0.1125784,0.007912352,0.016258473,0.050676078,0.045609288,0.07195228,0.05197964,0.2960069,0.2612245
0.09365211,0.07744746,0.11731342,0.20405482,0.06359491,0.044010524,0.10553726,0.12349683,0.048728604,0.12216403
0.018601796,0.045897987,0.06828905,0.09291991,0.19710621,0.029749606,0.022269385,0.08008444,0.40646896,0.0386127
0.117134124,0.038834576,0.10140438,0.13698842,0.059523553,0.20467651,0.088840194,0.06416022,0.030790782,0.1576472
0.010846886,0.074098006,0.103937335,0.1269457,0.05542837,0.013199902,0.06698048,0.090647325,0.24854532,0.20937063
0.035003904,0.0679377,0.0040871818,0.05271383,0.022367867,0.04596306,0.1807559,0.20171718,0.19137388,0.19807948
0.03123957,0.03882404,0.03568818,0.08789924,0.09055479,0.2260164,0.00702049,0.026212197,0.33958668,0.11695841
0.051056337,0.055959824,0.071161725,0.0057114377,0.033118203,0.044396397,0.004917986,0.09776314,0.36788628,0.26802874
0.030295823,0.068639755,0.06600052,0.2481977,0.1899263,0.046533547,0.05870635,0.06861168,0.060759414,0.1623289
0.04756441,0.02332726,0.17182252,0.0385234,0.0042069796,0.10216869,0.21192077,0.19806175,0.036218088,0.16618614
0.003738953,0.077747494,0.11055558,0.17143394,0.08391053,0.18645425,0.048622303,0.050593346,0.22518545,0.04175813
0.008178902,0.091883615,0.12568259,0.039035443,0.121450745,0.060994342,0.120702066,0.15110934,0.108029425,0.17293353
0.048892662,0.007427392,0.033141576,0.20580846,0.13256416,0.090635166,0.07255124,0.003675436,0.38712057,0.018183282
0.054317843,0.014288182,0.0304931,0.07791487,0.13491112,0.059607316,0.145066,0.055908445,0.3825088,0.044984285
0.25034463,0.045782965,0.16001357,0.044902448,0.16544986,0.05455163,0.016288284,0.024724472,0.18724029,0.050701838
0.07443688,0.05972529,0.0012871438,0.018884234,0.06217598,0.15333498,0.075426914,0.0362865,0.4212488,0.0971933
0.015483309,0.1107899,0.059277896,0.05990903,0.0032914446,0.06944605,0.3794488,0.15832938,0.086541116,0.057483066
0.0059995027,0.052471947,0.0780615,0.025653105,0.085409574,0.07511988,0.06682465,0.072322346,0.2125347,0.3256028
0.056508444,0.019730238,0.16189241,0.13129759,0.08549387,0.015902132,0.11815329,0.06431971,0.2051992,0.14150317
0.07607617,0.057366338,0.09711955,0.015409471,0.05703857,0.06627998,0.11375333,0.069744274,0.16953167,0.27768067
0.0018134267,0.043384,0.1924455,0.04882731,0.0919556,0.13143386,0.14634036,0.07794075,0.017740123,0.24811901
0.14618024,0.05168798,0.081901185,0.08942894,0.10551851,0.022503564,0.11223469,0.033897486,0.18670692,0.16994046
0.051037595,0.0470622,0.07248133,0.0039316337,0.010367487,0.026548496,0.08176128,0.034884986,0.36998582,0.3019392
0.060411498,0.052721877,0.05878075,0.101803616,0.030398391,0.3291502,0.007901994,0.012186473,0.16445085,0.18219435
0.050566792,0.053669106,0.10229155,0.0076969275,0.23832467,0.17713247,0.0842175,0.24252024,0.021914013,0.021666741
0.10836687,0.046294652,0.1554421,0.04689705,0.039190747,0.03200887,0.10299462,0.21661524,0.22222406,0.029965779
0.027795766,0.09542672,0.09119247,0.03237965,0.10858668,0.08675249,0.1511965,0.0404615,0.19461356,0.17159462
0.027337521,0.2121621,0.00075583404,0.038889624,0.10806478,0.19994824,0.1385034,0.23276158,0.028934862,0.012642006
0.06026819,0.09300138,0.026100025,0.0067178886,0.0048744753,0.023382314,0.0484631,0.031714372,0.046044797,0.6594335
0.03290023,0.038814522,0.01965216,0.054468814,0.002239805,0.120629445,0.18497643,0.06625725,0.33038342,0.14967792
0.21896614,0.06323081,0.05531683,0.1531166,0.11839126,0.10634584,0.0049477606,0.21971622,0.032817993,0.027150534
0.099999085,0.09393901,0.015876113,0.22512025,0.10344195,0.060188554,0.1814393,0.012332213,0.0612913,0.14637226
0.045449596,0.0078611,0.09386308,0.03743492,0.13710772,0.07766871,0.08397127,0.07879591,0.06411871,0.37372896
0.005858051,0.03860166,0.032684315,0.077755995,0.08017118,0.118032984,0.09842292,0.16167444,0.24389242,0.142906
0.027164964,0.13501337,0.04381349,0.2019754,0.030943524,0.19243117,0.02457726,0.07925248,0.19687518,0.0679531
0.27759516,0.19799957,0.080344595,0.11638711,0.111072816,0.027870268,0.09754003,0.038382106,0.04260283,0.010205476
0.1101004,0.058667835,0.12286594,0.08033431,0.11977079,0.014372312,0.0032360188,0.116272494,0.23713182,0.13724808
0.0095349755,0.06167946,0.04623582,0.04415147,0.03561938,0.1325399,0.07141125,0.0062498413,0.37897807,0.2135998
0.074802,0.029493446,0.080009386,0.1526999,0.0010177507,0.004136384,0.24967813,0.057166178,0.05911689,0.29187992
0.035164256,0.1699733,0.07242082,0.15003753,0.02841203,0.16401224,0.07241849,0.05465606,0.18076473,0.07214051
0.0018908085,0.08700633,0.0967745,0.22464289,0.06594311,0.09230117,0.0831191,0.07995212,0.17300743,0.09536255
0.05911986,0.059202235,0.13916506,0.19314054,0.121860474,0.04214262,0.004174058,0.18312587,0.105553545,0.09251575
0.08061885,0.035629258,0.049110554,0.16150339,0.126003,0.08597473,0.28696057,0.028890744,0.050459612,0.09484927
0.02639716,0.095615335,0.058806412,0.05931402,0.0040094485,0.011275739,0.0974538,0.12252459,0.16909108,0.35551238
0.019719392,0.0217775,0.072875716,0.008018579,0.107396185,0.04281151,0.16714321,0.039714057,0.3264311,0.19411272
0.08071163,0.21112844,0.008031969,0.077096105,0.10689133,0.08750808,0.032926563,0.13612656,0.20576961,0.053809673
0.08561357,0.03691491,0.0053397566,0.04470951,0.0038805834,0.1411126,0.047836002,0.09684275,0.36712855,0.17062177
0.051983427,0.11092902,0.037712935,0.022917103,0.005464755,0.038152657,0.08736738,0.04960089,0.32320714,0.2726647
0.010761304,0.028042926,0.113592625,0.2591342,0.0922872,0.12888949,0.027912203,0.0877175,0.15274248,0.098920114
0.17778374,0.07184956,0.13003238,0.06153613,0.09258471,0.0859778,0.109836034,0.029735895,0.11980197,0.12086179
0.025284467,0.23240231,0.14896055,0.012909615,0.0157369,0.24444385,0.121625364,0.05961447,0.07502632,0.06399616
0.19854224,0.09636553,0.09498333,0.009060278,0.06154858,0.11335371,0.07229577,0.1141292,0.0820394,0.15768196
0.001104779,0.05035534,0.0076621645,0.010353197,0.03202683,0.1371611,0.086347245,0.10832749,0.45294034,0.113721505
0.1313316,0.07099831,0.1960818,0.02421475,0.06384685,0.04378477,0.040848643,0.12327016,0.27410388,0.03151924
0.037373494,0.0391894,0.03742927,0.019977005,0.08712523,0.111219764,0.05067737,0.0035146943,0.42133313,0.19216067
0.10664064,0.050794933,0.06710817,0.10335608,0.12950844,0.004684636,0.09388089,0.0606988,0.20330544,0.18002203
0.053350832,0.008726366,0.026094664,0.09943931,0.025392752,0.11292686,0.058328714,0.1453832,0.2025534,0.26780388
0.09121787,0.07217691,0.018062161,0.026037127,0.3114269,0.07770413,0.118762635,0.009483327,0.26462477,0.010504089
0.11593664,0.06377883,0.019251708,0.030463794,0.15319897,0.10045342,0.03962304,0.18608865,0.09120346,0.20000148
0.188931,0.050895117,0.06761651,0.17632663,0.011948452,0.055283,0.040342264,0.09975759,0.20852673,0.10037272
0.012522999,0.0010265058,0.0439157,0.025081536,0.1553542,0.12949161,0.077749446,0.12652709,0.2438641,0.1844668
0.0994283,0.03186679,0.14541695,0.02528503,0.12094051,0.115273826,0.024920339,0.009558191,0.1360911,0.29121894
0.050599165,0.07946475,0.02096892,0.27546403,0.0613109,0.19356203,0.04635526,0.058195587,0.19943179,0.014647511
0.057995826,0.059478432,0.07109774,0.13204013,0.06484577,0.1483742,0.07972116,0.03229197,0.28810233,0.066052504
0.07249648,0.048031837,0.07447071,0.26281393,0.19779581,0.06796756,0.02219426,0.0936241,0.14738417,0.013221148
0.11956703,0.004031455,0.14696218,0.025237858,0.026717633,0.20645934,0.17385279,0.07175879,0.1876513,0.037761644
0.09278036,0.06012395,0.09190734,0.0026745154,0.12801819,0.17267887,0.25669536,0.014721056,0.062684886,0.11771548
0.037234906,0.028324658,0.05958812,0.030320168,0.13749562,0.10503381,0.22749609,0.080646895,0.23547812,0.058381613
0.103415795,0.12100658,0.12880832,0.034329697,0.053647593,0.023565449,0.06428446,0.0022399514,0.34382504,0.1248771
0.043733664,0.18102187,0.16686918,0.22698863,0.063350216,0.10894041,0.006627176,0.052976478,0.030598015,0.118894376
0.041903563,0.032086443,0.033799835,0.09585587,0.121798545,0.19176413,0.1577179,0.038806032,0.25031248,0.035955194
0.036984213,0.062135834,0.16231686,0.018310977,0.08844005,0.07917256,0.12077266,0.12632039,0.21441938,0.091127075
0.042768896,0.1923082,0.007942621,0.06811343,0.2174209,0.013350867,0.057917632,0.079999104,0.2600118,0.060166564
0.10359055,0.062528156,0.11617081,0.042068817,0.06890149,0.109541625,0.03991429,0.08783586,0.35008267,0.019365693
0.05803003,0.22977537,0.030266313,0.15002172,0.13318682,0.1016763,0.059910577,0.041084524,0.14476389,0.05128448
0.06769313,0.07078131,0.11046657,0.18877651,0.08064456,0.060638785,0.10858267,0.044717923,0.101298824,0.16639969
0.023753887,0.113813914,0.08163142,0.044442233,0.061517533,0.07172296,0.1912918,0.03675515,0.15291852,0.22215259
0.10548802,0.17959684,0.007076467,0.06353781,0.015276614,0.1478136,0.092249304,0.027031198,0.051908676,0.3100215
0.09651321,0.03931269,0.00034975362,0.08775754,0.12006649,0.21656457,0.11509931,0.012871125,0.17422396,0.1372414
0.028979402,0.02433288,0.016569553,0.15602446,0.22480074,0.10772877,0.097467616,0.10444355,0.07219333,0.16745974
0.0937732,0.06408582,0.22308394,0.047910497,0.12164162,0.067712046,0.010299896,0.1032724,0.18746497,0.080755614
0.08677152,0.16410442,0.0062998496,0.08906103,0.042837463,0.15410411,0.007622297,0.0765932,0.30033666,0.072269484
0.059789285,0.018125756,0.0035298138,0.15994857,0.09114642,0.12879318,0.21824007,0.009090585,0.14093092,0.1704054
0.0060106446,0.11476997,0.19224606,0.19953911,0.055329587,0.21566215,0.016058411,0.0057504447,0.1321958,0.062437803
0.00981637,0.08759378,0.028016139,0.013791846,0.20500228,0.046235245,0.05813029,0.10628565,0.2489822,0.1961462
0.07280013,0.038992725,0.05023731,0.20983788,0.079333454,0.04954374,0.08694477,0.06925408,0.19005382,0.1530021
0.04916417,0.039384987,0.15154481,0.017353268,0.066126436,0.019976519,0.008162458,0.05877624,0.50200355,0.087507516
0.037180986,0.042413972,0.10745339,0.021728732,0.08755763,0.035749815,0.050177626,0.112461984,0.27511963,0.23015621
0.049146768,0.054683644,0.06594953,0.10744177,0.058282968,0.10968178,0.121293224,0.08237939,0.117177285,0.23396361
0.04066383,0.12588243,0.13952415,0.099356554,0.02927893,0.09100536,0.044943847,0.22424708,0.004516438,0.20058136
0.072449006,0.034438577,0.0517696,0.10752223,0.07833422,0.17856234,0.016947024,0.11706409,0.13880248,0.20411044
0.021438945,0.084172845,0.07742068,0.107935086,0.22592771,0.016108073,0.12932177,0.19976716,0.11376721,0.02414052
0.03422889,0.10249106,0.015145841,0.24377236,0.030121991,0.083742805,0.058091227,0.084959164,0.067637436,0.27980924
0.052304495,0.07811376,0.08267673,0.069419935,0.0034703035,0.07006936,0.27385014,0.05912013,0.15317272,0.15780243
0.013072348,0.12620622,0.030613573,0.106533766,0.030583639,0.052967988,0.07013065,0.07752595,0.1760228,0.3163431
0.07265879,0.013787232,0.12866655,0.042915042,0.059314284,0.015683664,0.078015625,0.021655643,0.060954098,0.5063491
0.002427368,0.062857635,0.08271742,0.10670201,0.09840626,0.0119941095,0.07502021,0.059531055,0.17902268,0.32132128
0.11407406,0.08184324,0.01528322,0.055289444,0.18255374,0.011857517,0.17422107,0.099808246,0.18422039,0.080849096
0.10841386,0.13713728,0.056068517,0.056536805,0.060498394,0.21386908,0.074868195,0.037469752,0.0663803,0.18875782
0.112173714,0.296366,0.04898781,0.011992057,0.0012184067,0.06570834,0.026240313,0.17118162,0.23785245,0.028279262
0.17403516,0.16481352,0.23735368,0.10541967,0.046608083,0.05146603,0.013704816,0.10987528,0.08871865,0.0080051
0.044780225,0.03624827,0.07282435,0.1164964,0.08260095,0.13684028,0.011510849,0.1249083,0.2476706,0.12611976
0.10955522,0.09194505,0.009183627,0.23277915,0.0046621547,0.24167384,0.024780376,0.07626569,0.1697736,0.039381303
0.021769239,0.017881503,0.12552033,0.04306659,0.11508558,0.037796758,0.0660881,0.14888969,0.12368187,0.3002203
0.093431726,0.10309154,0.16402572,0.01349509,0.12732834,0.09298251,0.088303,0.054422226,0.03500001,0.2279198
0.02394804,0.1776589,0.043719675,0.019017415,0.0580989,0.15677902,0.312791,0.0948378,0.018598227,0.09455103
0.121823885,0.020358747,0.07934559,0.18680488,0.26604587,0.10160382,0.028081844,0.027265407,0.09176864,0.076901324
0.16466777,0.074783534,0.06691949,0.05871969,0.18249887,0.01577843,0.17302999,0.057868022,0.034631304,0.17110288
0.08068366,0.123349585,0.09002838,0.030952241,0.031412385,0.03530975,0.070129596,0.031710003,0.2636495,0.2427749
0.09110546,0.087272875,0.17175812,0.015678996,0.06454864,0.05005557,0.10761548,0.029619701,0.08363223,0.2987129
0.063001335,0.0339186,0.056760397,0.021150904,0.113212734,0.06254357,0.110755846,0.061889425,0.42969078,0.04707645
0.26454344,0.101149134,0.14925271,0.10647359,0.010893142,0.009035882,0.059246447,0.05403294,0.069793686,0.17557907
0.105327725,0.0018530887,0.0073632607,0.04589136,0.2285329,0.046063613,0.024546027,0.24563424,0.22367147,0.07111632
0.030004488,0.07490951,0.05522086,0.14400017,0.08937446,0.02767997,0.06411462,0.013305446,0.150909,0.35048142
0.041245986,0.0186419,0.054133628,0.02019749,0.13323183,0.13279739,0.15588251,0.12819988,0.25927258,0.05639684
0.0076636276,0.10005091,0.046447624,0.11748359,0.039646562,0.1808006,0.21481866,0.03796218,0.01865816,0.23646808
0.05604113,0.031119777,0.01698018,0.015063325,0.051677573,0.12196098,0.165526,0.23802996,0.09978899,0.20381208
0.028404953,0.047532327,0.08275467,0.2556824,0.12585136,0.15218459,0.026672821,0.0056647807,0.24268064,0.032571446
0.032546993,0.035960406,0.10947376,0.033337563,0.13646741,0.23777336,0.046761397,0.16888736,0.1709565,0.027835242
0.05754835,0.16396368,0.009017652,0.024408912,0.24737571,0.0036484008,0.21070005,0.03947758,0.16224033,0.08161936
0.03115044,0.08750766,0.054839578,0.13349041,0.0020257025,0.033389557,0.10417543,0.05639286,0.0478907,0.4491376
0.123391844,0.054425973,0.22773129,0.1076622,0.1384766,0.14188911,0.07312508,0.007149602,0.028980473,0.09716783
0.18474261,0.15552956,0.09768925,0.0789642,0.1122365,0.021038642,0.014801604,0.0147381285,0.07749744,0.2427621
0.031926498,0.0365142,0.061299305,0.20515372,0.010370996,0.13891758,0.048076127,0.19935793,0.21211854,0.056265064
0.008767424,0.04671661,0.08224863,0.03449293,0.070401214,0.12545495,0.048878472,0.08935184,0.054162864,0.43952507
0.049697842,0.06321458,0.09813829,0.16807851,0.067848265,0.06288562,0.067850046,0.034001365,0.24838479,0.13990067
0.06587901,0.001618662,0.07516072,0.16109091,0.022180378,0.25433207,0.05487186,0.030508986,0.18819028,0.14616714
0.12383917,0.04146686,0.017672349,0.018398501,0.12952021,0.018410627,0.017857645,0.07438848,0.43451977,0.12392637
0.009004338,0.051942382,0.08209287,0.06254898,0.21092308,0.13352384,0.12091511,0.017546874,0.23621295,0.07528963
0.111778244,0.037649985,0.0868429,0.07410006,0.105840914,0.023810908,0.02317322,0.02193466,0.416999,0.09787009
0.005728854,0.0585095,0.031784207,0.11440535,0.050861146,0.05919853,0.0503814,0.07891522,0.38297287,0.16724293
0.053595897,0.035094827,0.020637102,0.060375676,0.36530244,0.012639788,0.054625157,0.09045042,0.14071858,0.16656013
0.018183662,0.10840857,0.07930716,0.08958031,0.067567445,0.2725096,0.05624349,0.00033763825,0.25631598,0.05154614
0.1280259,0.07324386,0.07003314,0.0012607055,0.06966934,0.018007897,0.04320982,0.07299351,0.25352392,0.2700319
0.03672547,0.057192665,0.1317251,0.093860716,0.12470068,0.03685938,0.003965139,0.104178265,0.20530565,0.2054869
0.1388662,0.016046604,0.11583489,0.35876334,0.0671063,0.06903153,0.09845256,0.01980441,0.05577178,0.060322378
0.09257547,0.19338416,0.0644666,0.020400533,0.14899938,0.058988858,0.0612172,0.06760022,0.12708886,0.16527878
0.007177874,0.012255887,0.13084215,0.08600592,0.11191936,0.24273525,0.10118496,0.2197919,0.060689803,0.02739687
0.1404678,0.2492638,0.012638392,0.090018734,0.11169671,0.078705326,0.03746475,0.010714283,0.19947001,0.06956022
0.11931072,0.0746394,0.05790236,0.17460153,0.04060965,0.0220097,0.0020762617,0.05835598,0.3591653,0.09132908
0.075436436,0.100269176,0.10456141,0.09914454,0.011324239,0.12985162,0.02637661,0.033224054,0.24395435,0.17585756
0.047220252,0.13387293,0.029005608,0.22970591,0.13922921,0.11795225,0.094422095,0.14977409,0.0021041245,0.056713633
0.07706225,0.10510613,0.1526413,0.012333267,0.35591117,0.07077192,0.03437105,0.16554375,0.00011820895,0.02614095
0.026938483,0.10566788,0.08625608,0.23580754,0.037619554,0.11698054,0.078345545,0.08430028,0.098629944,0.12945417
0.096478626,0.10163157,0.0080029415,0.0034043298,0.031568166,0.09145348,0.07480586,0.1667156,0.11056957,0.31536987
0.034410175,0.078737564,0.1213986,0.25515056,0.18699709,0.058702793,0.030157343,0.11568251,0.02223954,0.096523784
0.020810762,0.03886269,0.020909436,0.023209523,0.013994454,0.12513186,0.12734741,0.11277681,0.015763853,0.5011932
0.025299361,0.054189008,0.13963374,0.111026995,0.058418997,0.089542314,0.24050385,0.037253443,0.12420491,0.11992738
0.021025939,0.0047091153,0.0857189,0.14188062,0.0025934456,0.1354627,0.009007809,0.016499449,0.25248405,0.33061796
0.038049385,0.04434369,0.11076979,0.075806536,0.03481875,0.04122505,0.06619752,0.09564086,0.26968843,0.22345997
0.05267628,0.048101686,0.02097632,0.10881554,0.10388177,0.1500183,0.16798955,0.050445504,0.195152,0.10194304
0.094748065,0.15317374,0.04668537,0.093860425,0.16333044,0.0030200824,0.0056718765,0.03614235,0.3483528,0.055014856
0.06013515,0.08171553,0.10516203,0.12536326,0.17091282,0.06485052,0.18374695,0.14253655,0.05477709,0.010800207
0.05803217,0.028886395,0.08188593,0.07093513,0.14972916,0.16618487,0.06480335,0.050093077,0.2530606,0.076389305
0.25234002,0.0751432,0.047454853,0.12353982,0.012587466,0.009294664,0.13433383,0.036062494,0.02795065,0.281293
0.061687622,0.161605,0.023491483,0.019429045,0.06355594,0.15872942,0.107853256,0.2537976,0.07298438,0.07686629
0.043324545,0.007409454,0.020332344,0.11846174,0.16007045,0.13617784,0.10392643,0.07030286,0.11266391,0.22733043
0.13234907,0.12083043,0.077470705,0.15800998,0.10216451,0.13120663,0.043612905,0.13325939,0.07038819,0.030708183
7.166981e-05,0.07507542,0.0079561565,0.06518077,0.010674545,0.30151182,0.07493725,0.097299196,0.285011,0.08228219
0.2610369,0.036332898,0.044988245,0.005696476,0.23153201,0.09893298,0.09665328,0.087940246,0.034986116,0.10190087
0.20486578,0.10510432,0.17151292,0.04530454,0.09981989,0.07451927,0.17212465,0.06558557,0.0509827,0.010180354
0.02603876,0.10630987,0.047621727,0.060162883,0.11973553,0.0855162,0.0143535845,0.060145244,0.22997387,0.25014234
0.09323529,0.031539638,0.038013045,0.16021582,0.0043808348,0.07360527,0.19782339,0.052975297,0.28605354,0.062157877
0.18222217,0.08721448,0.038003508,0.2170396,0.13792956,0.00262142,0.0070085656,0.17915674,0.13172828,0.017075712
0.12460085,0.095143706,0.037620965,0.098026,0.22415023,0.069702566,0.0037620966,0.07327882,0.13759759,0.13611719
0.037348658,0.007403721,0.061980598,0.0383303,0.05518222,0.045961116,0.17050825,0.20866038,0.10318433,0.27144048
0.16559692,0.06726271,0.09641584,0.048476458,0.009364028,0.04060094,0.026170155,0.26354447,0.1436593,0.1389092
0.06992502,0.051945798,0.10639058,0.2670484,0.084896505,0.18620275,0.012683813,0.1407502,0.054568123,0.025588792
0.01539789,0.024817599,0.013608582,0.1630359,0.036179923,0.3217654,0.15734857,0.22355238,0.04050611,0.0037876698
0.131465,0.07196739,0.05589915,0.17391887,0.061042678,0.1256274,0.100650266,0.059550013,0.024014471,0.19586483
0.06309607,0.0933605,0.015287238,0.15548538,0.039201893,0.11642219,0.106644996,0.10327683,0.058783215,0.2484417
0.063668184,0.003999828,0.05293358,0.01919045,0.094395615,0.10627939,0.088943705,0.15346564,0.38962394,0.027499659
0.14599568,0.102300666,0.1489773,0.0053556273,0.034283526,0.042499516,0.15991145,0.15792528,0.16945861,0.03329233
0.040972363,0.07950143,0.022985218,0.034103245,0.113076806,0.20008469,0.10646419,0.098602235,0.21410242,0.090107396
0.008755951,0.004736724,0.005272667,0.034691997,0.13611124,0.17057633,0.20068741,0.169707,0.079303354,0.19015732
0.1483897,0.23002021,0.08765815,0.009822044,0.05880266,0.059157625,0.053198278,0.1700527,0.12397119,0.058927428
0.06869994,0.09734084,0.1112908,0.028105933,0.019779209,0.056796364,0.013838529,0.088333756,0.15087467,0.36493996
0.04226342,0.09588982,0.0626859,0.048859365,0.074441314,0.10448661,0.16917662,0.13953337,0.14335726,0.1193063
0.0017751831,0.060149424,0.007945312,0.0056451894,0.25095403,0.14810069,0.01263866,0.031559646,0.07425543,0.40697643
0.04084892,0.072667174,0.01713041,0.13261925,0.2151387,0.11180149,0.04990749,0.16232474,0.041788556,0.15577328
0.045545995,0.10200436,0.057488848,0.13279413,0.14795925,0.028470093,0.033612978,0.04677075,0.103587046,0.30176657
0.062568165,0.015318599,0.106199734,0.18325244,0.081540816,0.12506208,0.31510764,0.047454517,0.0067733033,0.056722723
0.024580624,0.12446146,0.012818022,0.10423215,0.08984901,0.048724987,0.123581275,0.005879986,0.093987934,0.37188455
0.10086299,0.0033635474,0.014309015,0.088049516,0.16997929,0.039446954,0.039923918,0.1546651,0.1421357,0.247264
0.11676695,0.1525649,0.047535334,0.10940251,0.14225017,0.124934666,0.018594837,0.01786924,0.17281577,0.09726564
0.08196513,0.06418544,0.022101857,0.13477372,0.03065142,0.17196019,0.064158484,0.021182442,0.22626474,0.18275659
0.075301014,0.018800411,0.10491625,0.15908958,0.25372416,0.01131958,0.08692687,0.028041387,0.126451,0.13542971
0.10631863,0.09080757,0.009669129,0.09218863,0.0065053734,0.12138551,0.1634996,0.060721938,0.28844395,0.060459714
