0.00996009,0.011314842,0.026625315,0.05408821,0.110304624,0.11629121,0.16754343,0.13883594,0.09049152,0.27454484
0.10230315,0.20222597,0.082774796,0.08218577,0.07925652,0.0048436294,0.059628975,0.08252959,0.16545063,0.138801
0.12536153,0.04869798,0.15429235,0.08542935,0.07701152,0.065667756,0.16355993,0.013160756,0.021992868,0.24482597
0.1261657,0.19111696,0.068086304,0.13455054,0.20663339,0.012586922,0.108954124,0.006397555,0.0052572344,0.14025122
0.11226108,0.008240939,0.029854735,0.11720101,0.19034296,0.046122063,0.13673785,0.10731577,0.21651524,0.0354083
0.017953735,0.106819876,0.07056209,0.08843157,0.1360173,0.029396724,0.06268996,0.18130936,0.25639838,0.050421037
0.061629705,0.1176493,0.08741888,0.09792992,0.10663631,0.11150499,0.1822834,0.05998666,0.15069121,0.024269667
0.057341218,0.2854141,0.07386225,0.066306636,0.058151018,0.049478497,0.030209322,0.10883286,0.04653976,0.22386433
0.04583649,0.12699448,0.055080496,0.14823735,0.0507227,0.070446946,0.033037324,0.08863344,0.2170176,0.16399318
0.13309929,0.07722449,0.0423674,0.13173659,0.0906496,0.2641044,0.09158062,0.01166583,0.1376561,0.019915685
0.027928745,0.050485738,0.032536205,0.06648292,0.07259456,0.021150678,0.09445612,0.023362456,0.3166663,0.2943363
0.02909516,0.07415549,0.07876982,0.09535232,0.048088938,0.22583517,0.05400985,0.08664858,0.070768446,0.23727621
0.08957501,0.08029706,0.074328445,0.11763062,0.07473692,0.10443984,0.028793482,0.04039203,0.35929516,0.030511444
0.026325257,0.0072673927,0.14950703,0.15964185,0.025559187,0.13122068,0.057900373,0.15511414,0.10936209,0.17810199
0.04358839,0.016945882,0.07776686,0.002084091,0.023473095,0.015686277,0.10486573,0.12294406,0.37956053,0.2130851
0.1164267,0.09579373,0.1411883,0.06835813,0.024905289,0.079845816,0.012088702,0.0829043,0.0678955,0.31059355
0.10152367,0.04813593,0.17045528,0.13671227,0.18014692,0.06631702,0.006253338,0.10611875,0.13281114,0.05152569
0.040411767,0.030247828,0.031069618,0.12686273,0.0638379,0.1103858,0.11771718,0.031128483,0.38516477,0.06317389
0.030281166,0.01705882,0.007848595,0.05099694,0.0039808066,0.11806489,0.19584092,0.09986991,0.34957403,0.12648392
0.13777836,0.019573512,0.109691285,0.1487502,0.11988377,0.10059072,0.045975238,0.04670093,0.19076616,0.08028984
0.030483028,0.1414774,0.06853392,0.12945874,0.018855764,0.07732227,0.09609601,0.30358255,0.05003805,0.084152274
0.091498226,0.0530567,0.012006581,0.03266859,0.229496,0.062868156,0.1440929,0.2100746,0.040652066,0.123586215
0.14463373,0.13857326,0.11249148,0.11090008,0.058976058,0.17321733,0.026069585,0.011545489,0.134038,0.08955501
0.22174424,0.00079820206,0.097682,0.1142987,0.10168506,0.051469203,0.04504639,0.026022062,0.26691175,0.0743423
0.015214603,0.054885685,0.018462615,0.15403226,0.13757984,0.19777463,0.10408303,0.08587826,0.039382372,0.19270666
0.10809995,0.18444711,0.11256739,0.15588424,0.013532167,0.1232513,0.12862878,0.07955779,0.059603345,0.03442795
0.048884634,0.0042907107,0.09767904,0.1699198,0.1649901,0.105296515,0.06074958,0.12207312,0.1862103,0.039906196
0.33012685,0.20189658,0.19679101,0.02759655,0.06115946,0.038515452,0.03999235,0.06666777,0.008149895,0.02910414
0.0033046743,0.14004146,0.010275902,0.02679116,0.043491647,0.020969555,0.046944458,0.09828839,0.2760058,0.33388692
0.2407899,0.2612858,0.31525275,0.031772465,0.025202272,0.025241923,0.00041008054,0.0007811813,0.06806784,0.031195827
0.063036084,0.02769803,0.018790402,0.12537038,0.05895511,0.19696045,0.11516998,0.041761715,0.20274857,0.14950928
0.013916561,0.006150639,0.036941346,0.035400245,0.13537362,0.04344765,0.042021897,0.22142518,0.3064464,0.15887645
0.19166352,0.16587587,0.060962748,0.023562197,0.111818776,0.09430153,0.011394518,0.03679537,0.082443476,0.22118193
0.1352758,0.026161093,0.115586095,0.05377795,0.28661197,0.07663082,0.07260115,0.08054796,0.0002820293,0.15252514
0.10831887,0.053849347,0.09848548,0.18239169,0.15495583,0.070804544,0.03967493,0.04046761,0.014868591,0.23618312
0.06879482,0.0308806,0.09277259,0.028348655,0.14205253,0.1546852,0.14527851,0.07443848,0.12689295,0.1358556
0.02877534,0.025357308,0.044133667,0.0024765641,0.0525453,0.0083499,0.0004089994,0.08452453,0.44410908,0.30931932
0.06995279,0.003565171,0.0134983845,0.056727152,0.1887285,0.19671269,0.011550867,0.071721576,0.22167578,0.16586709
0.12623061,0.20079908,0.084271505,0.10019085,0.118763946,0.07281356,0.098298974,0.032121778,0.035900384,0.13060932
0.11798262,0.07274523,0.07980427,0.13825196,0.033516757,0.23902279,0.0489768,0.16738388,0.04393816,0.058377523
0.019198349,0.029537251,0.11612515,0.06537055,0.19875206,0.08837256,0.046785045,0.09080965,0.29902193,0.046027455
0.15742677,0.16595335,0.25335446,0.013564041,0.15070309,0.03151191,0.04598082,0.043903634,0.04735496,0.09024696
0.071927994,0.08016,0.051867757,0.031316977,0.032260623,0.13238929,0.009167724,0.020315016,0.395381,0.17521362
0.08642426,0.19356652,0.033091404,0.16850625,0.03145694,0.04414869,0.1258507,0.014168916,0.17825559,0.12453071
0.073656745,0.055154122,0.018955192,0.15254144,0.05239449,0.09495475,0.19066107,0.055188574,0.22180161,0.084692
0.13716179,0.16203438,0.02827021,0.10623083,0.14599204,0.121215805,0.056751844,0.019982504,0.085541725,0.13681889
0.024443837,0.14722699,0.065112814,0.0710506,0.057651076,0.22565489,0.080181636,0.111767925,0.072720915,0.14418933
0.06435244,0.0033488655,0.11355085,0.0440655,0.19226484,0.061665107,0.1694559,0.1322123,0.11571502,0.1033692
0.08033904,0.24555263,0.13886155,0.013603233,0.24489081,0.07901707,0.035147227,0.017473271,0.0060551367,0.13906004
0.088088855,0.00143658,0.00722529,0.031410094,0.06942235,0.15551993,0.13377957,0.09963044,0.19336352,0.2201234
0.09652134,0.006875348,0.106792785,0.06659193,0.15095706,0.1424772,0.12249219,0.11615367,0.02309034,0.16804814
0.09942543,0.04610614,0.0555038,0.12426974,0.047007553,0.10600348,0.082480945,0.038795885,0.110019,0.29038802
0.055145197,0.0048681404,0.0014861377,0.22579697,0.16083461,0.14065196,0.0031552056,0.06660279,0.0899421,0.25151688
0.110078625,0.02178552,0.098662846,0.096458055,0.1392482,0.19004203,0.085548654,0.03553057,0.20836215,0.01428333
0.21062139,0.10336414,0.22402126,0.002138947,0.015112153,0.022754889,0.13980204,0.036835074,0.10755969,0.1377904
0.12007765,0.00290077,0.0744155,0.14628942,0.24810797,0.0020387704,0.045829996,0.22117156,0.08643455,0.052733827
0.029247837,0.066296086,0.11930472,0.21709783,0.11061775,0.045495983,0.020417498,0.10546325,0.19015709,0.09590196
0.06524638,0.1265421,0.055428702,0.057220485,0.17585853,0.12579016,0.14625517,0.007899874,0.068844885,0.17091371
0.15482543,0.117221706,0.007009039,0.058640044,0.08878419,0.05803445,0.050464593,0.051903933,0.24253778,0.17057884
0.07479022,0.054623682,0.18230982,0.09163984,0.048005667,0.019123651,0.09522619,0.006476753,0.26827884,0.15952535
0.011011914,0.015965289,0.0146161625,0.094288155,0.00023955072,0.0764278,0.15967695,0.04815816,0.40109754,0.17851847
0.080215216,0.032324873,0.020790422,0.12879212,0.06975719,0.14381643,0.056790955,0.10846394,0.114199735,0.24484912
0.040387534,0.0238193,0.024325462,0.06907887,0.056521557,0.16768378,0.1564996,0.19326195,0.22859019,0.039831746
0.07976503,0.014483506,0.024666397,0.098235056,0.0074609523,0.030325666,0.078675024,0.19656241,0.21976218,0.25006378
0.07763315,0.1292071,0.10955863,0.12453681,0.024707502,0.0012134383,0.09632427,0.36228776,0.026136689,0.048394628
0.035867833,0.15446673,0.058885347,0.065019175,0.14272483,0.1193923,0.04326458,0.09434093,0.17166068,0.114377595
0.0741795,0.1065974,0.06449414,0.22043212,0.16065574,0.06816622,0.1309267,0.010193275,0.15973538,0.00461955
0.23041691,0.062441397,0.10938422,0.10972754,0.22386093,0.057614204,0.0644084,0.03860113,0.06377127,0.03977396
0.17314522,0.122159526,0.08200134,0.084250145,0.04860179,0.012967153,0.0043923412,0.09537575,0.18265754,0.1944492
0.075916,0.11259282,0.13180871,0.09470065,0.03095466,0.25294763,0.0939425,0.09309634,0.098011486,0.0160292
0.07174391,0.053856794,0.049546216,0.2088722,0.059186965,0.037872,0.17157993,0.26788524,0.024090119,0.055366583
0.042019375,0.016135015,0.023396151,0.03765343,0.057141796,0.07561911,0.030575369,0.11796474,0.1995585,0.3999366
0.039051186,0.025270414,0.24690185,0.00017417237,0.053920712,0.17417237,0.052076943,0.038414016,0.01920149,0.3508168
0.14232156,0.059043754,0.004635401,0.030511683,0.03947689,0.02273906,0.16613136,0.0824441,0.22377916,0.22891703
0.036651254,0.094071224,0.030069746,0.057673242,0.11507882,0.019467521,0.100206845,0.10757291,0.31667438,0.12253406
0.0019616215,0.076984674,0.060396258,0.06299666,0.19415137,0.013415849,0.001996091,0.00040936167,0.15211006,0.43557808
0.120790154,0.10356078,0.067422524,0.12956801,0.24455751,0.0029351374,0.1341957,0.016320907,0.10606704,0.07458222
0.02259971,0.061744094,0.02164239,0.097319126,0.097035326,0.1314613,0.24011847,0.08859111,0.23136757,0.008120898
0.06846122,0.037578803,0.032071035,0.11097392,0.016296498,0.100119434,0.1411751,0.13069437,0.32963002,0.032999605
0.09686998,0.06983255,0.04637191,0.07684199,0.09618954,0.03468854,0.061021015,0.10804154,0.19903992,0.211103
0.06002606,0.06696317,0.02864687,0.09821396,0.1336837,0.025717542,0.023969447,0.08370481,0.38923568,0.08983875
0.051452782,0.011155508,0.103589065,0.074353196,0.03682322,0.20705906,0.03354041,0.1463261,0.33517784,0.00052280986
0.1362469,0.06986622,0.021085925,0.014352899,0.13506976,0.01675718,0.26932073,0.15829617,0.08753141,0.091472805
0.16430357,0.118902065,0.05087559,0.007980113,0.12939267,0.13074781,0.015465252,0.036437094,0.21924187,0.12665401
0.019961298,0.13676564,0.114698745,0.1261288,0.04874842,0.08708687,0.047176015,0.0037514863,0.3277668,0.08791593
0.067843385,0.027641792,0.036881495,0.018429572,0.06308887,0.084410176,0.13311018,0.11568629,0.34311593,0.10979234
0.10636978,0.21573599,0.11131601,0.084937066,0.025714602,0.10055075,0.043960094,0.023349611,0.14085642,0.14720973
0.10542525,0.15244348,0.018683298,0.11767861,0.019633198,0.032047186,0.07224149,0.05638218,0.31104007,0.11442525
0.12517153,0.04239375,0.051497437,0.055388946,0.26636246,0.08820172,0.059054982,0.14896461,0.15293567,0.010028913
0.013290232,0.0102256555,0.18627998,0.036670204,0.20290822,0.00042973302,0.04802671,0.06089746,0.15987985,0.28139195
0.13984632,0.09585097,0.13973354,0.11244751,0.051285896,0.036709964,0.041953884,0.023267472,0.27579618,0.08310825
0.042864382,0.10892811,0.051229768,0.037001222,0.007125662,0.18377914,0.15486512,0.018385785,0.13994242,0.2558784
0.1568431,0.036108147,0.0075573237,0.014164798,0.1033219,0.109329104,0.110424824,0.045716394,0.11959197,0.29694244
0.09501274,0.11501488,0.06333309,0.07467773,0.13626623,0.009595966,0.0555594,0.07285309,0.36054927,0.017137596
0.0865327,0.073059216,0.037355643,0.17699946,0.11338204,0.08438647,0.0030174754,0.21607818,0.104961306,0.10422746
0.032246586,0.009795141,0.032453083,0.13025413,0.17059909,0.030007567,0.17593367,0.24914296,0.033213,0.13635476
0.004084411,0.07413864,0.0012120086,0.20570405,0.05027108,0.16344069,0.060824882,0.19425502,0.17462553,0.071443684
0.37020418,0.097757556,0.055026677,0.0491287,0.06483146,0.064515,0.063713595,0.020044094,0.19537222,0.019406466
0.06069599,0.010069422,0.044501692,0.02362186,0.18575734,0.16588967,0.15078373,0.060142968,0.18175587,0.116781466
0.056569893,0.08879834,0.029031767,0.000110813904,0.10504228,0.197654,0.0041271127,0.0711029,0.2761786,0.17138425
0.040163893,0.076395825,0.049085893,0.07436509,0.09160515,0.057539746,0.12411761,0.07006372,0.2824087,0.13425438
0.08942586,0.075772665,0.020912632,0.09887737,0.011943343,0.14865871,0.053395707,0.22269894,0.23214215,0.04617264
0.070011236,0.056188297,0.009817893,0.04380962,0.052167587,0.08542935,0.13142148,0.104569,0.34481516,0.10177036
0.005651831,0.0944528,0.07025344,0.15014821,0.0032232115,0.1518892,0.030425882,0.05504822,0.089492545,0.34941465
0.018879844,0.0336958,0.08624765,0.05692544,0.15550223,0.0974856,0.054718256,0.0016435602,0.4301687,0.064732924
0.09165818,0.04739271,0.069821,0.0696953,0.175148,0.024871103,0.04121083,0.20306073,0.18367463,0.09346751
0.0952406,0.042457733,0.048232544,0.072912954,0.16506772,0.107913695,0.05876025,0.0759627,0.27523407,0.058217775
0.11824255,0.048284296,0.030393956,0.04582193,0.24782115,0.020302644,0.04149108,0.0054860385,0.14287554,0.29928082
0.14350376,0.14229418,0.22421041,0.08917804,0.008186273,0.012060476,0.111670025,0.07224109,0.12344785,0.07320789
0.049405564,0.11698506,0.083183154,0.030127717,0.028854616,0.16247572,0.07142317,0.1397443,0.20953214,0.1082685
0.085876584,0.077858195,0.08395775,0.16368346,0.027550835,0.050908886,0.12382473,0.087352514,0.18497565,0.11401141
0.020238562,0.1005592,0.09057775,0.028249264,0.017777322,0.087563194,0.008254445,0.04191744,0.13333534,0.4715275
0.0030835473,0.053665332,0.062169626,0.14701787,0.12957054,0.022201015,0.096526004,0.07822313,0.12580949,0.28173342
0.0018502809,0.05841741,0.14641689,0.02050241,0.1887684,0.12752783,0.042292636,0.07328155,0.12674206,0.21420051
0.053532694,0.108446844,0.030591892,0.055367112,0.009651142,0.06436125,0.1350114,0.21018916,0.29024303,0.042605482
0.1019798,0.06312616,0.10182657,0.075808346,0.005285658,0.10088357,0.10631307,0.17600214,0.23709895,0.031675726
0.12506984,0.007753835,0.10214969,0.09720238,0.027354103,0.15156664,0.09851573,0.04592596,0.2756736,0.06878822
0.07670165,0.1129453,0.06805238,0.12030576,0.21130222,0.07736961,0.15367286,0.06472472,0.026206054,0.088719435
0.07847355,0.015400852,0.06681751,0.010447649,0.14119437,0.22509074,0.053293753,0.04507519,0.26053026,0.103676125
0.11942831,0.057957802,0.064448714,0.09599749,0.179855,0.23201343,0.07193897,0.022457851,0.09626424,0.059638187
0.00036801034,0.03850763,0.013463943,0.17128372,0.12420485,0.07903155,0.09744591,0.11695869,0.3566036,0.0021321303
0.051176336,0.0197738,0.07212189,0.1537647,0.04598088,0.10357541,0.096903145,0.15712227,0.17217207,0.12740952
0.09729734,0.05109897,0.11365552,0.07172653,0.013791856,0.05924969,0.017959362,0.048666894,0.030248394,0.49630544
0.104646675,0.063835144,0.05377259,0.16284153,0.14217114,0.070462584,0.09519796,0.0820643,0.080763415,0.14424467
0.21582682,0.060223088,0.05474788,0.05740574,0.048170794,0.0697259,0.0797638,0.07714207,0.23993045,0.097063445
0.115340136,0.08773731,0.014935174,0.029805675,0.24843103,0.010268153,0.06453794,0.08010219,0.12377252,0.22506988
0.017487671,0.097047515,0.079373606,0.057772163,0.042940293,0.06806351,0.041768234,0.07270479,0.39730617,0.12553604
0.17175624,0.026412738,0.0070343264,0.07096855,0.18819912,0.020349398,0.05428085,0.02573901,0.35278156,0.08247821
0.08876606,0.003949905,0.14447339,0.05067442,0.11782651,0.12156223,0.16245367,0.04121271,0.15933879,0.10974226
0.010731333,0.14001194,0.030634955,0.03549203,0.12542172,0.020611186,0.12168162,0.030991346,0.3305921,0.1538318
0.029013643,0.030215383,0.13281123,0.10068312,0.21748371,0.14516105,0.04162721,0.17287493,0.014729261,0.11540045
0.019545415,0.12627822,0.026323669,0.04154735,0.18608087,0.15766183,0.10846236,0.0051294384,0.068417594,0.26055327
0.044243783,0.014136252,0.076980315,0.049074277,0.041444853,0.09372571,0.2006532,0.20135199,0.09605693,0.18233274
0.11942108,0.14863226,0.043110415,0.01133762,0.012077411,0.0519302,0.012189236,0.0568238,0.35392278,0.1905552
0.07165808,0.11095521,0.07429169,0.09759499,0.089196034,0.1960236,0.13965935,0.03457703,0.12223408,0.06380993
0.20586212,0.13794059,0.049980853,0.07078697,0.04154967,0.10746536,0.058352243,0.07392536,0.19413401,0.060002822
0.0050078523,0.09300433,0.01194893,0.10843807,0.03294448,0.16687647,0.05408331,0.17125827,0.3494651,0.0069731916
0.039665814,0.13060719,0.031792257,0.15168232,0.01970334,0.23261195,0.0062581515,0.06108027,0.2310779,0.09552081
0.063305244,0.050711695,0.041470837,0.14079858,0.0084621,0.006004716,0.10816825,0.2973296,0.26682425,0.016924726
0.11134466,0.20382448,0.045003787,0.13087991,0.02075622,0.11518747,0.0199435,0.2409347,0.03200024,0.08012504
0.15709126,0.099419974,0.04634311,0.08433626,0.14140888,0.052046876,0.0395102,0.099007435,0.067492805,0.21334317
0.055933565,0.041993156,0.042985294,0.20528257,0.07852867,0.17409459,0.008281793,0.12365357,0.22611879,0.043127973
0.054228585,0.15022907,0.060303725,0.001012084,0.09808404,0.043257434,0.26344502,0.025255814,0.29321405,0.010970199
0.048346445,0.081033394,0.046189956,0.1400365,0.09473311,0.028224962,0.08114463,0.06314662,0.09727621,0.31986815
0.021642417,0.09131555,0.07210301,0.12397671,0.34133294,0.07911291,0.0153100705,0.03301299,0.14884512,0.073348336
0.07933412,0.06055375,0.069106184,0.095069475,0.1619704,0.19051032,0.11095045,0.041156143,0.1824533,0.008895873
0.17021893,0.03571712,0.055834074,0.008532425,0.013301483,0.058995094,0.2818221,0.051412843,0.04266963,0.28149635
0.17287181,0.032674145,0.10809036,0.07402789,0.056119166,0.18447398,0.0050303354,0.21922979,0.040843867,0.10663865
0.16874254,0.037533086,0.021486089,0.09079892,0.050774224,0.1165429,0.051106174,0.018471848,0.19285583,0.25168842
0.079545185,0.12507962,0.047770232,0.056743667,0.11010371,0.030427068,0.023503687,0.049167752,0.26139808,0.21626101
0.04281689,0.025892215,0.15747854,0.007568981,0.050688762,0.09043253,0.03796456,0.2274335,0.06941412,0.2903099
0.02018237,0.11285152,0.038286287,0.19473311,0.058963932,0.08327438,0.10984516,0.0417382,0.31108534,0.029039644
0.06741022,0.05646991,0.032052718,0.063132375,0.10594514,0.10216791,0.0022183512,0.22991987,0.29982474,0.040858727
0.07791968,0.023292398,0.08575469,0.038128607,0.1390867,0.10391691,0.079582684,0.17002748,0.0833248,0.19896607
0.025704857,0.033611782,0.020383427,0.11620553,0.23595735,0.136436,0.12466832,0.03135223,0.21946388,0.05621664
0.14849944,0.06642396,0.04066818,0.06194374,0.18540825,0.07347715,0.17901258,0.109955184,0.03901623,0.095595285
0.12769538,0.08190701,0.012109106,0.08961084,0.1227611,0.1820236,0.012840047,0.035524353,0.14960256,0.185926
0.13985305,0.124399886,0.031546302,0.096916094,0.3198127,0.00031654522,0.1680129,0.04046532,0.029787326,0.04888986
0.17572626,0.05634687,0.08861627,0.0058526546,0.31989413,0.036956385,0.068190485,0.11905415,0.09889315,0.030469628
0.02684983,0.17145346,0.15133458,0.025484273,0.046921663,0.07426968,0.12669319,0.083858304,0.106099926,0.1870351
0.0363034,0.034439538,0.03168271,0.001238904,0.20093761,0.15277748,0.0324688,0.02859832,0.2313435,0.25020978
0.030267987,0.010154908,0.03977473,0.09593861,0.10062233,0.031392444,0.052277476,0.28682244,0.2609938,0.0917552
0.14929563,0.041045427,0.078776196,0.04837233,0.13785212,0.13312261,0.08304579,0.06062615,0.21132344,0.05654031
0.017904392,0.12794371,0.06636195,0.07785313,0.072669975,0.0694459,0.19648361,0.003068018,0.13509968,0.2331696
0.15203066,0.1909457,0.14656445,0.046919923,0.0953311,0.06395773,0.10542856,0.020995745,0.17669892,0.0011272172
0.09924803,0.014991372,0.07917491,0.04068055,0.047944006,0.18826877,0.1046139,0.014559335,0.3480808,0.062438343
0.15719047,0.18349865,0.051334564,0.03985593,0.059127495,0.03391783,0.023100791,0.13096997,0.14738937,0.17361489
0.14131829,0.068524785,0.01884605,0.09420713,0.20406298,0.3245027,0.061278723,0.0073021706,0.046232183,0.033724956
0.084332205,0.029430794,0.03095092,0.14838035,0.056553315,0.065952726,0.002253197,0.17429413,0.2411706,0.16668177
0.024629386,0.07805518,0.2260479,0.05704522,0.095216,0.24954432,0.14590636,0.07629651,0.0003584429,0.04690068
0.003967484,0.040716223,0.100616336,0.08241386,0.024438867,0.18791677,0.028728701,0.17383415,0.07439259,0.28297502
0.0002492233,0.008556805,0.05809682,0.20417021,0.12182398,0.06390483,0.033182994,0.07302666,0.3229459,0.114042595
0.0026270235,0.12526903,0.03182903,0.20380634,0.098516576,0.13827208,0.07616577,0.11775261,0.018074432,0.18768713
0.09113976,0.14533366,0.0076703127,0.19386831,0.05397105,0.15373117,0.18324275,0.024394767,0.0739496,0.0726986
0.12870657,0.049315736,0.035918787,0.12973082,0.1643709,0.017263494,0.15244403,0.05384488,0.25452852,0.013876282
0.18897977,0.08584656,0.07798403,0.15150689,0.079323865,0.04903287,0.066893466,0.057980545,0.06369736,0.1787547
0.03227181,0.04686569,0.0072082877,0.0770135,0.1130117,0.115223564,0.19711804,0.048322663,0.29474097,0.06822374
0.1028052,0.17216654,0.17256221,0.0066123093,0.12813595,0.057138104,0.01986741,0.051050257,0.21127596,0.07838607
0.037182257,0.110231794,0.08477919,0.031160096,0.0109988265,0.23010726,0.14987582,0.0454791,0.22253291,0.07765275
0.043066915,0.03961769,0.14009492,0.1713314,0.0020513348,0.1380068,0.19406074,0.008881766,0.029487591,0.23340082
0.07164533,0.05298976,0.028104799,0.07222035,0.091030225,0.0012480863,0.16715498,0.029480562,0.15858342,0.3275425
0.016175745,0.01591329,0.10852176,0.026819205,0.06647751,0.09976242,0.18652634,0.26955009,0.004869668,0.20538397
0.06072295,0.0732397,0.027212342,0.10695575,0.094497845,0.26712474,0.020176975,0.06260532,0.17551945,0.11194492
0.03318017,0.017964577,0.08735409,0.073580265,0.050154243,0.30713594,0.21674956,0.037340317,0.036871094,0.13966975
0.10140089,0.08821154,0.050025973,0.07807132,0.13976502,0.19155689,0.09028923,0.04074087,0.15858343,0.06135484
0.07761783,0.085529596,0.11518367,0.12589823,0.017668411,0.091552764,0.17791136,0.051336266,0.10919771,0.14810418
0.0205689,0.07334098,0.036754057,0.05431878,0.11891168,0.11880231,0.11775586,0.055390052,0.15344502,0.2507124
0.018890653,0.14476678,0.030049326,0.042900205,0.08065837,0.2270528,0.027857766,0.045485523,0.32449293,0.05784567
0.15979889,0.10418442,0.044431362,0.03237518,0.13117757,0.23358919,0.0044715377,0.019082243,0.12907484,0.14181474
0.048894156,0.08967941,0.0009419386,0.2082734,0.36233836,0.093304135,0.10705705,0.02316415,0.01741245,0.048934944
0.03618214,0.10986543,0.1876178,0.122677684,0.016866757,0.021985298,0.006267013,0.09690868,0.17735653,0.22427264
0.002952976,0.03031753,0.049104504,0.2370751,0.13644715,0.054743335,0.18672651,0.033773534,0.05521069,0.21364866
0.049875453,0.041202493,0.08023528,0.026655918,0.14844902,0.0872381,0.0047284826,0.10698144,0.31137714,0.14325666
0.003719726,0.067845196,0.038623724,0.04480951,0.10182237,0.0901634,0.11203361,0.043161493,0.17257005,0.32525095
0.048464354,0.070616506,0.04953905,0.06303213,0.108158074,0.09569934,0.08293461,0.022281509,0.27281606,0.18645838
0.025748463,0.0643881,0.15465957,0.085840486,0.18831734,0.07615226,0.08832175,0.09914455,0.16947243,0.047955066
0.12466417,0.07628163,0.022865722,0.08729681,0.11835589,0.10567363,0.12714791,0.053196143,0.2725837,0.011934397
0.099479824,0.08699627,0.04690894,0.0647311,0.10848363,0.11692636,0.033592023,0.12375136,0.26500323,0.054127257
0.12112405,0.016566245,0.0011505678,0.021553755,0.02649283,0.013134094,0.025860863,0.29134965,0.44993824,0.032829724
0.27480182,0.03181275,0.2115302,0.030256547,0.042802922,0.12144176,0.09784703,0.0911931,0.007957456,0.09035646
0.009340242,0.028396504,0.19218884,0.13020521,0.15784,0.12782334,0.030601207,0.025796067,0.18220371,0.115604885
0.07083756,0.10513698,0.016309606,0.030825809,0.103576474,0.03627646,0.080927655,0.0030886475,0.45281398,0.100206815
0.12625422,0.030514989,0.0479716,0.0066437004,0.002299609,0.26654005,0.014761827,0.018089777,0.47716346,0.009760793
0.096407875,0.05672078,0.014468718,0.06449974,0.06358519,0.1351823,0.24714391,0.048568808,0.100065604,0.17335702
0.11022674,0.019491125,0.082064986,0.15314218,0.117372535,0.04750301,0.05394012,0.087895945,0.06678734,0.26157603
0.02501861,0.020947477,0.02258507,0.09228178,0.08536204,0.11961734,0.041527558,0.13874431,0.1823024,0.2716134
0.08328674,0.083573714,0.083196305,0.2540158,0.02001819,0.0669289,0.12273671,0.041573104,0.16399807,0.080672465
0.08408349,0.047841642,0.0154829845,0.10857924,0.21247053,0.15555975,0.023320764,0.13182734,0.090419486,0.13041481
0.028761577,0.009290649,0.16985321,0.08227392,0.14788882,0.02358498,0.12590675,0.15784883,0.06234208,0.19224918
0.045957938,0.0024692898,0.06664003,0.022590172,0.122941844,0.21855879,0.14079714,0.10182388,0.05336841,0.2248525
0.0100308135,0.015361307,0.06805675,0.14767994,0.07964259,0.086154774,0.058483217,0.006149152,0.09027892,0.4381626
0.02120759,0.068625316,0.018205335,0.118744366,0.21082917,0.07239649,0.022962552,0.1044246,0.28369966,0.07890486
0.016851084,0.085562296,0.0576163,0.11797239,0.14692533,0.15410037,0.009135033,0.0012368839,0.18302426,0.22757603
0.19523004,0.030923206,0.029699504,0.08326218,0.19470742,0.11630015,0.034518085,0.13087676,0.14702547,0.03745719
0.321256,0.25414184,0.2726929,0.016353898,0.0188646,0.016111158,0.039409395,0.017422847,0.01438994,0.029357418
0.08037776,0.16279867,0.059780177,0.030753473,0.018816257,0.101077385,0.12368534,0.06179681,0.09274912,0.268165
0.15673804,0.044090904,0.063684046,0.049478274,0.037226394,0.021946395,0.3439771,0.081545256,0.14741142,0.05390219
0.22945037,0.045418277,0.022306053,0.10205127,0.31207523,0.040675767,0.0007609548,0.042235576,0.1014966,0.1035299
0.055682294,0.040278,0.0430553,0.0051444946,0.15686405,0.016664539,0.16238363,0.20166251,0.23971741,0.078547776
0.11705213,0.09764095,0.0017161509,0.011046978,0.15646555,0.051511616,0.06900231,0.053329304,0.22967505,0.21256
0.01849474,0.0036810546,0.087159604,0.1306487,0.06844885,0.14409263,0.13969734,0.049983732,0.34665242,0.011140937
0.10979749,0.055553608,0.01144806,0.09955104,0.12234592,0.0128536755,0.07272829,0.018883346,0.25896618,0.23787236
0.075779125,0.027330894,0.15066366,0.20356464,0.047105096,0.0011699445,0.32683864,0.02533303,0.029952148,0.11226284
0.0626654,0.081312984,0.09330739,0.23810428,0.26891735,0.008311386,0.022168055,0.074072294,0.059783205,0.09135766
0.004482728,0.08985951,0.014965364,0.08978569,0.14174983,0.123827964,0.108004645,0.33640733,0.07505875,0.015858144
0.0036160399,0.0930154,0.085654505,0.02257528,0.06532324,0.0164174,0.08281878,0.22358932,0.36223605,0.044754006
0.062037613,0.13613111,0.0044340165,0.08141029,0.038044173,0.09665452,0.016608464,0.17932877,0.30136696,0.08398411
0.10769981,0.09627229,0.113997854,0.124987625,0.098667264,0.14144033,0.07604623,0.02832261,0.09293753,0.11962844
0.04227327,0.0018861674,0.1641133,0.0003837918,0.20834805,0.18845116,0.15386039,0.07456118,0.118680276,0.047442444
0.04092707,0.15017548,0.0383445,0.07144224,0.2307434,0.18889731,0.10533385,0.03143488,0.14208083,0.00062044384
0.092863336,0.0054090186,0.06599183,0.18858846,0.18275526,0.0666785,0.043666184,0.15735714,0.038468454,0.15822181
0.102464385,0.023384063,0.008932406,0.2933703,0.030300481,0.082767166,0.07018332,0.2185974,0.16918784,0.0008126864
0.033310946,0.15232728,0.09293778,0.08195903,0.1296102,0.08302054,0.05151049,0.03250717,0.29118052,0.051636055
0.012099934,0.101526104,0.051258683,0.048378546,0.14452934,0.17656535,0.12830126,0.13838054,0.10843285,0.0905274
0.118441895,0.04149005,0.031166159,0.10849961,0.085385226,0.027320825,0.10259476,0.13010284,0.16145572,0.19354291
0.067228444,0.11268139,0.109881915,0.0657433,0.1503475,0.049679145,0.061079465,0.12918828,0.22950438,0.024666186
0.033518113,0.018376859,0.07239201,0.15917265,0.28010064,0.093523666,0.09990163,0.04985504,0.016304575,0.17685479
0.123181775,0.098725244,0.25950298,0.2520852,0.017839896,0.012033181,0.040149357,0.050071765,0.1043014,0.0421092
0.020032017,0.12025316,0.010436032,0.14033763,0.13289407,0.13143395,0.30910334,0.025354687,0.07661062,0.03354455
0.031518452,0.07243313,0.026535857,0.0973689,0.19602779,0.042413857,0.09737339,0.015313442,0.16924918,0.251766
0.07291567,0.039287392,0.07993125,0.06426859,0.0538685,0.099483944,0.14601843,0.003142673,0.31796798,0.12311557
0.16065305,0.23023623,0.16594419,0.05172508,0.035120245,0.007914886,0.041831773,0.017540148,0.26848447,0.020549947
0.055345032,0.039682984,0.07302438,0.030473256,0.038912825,0.061793942,0.06275161,0.2572154,0.3316277,0.049172945
0.072943255,0.042234182,0.06358281,0.0027234396,0.12703714,0.1061765,0.03697064,0.21265009,0.29090643,0.044775486
0.005106041,0.04167972,0.02959333,0.20861958,0.10694059,0.09108928,0.03840624,0.0058302786,0.4076568,0.06507817
0.007572582,0.24149068,0.0043119024,0.16477591,0.065647975,0.05950835,0.05335239,0.08324271,0.054234684,0.26586282
0.04752873,0.057130642,0.07804426,0.11203125,0.16794944,0.13035181,0.097342856,0.12625217,0.03762616,0.14574264
0.02026728,0.0005727472,0.22276422,0.017458359,0.012920468,0.07444129,0.13570037,0.16995747,0.1659905,0.17992726
0.09905493,0.13522725,0.112023,0.06833537,0.007302442,0.06137159,0.0124450065,0.022168547,0.4045972,0.07747466
0.088571586,0.11860415,0.09180501,0.064168446,0.11083847,0.020167554,0.15923086,0.23140506,0.04957774,0.06563114
0.17726876,0.06592422,0.049943596,0.057389997,0.22492567,0.12223522,0.08598784,0.050796457,0.14120463,0.024323678
0.18570767,0.22416234,0.047955185,0.11526434,0.096557766,0.09475758,0.041602958,0.045697767,0.049965803,0.09832856
0.14193815,0.14852881,0.06273037,0.20535511,0.108508885,0.025593555,0.017775794,0.027515894,0.054091882,0.20796156
0.07298848,0.0007643123,0.04400658,0.011092639,0.1537454,0.030995784,0.0036617422,0.29628292,0.3041438,0.08231838
0.019605756,0.06376675,0.07797416,0.0844882,0.18483321,0.00027019327,0.068842575,0.09840648,0.37164256,0.030170122
0.1229184,0.08759901,0.0005065077,0.08063432,0.119564,0.07245033,0.24520537,0.11477421,0.14501938,0.011328433
0.07128181,0.18323845,0.10593425,0.06665665,0.09602558,0.06477072,0.08275126,0.121323735,0.010571499,0.19744605
0.0016270052,0.04051483,0.04085333,0.26889673,0.13333385,0.103992164,0.10464185,0.08650229,0.024825387,0.19481263
0.16868751,0.121216685,0.1676902,0.06433341,0.12461346,0.047783893,0.02035565,0.15524437,0.028785443,0.101289384
0.02965615,0.025318364,0.055960044,0.050229654,0.17759979,0.032928422,0.10613142,0.08226773,0.25762272,0.18228565
0.050021518,0.04826276,0.09212158,0.1321034,0.36209396,0.00086316874,0.029825695,0.07981903,0.0965879,0.108301
0.14162019,0.012279645,0.16849245,0.2085816,0.055350184,0.015142617,0.035545524,0.119498454,0.21654828,0.026941061
0.06287978,0.047065713,0.13498922,0.13668956,0.0158979,0.15510334,0.04620574,0.0943308,0.1551081,0.15172987
0.10980187,0.007417102,0.092355765,0.015389687,0.11883997,0.24255416,0.014008709,0.03920118,7.865806e-05,0.3603529
0.02365396,0.11671661,0.050292734,0.10388526,0.053233594,0.14732589,0.022312332,0.033699546,0.23103106,0.21784897
0.016406313,0.08550688,0.05443954,0.17245016,0.022256415,0.15314597,0.07772904,0.022506306,0.3505844,0.044975005
0.0041533774,0.09743179,0.0041898196,0.11517374,0.14098415,0.13729548,0.039638773,0.0152975535,0.14272255,0.30311275
0.015723541,0.029724263,0.02442854,0.0133002885,0.10242079,0.27397063,0.16484438,0.16065,0.009201195,0.20573637
0.020183908,0.14402965,0.0023005244,0.18352917,0.1149901,0.08972629,0.05545751,0.12223424,0.15881576,0.10873287
0.03252985,0.04912697,0.05846274,0.27805915,0.046436552,0.075139895,0.030477341,0.032899357,0.12010733,0.27676082
0.16414528,0.07145449,0.13108656,0.11243567,0.01172298,0.048601758,0.037417877,0.057138775,0.20167474,0.16432188
0.018795747,0.12885556,0.00066243194,0.21325533,0.006220871,0.03880245,0.03335185,0.08501689,0.16053696,0.3145019
0.04528685,0.10818502,0.029818285,0.07607453,0.01626598,0.14506409,0.10073181,0.0020830175,0.31865472,0.15783566
0.019756911,0.0001887595,0.034285624,0.045871038,0.028743917,0.08183,0.108093,0.106045656,0.4668567,0.108328454
0.023128442,0.07056645,0.0005174519,0.19485076,0.11070861,0.037713103,0.096399665,0.075791195,0.2949681,0.095356226
0.030576147,0.052387692,0.12634459,0.059350256,0.27390945,0.09777128,0.16161181,0.005568311,0.1564516,0.036028877
0.19589812,0.085417,0.036819216,0.113518834,0.05524006,0.027236886,0.114365146,0.083581224,0.16802368,0.11989984
0.10200726,0.014609357,0.18122765,0.12072501,0.06848046,0.11727752,0.06651995,0.0627665,0.19577114,0.07061513
0.052962806,0.018885752,0.028347727,0.030289918,0.06329136,0.002025327,0.0038796104,0.15002032,0.44746605,0.20283107
0.040731322,0.044830944,0.01634461,0.13982637,0.0760371,0.14879373,0.13599631,0.1640148,0.16109304,0.07233177
0.081745535,0.15651469,0.005431219,0.03823162,0.06764862,0.067084044,0.109161966,0.15065642,0.20047496,0.123050906
0.007927986,0.016566802,0.02819649,0.27408782,0.12693399,0.07907742,0.053192545,0.012748323,0.35393628,0.047332328
0.018930122,0.07451365,0.08849236,0.05879991,0.0020734363,0.09347127,0.12832244,0.049451552,0.25267154,0.23327371
0.0758342,0.03802813,0.15888941,0.061431892,0.03709378,0.14462292,0.085888244,0.12551917,0.08616556,0.18652667
0.118584454,0.016252004,0.0074581783,0.04106684,0.14347744,0.18773201,0.10731152,0.0114778085,0.27162814,0.09501162
0.10444632,0.03405021,0.012544175,0.038907055,0.01803335,0.053291697,0.14441429,0.14506814,0.1884448,0.26079997
0.036409624,0.01390783,0.028500762,0.08303411,0.044206798,0.14371136,0.07310083,0.05894899,0.37963384,0.13854584
0.04478251,0.064986795,0.11187948,0.00017542974,0.17355864,0.032227356,0.124054685,0.10366204,0.17025132,0.17442174
0.13169946,0.02817147,0.13876691,0.3693222,0.06862451,0.0402945,0.0688819,0.019570876,0.03460245,0.100065716
0.010287788,0.12702769,0.0004005195,0.037347443,0.0773619,0.22690417,0.21593702,0.05690426,0.006779169,0.24105003
0.20087864,0.09577204,0.13417237,0.051029403,0.12527573,0.14816406,0.02426222,0.0153059065,0.10991615,0.09522346
0.08490712,0.056925878,0.045437735,0.041038103,0.12261842,0.09963778,0.0327006,0.3320046,0.08773901,0.09699075
0.12032301,0.03530438,0.08371606,0.055653267,0.15572716,0.059459023,0.07927558,0.101725265,0.15249674,0.15631951
0.02787566,0.041987255,0.065702,0.05231278,0.13817637,0.15772045,0.03302647,0.09796377,0.08307481,0.30216044
0.13947463,0.0074516754,0.026370542,0.12266265,0.0078020566,0.059200235,0.16589904,0.07079247,0.291115,0.109231785
0.043964103,0.0021579836,0.072727695,0.1901324,0.04448408,0.042197764,0.0070494963,0.09530185,0.28100803,0.2209766
0.031869315,0.0056694797,0.037981544,0.09910241,0.22526133,0.033742853,0.09046718,0.089078784,0.0935302,0.29329693
0.11469637,0.06200468,0.067036755,0.1374681,0.053342454,0.016750218,0.16683643,0.0125168655,0.17524749,0.19410068
0.047645256,0.08049932,0.054943312,0.096080795,0.04987067,0.12224925,0.019656045,0.19132583,0.2066016,0.13112786
0.059098776,0.05413784,0.11075859,0.074514374,0.029665152,0.05407249,0.20346005,0.03269048,0.20722495,0.1743773
0.09512075,0.014758555,0.01992633,0.15054595,0.1266095,0.0028890034,0.12452234,0.30564967,0.13019606,0.02978183
0.07159818,0.010042129,0.025270877,0.25518435,0.26807818,0.051235847,0.09466681,0.06309105,0.13514847,0.025684144
0.19319041,0.054316007,0.07494701,0.026003266,0.05023897,0.014860371,0.26679862,0.08244957,0.12416177,0.113033995
0.08640887,0.19949648,0.03705865,0.0244791,0.07024167,0.09297292,0.13542776,0.079851635,0.27196717,0.00209574
0.050847925,0.016777523,0.03143657,0.115036145,0.14201957,0.0012414411,0.056102674,0.14939342,0.35321298,0.08393173
0.05405031,0.052038576,0.028048163,0.14740564,0.12381383,0.036926158,0.060969364,0.15117462,0.30424312,0.041330148
0.009581621,0.079530455,0.18254681,0.008945038,0.14415589,0.02108657,0.02272758,0.10201884,0.29857537,0.13083184
0.03515664,0.084019445,0.047289327,0.13676807,0.20493986,0.12934007,0.02324364,0.042683348,0.20857391,0.08798569
0.034359172,0.14159414,0.113441326,0.13553412,0.12946671,0.025925782,0.089015186,0.11966905,0.17135036,0.039644107
0.026246268,0.07814545,0.14098199,0.04432635,0.16881086,0.105410576,0.12314189,0.02286509,0.14067288,0.14939865
0.19479853,0.19740123,0.072778046,0.039435435,0.0668603,0.035542272,0.009507489,0.053959064,0.20928611,0.120431505
0.013869486,0.11140877,0.04607581,0.10841112,0.23208787,0.044998303,0.0011106173,0.15506382,0.03001504,0.25695914
0.055465538,0.03037871,0.025239533,0.040341683,0.18595204,0.027290834,0.21469915,0.28920648,0.050234854,0.081191145
0.03435285,0.008868192,0.010893232,0.06527493,0.14849757,0.0161505,0.008770858,0.14420688,0.2822913,0.28069368
0.07967075,0.028409455,0.064468466,0.16854735,0.113274276,0.19178568,0.005809016,0.032058906,0.30728358,0.00869248
0.16026443,0.066317745,0.060263827,0.045913965,0.09620083,0.060770955,0.026109375,0.003352083,0.049140926,0.43166587
0.07386397,0.024521783,0.09336589,0.036840215,0.014562372,0.2350674,0.10758645,0.0051325243,0.013215852,0.39584354
0.07796675,0.08664253,0.10961698,0.080377325,0.14565496,0.09812903,0.018952865,0.08947484,0.13090762,0.16227709
0.104612134,0.016064452,0.0489905,0.32877553,0.084886216,0.007014172,0.0039767297,0.078806795,0.10925678,0.21761669
0.017723352,0.03050351,0.08144505,0.12956758,0.036920283,0.10687504,0.14564385,0.20397204,0.079107404,0.1682419
0.010618932,0.007465325,0.08426627,0.05895096,0.005072129,0.24249798,0.06397279,0.15801726,0.12204672,0.24709164
0.11030601,0.07904523,0.01900148,0.22044526,0.024482593,0.20048934,0.14612515,0.16364132,0.020103194,0.01636039
0.13774005,0.0846558,0.08911137,0.052682884,0.07411529,0.02304258,0.12778114,0.03645284,0.01472498,0.35969302
0.07402341,0.13682961,0.058520723,0.031440344,0.04557021,0.18605201,0.098496325,0.101144664,0.15998635,0.10793642
0.005430377,0.067954585,0.20227604,0.03652909,0.040144645,0.15934815,0.0055550174,0.1319553,0.14750698,0.20329984
0.07372142,0.0093915,0.118009835,0.011823771,0.010139364,0.09449524,0.307894,0.037974775,0.13966672,0.19688341
0.06764168,0.17075545,0.08164712,0.06386019,0.06845145,0.06747473,0.0011498425,0.24710266,0.21910636,0.012810516
0.104632564,0.1735749,0.15866037,0.033872284,0.061398678,0.1196503,0.016396724,0.16432755,0.08669504,0.08079161
0.19427018,0.057739474,0.15555692,0.12776898,0.060519982,0.12269177,0.073215894,0.104428135,0.071528114,0.03228055
0.02471503,0.08104117,0.14389153,0.07588921,0.03821036,0.16664393,0.17467326,0.018258523,0.11167266,0.16500433
0.061014872,0.074749775,0.016643569,0.057770792,0.20652685,0.027698725,0.08437041,0.053486083,0.3098422,0.10789678
0.02431803,0.09071986,0.09360304,0.14620772,0.09181332,0.031161088,0.2305405,0.05243074,0.09663829,0.14256743
0.06404977,0.2320211,0.114930496,0.081988096,0.16513285,0.039271057,0.065609284,0.034995038,0.19367608,0.008326227
0.17315853,0.19974238,0.029395947,0.110054255,0.06595388,0.073604375,0.11385308,0.054016523,0.08719453,0.093026444
0.010710897,0.10028887,0.03140372,0.08345242,0.112413555,0.014390693,0.21846165,0.07050967,0.2933655,0.06500303
0.066664204,0.094855115,0.06267801,0.045785483,0.104644485,0.086249806,0.038824327,0.030603178,0.2569482,0.21274717
0.13004142,0.08823478,0.113985576,0.03974225,0.04578179,0.09121517,0.06727451,0.03837031,0.2369725,0.1483817
0.09053572,0.035671737,0.0055085197,0.14368695,0.098007694,0.013835915,0.18515655,0.25628918,0.030917786,0.14038992
0.12919469,0.12425285,0.06962401,0.086601235,0.04875146,0.030266559,0.028796015,0.006209027,0.42909923,0.04720495
0.12737285,0.110080056,0.0077676075,0.18639973,0.07748652,0.10431909,0.01037591,0.07029733,0.2704441,0.03545682
0.17611864,0.1413382,0.0617838,0.05720457,0.1055359,0.19365121,0.06339883,0.03523327,0.0027990553,0.16293651
0.067274,0.044641234,0.033375233,0.12698029,0.063733205,0.089187525,0.13789661,0.12385725,0.29066604,0.022388618
0.09374653,0.04243151,0.09058682,0.14873926,0.12914343,0.051480357,0.13520333,0.24813706,0.0006341637,0.05989753
0.050245713,0.085613,0.039621085,0.06629872,0.10993313,0.4097363,0.17855373,0.0054976866,0.03297471,0.021525925
0.16061683,0.0054662377,0.03444748,0.30794266,0.027397625,0.09819559,0.06330198,0.09224882,0.15253611,0.057846617
0.028991481,0.049506914,0.052132327,0.1733213,0.088435985,0.07324308,0.18727987,0.093769826,0.07811873,0.17520043
0.15584354,0.024608385,0.051701818,0.07969814,0.10191288,0.05720754,0.24691191,0.09948372,0.10741552,0.07521655
0.11747671,0.0006454636,0.083566174,0.056225996,0.24677685,0.05456744,0.05558739,0.20078744,0.04574938,0.13861717
0.09993603,0.014594801,0.15021573,0.022709927,0.00012091697,0.17691731,0.011953757,0.079089,0.29125336,0.15320916
0.02298075,0.069503166,0.08420335,0.1386402,0.1919919,0.11625978,0.21453947,0.053030275,0.05007408,0.058777045
0.19269551,0.10237832,0.05818997,0.08332702,0.030198652,0.06861872,0.15343854,0.034886453,0.046203982,0.23006281
0.034257483,0.06835561,0.09940693,0.05006531,0.09145019,0.12733285,0.18297121,0.06725297,0.23004724,0.04886015
0.043336738,0.17060673,0.086057074,0.017303051,0.033293247,0.054966602,0.20264113,0.13622932,0.21863963,0.03692647
