0.02718089,0.008648326,0.061740734,0.20042449,0.11949263,0.14324656,0.010592466,0.08050812,0.1994216,0.14874417
0.060015086,0.011367675,0.017938642,0.19618055,0.14290577,0.1074472,0.039876748,0.061040733,0.17651542,0.18671224
0.05206186,0.008390553,0.020609858,0.042812385,0.20714648,0.09877911,0.04934725,0.061427675,0.39505282,0.06437202
0.045894556,0.019799054,0.027452148,0.14543465,0.025303094,0.13181265,0.03195922,0.11470307,0.3393108,0.11833076
0.042669244,0.050259385,0.14432862,0.12288908,0.03990247,0.12666483,0.060235843,0.09387074,0.29502496,0.02415482
0.024129517,0.0021634668,0.030247744,0.15483762,0.14679468,0.10836993,0.17460608,0.019499253,0.23920128,0.10015042
0.05945557,0.061533462,0.02643287,0.019409863,0.008965262,0.21221256,0.16166547,0.025002338,0.16778454,0.25753808
0.047266256,0.01186092,0.12945293,0.17748053,0.08485868,0.124486856,0.16352627,0.19032794,0.064160414,0.006579231
0.17187257,0.12223912,0.18219742,0.047573324,0.1061021,0.0060960636,0.036360677,0.15702671,0.06350133,0.10703071
0.06997763,0.02711432,0.024100143,0.025700489,0.11888346,0.22945026,0.010652678,0.13572846,0.15691775,0.2014748
0.1396512,0.010232294,0.005514281,0.16348854,0.1338499,0.09340912,0.065588966,0.061433986,0.13880979,0.18802193
0.10605833,0.12452861,0.08845484,0.05666034,0.071832575,0.041003305,0.2419985,0.0919818,0.07604354,0.10143822
0.0086010955,0.05654695,0.028281033,0.08013047,0.20710817,0.069386035,0.09588144,0.081093885,0.28044215,0.092528775
0.013067002,0.04946326,0.004740147,0.12346178,0.1411643,0.07881484,0.24683602,0.17823689,0.06553255,0.09868319
0.07093523,0.03130303,0.096872896,0.00641812,0.020745609,0.04886908,0.2542915,0.0956394,0.20652944,0.16839564
0.09384044,0.029103024,0.081727505,0.025660656,0.16784973,0.0027520868,0.021021245,0.038527828,0.32094938,0.21856812
0.048003633,0.04523401,0.04773804,0.20210041,0.04436868,0.05864395,0.022383085,0.10385173,0.18619524,0.24148123
0.05197557,0.028550655,0.054439485,0.15290472,0.043960698,0.010394316,0.02350553,0.030856682,0.1273036,0.47610876
0.018095357,0.09028452,0.15762164,0.02499905,0.14994146,0.10151466,0.1736529,0.047478598,0.20535673,0.031055046
0.064296894,0.10086846,0.041530054,0.008642243,0.12551677,0.21522409,0.1055977,0.1870825,0.00816727,0.14307399
0.053360865,0.0948978,0.01421714,0.24408077,0.054875873,0.06767741,0.04689863,0.20194437,0.17990574,0.04214138
0.17425327,0.19288512,0.14666423,0.103847176,0.085398324,0.030892847,0.08375303,0.06709409,0.0039710836,0.11124085
0.053355858,0.07596646,0.010825079,0.020178845,0.22996016,0.055435993,0.29812452,0.079336286,0.15255883,0.024257952
0.036931712,0.034154847,0.059915543,0.11557398,0.11568782,0.058099937,0.025474632,0.12838246,0.26815718,0.15762186
0.05641395,0.13909407,0.09060415,0.19910146,0.024154043,0.042084303,0.108569495,0.07399112,0.06859272,0.19739468
0.20707734,0.047630392,0.045033578,0.16060166,0.03800542,0.2618728,0.012789336,0.15651357,0.06563436,0.0048415405
0.06810442,0.023407523,0.120235495,0.15674464,0.12880793,0.24556212,0.12202804,0.111342624,0.011919919,0.011847285
0.08989523,0.10808312,0.17307675,0.114244126,0.045901105,0.1471308,0.082263455,0.10379655,0.025734162,0.10987471
0.0918666,0.077762604,0.0106109725,0.098571636,0.12849982,0.13615303,0.06332191,0.1554983,0.06763815,0.17007697
0.06333035,0.19946778,0.03843908,0.1758353,0.23050907,0.019899426,0.093930416,0.0009308954,0.14785764,0.029800054
0.11175325,0.07095762,0.017777914,0.12573688,0.12544182,0.15387443,0.14425403,0.12771903,0.0077581923,0.114726834
0.04440809,0.041508954,0.035867788,0.05911366,0.048437074,0.216997,0.15866414,0.05845264,0.13774739,0.19880328
0.07034485,0.10917611,0.1318243,0.0051901033,0.040986653,0.062439308,0.22466455,0.16916823,0.08148729,0.10471861
0.10688197,0.12173244,0.07872344,0.014769082,0.062149953,0.022781368,0.08460015,0.0690252,0.34546873,0.09386767
0.08462366,0.098061115,0.07407185,0.1821375,0.034584563,0.04771687,0.09913371,0.052687902,0.07283912,0.25414366
0.010400863,0.030007971,0.042944606,0.08004669,0.12677303,0.069338225,0.13801503,0.09899061,0.19397946,0.20950353
0.063562565,0.14806373,0.026738528,0.1336564,0.14597976,0.09625129,0.14747034,0.11330808,0.06564283,0.059326477
0.081800014,0.09043553,0.07740857,0.087879956,0.07131564,0.13146566,0.014962471,0.10243601,0.17229459,0.1700015
0.16899395,0.18809505,0.03395758,0.046869364,0.090081476,0.022154355,0.019389955,0.012448223,0.38147837,0.036531676
0.055846825,0.10664449,0.09625491,0.04120538,0.09195804,0.07916298,0.05040923,0.19839078,0.23942867,0.040698696
0.012943638,0.08880314,0.04257387,0.055617504,0.05353702,0.08479316,0.1350853,0.041934695,0.40164146,0.08307026
0.082434975,0.012394685,0.09923946,0.06135678,0.005904919,0.030102223,0.107561365,0.14351848,0.230604,0.22688313
0.054276496,0.12965304,0.05288422,0.00244834,0.0753059,0.0049931747,0.10362962,0.13133599,0.32377127,0.121701956
0.11217048,0.012767911,0.07475007,0.0031112416,0.055084478,0.12713549,0.12962759,0.17023583,0.0838576,0.23125933
0.10369322,0.17601821,0.118264034,0.05562262,0.047217626,0.081725255,0.0013112127,0.08663655,0.10491035,0.22460091
0.06604531,0.028064312,0.07114844,0.0081859445,0.08305694,0.028306128,0.09237593,0.15534274,0.32771844,0.13975573
0.17928906,0.083747454,0.028945299,0.15706432,0.004861487,0.11276839,0.038929615,0.24302244,0.14443043,0.006941512
0.07652332,0.01701631,0.05734511,0.17998397,0.10103407,0.020382335,0.10398774,0.019952608,0.17726792,0.24650657
0.013968003,0.008563188,0.099343695,0.039191708,0.040968858,0.012001034,0.29276937,0.1499886,0.21255152,0.13065402
0.03201176,0.07178541,0.15213807,0.18028763,0.002410435,0.12222745,0.13487783,0.097232126,0.15975721,0.047272068
0.050642677,0.023058066,0.0022130425,0.11571576,0.16528724,0.030230217,0.051323142,0.06866006,0.4204507,0.07241914
0.09364707,0.14272887,0.060004584,0.047096178,0.008816027,0.026004242,0.08298861,0.12455496,0.07559689,0.33856255
0.089929916,0.018687839,0.09881822,0.08801231,0.06988454,0.1334248,0.005592529,0.23768589,0.20692798,0.051035963
0.051889915,0.031520497,0.13434716,0.0032418466,0.020193558,0.14945924,0.043732904,0.18991463,0.06493301,0.31076723
0.086652175,0.16207442,0.1258483,0.0034976779,0.08253024,0.02685843,0.060025454,0.22666992,0.033297144,0.19254622
0.1735466,0.062798716,0.007733027,0.090774275,0.031120928,0.22019674,0.11938425,0.1302115,0.084323734,0.07991027
0.038456634,0.07503228,0.01157546,0.056737404,0.025451193,0.09010737,0.03875389,0.070556946,0.24799842,0.34533042
0.041991472,0.13212153,0.15095519,0.059021767,0.06011618,0.01787225,0.09499585,0.07633448,0.3022877,0.064303584
0.08076552,0.021351734,0.028161656,0.0013586909,0.036198594,0.023950689,0.14198597,0.15275174,0.23647165,0.27700377
0.058807097,0.06496195,0.19130352,0.1727682,0.035041023,0.12417929,0.059264127,0.089897424,0.001385239,0.20239212
0.057560265,0.016229153,0.031891756,0.023921939,0.047180146,0.10609731,0.15972659,0.15410629,0.09328548,0.31000113
0.08833588,0.0046739923,0.09443824,0.047174565,0.054402273,0.11172863,0.034714796,0.03142231,0.24106835,0.29204097
0.040855434,0.06821662,0.05157015,0.24513155,0.15301558,0.040028777,0.20566408,0.029892698,0.038597528,0.12702757
0.18901683,0.10886219,0.08021436,0.109917454,0.0753727,0.10613991,0.1367101,0.045936145,0.028618285,0.11921201
0.054298062,0.022831164,0.08719376,0.06737971,0.026950777,0.039397217,0.0016852962,0.013154147,0.37239462,0.3147152
0.018723117,0.066281155,0.041846327,0.01165418,0.18575506,0.030241624,0.04003736,0.16821317,0.063299395,0.3739486
0.12730305,0.084217995,0.0014717821,0.0894384,0.010815144,0.22163646,0.1268792,0.109875545,0.044415273,0.18394712
0.057853162,0.10161679,0.26412386,0.019979034,0.068893805,0.04272542,0.03372588,0.18792076,0.11717388,0.1059874
0.12783411,0.012996781,0.052798875,0.04393032,0.08250605,0.23352703,0.11185495,0.025810916,0.095966905,0.21277405
0.06708168,0.08813914,0.067163415,0.028980324,0.19647716,0.04206855,0.040679265,0.071781754,0.09120479,0.3064239
0.119868726,0.089528464,0.010824343,0.08703861,0.015008145,0.29938328,0.1232305,0.055999216,0.16876829,0.03035043
0.03690596,0.0059368624,0.021795131,0.08033226,0.13318296,0.10755709,0.12106934,0.038740665,0.3696619,0.0848179
0.19395252,0.13698336,0.03846073,0.01969422,0.08811774,0.2129145,0.03925489,0.014007057,0.08568863,0.17092638
0.00057228404,0.13876215,0.07848414,0.085615784,0.19156624,0.06041193,0.17272623,0.078160614,0.050301373,0.14339924
0.031083932,0.026193377,0.08123966,0.10224482,0.09591424,0.17201959,0.04605618,0.08901559,0.13578105,0.22045156
0.054931507,0.013987897,0.029622264,0.030188704,0.025343742,0.027235506,0.010331849,0.07443773,0.6603129,0.07360789
0.101757936,0.08327255,0.16503751,0.011955007,0.06878928,0.0070705344,0.100994505,0.026180519,0.40807477,0.026867367
0.004108793,0.011326409,0.065675065,0.18202108,0.10309612,0.12217015,0.015304653,0.2138308,0.25047445,0.031992525
0.082499884,0.006357705,0.057156216,0.09023913,0.051263478,0.21377549,0.10282239,0.00028226155,0.12291287,0.2726906
0.06850451,0.08909013,0.09150589,0.016546289,0.18943404,0.031187758,0.07330832,0.060372982,0.24707335,0.1329767
0.015922522,0.08178015,0.03783094,0.044991557,0.14286523,0.080703646,0.19130807,0.1337288,0.0053360956,0.265533
0.019488437,0.023531497,0.073758416,0.020571452,0.1614407,0.105636775,0.13079159,0.2007011,0.14994411,0.11413591
0.0635572,0.009774154,0.10159688,0.10866522,0.11085964,0.22251637,0.028251896,0.17991368,0.16555113,0.00931382
0.047132246,0.07513635,0.13938218,0.1041739,0.16780242,0.00083059946,0.0043929047,0.028580729,0.42783132,0.004737336
0.018346047,0.06632101,0.02638529,0.21170063,0.16048373,0.083469555,0.04336384,0.0026695477,0.13350561,0.2537547
0.012400756,0.010583894,0.27083203,0.04479502,0.09311131,0.062755674,0.12902841,0.07596971,0.2899832,0.010539995
0.087400645,0.03472864,0.01352926,0.0035993499,0.22555494,0.15806171,0.10137328,0.2160373,0.12528624,0.034428652
0.032745603,0.07665108,0.13242896,0.030765228,0.05861383,0.047493026,0.207812,0.039189383,0.21345472,0.1608462
0.18111266,0.0632718,0.13755752,0.04440959,0.18375802,0.11276398,0.081494935,0.03203906,0.064226314,0.09936611
0.16500494,0.083517864,0.1234026,0.059389982,0.05890948,0.02995522,0.15874338,0.019409195,0.08293217,0.21873516
0.06064499,0.013749663,0.007160257,0.07261684,0.022570718,0.0057931435,0.10205275,0.044674013,0.3787002,0.29203743
0.058850426,0.15569007,0.0053133373,0.0087150065,0.28626478,0.24795681,0.14250249,0.073134184,0.008171266,0.013401626
0.04902381,0.0063313874,0.06200537,0.13642393,0.08044398,0.016136367,0.4019014,0.038079605,0.08246233,0.12719181
0.027839769,0.09628419,0.15596853,0.067640945,0.08864926,0.10194939,0.100132756,0.0062077018,0.28012332,0.07520414
0.05092992,0.045589563,0.11284376,0.06999957,0.102865174,7.9928985e-05,0.075884365,0.11955319,0.20764431,0.21461022
0.047844958,0.048475176,0.03634619,0.13555343,0.25141883,0.0546417,0.06499743,0.073357575,0.11688367,0.17048103
0.12093936,0.020589475,0.052018225,0.098151065,0.08593203,0.13633166,0.13468279,0.11014198,0.12821475,0.11299863
0.01102634,0.0320783,0.02885797,0.15880752,0.11999812,0.10147014,0.23856467,0.011141041,0.2920048,0.006051092
0.07067673,0.018303195,0.06426826,0.081830025,0.04122661,0.04998512,0.020978386,0.03996928,0.31831744,0.29444495
0.05061017,0.01792411,0.10080923,0.17293504,0.1531952,0.15812317,0.095605984,0.095977694,0.09884083,0.055978578
0.09039031,0.038418192,0.031217773,0.089822985,0.09358602,0.0046627624,0.09368934,0.027379654,0.18335266,0.34748036
0.03980657,0.060884368,0.12523605,0.05134949,0.0548487,0.16942826,0.11179015,0.26000986,0.060268275,0.06637829
0.020277143,0.023870686,0.0697259,0.07607959,0.2451116,0.100237556,0.08387904,0.018834438,0.18590133,0.17608273
0.08274639,0.073898755,0.10461362,0.17394727,0.018368853,0.025427544,0.113156535,0.22219789,0.053582635,0.13206054
0.10866149,0.13325554,0.11079374,0.079946026,0.17479627,0.009865676,0.003565894,0.03723056,0.040190995,0.30169383
0.07119047,0.06313638,0.02817216,0.069494955,0.06863519,0.052752253,0.15565987,0.07525413,0.11818499,0.29751962
0.10500328,0.16115448,0.12077413,0.16757256,0.028456803,0.15065908,0.111354284,0.00020542812,0.04191075,0.11290919
0.07939099,0.04952942,0.11743329,0.102534026,0.071833774,0.039534446,0.15499774,0.16749422,0.1856775,0.031574618
0.0065217675,0.06464014,0.0561685,0.051065102,0.16762888,0.14347972,0.14021017,0.11249887,0.0329318,0.22485499
0.1704585,0.14236932,0.15927942,0.09075819,0.073844515,0.1490294,0.01958258,0.13382755,0.028758844,0.032091696
0.09237748,0.07442162,0.022110673,0.010282325,0.23714216,0.13828658,0.011249019,0.11553233,0.15540296,0.14319481
0.06436255,0.23653585,0.13270111,0.1605894,0.020776374,0.0017799697,0.010802622,0.1304659,0.0011126816,0.2408735
0.03019666,0.08819967,0.03172774,0.09424186,0.036820382,0.2619441,0.09449708,0.0037516786,0.11293683,0.24568401
0.10515682,0.09264277,0.123493895,0.02655627,0.10513174,0.1622746,0.14742275,0.1286741,0.048203267,0.060443725
0.25472417,0.028208993,0.098575376,0.077735625,0.04836416,0.023243284,0.04052226,0.050970238,0.14225858,0.2353973
0.015041147,0.0076083313,0.053306784,0.19689795,0.0120073,0.104473025,0.09368861,0.17220517,0.16168648,0.18308519
0.055673182,0.09215854,0.12692715,0.07920274,0.09947208,0.09598458,0.06870501,0.07697705,0.077602044,0.22729762
0.074365236,0.12970601,0.1576755,0.008847746,0.030717378,0.026790116,0.08768668,0.13532339,0.15081926,0.19806866
0.046082962,0.109072074,0.030690469,0.16651082,0.09459057,0.004700249,0.06732304,0.114402324,0.33146986,0.035157587
0.056462005,0.056837045,0.02558781,0.15586208,0.0834501,0.08503409,0.043370035,0.004694431,0.22719814,0.26150426
0.056145467,0.09865097,0.12662846,0.058881566,0.20933709,0.073203765,0.08426566,0.08130035,0.1178167,0.093769975
0.0811087,0.011426746,0.1429712,0.16721031,0.1638646,0.031317625,0.03452836,0.13445285,0.18510723,0.048012413
0.039042186,0.11601503,0.03211093,0.14643386,0.05139218,0.017095273,0.10359302,0.15274951,0.14492016,0.19664787
0.050450318,0.08925698,0.033038422,0.116205886,0.107556716,0.12966008,0.24551192,0.14551717,0.034453586,0.048348974
0.1598394,0.018098563,0.008429097,0.0042200973,0.054079615,0.11366333,0.120106466,0.19219671,0.11849154,0.21087521
0.024531916,0.19732104,0.04229759,0.09201637,0.0786036,0.04984226,0.2290069,0.22433202,0.056644537,0.005403761
0.12770063,0.013023898,0.06180212,0.17621018,0.26105374,0.025703467,0.10051711,0.01613244,0.20228608,0.015570346
0.04090216,0.0058428277,0.11051249,0.13062161,0.17337494,0.027267898,0.06340325,0.08220345,0.24854602,0.11732536
0.026503937,0.25644463,0.07932832,0.113938384,0.021800118,0.06509285,0.21268076,0.090138614,0.03634473,0.09772768
0.030328175,0.05847756,0.01488976,0.18363386,0.08516389,0.27003768,0.054882344,0.09892364,0.021473637,0.18218942
0.08794169,0.07255633,0.019466585,0.056753386,0.11456879,0.07230875,0.19241185,0.16286144,0.11261494,0.10851624
0.2651935,0.14372359,0.103823446,0.021362606,0.1033855,0.19276966,0.044373505,0.008424254,0.061406456,0.055537533
0.075279556,0.12548803,0.17694038,0.04476136,0.0021753486,0.041738503,0.17782666,0.0030346652,0.33713123,0.015624276
0.020034907,0.04306648,0.025452707,0.18956804,0.03700666,0.022585697,0.08877803,0.06146646,0.041148167,0.47089282
0.0030251916,0.0042105583,0.01309662,0.16574737,0.014365395,0.042468574,0.045512505,0.08675062,0.32164994,0.3031732
0.05601452,0.012820416,0.013928091,0.040854897,0.16136196,0.13419765,0.2089201,0.11799297,0.025353044,0.22855636
0.044707697,0.13353114,0.11095634,0.013432094,0.14285485,0.0906845,0.2391226,0.0048207557,0.13452502,0.085365005
0.002131699,0.11565023,0.09467339,0.11483129,0.083560966,0.22229114,0.07156873,0.07043729,0.19756296,0.027292298
0.07630191,0.026641196,0.030635063,0.028904336,0.05750588,0.025603702,0.2541827,0.05986001,0.09913877,0.3412265
0.04238729,0.0904176,0.16163605,0.076553844,0.15564424,0.055674337,0.09281701,0.02296553,0.15325862,0.14864549
0.068059914,0.07005646,0.10886535,0.14112866,0.07727369,0.049503922,0.17585745,0.014207222,0.075249694,0.21979764
0.03307533,0.08739039,0.17805175,0.061282814,0.0064265365,0.17002527,0.04596113,0.008628888,0.090661876,0.318496
0.045984674,0.08423133,0.10446623,0.114591494,0.00964568,0.061904676,0.11635825,0.06675734,0.1160003,0.28006
0.047018267,0.010649475,0.1822751,0.050519213,0.0752068,0.051003367,0.03848316,0.09722805,0.4208058,0.026810752
0.033841677,0.048603427,0.021763979,0.11840396,0.065569445,0.22150584,0.06527051,0.15763874,0.036255263,0.23114713
0.07925601,0.02434245,0.043714672,0.11121207,0.05178045,0.022985762,0.21226333,0.049464304,0.07415594,0.33082506
0.063848875,0.0653156,0.121730134,0.11723052,0.03177832,0.09102453,0.13215505,0.08705647,0.20359415,0.08626636
0.029757239,0.09472863,0.09114956,0.11051979,0.06289773,0.096278004,0.13242051,0.13987127,0.22109374,0.021283532
0.027869577,0.09859296,0.20171718,0.11530195,0.013837371,0.115193956,0.15963686,0.082034685,0.06968915,0.11612632
0.007348749,0.021884196,0.070054926,0.038972005,0.06425137,0.20021722,0.017169822,0.10495412,0.2587272,0.2164204
0.10318959,0.10346355,0.04202945,0.030598206,0.17747143,0.046925228,0.22130784,0.03163543,0.14199983,0.101379454
0.07962699,0.020321863,0.07088866,0.06954534,0.08716633,0.2646312,0.06407049,0.13960844,0.06470291,0.13943774
0.0013218044,0.07538775,0.0030688674,0.16691568,0.16472182,0.007983928,0.2896531,0.088391036,0.14642301,0.056133013
0.026237858,0.086263195,0.04029887,0.10041748,0.12804444,0.1257208,0.095187694,0.07366457,0.08001992,0.24414517
0.012616912,0.07879877,0.04863187,0.19828698,0.0054807346,0.03674073,0.23773694,0.092965096,0.15990889,0.12883309
0.0044525303,0.013185659,0.07144076,0.069431745,0.011030628,0.2166403,0.21631515,0.009303171,0.26937917,0.11882086
0.036434885,0.051837992,0.024890924,0.02936074,0.13712321,0.07263044,0.1319087,0.0053363703,0.16602415,0.3444526
0.0950065,0.04629381,0.052195497,0.10380079,0.15710302,0.011865365,0.089601785,0.05930487,0.28670746,0.09812089
0.053977963,0.05522668,0.0055319355,0.041365676,0.01904855,0.023064205,0.010457001,0.06215382,0.51764107,0.21153311
0.19248137,0.100124165,0.08547166,0.1977704,0.114324845,0.13981639,0.07394626,0.02508204,0.010480667,0.06050224
0.012762969,0.0063486723,0.03054903,0.0023747615,0.27019298,0.093018495,0.10928299,0.23030758,0.22977524,0.015387298
0.042887766,0.07451648,0.15519619,0.109817855,0.1229588,0.040256996,0.073094934,0.026657823,0.2643822,0.090230934
0.04124349,0.0549585,0.1712353,0.11658636,0.060222633,0.12661539,0.0016518608,0.09580882,0.23573323,0.09594444
0.043051977,0.03715141,0.13911362,0.15109433,0.06765524,0.03259573,0.09939129,0.035455976,0.24268611,0.15180431
0.05192303,0.029103115,0.046413522,0.13841888,0.03212929,0.044271987,0.062592246,0.19573392,0.23611495,0.16329904
0.13108112,0.016297713,0.07486224,0.041593272,0.12050309,0.2139842,0.025342043,0.15550208,0.18389697,0.03693729
0.05948738,0.086868115,0.14119762,0.040127117,0.077592604,0.06605627,0.078685865,0.046683807,0.21060897,0.19269231
0.10481027,0.16480626,0.043004453,0.14134344,0.1244624,0.016819721,0.08870665,0.0022263967,0.17834365,0.13547671
0.011148334,0.011524777,0.066894464,0.17949125,0.21940203,0.088710114,0.1269156,0.013085178,0.21468173,0.06814655
0.040422346,0.06500617,0.026356308,0.004709565,0.031980164,0.03681111,0.060101084,0.21231852,0.44827276,0.07402196
0.025219934,0.00092270575,0.050683673,0.017739767,0.06944564,0.10507706,0.043104406,0.049600866,0.46900147,0.16920446
0.07416277,0.18285546,0.02736849,0.15399478,0.034526233,0.13876648,0.06149998,0.122549824,0.17256553,0.03171042
0.020008553,0.012834117,0.12973021,0.09218342,0.06346878,0.13631546,0.1336424,0.21915674,0.15303794,0.039622393
0.014956931,0.058708645,0.016200818,0.20511125,0.22641785,0.20301184,0.073197566,0.012029567,0.016375551,0.17398997
0.041380726,0.062333632,0.073633395,0.018125083,0.094634764,0.29125622,0.060596913,0.19425935,0.15656732,0.0072125467
0.022204125,0.07108379,0.025332676,0.03206664,0.14661878,0.16472289,0.0975777,0.15762173,0.2553962,0.027375456
0.079612404,0.09593899,0.17671548,0.061646003,0.20263061,0.10699642,0.016667731,0.051787354,0.13750759,0.07049743
0.08242036,0.123363435,0.08265521,0.27322653,0.013318823,0.048400268,0.07670906,0.0008441756,0.2517607,0.047301445
0.11274675,0.065053076,0.10355785,0.083417825,0.122947834,0.07835457,0.07206983,0.037996262,0.105257235,0.2185988
0.018820876,0.056873575,0.090142936,0.006222655,0.16760652,0.040236786,0.15004538,0.11188866,0.07843817,0.27972445
0.090645984,0.030584056,0.037070427,0.052708223,0.101899885,0.09184528,0.053531617,0.09200506,0.15677218,0.2929373
0.043512914,0.067092635,0.034877896,0.22324158,0.2340558,0.03787114,0.14912944,0.06489287,0.04472696,0.1005988
0.0059822053,0.07931545,0.07315105,0.15751025,0.069337204,0.0046873284,0.041807067,0.023808192,0.27395734,0.27044392
0.14880519,0.067304395,0.054479595,0.0448601,0.12903745,0.14406282,0.030702401,0.19895448,0.029850233,0.15194331
0.014374537,0.21797563,0.013331316,0.08050186,0.026103672,0.113112666,0.2641798,0.12001593,0.14678504,0.0036196
0.14169085,0.09669695,0.20235476,0.07873974,0.030859997,0.094262004,0.014806482,0.047983274,0.13558324,0.15702271
0.18022591,0.076351605,0.11103226,0.1232171,0.042915776,0.038929,0.09392053,0.07441519,0.25410545,0.004887155
0.068844706,0.0022815547,0.11673995,0.04879918,0.04439253,0.1401892,0.083626635,0.117050245,0.15400542,0.22407056
0.09561903,0.06568014,0.005145743,0.009999105,0.22766243,0.10330292,0.33389992,0.11761364,0.00436934,0.036707744
0.09960543,0.014796671,0.124507524,0.082230374,0.05649123,0.009008413,0.04110858,0.14906918,0.21650013,0.2066825
0.026347639,0.11181125,0.026308248,0.09320425,0.028524866,0.279394,0.18979251,0.099226445,0.011027823,0.13436297
0.14918034,0.17660704,0.055275906,0.1529241,0.11017107,0.019802174,0.09109944,0.21118818,0.010717885,0.023033863
0.0339018,0.030529883,0.038261153,0.17773148,0.15838686,0.094461344,0.20865232,0.044814043,0.102616765,0.11064442
0.049331475,0.11274247,0.087637156,0.13035545,0.0671917,0.11622128,0.013625843,0.18740757,0.15972455,0.07576247
0.049877685,0.03940024,0.005311075,0.054205947,0.09092323,0.119346224,0.068094954,0.028097538,0.3238736,0.2208695
0.02628192,0.07263991,0.19352204,0.06168708,0.07169608,0.1535347,0.09003632,0.090963304,0.2195393,0.020099346
0.046751883,0.12532291,0.13964127,0.046460528,0.12591505,0.12074951,0.04948663,0.0495413,0.21752906,0.07860182
0.0606304,0.017385615,0.047370672,0.017356418,0.231313,0.08354893,0.057513364,0.24921358,0.22262801,0.013040011
0.016416643,0.019362584,0.022588741,0.049141884,0.119287625,0.07658276,0.27418038,0.05492206,0.01153075,0.35598657
0.04354282,0.10624192,0.08592836,0.047160756,0.15537421,0.05979541,0.043161154,0.15462635,0.25483975,0.0493293
0.14474306,0.10583473,0.16027182,0.056851007,0.088782646,0.051260322,0.07368942,0.062933475,0.007666135,0.24796738
0.058482073,0.02008499,0.029577222,0.043383926,0.07542991,0.094657734,0.19966073,0.13762826,0.16953282,0.17156236
0.0319315,0.11748697,0.06270017,0.0040565454,0.047927763,0.026248226,0.07301388,0.1267164,0.2694637,0.24045488
0.018648699,0.022803742,0.00076722214,0.13960549,0.12271827,0.12407661,0.20996068,0.120092124,0.038840316,0.20248687
0.072310634,0.0063207895,0.0771006,0.04855284,0.20228258,0.06545813,0.048466925,0.05758849,0.11711206,0.30480695
0.066519424,0.05110307,0.07212935,0.058811247,0.006348933,0.047319263,0.05434583,0.051503472,0.3357218,0.25619763
0.1488624,0.08243185,0.19709936,0.13281827,0.041489806,0.012011208,0.05777054,0.065379225,0.15006758,0.11206977
0.03927734,0.08352601,0.018333312,0.06588034,0.1316695,0.06269932,0.22327274,0.056670226,0.2815025,0.037168723
0.10384987,0.09924404,0.015682844,0.20959234,0.06919809,0.011616094,0.10949831,0.025353502,0.16664262,0.18932234
0.022430485,0.0177604,0.054725736,0.090467215,0.1317266,0.17608637,0.04586552,0.14596942,0.13559555,0.17937273
0.10551553,0.05770168,0.062970504,0.059475787,0.07814424,0.006326574,0.018269358,0.22952394,0.13746537,0.24460702
0.020504083,0.084541135,0.0056322236,0.022072671,0.06769271,0.17823975,0.19145118,0.14413488,0.17817017,0.1075612
0.0035723515,0.09438029,0.049098466,0.19704072,0.02243674,0.07731449,0.23942734,0.046258375,0.11319175,0.15727943
0.06541139,0.054713372,0.122664735,0.10175571,0.09407836,0.12504634,0.04090102,0.07189922,0.31298277,0.010547056
0.003929628,0.019010382,0.03816771,0.25278285,0.032940943,0.029964807,0.18280672,0.027752724,0.24409375,0.16855048
0.11181361,0.050299086,0.052856047,0.10653787,0.119959034,0.18084377,0.06613259,0.19014032,0.022805957,0.0986117
0.035422627,0.13996771,0.0037783107,0.06971921,0.11072576,0.018689105,0.16056542,0.067775354,0.02520333,0.3681532
0.1469341,0.08001878,0.1195526,0.11559395,0.0069970237,0.051432952,0.0059438557,0.05322822,0.11356021,0.30673835
0.050449383,0.004419699,0.11764162,0.10011003,0.23800422,0.05855349,0.07590557,0.0708751,0.10447709,0.1795638
0.030429576,0.045699507,0.1993441,0.08039596,0.10059164,0.04938419,0.17814627,0.06698244,0.1720128,0.077013515
0.011762433,0.17154309,0.046106733,0.23572719,0.26656926,0.14058596,9.730137e-05,0.043377224,0.040581428,0.043649353
0.10797958,0.022457886,0.13187347,0.030252362,0.2069516,0.035320282,0.050610576,0.0287712,0.0071635195,0.37861952
0.051459566,0.09478486,0.045839198,0.04642009,0.22477461,0.051883947,0.08057684,0.034809027,0.16999774,0.19945413
0.12040764,0.15853374,0.057672124,0.15341042,0.09091075,0.17474885,0.015630959,0.039940413,0.06766939,0.12107573
0.06746781,0.23351818,0.07047469,0.03541722,0.099942766,0.1752719,0.01753278,0.13060725,0.13445874,0.035308614
0.05690744,0.021140845,0.017702235,0.0074417773,0.15740655,0.14991821,0.09213651,0.018054627,0.254852,0.2244398
0.06260746,0.040615417,0.086771235,0.032502227,0.09556232,0.12717333,0.082310274,0.16800377,0.15634772,0.14810616
0.123965696,0.03970546,0.08774113,0.30558842,0.022170527,0.23332742,0.019345015,0.051116243,0.06859387,0.04844621
0.11617914,0.1319891,0.12210635,0.026762845,0.0038530384,0.057763584,0.02966137,0.0800943,0.27863738,0.15295286
0.108283974,0.06073411,0.09337941,0.028707577,0.28601065,0.02518643,0.160586,0.031981964,0.1262199,0.07890997
0.023756761,0.047603916,0.08683453,0.18916687,0.14482072,0.13301873,0.089173466,0.056377437,0.21136461,0.017882949
0.039230302,0.038461886,0.036218222,0.12736641,0.1346468,0.12629446,0.074615665,0.28668693,0.06610825,0.070371054
0.03422098,0.07443312,0.07033669,0.22050487,0.038094968,0.12698989,0.11514141,0.023560045,0.09791357,0.19880447
0.012981631,0.1828227,0.062807895,0.0010119565,0.12383151,2.6470948e-06,0.1158345,0.055780694,0.29229978,0.15262668
0.07967639,0.083764136,0.013515011,0.10070756,0.07662476,0.09621154,0.028758872,0.030199077,0.19299811,0.2975445
0.20781155,0.08141849,0.11861478,0.014469708,0.025227884,0.0664114,0.02227872,0.1308535,0.093652904,0.23926103
0.05399613,0.025845246,0.0050931065,0.09380047,0.17907017,0.020802159,0.02408845,0.08135263,0.30917445,0.20677717
0.041696463,0.1315213,0.22085032,0.0061462214,0.09006945,0.08112724,0.21979593,0.0970738,0.056265235,0.055454038
0.17794305,0.061959513,0.11825514,0.2065302,0.095581725,0.02671025,0.07953369,0.017645579,0.1395994,0.07624146
0.062233925,0.10133307,0.0062918947,0.13616693,0.14796627,0.27200818,0.034405828,0.046131205,0.052786674,0.14067605
0.091408506,0.10660684,0.206,0.04157762,0.07955325,0.17335601,0.0075379047,0.21181141,0.039080348,0.043068144
0.039832532,0.033306856,0.010458188,0.114950016,0.11790159,0.0773498,0.1646109,0.060186144,0.00321297,0.378191
0.19236,0.21847096,0.2367109,0.026305743,0.03429313,0.01882411,0.036105044,0.112144604,0.020521035,0.10426447
0.04463127,0.007081324,0.06772425,0.26252145,0.095972925,0.082450785,0.052891366,0.109000295,0.2148448,0.06288153
0.10975848,0.10498409,0.104892485,0.18717143,0.04747581,0.04391773,0.13917714,0.09466918,0.0696867,0.09826695
0.10057763,0.058000613,0.097397715,0.014397731,0.027403679,0.11862946,0.15466498,0.047424596,0.13251555,0.24898803
0.0206566,0.062458985,0.051670868,0.06917267,0.03444778,0.11603261,0.083416514,0.14421323,0.31191063,0.10602011
0.099338904,0.04158777,0.12436627,0.039451074,0.12882768,0.12054363,0.0722319,0.050885174,0.1312993,0.19146828
0.14500189,0.12801996,0.1077851,0.030853858,0.08724904,0.053236995,0.043923028,0.0044374224,0.26521337,0.13427936
0.083653085,0.10164066,0.0978725,0.052816898,0.021924881,0.112206094,0.022101417,0.14363763,0.061548088,0.30259874
0.07014084,0.21254441,0.17814904,0.050825834,0.04771375,0.13777527,0.044905804,0.11190248,0.12622388,0.019818658
0.1338814,0.12048345,0.11802793,0.026049258,0.09434226,0.14224732,0.07337253,0.18367136,0.014319095,0.093605384
0.16985828,0.10293489,0.027358899,0.048730798,0.0564025,0.111018434,0.22425415,0.012436988,0.24151511,0.0054899515
0.12813997,0.09927201,0.012755508,0.033481468,0.13127986,0.044451445,0.13138583,0.026808329,0.113058865,0.2793667
0.06389957,0.021888593,0.039083265,0.0080945585,0.30161786,0.024428772,0.15606456,0.1070929,0.25313056,0.024699368
0.07772874,0.04992128,0.116786495,0.13022846,0.18850327,0.13425921,0.111717105,0.053542506,0.019124087,0.11818884
0.14181302,0.084077604,0.06754114,0.0504164,0.01814635,0.111949325,0.06442442,0.03970003,0.38934964,0.032582037
0.21891087,0.017435636,0.027627297,0.15756173,0.19403133,0.008625864,0.08495971,0.16915181,0.042182017,0.079513736
0.045497872,0.15209241,0.02405802,0.07752672,0.20854299,0.05307447,0.3676867,0.006407206,0.030372525,0.034741092
0.13807748,0.037676275,0.19839235,0.07886908,0.013337351,0.18613437,0.010026321,0.065990604,0.061430927,0.2100652
0.026575321,0.085012935,0.11105907,0.025215901,0.1246694,0.1446877,0.061173223,0.100193046,0.1583325,0.16308087
0.07935991,0.031694863,0.02815026,0.013433787,0.09374656,0.25992322,0.082422696,0.103482716,0.27540836,0.032377645
0.0443446,0.05059466,0.073385306,0.14442012,0.08823026,0.15791954,0.1369054,0.10821874,0.19356523,0.002416137
0.059953384,0.004805717,0.04275026,0.1506399,0.03318861,0.122069955,0.0974765,0.010525241,0.25957593,0.21901453
0.14698495,0.12877907,0.125225,0.010064203,0.04794219,0.06963327,0.096518986,0.03767984,0.08127348,0.255899
0.010158857,0.0517794,0.05780812,0.016960906,0.030003497,0.12744738,0.15419558,0.2538422,0.22585483,0.07194916
0.07105971,0.058206715,0.015274931,0.108152255,0.02757718,0.022987116,0.1419147,0.08548333,0.35568175,0.11366234
0.06710897,0.05402768,0.10119352,0.007269111,0.13045676,0.0071869055,0.06221846,0.083041,0.4726658,0.014831763
0.006764749,0.022761153,0.0802183,0.12354274,0.14297219,0.09031064,0.0044940733,0.022343216,0.3485834,0.15800951
0.085867174,0.109106496,0.095956646,0.115628034,0.03397623,0.060598046,0.002077986,0.18168516,0.10192768,0.21317664
0.07580589,0.0059108753,0.034219947,0.038852032,0.050322756,0.038116492,0.085664675,0.053722516,0.30755216,0.30983266
0.013982941,0.062644504,0.01834613,0.15588072,0.10133935,0.13045752,0.18050821,0.042910844,0.14065982,0.15326992
0.04973324,0.051105857,0.08139014,0.046170037,0.21985236,0.072638415,0.08421756,0.108709715,0.1691033,0.11707943
0.08765837,0.06349059,0.106702276,0.11438933,0.13604118,0.1553792,0.22670816,0.03904413,0.067164764,0.0034219387
0.0020478289,0.07246458,0.1504641,0.10204474,0.004093424,0.07579089,0.12848498,0.041794173,0.28657666,0.13623863
0.057122476,0.0634205,0.01764195,0.05740484,0.046393257,0.040159345,0.17990467,0.1077295,0.25928077,0.17094271
0.1009558,0.09953676,0.10112539,0.020141365,0.0055378308,0.06347945,0.20282693,0.011607686,0.38219386,0.012594919
0.106674924,0.013519148,0.045394395,0.09003955,0.08533149,0.07906672,0.14382544,0.08605439,0.09407875,0.25601518
0.09022185,0.09397869,0.00959186,0.082563944,0.15128002,0.07540881,0.09695534,0.19097105,0.06651663,0.14251183
0.11157643,0.0020421115,0.10911563,0.15789372,0.010963718,0.17523305,0.03581012,0.04156885,0.19467394,0.1611224
0.018199755,0.07020843,0.13443515,0.15527852,0.110481754,0.17715162,0.0060646934,0.050260995,0.14292121,0.13499787
0.07623187,0.042845286,0.08757511,0.04623143,0.19072121,0.09980904,0.01940428,0.16079746,0.119505584,0.15687874
0.05765077,0.09495853,0.035826437,0.041562717,0.0038662206,0.21725577,0.14693253,0.02632305,0.15890723,0.21671678
0.048453238,0.021542704,0.037724618,0.042603686,0.03886944,0.0021680312,0.093884066,0.103843756,0.41987106,0.1910394
0.054652154,0.063123435,0.046985988,0.024622705,0.061443336,0.1660993,0.21932818,0.13083225,0.008056739,0.22485594
0.022642208,0.12860207,0.017866664,0.037955247,0.11881218,0.01949984,0.34979576,0.09824032,0.20218857,0.004397159
0.07593008,0.051688682,0.07797241,0.038200326,0.20514107,0.037189446,0.23031463,0.110749766,0.030930137,0.14188346
0.019977106,0.04870715,0.04540309,0.13704722,0.2431249,0.07272468,0.0843698,0.04764994,0.22367382,0.07732234
0.084318005,0.0768599,0.07595423,0.17103678,0.10048548,0.20094272,0.13503191,0.0014215058,0.014226431,0.13972306
0.14006467,0.031780794,0.043772634,0.06835394,0.015163454,0.12787093,0.057260435,0.10156206,0.17399935,0.24017167
0.031030025,0.21937953,0.0038735436,0.10689463,0.24672692,0.11437823,0.0424262,0.109792285,0.024953574,0.10054506
0.04224014,0.041394502,0.060291953,0.06192633,0.14317934,0.18006775,0.061767202,0.32411867,0.012357112,0.072657004
0.114782,0.06907501,0.09980802,0.079248756,0.02112703,0.10535534,0.030327367,0.081881896,0.2571242,0.14127038
0.14138848,0.0845676,0.114477314,0.031333916,0.037248172,0.079844944,0.20831557,0.15441419,0.10984705,0.0385628
0.07502569,0.056394514,0.09045438,0.17044985,0.08107262,0.114471614,0.031034712,0.10447335,0.053523283,0.22309996
0.07735617,0.0007721147,0.03459711,0.17200041,0.00088535505,0.092006296,0.02616291,0.020029068,0.2806269,0.29556367
0.008602388,0.054000366,0.11733953,0.046542864,0.11915342,0.1097594,0.021628113,0.06541777,0.021836702,0.43571946
0.029529696,0.020141613,0.07793742,0.1818876,0.11046332,0.1893709,0.11953196,0.14135422,0.009940436,0.11984285
0.046313368,0.10023147,0.046804484,0.18102185,0.09319373,0.07149943,0.066697896,0.05197608,0.2142893,0.12797244
0.041624255,0.029819489,0.12339133,0.08574755,0.042096544,0.14552844,0.07022586,0.17862935,0.1299052,0.15303202
0.23177208,0.020927642,0.038110368,0.21654597,0.048137717,0.07502981,0.031833477,0.10340078,0.050751306,0.18349086
0.12629274,0.1600837,0.050103623,0.09845374,0.15105756,0.024885662,0.060683846,0.07727639,0.011206774,0.23995599
0.009236226,0.054650486,0.041824203,0.23244847,0.053268265,0.09891307,0.08809451,0.06822948,0.081960835,0.27137446
0.12147755,0.13657553,0.13627169,0.15402079,0.09864377,0.011652405,0.019450583,0.046266004,0.23718016,0.038461514
0.11234309,0.24254642,0.011604121,0.040074553,0.05742192,0.09511703,0.089472674,0.23930614,0.105938405,0.0061756494
0.09830495,0.16321807,0.018769577,0.060669243,0.13597776,0.13122214,0.13120687,0.004830889,0.2531115,0.0026890037
0.09595772,0.14578485,0.05103993,0.1611212,0.07981374,0.03575918,0.029068029,0.108337075,0.13938588,0.15373237
0.0792916,0.017990675,0.243943,0.033724677,0.17493206,0.10813034,0.04650265,0.10387496,0.08443141,0.10717863
0.06486663,0.03516391,0.12955381,0.022347713,0.12705913,0.062425647,0.027393743,0.12500505,0.21279462,0.19338977
0.1981122,0.15126789,0.0025233913,0.08157685,0.0055865543,0.056692388,0.010260758,0.036416143,0.06814875,0.3894151
0.104142405,0.052611317,0.10485166,0.02432453,0.23477033,0.113738514,0.014742892,0.05455208,0.02921546,0.2670508
0.0036809328,0.11075957,0.007645094,0.27582413,0.044145156,0.17456546,0.055984527,0.025273541,0.15508203,0.14703953
0.03646227,0.10771564,0.0439083,0.046903413,0.19178735,0.07605899,0.11832591,0.18360834,0.05694914,0.13828065
0.16981049,0.17355435,0.15935758,0.0033151282,0.02567559,0.084065095,0.06970049,0.030676134,0.063464664,0.2203805
0.011673571,0.032722495,0.01500633,0.020953618,0.18224068,0.06704089,0.021284254,0.07111714,0.27079988,0.3071611
0.07049076,0.11173848,0.15821847,0.07001634,0.13025905,0.05779677,0.02421348,0.04045286,0.19637012,0.14044365
0.08242777,0.15711437,0.05753393,0.24174356,0.0995646,0.10470526,0.044561226,0.098413706,0.07128989,0.04264576
0.056863792,0.0064967247,0.0761403,0.067114286,0.18273565,0.030632254,0.08344195,0.08573398,0.36617577,0.044665325
0.12678337,0.07575808,0.12964173,0.26597008,0.0038193625,0.20014907,0.056517344,0.078158736,0.03377724,0.029424965
0.026557941,0.05849245,0.06366153,0.053922758,0.25509405,0.023714596,0.11631149,0.1410997,0.24490808,0.016237412
0.002690461,0.0140114445,0.12048849,0.0061555305,0.10326554,0.031109741,0.22327392,0.31262887,0.047182813,0.13919327
0.038846087,0.043020815,0.096937515,0.12719253,0.023773186,0.020902367,0.012158493,0.10897226,0.39960212,0.12859464
0.0768654,0.096792184,0.040671732,0.0502284,0.13132402,0.015717711,0.036282532,0.005325621,0.39239466,0.15439773
0.098952495,0.1148729,0.1361241,0.08627264,0.18148705,0.018568909,0.10603524,0.021382013,0.11526181,0.121042795
0.0030141207,0.0853268,0.12606952,0.14897566,0.07118149,0.060456045,0.13732181,0.11449793,0.11217636,0.14098027
0.024170535,0.01771415,0.028328022,0.17700198,0.10843685,0.12409193,0.2251128,0.021748235,0.25859618,0.014799308
0.23260705,0.2585479,0.16013776,0.07654362,0.050408483,0.016309446,0.052276146,0.07257886,0.050636362,0.029954324
0.16501015,0.034743704,0.11183952,0.040095903,0.056668032,0.19409813,0.028302597,0.031868093,0.088302836,0.24907103
0.05323861,0.2034986,0.07209969,0.022669652,0.08682778,0.024222083,0.0053428323,0.047602057,0.07676409,0.4077346
0.06312409,0.04300251,0.13742672,0.07225898,0.0647506,0.1436172,0.045166027,0.13564533,0.1292015,0.16580696
0.14993337,0.12289295,0.013216524,0.07110681,0.0849217,0.079145506,0.015682977,0.03800557,0.25754756,0.16754703
0.17185701,0.023805244,0.13143462,0.22993098,0.072312765,0.06942157,0.05907407,0.12285193,0.00043860605,0.118873194
0.020130446,0.08804071,0.10224832,0.03892825,0.08267062,0.103357345,0.06251585,0.0719022,0.13217913,0.29802716
0.014144582,0.095604785,0.057480734,0.116531804,0.05709678,0.1615263,0.016993716,0.15099108,0.17857024,0.15105999
0.043124486,0.07808595,0.0073855766,0.10812311,0.18527064,0.027352836,0.07693611,0.06183101,0.32525975,0.086630546
0.037565514,0.061624367,0.120063774,0.019474076,0.072285436,0.048156507,0.031107765,0.036465213,0.35016146,0.22309591
0.12409146,0.02875952,0.08761108,0.07493915,0.07065553,0.09246858,0.12745158,0.02626443,0.14842206,0.21933658
0.08114255,0.07952186,0.1542541,0.07410921,0.19492465,0.017236067,0.011653551,0.19442904,0.17311831,0.01961069
0.15191413,0.034625858,0.16476491,0.0011924368,0.038327523,0.030904356,0.083455354,0.18298693,0.0032722817,0.30855623
0.09765494,0.09589185,0.107694596,0.034680467,0.065148145,0.059549537,0.0036922158,0.004723504,0.4183729,0.11259184
0.17204879,0.05535971,0.023336573,0.05743221,0.07925224,0.16651794,0.22530302,0.023306528,0.07326322,0.124179766
0.10474129,0.09285693,0.11370326,0.019959118,0.1408966,0.030949753,0.009627483,0.2194019,0.14781709,0.12004653
0.04637375,0.13391851,0.07502746,0.09869986,0.07383285,0.16036615,0.06984089,0.07576753,0.044897314,0.22127569
0.0789766,0.05277985,0.01850461,0.073945515,0.049987253,0.25989044,0.01714967,0.13925472,0.054414812,0.25509652
0.006005958,0.021549242,0.060346965,0.10319981,0.1309077,0.00030816434,0.0937276,0.18747969,0.19388343,0.20259143
0.08452333,0.082068734,0.027833039,0.12672853,0.091429934,0.10709748,0.03972501,0.010179278,0.3239687,0.106445946
0.15218318,0.03747743,0.094119385,0.07646609,0.05682201,0.12321606,0.12036497,0.008959565,0.26492888,0.06546243
0.15148528,0.0044284738,0.03601455,0.12360474,0.3271031,0.02031489,0.040797535,0.07020806,0.15740587,0.06863753
0.15092374,0.056724314,0.11421957,0.20827337,0.26198035,0.012251434,0.00904542,0.0023436304,0.159175,0.02506319
0.116159916,0.111142226,0.14397475,0.003142688,0.05655677,0.0637396,0.2206149,0.09080856,0.060064487,0.13379611
0.12685354,0.059474166,0.006107884,0.0061106742,0.036385015,0.13147324,0.0018851933,0.002461424,0.56213677,0.06711205
0.0619931,0.19115198,0.026391046,0.12403961,0.10509197,0.05248449,0.120899305,0.059547443,0.025067441,0.23333354
0.07768246,0.10784137,0.14643784,0.028806236,0.057408057,0.04636915,0.077361755,0.129362,0.08896547,0.23976569
