0.0831398439158083,0.1038155369617562,0.2010944347113001,0.0804454178448194,0.0818866545723429,0.0802975631171345,0.0800524603808899,0.0912201904019228,0.0966557416976387,0.1013921563848351
0.0746632238084215,0.0928681472308493,0.1640932602156822,0.071045944567893,0.0707931004476342,0.0708481519467053,0.0710087181089597,0.071128139740173,0.1450412522290854,0.168510061694422
0.0821101633568606,0.113281220944763,0.1520754528354304,0.0832851860813971,0.0842026417597959,0.0822423107779323,0.0820925659865858,0.0828289723638771,0.1036827975617276,0.1341986883198
0.087835760054777,0.1242962305624537,0.1479503634225322,0.0891770324709471,0.0886377444530295,0.0875646420731584,0.0882210155547606,0.0879863821627026,0.1012073563647106,0.097123472868305
0.0848963454938547,0.1230571170816,0.1582090321837916,0.0862844217459502,0.0860846079520571,0.0855972218915262,0.0849094343319319,0.0849661156131409,0.0850982830279105,0.120897420665986
0.0831245484269041,0.1236421792520598,0.1416616165517863,0.0772319193092281,0.0753998839038445,0.075865990456897,0.0747568788711604,0.075730612410455,0.0761700857707288,0.1964162850361911
0.0797780552190901,0.118584305211426,0.1540338146041724,0.084504813937772,0.0816743397410856,0.0798374679272215,0.0797830603996192,0.0801621096267805,0.1013963537311489,0.1402456795901723
0.0774406126901443,0.1143144785125111,0.1433665884676774,0.075576080864561,0.072938917447721,0.0720165990672776,0.0718757179062086,0.075990718235721,0.1724123843100845,0.1240679024877475
0.0724862529691169,0.1057246097997154,0.1285396123337426,0.0655667932801091,0.0689722804344207,0.063702764267804,0.0639884937423874,0.0659419806806876,0.1590687269343219,0.2060084855485271
0.0874647372603044,0.1300923915260104,0.1539107830610765,0.0866494199205845,0.0828999263692189,0.0762314965457954,0.0782401243691474,0.0760738663018319,0.1186470301956629,0.1097902244395096
0.1018700834182966,0.1464661520578622,0.1525462876544545,0.0767250408541409,0.0753413299834949,0.0727409614844234,0.0731120358818798,0.0716303213089617,0.0848238168120199,0.1447439705341432
0.1111585769817962,0.1602177828429253,0.1555484423129197,0.0857390554499302,0.0777225680088158,0.0725675041489183,0.0746527480997711,0.0715902107570443,0.0730176570819903,0.1177854543056256
0.0964904822367353,0.1463874796897276,0.1438087579520256,0.0878344597244795,0.0727551517614624,0.0705672513299177,0.0698747495002094,0.0691190166378516,0.0697599425816827,0.1734027085759734
0.1001974290922072,0.1519777756854892,0.1607903879678041,0.0892270014270063,0.0840232663889525,0.0797054302365087,0.0795984890309009,0.0799647048756327,0.08625698670126,0.088258528582949
0.1019833480136912,0.1581606223999256,0.1433119850665573,0.079489193278875,0.0781360317213495,0.0728724600965833,0.0720725736245891,0.0730121993747552,0.0942459074069061,0.1267156790064743
0.1038623595153722,0.1567947127625103,0.1491750531056864,0.0848180431188804,0.0873252150736523,0.0735830920283392,0.0736985626045298,0.0741833357209355,0.1143950167184841,0.0821646093410709
0.1131329220053512,0.1595845688786114,0.1630492162662424,0.088623960068861,0.0972183198546617,0.0765749679023093,0.0753179779571047,0.0781336846560895,0.074249833590782,0.0741145488093021
0.1131745128457652,0.1554308922481664,0.15932818752337,0.0830070343626141,0.082955332100912,0.0783009480399515,0.0737744637947432,0.0735103666794622,0.0875722907725843,0.092945971621898
0.1030476202092713,0.1268278231107666,0.1693927202297875,0.07368122018895,0.0748717661781663,0.0650235672564008,0.0666282693478286,0.0646044497275187,0.1672245257110602,0.0886980380311577
0.1075171122382332,0.1372162020603232,0.1747890381549647,0.0795834247294533,0.0771693200251953,0.0688576282389818,0.0722753863297592,0.069595958679789,0.1279708092271989,0.085025120306444
0.0871126430779685,0.1147648627655524,0.1439228625953779,0.12185313742359,0.0883144323702306,0.0667252631354213,0.0663683736780467,0.0651210239018977,0.0896587291592689,0.1561586718833529
0.1153070051691508,0.1313853592205956,0.1882561071070102,0.0869087114964014,0.0784741119367152,0.0705617646527301,0.0695380993650429,0.0678538898161289,0.0666854685564964,0.1250294826701179
0.1105379208130216,0.1185335455875905,0.2153811098376699,0.1029798523609863,0.0855986003957551,0.0680681604539907,0.0656857953566561,0.0671479686937632,0.0914139883113014,0.0746530581799976
0.1176392842737308,0.1266573702552263,0.2087618644097405,0.0989883987945107,0.085408769338544,0.072793640812278,0.0726280900338134,0.0743076177519498,0.0691682043288288,0.0736467599914613
0.0989968277358366,0.1189487304067091,0.1641794391815471,0.08964999491661,0.0897601994077978,0.0685164208526133,0.0670466107535715,0.0667544549159511,0.0644526772296824,0.17169464459073
0.1078911553637052,0.1203130781399329,0.1862474588236038,0.0907040369190767,0.106724963913333,0.0675560099095309,0.068245754930149,0.0669459747780529,0.0685919501411816,0.1167796170722449
0.0947463217879124,0.1047782708033265,0.173191569821264,0.1032769820868047,0.1008524084311212,0.0689731774266832,0.0694724604475301,0.0732167479414054,0.0907629682898114,0.1207290929546458
0.0953518179601185,0.1069043338902231,0.1702154631880696,0.1294246783446328,0.0926184336438862,0.0610173466996082,0.0596227194031529,0.0658481298721811,0.1367372236709667,0.0822598533186912
0.1107517438451178,0.1142581123158993,0.190260092125643,0.075770912899216,0.0770706792583022,0.0623373956289633,0.06040994582286,0.0671553722888464,0.1698387088307473,0.0721470369760661
0.1212338791723118,0.1209333108153337,0.1956549838759587,0.090701257252571,0.1138806307899265,0.0588005879493087,0.0601517536421106,0.0619390851242394,0.0906595889658901,0.0860449224045794
0.1296660789151536,0.1383096241243274,0.1855135691488539,0.0724285755755784,0.0973426860509009,0.05864352892461,0.0591422498865206,0.0574422317102304,0.117140671803,0.0843707838529513
0.1263949031729882,0.1338971733261542,0.1696959771663086,0.0684845311168414,0.083971504380373,0.0524421274308815,0.0566699991094669,0.0532984412654401,0.1743203266874336,0.080825016337079
0.1169745435071194,0.1214414000606132,0.1652452898152968,0.0733080401350355,0.1232518184645549,0.0520304407541825,0.0572180023224917,0.0519730165703222,0.0906200924676879,0.147937355895749
0.1058570004753744,0.1077492782209921,0.1522529948076939,0.1043936330510069,0.0789750958324472,0.050026049449579,0.05012074741113,0.0454107340245647,0.0699165993636369,0.2352978673572359
0.1096447351481311,0.1195081291871562,0.1692232918383085,0.0754001256040408,0.1106234633425667,0.0598232188053565,0.0553958574179215,0.0631092591445355,0.0916301549406422,0.1456417645640282
0.1087773187564382,0.1091624618493645,0.1666579417459523,0.1175811258729663,0.1533081787539712,0.0531992464862077,0.0637019739876548,0.0509569202929829,0.0800047399260017,0.0966500923216679
0.1140198595962324,0.1012593663132685,0.1616656398646153,0.1985901184960503,0.0852899722454393,0.0508776415435789,0.0446917145273767,0.0448902080079964,0.0545916006319808,0.1441238787673756
0.1326465744077941,0.1123912345299503,0.2021809443021693,0.1057371397509013,0.0903445059860777,0.0529782303369173,0.0587410317504935,0.055048055921626,0.0908500153665962,0.0990822676403744
0.1265867228924731,0.1188223682273143,0.1891088313988494,0.0808024855513883,0.1262098860074917,0.0556885582362854,0.0570685917315578,0.0589411836946075,0.1019170201693444,0.0848543520835322
0.1014954358348465,0.0987818581188393,0.1666298592058234,0.1473358176146597,0.1274398708473357,0.0522606873350722,0.0585666720398339,0.0527973883896093,0.1099659186342113,0.0847264919730192
0.0881434921362775,0.0907044998211616,0.1407151231269585,0.1671521328192275,0.1680835091707073,0.0523124299989769,0.0511219523528591,0.0651534217986184,0.1013410234190414,0.0752724153497087
0.1155795701015668,0.1183728873472123,0.1744236578543301,0.1086568792380092,0.0929723834549178,0.0644500513227051,0.0630005990289228,0.0625915975825563,0.1434107685029308,0.0565416055587374
0.0932876077302122,0.0962449985107639,0.1495040273458403,0.1640484347803641,0.1353623058868426,0.0620747397038071,0.0567074698798152,0.0550188444224108,0.0722129510947964,0.1155386206381498
0.1004409629800698,0.0997517967720928,0.1650441027357325,0.0973167915807,0.1634590565810218,0.0714926384127491,0.0717129026176571,0.0605317911255112,0.0537629297540859,0.1164870274326447
0.0987784738394423,0.1027057262476166,0.1570447608214137,0.1181809439238626,0.0867690925161972,0.0821141032822788,0.0582114419523869,0.0661325915546774,0.0836088029987246,0.1464540628558832
0.095597820817256,0.1077705136448602,0.1350774362550537,0.0875741576129446,0.102682192187751,0.0689315239913299,0.0811000217947712,0.0716451473778175,0.0711308030451991,0.1784903832652651
0.0964833427993173,0.1020406994281127,0.154320206850571,0.1777700349976745,0.0964125896576939,0.066563518701832,0.0644101394550034,0.0661973934167415,0.0604895703650228,0.1153125043201293
0.0860065872046433,0.0994730616063071,0.1243970027263463,0.1704647087983378,0.1290147710130347,0.0743289336577799,0.0654853973792328,0.0604127755198487,0.0549354253958014,0.1354813366915637
0.0867874925684063,0.1003303442516859,0.124984103924348,0.0780620696191051,0.08035385637891,0.0747765594982409,0.0593667564523336,0.0693241899218425,0.1001477490558251,0.2258668783213321
0.1045331937827575,0.1133418629988034,0.1513504412510642,0.125789318354783,0.0802110133574445,0.0732723797183541,0.0756042697369793,0.071739740676522,0.060786776130486,0.1433710039847188
0.0841830569078524,0.0992234303434296,0.1185012053010579,0.0927035760061728,0.1580435512084976,0.055578620033866,0.0571752808535507,0.0771471707824806,0.0483498228236416,0.2090942857324937
0.0906913705446995,0.1016732667213264,0.1245039428052377,0.1033329293531776,0.095930566070096,0.0715741701011948,0.067891786782093,0.0813115816175834,0.0566306877465684,0.2064596982501029
0.0805170775147814,0.099884220077476,0.0991111668025332,0.0753435529388628,0.1633024408986061,0.0734905934655628,0.0641683572121974,0.0691588422002565,0.1280253761281204,0.1469983727537976
0.0952217193016245,0.1191488963683825,0.1014736621459059,0.1201178331933009,0.0966813498091954,0.0690691471179529,0.069919723802957,0.0885721732986354,0.0608295869051209,0.1789659080492349
0.0837569819523413,0.1092924340019796,0.090487749128495,0.08124920110456,0.0777454076960079,0.1057107089184007,0.0601263006230681,0.0751149701475049,0.1012333071353489,0.2152829392849296
0.089400951173731,0.1154390231839885,0.0995431666844143,0.1031798970046274,0.1072902896303896,0.064203625471225,0.1113935470793762,0.0714219655893631,0.0745294939419235,0.1635980402331606
0.1045601037366295,0.1207676196631825,0.1202022021713765,0.0956286388185353,0.0898234487016149,0.0834391638503351,0.0799118018984299,0.0738630677052095,0.0726842405367697,0.159119712909198
0.1019303829491929,0.1143265191197002,0.114218610086145,0.0965826638666418,0.0885575015027731,0.0895224315397094,0.0769583396507279,0.0880021504614106,0.0929406001672721,0.136960800648285
0.1050926128754677,0.1094128719574986,0.1250508024704494,0.1323397956747862,0.0742515503294732,0.0606017421872459,0.0601203769633007,0.0942083510718493,0.0947623187651817,0.1441595776973789
0.0995508356231417,0.1015436469321016,0.1280337868851797,0.0966654287827765,0.0719918856589069,0.107847389889669,0.0627796640047148,0.0873130868801282,0.1069410637950965,0.1373332115406221
0.0971114093097177,0.0951942296902792,0.128994936732021,0.0772711176882421,0.0588364366252179,0.0783194258118176,0.0679217738379246,0.0759848555754642,0.2092297587868373,0.1111360559352846
0.0988030159867868,0.0906406100612863,0.1375645295528025,0.0807315403223883,0.1084904145009072,0.0646594827632924,0.0922312006399136,0.071910432127306,0.1403740702285513,0.1145947038092817
0.084122160740771,0.084914467917441,0.1184643624727774,0.0665116592490974,0.084981215387874,0.1060008693293557,0.0645044229357414,0.1082804364732085,0.1275055894186956,0.1547148160675956
0.0922269173729338,0.090867720177187,0.1215733810531117,0.0885531491955004,0.0644557706790779,0.0935802121810149,0.0835313298407432,0.1145429426221663,0.1973004115530109,0.0533681653175701
0.0991298305921068,0.114674367182402,0.1223884827311122,0.0884448274833894,0.0925318409517677,0.0708939269319378,0.127739139319675,0.0966649097886633,0.1221620894419992,0.065370585567749
0.0752673634592892,0.0884678977530765,0.1053006940356458,0.0817436387861737,0.0753205022601251,0.1025454353482392,0.122298084090572,0.114505650149981,0.1610270043203199,0.073523729787573
0.0923512341483158,0.1064665261416723,0.113863034846513,0.1742464628137054,0.0783801073247677,0.088496668156935,0.0893104077701679,0.0794523564271927,0.1036489075260861,0.0737842948354825
0.0932644951831515,0.1055685753608318,0.1119150823930117,0.0720218173381367,0.0688469346664022,0.0890281277668852,0.1596634521417556,0.1171322388250104,0.1091765474770226,0.0733827288385687
0.0762010069625144,0.0841099272568213,0.095551514899889,0.0950535703205418,0.0732100812551397,0.0746162279597123,0.1818283763324757,0.0837021930334679,0.1796169057938033,0.0561101961776305
0.0741103763762884,0.0814940850752391,0.0958866993287144,0.0651427654138785,0.0793822130989388,0.0989973285373233,0.1061897413829879,0.1372478203404169,0.1943579466579377,0.0671910237795078
0.0727440212560763,0.0829661006699078,0.0962677352881679,0.0797415307951625,0.0823868247470312,0.1484374364701822,0.1159075543977121,0.0986468608455624,0.1435024919105262,0.0793994436097812
0.0657562039393268,0.0738851178735183,0.0808151412820944,0.0745846070144276,0.0786696997807546,0.1154120655146928,0.1074981236111976,0.0775467456002,0.2577941885955961,0.0680381067794475
0.0703708927776723,0.0795064479257987,0.0934859161253628,0.0856317667291558,0.0762267881662859,0.1598925012296603,0.1037585713809445,0.1156536456182027,0.1453646746442977,0.0701087953928865
0.0693212262982143,0.0799681747914004,0.0941258298012878,0.080188452806596,0.0776073253169794,0.1048744266116501,0.1997586737051958,0.1497708736924335,0.0751281705617726,0.0692568464048514
0.0715621284245189,0.0718314511100793,0.0989491487217421,0.077978965825283,0.0752849599421262,0.139819102215925,0.1313000009623575,0.0890794974223455,0.1717702261247696,0.0724245192406468
0.0609729254031693,0.0632267470670559,0.0827599701373898,0.0663566543352316,0.0672705601482586,0.1620597716627055,0.0912674935242301,0.183512382086939,0.1610128486990062,0.0615606469272205
0.0545698031589554,0.0611921442658464,0.0719315924462715,0.0578268968573956,0.0638988174444081,0.1067600856574216,0.1077700476345491,0.143319891712173,0.2587263559148647,0.0740043649002481
0.0654941401914358,0.0742120555352786,0.0883804776046093,0.0694303408026402,0.0759490880377595,0.0785601816916299,0.0982031420078462,0.163898799740322,0.2110060474106924,0.0748657269683578
0.0770521004433986,0.0746340606985115,0.0791788591955588,0.0795677899365266,0.079028068458166,0.0936435680255305,0.1109990691647524,0.2147455730157837,0.1159724853140929,0.0751784257369091
0.0711195040523638,0.0723559768359343,0.0780486027099937,0.0732480505041743,0.0730880636213923,0.1031544748628575,0.1102979992262968,0.1579336274626646,0.1285752183384426,0.1321784823759238
0.0706049896430332,0.066385443139265,0.0693291876534192,0.0740347488516519,0.0706845714102928,0.1462384727228259,0.1318673196412803,0.0980953501497736,0.2045376432202069,0.0682222735586715
0.0499488620864868,0.0507543791058548,0.0490155381815167,0.0508175257578941,0.0486040901619389,0.1924003485063372,0.1363001900329243,0.1938704981204425,0.1797292681795058,0.0485592998601632
0.0567735495581775,0.0548152070603971,0.0542649072533761,0.0556991837006047,0.0552954787359203,0.0927084017867715,0.0938051555283145,0.1403977689290401,0.3418080151355221,0.054432332304047
0.0589431343769999,0.0628461997409186,0.0570759406326632,0.0592013310337601,0.062639113313652,0.1092638285352416,0.1080642500541678,0.2078168573597413,0.2119330090010672,0.0622163359435825
0.0631987044546665,0.0582237897805139,0.0590565467892504,0.0622665247032826,0.0588548564418432,0.0817723264410019,0.182358899025364,0.1424823280568554,0.2108744150429552,0.0809116092558655
0.0777240193376536,0.0721356213341367,0.0718964033509894,0.0731762148909486,0.0736390443922851,0.0949071663150564,0.1012028873948943,0.2201831165007261,0.1401895016367048,0.0749460248362397
0.0853813979653919,0.0754421040477605,0.0685653552353204,0.0682054381132832,0.0700411384589941,0.1149299882114239,0.1333688956721,0.163434103131719,0.1525929196608888,0.0680386594933676
0.0778723361837459,0.0697524050951693,0.0614631376289601,0.0614042347376162,0.0653278806906658,0.1201304736494559,0.1993038630684699,0.2076786485729037,0.0683145212557868,0.0687524991083676
0.0691901137775109,0.0612582163753983,0.0587894393931932,0.0576772460469629,0.0586531411516523,0.1011468519040256,0.2775939624477426,0.1892871718696831,0.0605367864292696,0.0658670705963698
0.0968826797836664,0.0881226016848545,0.0764262187407895,0.0769267259456716,0.0769267259456716,0.118064706672219,0.1296128205595181,0.130360712487685,0.1277544183527181,0.0789223898161783
0.080176392558139,0.0735922614018613,0.0713230774380721,0.0635242545130406,0.0621556994675274,0.179300203955753,0.1139237314363689,0.1351605223473648,0.149359014535205,0.0714848423377332
0.0862150614921508,0.0815880932600729,0.073330004567427,0.0647317354831828,0.0645594598795667,0.1784247850293481,0.1216643645571406,0.1490544799862339,0.0996523624148643,0.0807796533207008
0.0741684765970211,0.0752567015596353,0.0841782704275516,0.0618937901421059,0.0635340415160328,0.107819293336149,0.1103565803933817,0.1402193265720231,0.2125495717504599,0.0700239476967701
0.0758722892766765,0.0763951628065608,0.0960244764217462,0.0655638086864368,0.0658419226635353,0.1199618894827433,0.1370057685838293,0.1715913063373219,0.1169786737759929,0.074764701955723
0.0569612453300342,0.0560517517148462,0.066623536268637,0.0509211037414834,0.0512542179400107,0.1187111096466271,0.2613553348142475,0.1147819331107847,0.1533310888122498,0.0700086786137313
0.0650198890076119,0.0637913817072987,0.0802556570761915,0.0660308441208578,0.0590651284557695,0.2463758547020066,0.091861707267166,0.1471353182830259,0.1213393609106204,0.0591248584609278
0.062620556641629,0.0629442536805908,0.1096272547199624,0.0670823521011309,0.0625130173864266,0.1449928933036718,0.2483857331573312,0.0930948719409949,0.0674841948982651,0.0812548721610435
0.0668376962279772,0.067040930983735,0.1231975275900861,0.0673853334293008,0.0744821464173566,0.1466586135934627,0.1043557430848674,0.1389507008436176,0.1310609456253379,0.0800303621946219
0.0722614389376843,0.0663441596206338,0.1416385538111924,0.0762892885797262,0.0661941064364539,0.1702540804899635,0.1284472243917118,0.1205807189192147,0.0733614934877105,0.0846289353161565
0.0652119831546462,0.0638892199481469,0.1236961493923786,0.0824680435174872,0.0739866471740577,0.1177524160527748,0.0983258671433346,0.1336926924070911,0.161043662905412,0.0799333182954735
0.0605412908698864,0.0605923664786983,0.1261020214327403,0.0672500371000397,0.0718865258846667,0.237241042227489,0.1050549888914051,0.1077407424908258,0.0862926275938911,0.0772983570216209
0.0630186969684109,0.063023325821758,0.1276775532548056,0.0739452756171757,0.0786741807364621,0.0837304552902508,0.1051991619960371,0.2766766893371797,0.0635572852222016,0.0644973757466256
0.0524471547799806,0.0529567273127972,0.1020180225799993,0.0603969654709376,0.0622887383234331,0.0879732489077521,0.2696974056455147,0.1571988921318814,0.1035945858163239,0.0514282590243051
0.0720494167518258,0.0701380149199826,0.1444773748200264,0.087325022528117,0.0860881258378486,0.0898871476251254,0.2175526911436706,0.0867746284816134,0.0773485121062608,0.0683590657757384
0.061131210783035,0.0642487367935916,0.1156935032444157,0.0849466663465196,0.0784364941748487,0.0988996187248055,0.1068502990852487,0.2663208089239949,0.0611067809252515,0.0623658809898694
0.0569244538525017,0.0568604211613857,0.1052128136481549,0.0821455017300298,0.0728074764737101,0.2110226031863838,0.1136537840891954,0.1527320581986186,0.0894022302786797,0.0592386573731367
0.0661463123326106,0.0660788926124454,0.1259643045351175,0.0800722425591567,0.0939422183691629,0.1139400816053999,0.1450710865598366,0.1394511376913758,0.101018864891233,0.0683148588341293
0.0598273161642504,0.0659179184925844,0.1131642378521797,0.0759605619430425,0.0795134142793773,0.1661776458326219,0.0818585489349888,0.2046699336837211,0.0818358763931304,0.0710745464157519
0.0579398331840425,0.0587797859995737,0.1058523128614545,0.100835897653966,0.097447640849172,0.1244545612516842,0.1230423186041801,0.1607209028210446,0.0667013759786573,0.1042253707878843
0.0516572685519019,0.0543686104887499,0.0860571267112112,0.0715412338341337,0.0935990677571134,0.1186183407401981,0.131927351913472,0.2459018072194217,0.0513079148945695,0.0950212778818264
0.070700637543581,0.0713435555650459,0.1075932682727131,0.0991728046744491,0.1071646188636148,0.1609933937716468,0.1180760980066052,0.1094843512613379,0.0703717441713931,0.0850995278595324
0.0576366434097895,0.0623989791680201,0.0789738169869634,0.1000794154288127,0.089404558090701,0.1130256372943601,0.1113457995885784,0.1705221251405368,0.0724529604528595,0.1441600644311675
0.0692020371159418,0.0697989498814234,0.1069569542393175,0.1126780368904269,0.1270130187937488,0.1097649343453594,0.1233771699070275,0.0943379766502669,0.0730790266937656,0.1137918954728643
0.074626275861215,0.0722617666367723,0.0996347046840506,0.1126461683162958,0.116940245766126,0.0885107481335331,0.1271758051448048,0.1333355932538118,0.0720068257460645,0.1028618664470266
0.0672027625105081,0.0659019593056746,0.0931585692934168,0.1029284422684514,0.1306215501906936,0.1858945663985597,0.1100768855585329,0.1033599701742591,0.0660301716104524,0.0748251226800695
0.0700844489354875,0.0655382481865277,0.0759837936852363,0.1674885382044482,0.1088721806098425,0.0912125318841127,0.1017102056996757,0.0975048701007645,0.1589274260180685,0.0626777566668718
0.0762600342655371,0.0696605899962224,0.0656097106034557,0.1175824977441341,0.133780243450759,0.1160570794967242,0.1384367329858686,0.1333023318768133,0.0659175886539046,0.0833931909172058
0.09564458614657,0.0831031727724621,0.072082888610659,0.1475309001632689,0.1518712207055634,0.0897362268109123,0.0855159889350079,0.1134878003788432,0.0893296389490222,0.0716975765175721
0.0742336190692409,0.0660111091941795,0.0604792496314706,0.1125992927752566,0.1294029962920124,0.1624838718880227,0.165681657140386,0.07332483119529,0.0698886933163987,0.0858946794890153
0.0689515307790863,0.0628515815528654,0.0576282223776438,0.1046192117577826,0.124979411210434,0.1743902106156327,0.0930632135665591,0.1964049789641246,0.0576278476093409,0.0594837915582153
0.0871316635479877,0.0763865071725011,0.0655088944361314,0.127123384984514,0.1477768284643018,0.0752024780322055,0.1212013408428044,0.1354002867573786,0.0650625218124363,0.0992060939403572
0.0874436495215536,0.0792844983880396,0.0663226952295886,0.1232298580894612,0.1228911074185913,0.1588352928035487,0.1227064344267121,0.0954707332914387,0.0716631722886036,0.0721525585329375
0.0771636091524237,0.0668836952931574,0.0613942345565907,0.1142952531577404,0.1576854604584233,0.0867159660810005,0.094846741427631,0.1511329613957306,0.0880939270717559,0.1017881513968775
0.0863223122863305,0.0791601252782482,0.0720123759564124,0.1486527344098685,0.1384871284532317,0.114324857793053,0.1102545212114392,0.0952607080554779,0.0783503682475663,0.077174868298147
0.0726413047027551,0.0654185573788559,0.0627347296639987,0.1635799348625793,0.1298837907047551,0.0916509003081645,0.164398496245347,0.0885714494486157,0.0799234346675443,0.0811974020085697
0.074535631209416,0.0624385229750243,0.0645855463450957,0.184795006955995,0.1667894945375174,0.0759780013055067,0.1251838326456952,0.0786959354214355,0.0856997487419196,0.0812982798542105
0.0787695894596046,0.0643092995449727,0.0694676930064787,0.1255137020963942,0.1553165704137992,0.0950255163046326,0.0951588490020471,0.1055988409000091,0.0619184646127113,0.1489214746504325
0.0735717695551832,0.0590984234301288,0.0660104742828131,0.2674185899217012,0.1301379850696052,0.0811074852396323,0.0771949762871642,0.1140238097625784,0.0628471169561491,0.0685893694868277
0.0813090025729953,0.0582957497933389,0.0725226212053161,0.2590592952428664,0.1493478883753425,0.0672937449372959,0.076693985892191,0.0830394260122535,0.0540352149871518,0.0984030709734667
0.0807302301084832,0.0567339864677559,0.0670313852968738,0.1797172477975208,0.1782634602752629,0.1345981231228826,0.0763186886258625,0.0909608313454527,0.0565682100153992,0.0790778369374556
0.0832881973829164,0.0553632994704508,0.0705487663831742,0.2558497699120814,0.2258413383107799,0.080645945308318,0.0549955470408286,0.0658276010461376,0.0511096200970003,0.0565299150414823
0.1019723892291361,0.0776515963691011,0.0816178070370221,0.1583436634003697,0.1868863555249499,0.0894990749627252,0.0777951989407465,0.0873108777537437,0.0660483121340804,0.0728747246388877
0.1013368694393959,0.0809453498028311,0.0698544261894092,0.1343737751823511,0.2168147193096383,0.0753130600923912,0.0723775361194431,0.0703617558933549,0.0823422585279225,0.0962802494351869
0.086531847509176,0.0749583933265273,0.0593682481569316,0.1192898028898981,0.2478245408512259,0.1099126639219696,0.0643359929662862,0.100172279871516,0.084353679183064,0.0532525513157216
0.0744895479497906,0.0681342889811855,0.0532856694468831,0.2538697466649015,0.1253542247182071,0.0640580178627929,0.0728772574273254,0.0871314608388586,0.1030518208408266,0.0977479652617183
0.083138153789941,0.079711058257227,0.0555666005312097,0.1807514087931444,0.2411773552906193,0.0730896700058966,0.07188188879307,0.0690171656231616,0.054971926926271,0.0906947719817486
0.0795015877070353,0.0772554063797268,0.0553332147619487,0.1487077888208091,0.1356966645521097,0.1321052214793796,0.0687233503780258,0.0636268210913951,0.1049966470920837,0.1340532977296658
0.0801270955588728,0.0758885378499099,0.0619963092386396,0.1992634999029828,0.221726039232809,0.082545782292207,0.0719505343643639,0.0784989007653996,0.0659903163935347,0.0620129843923345
0.0579941705663627,0.0553435628376094,0.0607188398606386,0.1757195491576897,0.3389623156435529,0.0706394802974757,0.0634229058707822,0.0641907934727935,0.0606357222645628,0.0523726600211564
0.0486039528324811,0.0459727561931744,0.0511714180791873,0.3140364900917141,0.2334926952972308,0.0619777078602767,0.0510151351798329,0.0623755126711116,0.0530093637442938,0.0783449680442519
0.0481493464872698,0.0466539221390505,0.0549443220900415,0.1342389625983331,0.4095390380424588,0.0532966477845124,0.0587058615375932,0.0551264820441868,0.0547983367527456,0.0845470805170762
0.0632592353898184,0.0584487833797904,0.0590734507219891,0.187866423738967,0.1595267018612225,0.0797853546925097,0.0793007587133739,0.0871525620545009,0.1091941571763072,0.116392572263098
0.0648190068528439,0.0546634733907853,0.0594141027082194,0.177195031414667,0.2774719936602756,0.0759831892353853,0.0628418725417216,0.0621986478736088,0.0853993316776908,0.0800133506369658
0.0641154337227036,0.0527895837117344,0.0572727859630261,0.2092673390393547,0.2069213951338403,0.0571416772923536,0.0683018092247613,0.0722933193316653,0.0535595572960093,0.1583370992770444
0.0651403295674764,0.0557706391449047,0.055758899479795,0.2384670441655947,0.2544478166092657,0.0729985169214567,0.0672251730129146,0.0673219048386006,0.0539942559548626,0.0688754202973616
0.053530599774678,0.0498437306083344,0.0580865219151668,0.3059812563012773,0.1800235866176925,0.059909770803308,0.0549012006036695,0.0595856230703646,0.0669764066588931,0.1111613036394663
0.0592389147769146,0.0536993166663102,0.0568247421882917,0.2265472084559481,0.1580050034518352,0.0671405603626868,0.0743354121222669,0.0650973091021365,0.0621553688191095,0.1769561640468808
0.0646441504388519,0.056142559616519,0.0521914194700811,0.2633741115000044,0.1703427291606384,0.0608950478797546,0.0638031737910744,0.0582509688844325,0.0810288171361218,0.1293270221150248
0.0627759395306656,0.0565099456129886,0.0482083261521146,0.1890935573406652,0.3108965190304073,0.0620632825293022,0.0538985091442725,0.0523846441439394,0.0576076351757704,0.1065616413329252
0.0694057797076235,0.0640160766388683,0.0611398803379719,0.192554348902513,0.147420056742196,0.066886511055761,0.0687560266062697,0.0723316730522855,0.1200029196118361,0.1374867273363009
0.0677011974921022,0.0608580829831821,0.0475927360016936,0.2672015286842126,0.1831985460660803,0.0491663378220836,0.049191761281164,0.0517369923772276,0.0966442271109732,0.1267085901745482
0.0788434482617594,0.0705712795813127,0.0535427370310702,0.2470295925122451,0.1730252311585351,0.0597380165300202,0.0551849449323446,0.0602527688715652,0.0860334401676967,0.1157785409459896
0.0774497696981454,0.0712569882620066,0.0489054831314918,0.2846212949150119,0.125721209013039,0.049766640634216,0.0578804670700696,0.0498284347248178,0.0791476964346424,0.1554220161098911
0.0721585219197363,0.0596901429675466,0.0466820211371405,0.1465858787868772,0.3712714557627793,0.0440138574555597,0.0443575746887375,0.0494291652718506,0.0663433432717879,0.0994680387322944
0.0935028281008753,0.0767914281848618,0.059329384569409,0.2261719781207581,0.1445764952933586,0.0584435456623673,0.0546351388693628,0.0596487194161077,0.0902040734394462,0.1366964083361201
0.0963705979128862,0.0776963727230194,0.0622161629285675,0.2030149194765962,0.1700907501125823,0.0539789557064242,0.0600579379489595,0.0571801261698587,0.1207547734768635,0.0986394035368299
0.0828871893773137,0.0697647541936328,0.0600838519017397,0.1265925126940214,0.1949709948978225,0.0667101209509269,0.0599454664666294,0.0622306846816727,0.0865041020192505,0.1903103228090254
0.075738967232961,0.0672885839595014,0.0512049882343333,0.2308589998065835,0.1260722821692916,0.0517586635336948,0.0517342534461845,0.0510870230531255,0.100167830120309,0.1940884084370996
0.0905729041175781,0.0781575323755245,0.0589981266178833,0.2505883698044616,0.2066662554158438,0.0558807564612751,0.0564297462684018,0.0578753593744858,0.0769376965672738,0.0678932529899648
0.1173731935763457,0.1103105611566174,0.0683766975857942,0.1534229095608792,0.132534182267434,0.0690766053466537,0.0625942862179184,0.0666620277420406,0.0856131345948608,0.1340364019426937
0.0932561254683288,0.0892556198902553,0.0608847813633404,0.1437727042959815,0.2375227130242509,0.0580875754608373,0.0614199796409172,0.0589926203074823,0.0809469888881381,0.11586089165231
0.110570431786326,0.101210342265135,0.0689399997564209,0.1458920429023108,0.1461266563244823,0.0595682126384544,0.0674204240358834,0.0616663126722685,0.0846860564118964,0.1539195211984813
0.1091059642439056,0.0912213275843907,0.0736071344003548,0.1388888035667093,0.1804502486953554,0.0608654944691998,0.0668378691792847,0.0614187014142867,0.1027370707275707,0.1148673857103219
0.0930958538015623,0.0779699029798139,0.0693618480316455,0.145970015715101,0.2159450614782825,0.0698702381718132,0.0652182312421654,0.0597018109712737,0.08310830861935,0.1197587289806873
0.077575062507779,0.0687368653296739,0.061927010457439,0.140946332823065,0.2663389674947496,0.0617487285653426,0.0595690047799086,0.0626675888433638,0.0589542472504862,0.1415361919398307
0.0790807670232811,0.0707777700415481,0.0658288151551905,0.1517539125442691,0.1214028323045086,0.0666853389616562,0.0692197744503773,0.070357714522859,0.0934545620616441,0.2114385129255551
0.084573221209081,0.0740173991971159,0.068408149820091,0.2171034958701121,0.1553747402100142,0.0649962868019168,0.06226454091687,0.0632257676230422,0.0739593889544416,0.1360770093884939
0.0828949227435796,0.0759745865959149,0.0704135102867985,0.133004341054684,0.1753186057143158,0.0692919612919368,0.0703533394153907,0.0696529571700136,0.0751630406152389,0.1779327351023341
0.0747659217585369,0.0685692940520137,0.0644477466828242,0.1244789590438989,0.236233185536778,0.0635197841882639,0.0649732796645354,0.0659845088388281,0.0810746329974269,0.1559526872278392
0.0723201367942088,0.0652291510419041,0.0623925258328734,0.2504844606652138,0.1174028100122021,0.0610667973824958,0.0613945270749931,0.0631104711279599,0.0616459000064723,0.1849532200530644
0.0807926179863207,0.0745058413209285,0.0745365973966857,0.1392358836878595,0.1408129537223223,0.0728096678151896,0.0704723729424467,0.0767601874344281,0.0705346355748725,0.1995392421088136
0.0776621997808932,0.0738721679687636,0.0743962902316116,0.1459099476377365,0.1190527921011275,0.0725782206072626,0.0761915121596937,0.0757732690614543,0.111511998982315,0.173051601458731
0.0617516570571326,0.0759385075117077,0.0708791916029689,0.1052907019915747,0.1221066398222192,0.0641355259973579,0.0640319555426954,0.0618620822912193,0.0773485823775134,0.2966551557966994
0.066331242379031,0.0781518744824973,0.065821610935174,0.1274519677211518,0.1256921945590366,0.0657382081724507,0.0659365853122746,0.0665609753228791,0.0778226650505991,0.2604926760554207
0.064010810750775,0.066522630274831,0.0817746814999164,0.1117441211976149,0.1089128439205176,0.0681822052837034,0.0662103301670848,0.064436687744674,0.1202853212014355,0.2479203679502213
0.060006612795472,0.0600051464785797,0.0691484038876249,0.0914262066749403,0.0898595332803984,0.0612887894468997,0.0627704481785455,0.0612306458638204,0.0707096740491225,0.3735545393359655
0.0631274841029067,0.0625113801486309,0.087732941526377,0.0832644319015711,0.1009406583831931,0.063193268427555,0.0635936725392859,0.0624146664109614,0.1001934088448964,0.3130280877057401
0.0774169671185076,0.0774530244948959,0.0954739135213415,0.1413633879816613,0.1422053691239006,0.0787544421743732,0.0797186449077504,0.0775795996611428,0.0831150233637992,0.146919627641484
0.0589369548656554,0.058919397322834,0.0797410159189726,0.0829851379787736,0.0830586556193035,0.059717693870518,0.0611817978737943,0.0589799209409385,0.0908645276885954,0.3656148979121194
0.0812908579278194,0.0822232124282277,0.0803886250131769,0.1065613327085219,0.1337194485586214,0.0793677349078676,0.0771698289937676,0.0769653843303913,0.0884955954049325,0.193817979715658
0.0689389978198547,0.0677342233256789,0.0632013525768495,0.088779864819442,0.07995329277674,0.0631243771621001,0.0624971026348897,0.0622366539918856,0.1142765871088486,0.3292575477747305
0.0733776926150212,0.0703819147272416,0.0668960955565405,0.1020104148488516,0.0918457180704749,0.0676432205633843,0.0683359325646025,0.0664339615199918,0.0682953388138428,0.3247797107104954
0.0755114141840448,0.0747914952529178,0.0890324759597653,0.0984487869922303,0.1154757836054319,0.0748721920903399,0.0749374485390578,0.0745781449204684,0.0926857117957526,0.2296665466492485
0.0727664037326482,0.0714494040664024,0.0735835326942043,0.0947492963592323,0.0875378303637387,0.0703042672450346,0.0701142516606686,0.0710594953648599,0.0843812088208648,0.3040543096823188
0.0685820768184585,0.0677032675268367,0.0747178955512512,0.0783722245796364,0.0876679773141148,0.0710969162606139,0.0689720907686292,0.067591268663355,0.0931633394144118,0.32213294309295
0.073173377049428,0.0712256210617072,0.0714188237432939,0.0790490732234782,0.0949670175466972,0.0678799782133587,0.0679353732569165,0.0680141692672395,0.0860159097056705,0.3203206569224193
0.0628805506525023,0.062362896952289,0.061988885810704,0.0645156907156595,0.0690902490378911,0.0584208339859478,0.0592339145198054,0.0594971781840777,0.0679348472688493,0.4340749528638732
0.0641864696411748,0.0658882275245751,0.0843264113657469,0.0848517272946077,0.0838413376802539,0.0638276886660738,0.063221728419492,0.0629265321598287,0.0675184259900102,0.3594114512492012
0.0628940925590575,0.0636054724013688,0.081802249275552,0.0771252526470145,0.0785170281917159,0.0624143398970896,0.0627894847291319,0.0636610261155276,0.0701766394034811,0.3770144147710628
0.0583973860445763,0.0584582827766919,0.0779823499382278,0.0755599000037142,0.0669974031249561,0.0591158500237845,0.0585434739522911,0.0632543981499009,0.0909612976188063,0.3907296583586391
0.0620432032745036,0.0688019564540482,0.0714818864840062,0.0734465210521557,0.0822410434951838,0.0641179272839603,0.0623839797461511,0.0624578522073118,0.0754108595725578,0.3776147704211791
0.0730275781312533,0.073629726383569,0.0745634221038496,0.0746676828143645,0.0888732239104471,0.0724806490081127,0.0793976410752134,0.075716050215554,0.1163197944078775,0.2713242319393062
0.0670279615418214,0.0657182654834007,0.0663826165331259,0.0657015491001232,0.0750326373619087,0.0687078944093979,0.0658407941289122,0.0683897630946749,0.0758757934889429,0.3813227248482114
0.0744234883323999,0.0720163403030051,0.0735695711338883,0.0789295969876056,0.0762166995925558,0.0760055100750637,0.0763577314524643,0.0831742286570934,0.0913408900385003,0.2979659434170327
0.0700080836315827,0.0691793883705275,0.0690216938915376,0.0804566386629453,0.0756299382998707,0.068916293075838,0.0856062354462938,0.0693865801514108,0.0703234252952543,0.3414717231647963
0.0809365728520724,0.0759315836445814,0.0776975377601495,0.0737948282866243,0.0740846201546951,0.0743319831480036,0.0748062534089033,0.0772475447637117,0.0800567395147488,0.3111123364558905
0.0828253574166041,0.0755086833576289,0.077050190497078,0.0677392474795861,0.0677009951059256,0.0683743746596516,0.0677678163637291,0.0790219803558326,0.0859079316547285,0.3281034230994742
0.0957786277178046,0.0902420938153613,0.0839755144909484,0.0752510570914475,0.0741570053887251,0.0738482385103171,0.0803031545778529,0.0942234408704419,0.0748865031831662,0.2573343643432857
0.0881374657937643,0.0857527648152943,0.0736266097214871,0.0657283621412448,0.0688178783535612,0.0720955566614298,0.0711100943310738,0.0749446900483726,0.0679882056685597,0.3317983724557386
0.1046821994358166,0.1090074025207901,0.0776960118675332,0.0688530343823596,0.0685980115942369,0.0750386985246291,0.0683929790230304,0.0785731860509748,0.0692030987278131,0.2799553778629464
0.1164606983651534,0.1239457656591776,0.0865938552109115,0.0739476093432267,0.073942177482431,0.0809795504803868,0.073914076439825,0.0840667833999661,0.0746138809671817,0.2115356026410745
0.091697910820033,0.09567871697747,0.0714281411511284,0.0632183094410021,0.0636616007664873,0.0706538858091728,0.0747719020130263,0.0668994538828035,0.0671992870605439,0.334790792069233
0.1036536999993513,0.1156165871318443,0.0741306895477501,0.0659069411510944,0.0663263239172853,0.0731949761122173,0.0734622734436449,0.0762467009942601,0.0877820695198803,0.2636797381732492
0.0905331579732695,0.0984850466579994,0.0655579413326514,0.0613604840264214,0.0621580505859775,0.0790893624925926,0.081513985438193,0.0816949611814336,0.0811388892982829,0.2984681210044753
0.0927761172111741,0.0986135050707361,0.0700474901060421,0.0680850385761633,0.0722718312300874,0.0742315091892169,0.0827132667036451,0.0691009899992125,0.0858870492740882,0.2862732026298932
0.0741608089632585,0.0850177356328963,0.0646572239856995,0.0645479928847611,0.0648380665270535,0.0731703219177192,0.0711756063013091,0.0700187466844789,0.0849875018900484,0.3474259952037453
0.0884405882686542,0.0992712575005285,0.0877336622585148,0.075584622137083,0.0758958838839392,0.0926597803418126,0.0761997122406751,0.0769447936689376,0.0780945768453637,0.2491751228439623
0.0824369093199782,0.098834013732492,0.085993813808502,0.0670330943174121,0.0695917908689306,0.0816605423443566,0.0794592003122969,0.0663266441931249,0.0750577058535911,0.2936062852398733
0.0879713099236149,0.110660866248784,0.0739838638157608,0.0670795187167377,0.0662521020697979,0.0803504920792256,0.0734839327279806,0.0681270718273679,0.0972545038614357,0.2748363387201808
0.0870630101324777,0.1081563467556436,0.0779877954791716,0.0676204231727817,0.0728406292924524,0.0875724121220395,0.0881567143231533,0.0944616503353596,0.0652086603465078,0.2509323580311162
0.0792870508423431,0.1036616958040213,0.1101625305445901,0.0704653397263458,0.0756038430685139,0.1075502560829299,0.0866109697358986,0.0890398358339355,0.0966712850111609,0.180947193340291
