0.1849728821446395,0.1469905025765165,0.1949285846255042,0.0579840050991078,0.0876954527179929,0.069890817821965,0.0868159673976226,0.0777164671508695,0.0513115310981249,0.0416937893628728
0.1684656142463647,0.1276643679328148,0.1821969487258815,0.1117126931251154,0.0729920088793354,0.1106467885780985,0.066433013590495,0.0620980612795728,0.0551048048928233,0.0426856987447494
0.2048940545319473,0.1449988030122574,0.2126011966034779,0.0784768746010776,0.05424746847116,0.0665378333127877,0.0592228349572487,0.0952620388690022,0.0510794374261807,0.0326794582105626
0.2111215805366137,0.151481279594679,0.1880724021795597,0.0514999854883904,0.1094928335644521,0.0782398074663806,0.068147448804976,0.0588066765589248,0.0485170707716058,0.034620915030562
0.2282970600754234,0.156853350067032,0.2282970600754234,0.0483882987403995,0.0621577932354654,0.0618681113321847,0.0631726254145692,0.0667199495652988,0.0539600733139439,0.0302856781759387
0.2254897740883712,0.1527864894641302,0.2254897740883712,0.0511176713828563,0.0482713446769631,0.0587468387065268,0.0534799875082686,0.0705879528326724,0.0775621567387585,0.0364680105088341
0.2123218410329061,0.138596506479461,0.2439289682530339,0.0611841191849119,0.078350783055689,0.0643562946440594,0.0676477638907105,0.0498208072513887,0.0531946733796677,0.0305982428239924
0.2194269137779892,0.1325547609594135,0.2282310805328088,0.0761323524447866,0.05232833281836,0.0641767592706957,0.0549013966616889,0.0650350744315905,0.0702163529149055,0.0369969761836893
0.1974142875976355,0.1327279364430819,0.2241735226348986,0.093392309020598,0.0772042072243635,0.0454384296502095,0.0625171617539741,0.060587976771197,0.0628671598756454,0.0436770090240381
0.2047304683284944,0.1301323591980987,0.2436153183056786,0.0687305213610001,0.048368391375279,0.0706989668138843,0.0575917889675982,0.0664678737742901,0.0764082771229524,0.033256034748351
0.2051097125791774,0.1385778347771432,0.2595889534452649,0.0722402052452935,0.0551131598052325,0.0583573595263995,0.0579508888729709,0.0569887411401921,0.0586477799893769,0.0374253646139898
0.2065964140892221,0.1239832543392479,0.2654176078822095,0.0762964766151761,0.0456959868134684,0.0549466239157755,0.0646225580440541,0.0558387231604207,0.0741913267351525,0.0324110284005971
0.217180047111819,0.1309758814433624,0.2716709069653226,0.0586281344996462,0.050979593377693,0.0446967754415438,0.0519695165426667,0.0586429636281609,0.0677519912775162,0.0475041897080288
0.2163021454528818,0.1335319814694754,0.2533824692759656,0.0415647890560862,0.0456517337747473,0.0560099553797236,0.0581703908095219,0.0728400787819201,0.0917127798983677,0.0308336760968759
0.1963687762439657,0.1355338680675353,0.2676468676745713,0.0469813718950722,0.0526724398658532,0.0594585342930963,0.0546057086197326,0.0603657161655795,0.0690554721185549,0.0573112450511241
0.2021808410987917,0.1239274345702468,0.2796684350833751,0.0504681847807257,0.0876584988667442,0.0490217915453592,0.0631811444919368,0.0532009805431685,0.0481841942178048,0.042508494797593
0.2024925735861732,0.1137113875981715,0.289307102474959,0.0597527157956029,0.0544997553188185,0.0547701248829923,0.0574581194954397,0.0501437244184036,0.0829426363193338,0.0349218601057675
0.2086095330613699,0.1178606292986301,0.3059012282610413,0.0405545823584039,0.0363664033860556,0.0497204311719005,0.0517395992265101,0.0467750890139013,0.0785422689979314,0.0639302352201009
0.1943085497610499,0.1128503564009666,0.3465823826031294,0.0549328653527636,0.0494635569989514,0.0459521065642222,0.044976716216225,0.0470977349588142,0.0615538730551685,0.0422818580845226
0.2007460829552302,0.1182376100863484,0.3072899339114677,0.0658322427809971,0.0645999346469179,0.0442147677366086,0.0386382219266465,0.0444614798060883,0.0781981083559572,0.0377816177898349
0.214755534903551,0.1168634314853491,0.3050246795721604,0.0400721544634668,0.0762843529760771,0.0495417073038011,0.0401108872946309,0.041107255602769,0.0819526679672914,0.0342873284265616
0.2170913840502435,0.1087407365547255,0.3431341542568497,0.0547509381337972,0.0511140808886843,0.0478125412703091,0.0392449985890292,0.0423602616116961,0.0531844806724114,0.0425664239684296
0.2208053290806054,0.1232479199900638,0.2946330985552064,0.0407105544768405,0.0383828956162502,0.0580945878328961,0.0444731118395628,0.0491731696733956,0.0802481404326055,0.050231192498299
0.1995086961131367,0.1216118219437692,0.2738881937166492,0.0572736118385828,0.0528731702961431,0.0513978163381059,0.0544311561803375,0.0678067762682574,0.0702346625642991,0.0509740947357172
0.1961365262299264,0.1271192572944904,0.2619666041883728,0.0508538860878087,0.0474029212825623,0.0607979603170754,0.0545235034247692,0.052947663705585,0.0716388522265009,0.0766128252377114
0.1975071465044532,0.1212680640527167,0.2654496890256879,0.0724271013672656,0.0466910884497478,0.0534684169711498,0.0505373065017044,0.0590650572770306,0.0993359470563753,0.034250182789048
0.2027246444150221,0.1250825419393143,0.279504211795269,0.0402255809839412,0.048579545112228,0.0471499189940592,0.0480721918685777,0.0465494811786021,0.1057470614670999,0.0563648222407265
0.1857921199087716,0.1222065559700895,0.2468441695377481,0.0435390498756343,0.0477147167618742,0.0525850508820995,0.0533890114985448,0.0581658679045675,0.0770727810425957,0.1126906766128176
0.1941773536035653,0.1236193563362328,0.2619531743236432,0.0475845185196174,0.0546942757628598,0.058816244707239,0.0537660485003207,0.0678992253317864,0.0966786415754617,0.0408111613333878
0.2058457492460553,0.1250487970249812,0.2763904112159375,0.0497399823112189,0.0502302648758575,0.056118072322332,0.0635875397644148,0.0538802985722375,0.0808379928711573,0.0383208917902821
0.166177930360762,0.1074519264564755,0.251477434192454,0.0529310655985992,0.0504453739248764,0.0646945751438557,0.0626087494631603,0.0601950738582965,0.1008899786085417,0.083127892386784
0.2180306368097213,0.1448320751304197,0.2718872476382908,0.0501515243426101,0.0502540210439104,0.0559787730338037,0.0489444582948277,0.05195195835277,0.0638353032659533,0.0441340020813967
0.1843392808805617,0.1282055791846975,0.2378571628638824,0.0457835123954693,0.0459197843005956,0.0585484272597287,0.0602692228334233,0.0540752815930264,0.0571187281955319,0.1278830204870994
0.2019122599057877,0.1429700009885585,0.2310801793657897,0.0472330540893672,0.0460476487611607,0.0529745990772434,0.0585532244310573,0.0491423274537444,0.0627532323976276,0.1073334735238603
0.2319093531715759,0.1677312758173167,0.2430518874200304,0.044404922150745,0.0444525818555008,0.0571002523760507,0.0524451864057914,0.0445447318489582,0.0491158701089247,0.0652439388392522
0.2064545032921827,0.1472005818620045,0.2193917501939831,0.0382627273259369,0.0400294772881385,0.0539979582002176,0.0447192258630004,0.0505020213224524,0.0642329666024858,0.1352087880442332
0.2059856318987615,0.1427388278090796,0.2413180757745084,0.0427553432374529,0.0428812540817597,0.0504334399872607,0.0509454008592972,0.058043320555518,0.0583426743178183,0.1065560314726868
0.2040138143486299,0.1378478231670699,0.2683604918808563,0.044802000770412,0.0453649754837119,0.0614959124315865,0.0564267009884174,0.0571346259490171,0.0614465349814192,0.0631071199926379
0.1983398169899664,0.1315886739326903,0.2611206476984975,0.0398949662466247,0.0423202640823816,0.0518177877970041,0.0616243340180431,0.0548752778840901,0.0436570915009067,0.1147611398441698
0.2110378027277213,0.1367151693585309,0.2743251582806548,0.0440309842494169,0.0435718600129887,0.0440639480788744,0.0484439181186271,0.0493532233709833,0.0522543255335367,0.0962036102627387
0.2058265765589585,0.1315144561940371,0.2914028035977173,0.0466997161290111,0.0481557554115552,0.0557605941156665,0.051979425901192,0.0530475866958202,0.0583222962170239,0.0572907891726698
0.2119108619847474,0.1391586727821723,0.286500756607611,0.0466002669217835,0.0476901085359878,0.0571884079862993,0.0496911480511859,0.0505614678701936,0.0553987617292657,0.0552995475243634
0.2247987142006912,0.1423121357641313,0.2951379652724016,0.043056593481887,0.0428242445664566,0.0508818119417205,0.0608142775314959,0.051435428555276,0.0456719278901811,0.04306690078975
0.2263252760229625,0.1481820316984332,0.297941896110357,0.044333676316907,0.0433092528278966,0.0472770679591135,0.0422451258701031,0.0466484248644381,0.0544636130089438,0.0492736353150285
0.2241257624086057,0.1535200410319709,0.2755682588012776,0.042860444246235,0.0435049494190141,0.0534734985644674,0.0612974902831665,0.0547886842412214,0.0431973332130624,0.0476635377848955
0.226212168802711,0.1540244354148877,0.2925413709977481,0.0431671867607495,0.0421017950601055,0.0438941514884159,0.0495239556420801,0.0495239556420801,0.0492608753483003,0.0497501048369449
0.2272632401255283,0.1581635228385971,0.2875921904052315,0.0423113723468116,0.0425743911217759,0.0540046771358432,0.0460690868508995,0.0539298182488943,0.0446055727991633,0.0434861281212418
0.2246737280475254,0.1606963500451304,0.2831580922426472,0.0436595401258385,0.0424788854085623,0.0461870074985388,0.0460882948041863,0.0507335369084611,0.0423038005064278,0.060020764406634
0.2201193940942208,0.1535239095115869,0.2738581353693065,0.0433445123957882,0.0431215257352521,0.0452683698035706,0.0481942520472989,0.0550468708769132,0.0544691952483849,0.0630538349114653
0.2358491208497157,0.172053120289457,0.2810605376303124,0.040490777851733,0.0407231476699403,0.0510501312682388,0.0431148353426179,0.0493362244169632,0.0432526449721541,0.0430694597030474
0.2404913304460955,0.1652716242647271,0.2972531421247343,0.0389336946580847,0.0385897589637799,0.0424163261200782,0.0401071554799944,0.04512662554773,0.0408300058274632,0.050980336561768
0.2443095657527697,0.198195356974634,0.2648738188578647,0.0421285867818685,0.0382952680623835,0.0381507074456118,0.0466795871551676,0.0425051200589356,0.0461804919608573,0.0386814969444043
0.225660380422506,0.188893634111582,0.256115354901427,0.0370586253606156,0.0373049188058712,0.0419259566782063,0.0418665809707941,0.0374822796900629,0.0497239777173814,0.0839682913362151
0.2454089261858895,0.2129157529966307,0.2638571832751598,0.0377744585301111,0.0380946599795032,0.0381829660597112,0.0410422045960276,0.0419151761689472,0.0389829147470073,0.0418257574555664
0.217052598162931,0.1839565424792028,0.2534789655037174,0.0536070126267841,0.044039201341799,0.0510541479966831,0.0472291877936769,0.0441475486069776,0.0580358779836455,0.0473989174982276
0.2085460004127625,0.1864494620748507,0.2317336956868997,0.0451686613591391,0.0501651526816218,0.0449437049830349,0.0445405147083754,0.0446541359395064,0.0575999201727659,0.0861987519746174
0.2178080526452243,0.1943414856982462,0.2250661093509641,0.0512525408677355,0.0436578744316555,0.0436387420178449,0.0457826343339519,0.051704833178088,0.0659543505722702,0.0607933768977221
0.226253053955984,0.1993244977035134,0.2391988920388415,0.0517171372584057,0.0497725370797687,0.0451312885856484,0.0452565325345862,0.0451656774695075,0.0470571042447205,0.0511232791225135
0.2273492522223418,0.204253898665757,0.2439037621726609,0.0479777262209277,0.0456891656532137,0.0412853085576099,0.0445451279662872,0.0412743334830878,0.0570722305709606,0.0466491944812002
0.2289555238867991,0.2050403535828343,0.2447576911056131,0.0412104149491385,0.0516814351589703,0.0418297849418297,0.0406142423739146,0.040464237051861,0.0583664532311076,0.0470798637120948
0.2389926079267351,0.2062755184426274,0.243710802322293,0.0469288304366033,0.0539653146946635,0.040279642507598,0.0402279917165797,0.0463206154252652,0.0417774427879186,0.0415212337339158
0.2225067913780596,0.1855137710538782,0.2385201907510536,0.044579362404412,0.0531155467370457,0.0460843594658902,0.0423179479698726,0.0422001433315072,0.0576686621370381,0.0674932247651616
0.2230341754817153,0.178422716956602,0.2438105662846479,0.0413515692543661,0.059210543366504,0.0377570978034215,0.0370920714711811,0.0371394198933854,0.0615652765761036,0.080616562906733
0.2315354354192149,0.1705114241017375,0.2838160915522103,0.0584552795457558,0.0425885102624981,0.0389655195021165,0.0391883744536821,0.0389320741884399,0.0570531777599851,0.0389541132087509
0.230936556194728,0.1736292335139837,0.2803618032562308,0.0561613025536104,0.0568042108856133,0.0383053114281311,0.0390439425769198,0.0384214886285556,0.0418497275189336,0.0444864234377751
0.2177929609060843,0.1705980476008608,0.2806797280897101,0.0640847593475045,0.0494445095572135,0.0400078519747724,0.0401829053803089,0.0397731354905435,0.052395409001694,0.0450406926456138
0.2041028407709053,0.1523686014201944,0.2842495844654991,0.0663556615400084,0.0596871730358376,0.0444612681542874,0.0447137364021949,0.0440400876971079,0.05409678019693,0.0459242663107271
0.2113239692052228,0.1551383874659133,0.2757114224160732,0.0672966224017405,0.0685791063757052,0.0408906237115118,0.0404109533984495,0.0415199076099334,0.0572660986126273,0.0418629087970397
0.2068642562510859,0.1490601775976773,0.275079434838522,0.0611810353315572,0.0605714826438657,0.0404266978155896,0.0411903292918438,0.0401571688561346,0.0689160127114804,0.0565534046564556
0.21633471512818,0.1649940748769035,0.276213146336434,0.0602474371400044,0.0535971858768348,0.0394010009321379,0.0420982489947161,0.0406183315750837,0.0668929187412342,0.0396029403927896
0.217753458660258,0.1697674468139471,0.2592981129165787,0.0759538025537028,0.0495838542354841,0.0391970806902338,0.0389735731881434,0.0402325990255908,0.0495117944616677,0.0597282774488876
0.1988248198473658,0.1538104470864208,0.262394312095438,0.0775542510055456,0.0656685362961445,0.0444740359758931,0.0437205228685787,0.0443183256605676,0.0651559690676934,0.0440787800900451
0.1875663763520779,0.1499653416227271,0.2437980032921393,0.0707028838516551,0.0835797874227844,0.0429663547028388,0.0416191791896808,0.0420801058247565,0.053803453943253,0.0839185137921146
0.1852419754548345,0.1489903844043335,0.2554745562236428,0.0795202915636572,0.0846865562280485,0.0426050924033774,0.043377197300788,0.0432921504420068,0.0606829358788393,0.0561288600944535
0.1717554842134164,0.1502265895473916,0.240931113837709,0.0842658304513918,0.0939296273052994,0.045686318104089,0.0450340218830338,0.0450743855044424,0.0672495188683477,0.0558471102784852
0.1812640588702135,0.168061483702726,0.2219845889037059,0.0929291351148252,0.0735218277189179,0.0486511900980944,0.046780650884115,0.0469246306414753,0.060701720491511,0.059180713567743
0.1714498393150884,0.1658884575641684,0.1989032264935925,0.0919946824053839,0.0993509376659418,0.0487832363566202,0.051096954807005,0.048162227724528,0.0685671497636657,0.0558032878971184
0.1639086274534169,0.1591049238190325,0.191384424057677,0.079690642429978,0.0826804613095732,0.0454620883350036,0.0440925749228009,0.0438615558026982,0.080316379502498,0.1094983223610481
0.1809368489552039,0.1703712811873639,0.1972955251961204,0.0763686001784081,0.0985777458007656,0.0482688341612797,0.0470017274259322,0.0474898996416576,0.0572139260135527,0.0764756114332598
0.1746763715197773,0.1602243441976458,0.2134116111016506,0.0894995078036511,0.1118460255812491,0.0450831549882748,0.0457400936323703,0.045506199788957,0.0480923317547523,0.0659203596254023
0.1836539482998354,0.1776504431073622,0.2188711859227927,0.0752515190614856,0.0916957975219134,0.0513424266184415,0.0495990238344873,0.049435893217646,0.0539910453060426,0.0485087171030108
0.1909575261437985,0.1706999494479357,0.2028257170147699,0.1138417403069348,0.0850847204152032,0.0442093328468313,0.0439604319103497,0.0438354401975421,0.0536153118005802,0.0509698299101295
0.1814190387430523,0.1606389554256163,0.1909463856106515,0.0938593430817796,0.0993821809745738,0.0403369505412944,0.0444937269715534,0.0434743220545361,0.0761939726157017,0.0692551239755566
0.1838166195293774,0.1725970598270443,0.1884738686336029,0.0889061540892915,0.0880778579328869,0.042623194071592,0.0458022527915454,0.0432005160904995,0.0488544934128346,0.0976479836152738
0.180420363321016,0.1680873243350501,0.1854232041050456,0.1033946049806608,0.1092724983425373,0.0497586899993608,0.0475781110900148,0.0493336606310398,0.0619604829038638,0.0447710602850459
0.1710884708202119,0.1551697704729183,0.183312790700474,0.1500891593089183,0.08303421851255,0.04518629258446,0.0498777532187135,0.0425723327465944,0.0650552249768264,0.0546139866523668
0.1634938566150215,0.1612606344310277,0.166820409298042,0.1138128550135962,0.1225811013561029,0.0435435309375728,0.0446565579109009,0.0418537826267806,0.0665694174326997,0.0754078543723616
0.135810123027543,0.1244785026152041,0.1720502689362932,0.1245484635358064,0.217877692097051,0.0385881501453832,0.0391462060083223,0.0382105387389679,0.0422811936944474,0.0670088611956536
0.1656230538324095,0.1516077943039394,0.1854842093221826,0.0950182907422847,0.1432392456769382,0.0506366022112409,0.0488748618587081,0.0490329969133359,0.0634300089657288,0.0470529361668342
0.1552409140603806,0.1371378742342794,0.1751739129439063,0.0916219482624812,0.116626343159636,0.0518503791468094,0.0525994745028153,0.0528175543454926,0.0629853101209912,0.1039462892164371
0.146214815994858,0.1417276536550062,0.1534868886960207,0.1198119779843492,0.1318008467761498,0.0465273733400396,0.047953087859783,0.0481058296509944,0.0600686544811386,0.1043028715555401
0.1309316952895527,0.1273183567503933,0.1208496953592739,0.1421634605160425,0.2153731834815818,0.03424277792759,0.0338489406488029,0.0360364591804264,0.0399088366173195,0.119326594224444
0.169222105848566,0.1529414468147394,0.1503481406122926,0.1190531881187093,0.1206695762052132,0.0412801305069388,0.0423034324447621,0.0419197031548607,0.0913509405207274,0.0709113357678982
0.1914144425179525,0.1685823743701053,0.1840704628748221,0.1284185282097235,0.0917514104061887,0.0416178084698259,0.0431081017051087,0.0437861396587427,0.0508688983116834,0.056381833470326
0.1640470889325662,0.1442952204797678,0.1672444693932667,0.1007114441487531,0.1409099080196708,0.0389330116428847,0.0411333863524554,0.0498990028030311,0.064378834807293,0.0884476334151167
0.1579002847097294,0.1335134681841597,0.1656688765605337,0.2119726018660803,0.1035234316982005,0.0343628367085606,0.0385217325185089,0.0360581072855804,0.0520631361917215,0.0664155242723973
0.1535731162350913,0.1399450100393592,0.1504068711849083,0.1400488764898297,0.1388164649337214,0.0380529611004272,0.0396680716646071,0.0455589348262105,0.0648605141066127,0.0890691794142208
0.1454554547163978,0.1219024593238799,0.139287529999442,0.2164931426887459,0.1226901919739261,0.0375440391528771,0.0389053001119423,0.0379045396309105,0.0527476712318155,0.0870696711655946
0.1433191496243673,0.1299005911104842,0.1143046872347917,0.1366346590374189,0.1710537332377108,0.0374841820652679,0.0346595133709038,0.0418195347203317,0.0675717838120259,0.1232521657821256
0.1398790578419834,0.1406065853084436,0.1043967795508758,0.1842575505007924,0.1350234911039118,0.0481180959820784,0.0445131999009349,0.0463469622649082,0.0637526068172876,0.0931056707228946
0.1217964182504438,0.1152329629960065,0.1004323431304736,0.1774415197235205,0.1725109645852262,0.0480876168384859,0.0437649838512301,0.0564348226725899,0.0558741140558892,0.1084242538903178
0.113682505899002,0.1016605905314039,0.1112469238764614,0.1739569544565703,0.2065101356991911,0.0380966553935711,0.039318551104048,0.0372241504691381,0.055332702182785,0.1229708303829742
0.1293196884174841,0.1056986837687207,0.1417048485481077,0.1152394272898318,0.2133807439852013,0.0545508225030677,0.057631714224123,0.0464473599823989,0.0594703503773631,0.0765563608977393
0.1281448953983189,0.1014781790292184,0.1433540208988101,0.1443094674083544,0.1536360362201695,0.0433489939208139,0.0551104414864321,0.0433348857693043,0.0471480342363416,0.1401350456267429
0.1115834503849872,0.0883173580962847,0.1373345612895975,0.1731361487053439,0.1441774183822221,0.0521362072980107,0.0507405016458709,0.0634467919211876,0.0993110600106763,0.0798165022601738
0.1212967607556002,0.0967186894459447,0.1378830500352442,0.142105460455112,0.2085719147434887,0.0596024748412881,0.055834484392297,0.0584284452015525,0.0751774844058346,0.044381235717362
0.106213644949485,0.0796935902594304,0.122001315308253,0.2108677497861114,0.1663304222776584,0.0574834109569148,0.0525744236806598,0.0561655790212537,0.0754824622265714,0.0731874015275871
0.0881865079530187,0.0631260531667758,0.1144375658473621,0.2731042811600765,0.1364576053545168,0.0648460951391496,0.0538350858213933,0.0556547007948917,0.1033133501840937,0.0470387545719459
0.0915013866340704,0.0690588467134749,0.1061776062966131,0.2217961802098534,0.208367602734377,0.0598984941654727,0.0471780387454384,0.061411142914798,0.0618601246725658,0.072750576907291
0.104253391230545,0.0785560926622277,0.1317780689542916,0.1495365134697524,0.1257475628802333,0.0718900022226981,0.0683369593537806,0.0714897920168282,0.0845599871429063,0.1138516300594904
0.0822157678182443,0.0627042672527161,0.103375462536401,0.2115982201928968,0.1988976938834917,0.0536944098571147,0.0557723471670274,0.0586563216338927,0.0793959590023618,0.0936895506498374
0.09456687652351,0.0702790785841225,0.1291610090421317,0.1997610010091601,0.1762405723346887,0.070750381258042,0.063823733596123,0.0645699369238625,0.0640641620674741,0.0667832486531945
0.0700059769456142,0.0518315098685776,0.1011519481733442,0.1676947866395181,0.2785720817046794,0.0620794482064722,0.078681677012753,0.0765214684859797,0.0616104189552721,0.0518506840003115
0.0910100667023053,0.0660101222621544,0.1220439710322413,0.1432086968960421,0.2070628955049586,0.0908851648184018,0.0703409766252947,0.0812781227292263,0.0713479376373793,0.0568120457839823
0.0830296836598795,0.0578205448885102,0.1219340164706545,0.1797606358969244,0.1934367296268527,0.0623221390393802,0.0597653746832528,0.0570976140419346,0.0531753359841415,0.13165792570175
0.0949928345410132,0.0521705490623976,0.1727771074368649,0.1361226267181157,0.1361846953100864,0.1401142206511324,0.0664860767817566,0.0692990346579035,0.0544823461800539,0.0773705086536709
0.0876865672887195,0.0577435013153376,0.1568686162278854,0.149317768045374,0.1641032805357663,0.0960127191062224,0.0659592511142117,0.0769972642697007,0.0878580377569281,0.0574529943315906
0.0758739010855712,0.0489309928609889,0.1574374417645477,0.1550323539181096,0.1646299067044957,0.0941536228724639,0.1041027914521458,0.0606008034059501,0.0653828326884318,0.0738553532403084
0.084198023463726,0.0554092119605879,0.1847065999379762,0.1582722917572654,0.1518128196480237,0.0807115382216343,0.0681604313823817,0.0702432765890088,0.0901653356651134,0.0563204713664348
0.0870527582675534,0.0516453489476532,0.1859581025309214,0.1623208355438942,0.1656208852190819,0.0711929082050391,0.0901986009542939,0.062382547561844,0.0727206132334177,0.0509073995289551
0.0864171488478335,0.0502084348903747,0.1754398658994613,0.1420826388338332,0.1201002781237643,0.1042394164586908,0.0647532662912032,0.0799094274156798,0.1001924347823109,0.0766570884496067
0.0949322676536447,0.0537748177861478,0.1782694376297924,0.1608614466169166,0.1689627079560444,0.0633409095290704,0.0765641347187211,0.0693029901821217,0.0642425021542387,0.0697487857659003
0.0902385857556665,0.0610814880380739,0.1534507675641314,0.1519002201847801,0.1381428710179354,0.0830917073840369,0.1261136395117414,0.0885328638273365,0.0583147869929131,0.0491330697162986
0.0793914258733338,0.0487298242654353,0.1469881879906223,0.1252532512748813,0.1944114828996658,0.0635657039846957,0.0976979594443196,0.0884250637067623,0.0557480270375554,0.099789073515844
0.114826399361106,0.0731458845302086,0.2042481690956367,0.1026856183372596,0.1158922050337379,0.0928958503395528,0.0735593073057629,0.0646202914476637,0.0893410842383555,0.0687851903032508
0.0947130044230917,0.0565857770103587,0.1755409719832275,0.1590359910929657,0.1042612561415438,0.0689986805897138,0.0757536018704224,0.0927826538448633,0.0750184055526651,0.097309657483928
0.1086655279314643,0.0618250840819233,0.1888138299723802,0.1131310736262835,0.1376260156282744,0.0797604791054702,0.0995643621843983,0.0712660457369804,0.0799181883405393,0.0594293933838709
0.1050667562593641,0.0604510021850801,0.1769005909879161,0.121032097757855,0.1226223060924828,0.0822657985340953,0.0773100219506037,0.1203427945478442,0.0637110361895108,0.0702975954877232
0.0948879771941382,0.0543876490914188,0.1664257784013124,0.1074545627036911,0.0896688375156586,0.0873373272688448,0.2029383960975803,0.0710535613268992,0.0747756239209005,0.0510702864724569
0.106203857002381,0.0706377882781904,0.1710837432827655,0.1009535091957446,0.1153408461124394,0.13764645040405,0.0694765190756618,0.0741234206465614,0.0810006234924011,0.0735332425019448
0.1227136863822308,0.0883945447461753,0.1799705468214349,0.1021033706153615,0.1007414029676155,0.1143159325027417,0.0625012603688287,0.1165669937430846,0.0540259886113127,0.0586662732337287
0.1158700306144489,0.093535999738715,0.1562294744255037,0.0923277219439488,0.1054362582520049,0.0673725779613694,0.1613617063427275,0.0729919692651546,0.0771547020261259,0.0577195594223024
0.1061257253176085,0.0781155764421172,0.1618451502571682,0.1178720746670914,0.0920874955018854,0.0950494076177525,0.0834727337516711,0.0932418596928411,0.1117225316762067,0.0604674450678377
0.0986297409739786,0.0812612927757397,0.1301087843689636,0.0915086509995291,0.0885820473504039,0.2006031123767697,0.0895732994948802,0.0770186928806084,0.0815327483438426,0.0611816304280032
0.1168697249299458,0.0983032913148369,0.1425285593271378,0.0893763350489768,0.1068417568136915,0.0804086364401097,0.1125387910740674,0.1178260433413908,0.0767455223769543,0.0585613393245527
0.1148705897429341,0.0987243370371692,0.1390234033989328,0.08213404149627,0.098303218071561,0.1275557997141064,0.0950396473647717,0.1129309364356392,0.0659835855170785,0.0654344412138233
0.1195050756894889,0.1057221203009826,0.1298497081750815,0.0907242179532743,0.095505561480636,0.1236813314672838,0.0906358569732964,0.1145171984194837,0.0587332746917637,0.0711256548407535
0.0997541215221822,0.1044019947788963,0.0970142346051839,0.0832023312748839,0.0814418237729102,0.0798415306062581,0.0812838782125714,0.1357293499345535,0.1095286386659818,0.1278020966185486
0.1066727766867785,0.1147013584995807,0.0993790803671514,0.1222251605477539,0.1040531274573135,0.1440007270337827,0.081905099593334,0.0967785908634991,0.0665527179525966,0.0637313609893269
0.1104811961714651,0.1039462238833924,0.1120975673473662,0.0816329575911962,0.0786206359698276,0.1045233171093458,0.1891963616772197,0.0744563850669653,0.0676902373634283,0.0773551178115903
0.1086653924642358,0.0976081064456905,0.1174314521601478,0.0822541684290018,0.0868317909573096,0.1041353873755698,0.1313342961324649,0.1231141931084897,0.0750082404314494,0.0736169724873778
0.1053125800760365,0.0864257948816654,0.1051271901687389,0.0946441110046901,0.0896752434334015,0.0794863224012838,0.2162906647279498,0.0955480529861406,0.0637667906837945,0.0637232496276944
0.1174932590884104,0.0967768515406181,0.1183618205194465,0.0805417882891397,0.0911660419126858,0.1533670837758861,0.1385316246872536,0.0819714509825767,0.0620439314212785,0.059746147774327
0.0978267919525089,0.0759609237721841,0.1068228737408289,0.0736282070709817,0.0752802490974376,0.1533333616300208,0.1146836237247977,0.1748775837045829,0.0665699831113297,0.0610164021870493
0.0893612819349212,0.0714649498118112,0.1023174046644219,0.0741940364522462,0.0949534648239029,0.1365251384984468,0.1619257166288446,0.1013776274856294,0.0746470456742943,0.093233334016298
0.0899918220280275,0.0641671394274524,0.1165066845560815,0.0634019706363981,0.0663353675976667,0.1448689561489979,0.1140517871775473,0.1856614347522381,0.0653018685049306,0.0897129691616666
0.0916655923067241,0.0813257782313735,0.1025179619884641,0.0795610246792184,0.0754364092104874,0.0982157654308254,0.1349641172552667,0.1325582628331774,0.0850107375118942,0.1187443505432842
0.0992856796954479,0.0938932717906714,0.1019878829064378,0.0811110701797807,0.0820411908353198,0.2010672437556316,0.0961272219714757,0.0935574481334057,0.0719502680890646,0.0789787226340706
0.1162929728907547,0.1045088293230472,0.1058276627141573,0.0694642085847497,0.0766052344546211,0.1326536449828479,0.1155148654148549,0.1112862503320504,0.0791631454858547,0.0886831858079105
0.1083679816523106,0.0977809187686098,0.0812518467277464,0.0642918742479287,0.0665405284445144,0.0867897145084765,0.1174740943434561,0.1117168627644113,0.0693947526541522,0.1963914258800497
0.1071473794382417,0.0885148658445648,0.0919700873600449,0.0664700535209562,0.0649867169861258,0.1248312838618422,0.1085369137639335,0.168851101062716,0.1016887568429643,0.0770028413098314
0.1212098826607475,0.1037258727309929,0.1056413529515287,0.0715725547006608,0.0691928004553625,0.0977866441735446,0.1380264711227403,0.0898327643286126,0.0935011635573548,0.1095104933084856
0.11255063025974,0.0910315888428523,0.0978024320986161,0.0661637865254563,0.0788098535543522,0.095942576157931,0.1615379090908748,0.0976600524243302,0.066049981694314,0.1324511893420054
0.1051134557612463,0.0765820389766239,0.0932742010898186,0.0556962998621225,0.0577121906479469,0.1626455187335087,0.1573308388903064,0.0886699300583182,0.0668566107648352,0.1361189152072661
0.1156904155977125,0.0846501238377464,0.1086140520073514,0.0801576350667249,0.0800770891898501,0.1072416328453022,0.1272368839830517,0.1268255354107361,0.080433540568459,0.0890730914817448
0.0882369489043716,0.0714192370248185,0.0887918547689754,0.0727463537821548,0.0716007901153246,0.1518471795413903,0.1217444717693342,0.1363945090254538,0.0710430530443054,0.1261756020136422
0.0796468603471949,0.071805562356236,0.0730016845143722,0.0713839222827417,0.0728958378512217,0.1738167049001064,0.1261592043302505,0.1667443695352442,0.0708016290838777,0.0937442247885452
0.0626183668527214,0.0640172352559154,0.0682766215374732,0.062148882092363,0.0659701561622303,0.0914266727309759,0.1362749508871804,0.1061765843440171,0.071857310287718,0.2712332198404679
0.0868953632770974,0.0776346967478261,0.0856095937369492,0.0769599526588199,0.0774832326106167,0.1775111497596943,0.1429960973537043,0.1134516631644934,0.0768786982382044,0.084579552441515
0.0716722666929997,0.061314281794212,0.0638291645877343,0.0624262269190383,0.060973412162925,0.1092458106498913,0.1315387032965664,0.1474908077006337,0.0612963627135813,0.2302129634736831
0.0810151579570234,0.0643090869620219,0.0661735633485507,0.0628028160435133,0.0644290839860908,0.1552628447714173,0.1785314925890078,0.11292343964417,0.0648181622968824,0.1497343523922795
0.0699892757143103,0.0622431450558716,0.0611732657151515,0.0614366771485517,0.0614176655807055,0.1258455483418389,0.1540532690044534,0.1756789524654545,0.0807102463167847,0.1474519546480515
0.0729067447930915,0.0770308477592229,0.0733921346307832,0.0750097132911145,0.0746997555358311,0.1392473994152447,0.1339778295259353,0.1094022895180653,0.0737734126451505,0.1705598728750573
0.085894087739337,0.0919946969186623,0.0859166779993861,0.087154016761721,0.0874271659159776,0.1264776259703467,0.1357700552030846,0.1107590813990503,0.1025859789203445,0.0860206131597096
0.1029572790238366,0.0713001274136914,0.0926618994308344,0.0732467511108416,0.0733156813757565,0.1240144413274136,0.1044884718726515,0.1589878814296963,0.0716176149898916,0.127409852015101
0.0970678222731223,0.0630062103637634,0.0984617041315838,0.0627348042050614,0.062435675081623,0.1434926134116178,0.0810616203261996,0.1826134907701436,0.0966640896597067,0.1124619697685682
0.0819681870056411,0.0612614676936906,0.0755734442697954,0.067201520796956,0.0666936610950405,0.1880789514629816,0.1564464965941888,0.0904652373788933,0.0627848076669237,0.1495262260270572
0.1050654966152303,0.0708091910609566,0.1092698781341461,0.0686568003498568,0.0687201677581041,0.1129611204923552,0.1161537319070451,0.1068766591861696,0.0766217938647739,0.1648651606218106
0.0986653912331488,0.0689628125738097,0.1106351675903262,0.067056257422682,0.0671711509376023,0.1759169882655492,0.1575650690293805,0.1127988913656134,0.0659293504363142,0.0752989211363871
0.0878022499024641,0.0646295296321696,0.0996216834795592,0.0695165235355615,0.0687869437009771,0.2368046269703509,0.0955356999554901,0.0869670293577517,0.1062201512912216,0.0841155621651431
0.0908942823091172,0.0683873279298126,0.091873956811962,0.0751092085084889,0.0739558661196865,0.1263404500486089,0.1054898211621739,0.1153583622692081,0.1233697220273663,0.1292210028037071
0.0941729232310017,0.0741089001443607,0.0967226328452422,0.0632361749679277,0.0657528680850503,0.1360107031881866,0.1526060002771634,0.100966633924033,0.0693889312127994,0.1470342321156706
0.1110235301299515,0.0912872512051685,0.1089106815071214,0.066590681157016,0.0621782744602576,0.0742634138114236,0.093115551391792,0.213320322698655,0.1042087699804348,0.0751015236500371
0.1396816503429889,0.1027903919353015,0.1517776477147648,0.0777691509903434,0.0764810460731644,0.1024785669011154,0.1049590879192281,0.0896902570239824,0.0830534907552927,0.0713187103339321
0.1285842920389411,0.0908646165352609,0.1439792422203989,0.0771376333059453,0.0771638858060392,0.1234179104254907,0.1153698252028036,0.0798729772291177,0.0674876132122752,0.0961220040140517
0.1125915977771295,0.0888975129979944,0.106984254847093,0.0693178664497482,0.066256841760618,0.1651326679188126,0.1024238872702838,0.1502455797851494,0.0564916430166769,0.0816581481683506
0.110929495961157,0.0941431208975187,0.0940772185057514,0.0698851147766241,0.0689131488695524,0.1119526966446015,0.0886819130480618,0.1060154340117825,0.067312053149703,0.1880898041273059
0.1061170612874311,0.0907042976877512,0.0957441715368549,0.0615816784955391,0.0648247628542148,0.0918350863690573,0.113076495443126,0.1089589316700265,0.0607015563800111,0.2064559582679509
0.1140397507718276,0.0900775054348962,0.1126657913567704,0.0644139879200097,0.0671620996339414,0.0739937887643855,0.0780363288089349,0.1390031603861117,0.0706136068066765,0.1899939801083415
0.119831887503254,0.0817742372128912,0.1184926264618039,0.092373497337995,0.0815076720028597,0.1008178270879004,0.1146519518293491,0.0915055494540911,0.0563990757854707,0.1426456753162464
0.1090518930278343,0.0787187749855961,0.1096308220609019,0.0754012685993313,0.0783780438461705,0.0913414807090339,0.0912490606256063,0.0884944386542158,0.0684861149517686,0.209248102530666
0.0912135125601471,0.0643189151653886,0.0979204849074056,0.0878962161213667,0.0918518986059696,0.1119472181556144,0.1286082944104646,0.0678228815422188,0.0651689520525658,0.1932516264705318
0.0877782941561393,0.0557490031713252,0.0994314636246935,0.1050816896482941,0.0673001574531235,0.0876081819638822,0.0972157337595562,0.1011693894010253,0.0711707910408247,0.227495295773092
0.099169518948114,0.060095274812501,0.1096954778400589,0.0721737520096816,0.1052032402140224,0.084665958681003,0.1199735384692416,0.0957825285318483,0.1052032402140224,0.1480374702711205
0.1048552207585121,0.0631917153958219,0.1207333515426119,0.0918549553422325,0.0703893037548876,0.1290245098838172,0.1035373979722639,0.0800350187484044,0.0593241186432508,0.1770544079496427
0.0912908356211289,0.0579246455531069,0.1119647419515137,0.0773622570429454,0.1262463692523858,0.0741387305976378,0.0917984429241054,0.1091845805006864,0.0761286873496703,0.1839607091984937
0.1042682492025414,0.0615243529901212,0.1160212037013388,0.0782921947264685,0.0888672221764222,0.0880861347229898,0.1006211945065272,0.072109743563387,0.0650943096078186,0.2251153947935092
0.0854318610253515,0.0665807856987833,0.107056379115504,0.0888872101407451,0.086989812653875,0.1315486424413716,0.1002544291162238,0.090953976319606,0.066296027863246,0.176000875616212
0.076451294649972,0.0679795488583515,0.0985221752807991,0.0882352797246592,0.1416476939651618,0.1000667680285566,0.0890144639575414,0.103938829376919,0.0983455471710065,0.1357983989779823
0.1075229319024554,0.0696832543612061,0.1054628458697826,0.0858815795680633,0.0806443717867509,0.0832314194701494,0.0974032153182537,0.0871236522133843,0.0744340443154896,0.208612685184429
0.1032090626237135,0.0691015362381886,0.1016715925216347,0.119972317439013,0.1010348074289768,0.080129589176936,0.0830704913604396,0.0940158212503179,0.0741494124115338,0.1736453695404447
0.1011383985783845,0.0646179077560084,0.1030987139357103,0.0915272374084026,0.2213294047015619,0.0853704719480539,0.0761378342669201,0.0995264051098745,0.052602881696186,0.1046507445913173
0.1180630974985114,0.0758480222087594,0.1241018368841787,0.1014593496451726,0.0783563989107742,0.0907310171993041,0.0789991295189108,0.0848011746180157,0.0878900297307862,0.1597499437765447
0.1092220212566312,0.0715811708185672,0.1299130479373402,0.1563986732223687,0.0973136529825817,0.0809470948410304,0.0964866908612137,0.0992713946383651,0.0872671278079863,0.0715991256235938
0.0871862840640079,0.0697421425372089,0.1149151453707052,0.113725969008993,0.1466474807805913,0.0842246973886907,0.0934218660605778,0.0779594402920056,0.0693143984261505,0.1428625760612935
0.0907526415825876,0.0602348401914478,0.1151642430321711,0.1193641542792833,0.0920010351425015,0.0824278088134195,0.0738047810026133,0.0700719233093822,0.0750099981168221,0.2211685745211117
0.0907874053207892,0.0593358895180457,0.1176884738251504,0.1993620734679283,0.0955570002761582,0.0725503970162863,0.0725662528879365,0.0649131843778507,0.0704724710572554,0.1567668522441491
0.1020838970535866,0.0580089806845276,0.12616523555352,0.0970433040950186,0.1682097196121703,0.0787089361014334,0.0725069771157519,0.0688435667743061,0.0597645435596815,0.1686648394416368
0.0974205242605499,0.0539941071934895,0.1164988595661363,0.1589440224292333,0.1748688592126047,0.0585291637041886,0.0621332202827733,0.1292691975831638,0.051933468631034,0.0964085771295036
0.1089585375388624,0.0664179332238309,0.1241443247963617,0.0990266721085839,0.1638937215186583,0.1150271138371177,0.0720187864724004,0.0746639861214201,0.074738020617383,0.1011109037568102
0.108748299048754,0.0605578381324097,0.1317813560677767,0.1181317717501358,0.137204886786696,0.0755635575456466,0.0764622190354318,0.0847513407137578,0.0655526639094219,0.1412460670012399
0.1201044019201518,0.0614447023594331,0.1464656996549136,0.1702735141838342,0.1387587480482574,0.0718473047431082,0.0741427700299943,0.0652641672282088,0.0618039936043063,0.0898946982190318
0.1319145198241822,0.0694270923661444,0.1666378332784573,0.0931600529335299,0.1190333672347869,0.0738605747132126,0.0716612891022105,0.0668696267203092,0.0691351208073673,0.1383005230114003
0.1320413325771731,0.0678953144475234,0.1762187571200382,0.0911747446500634,0.1052261106473204,0.0677406898710678,0.0597838087923243,0.0659228528887821,0.0535063749088116,0.1804900140892141
0.0914485353744088,0.0447428030978405,0.115756906218384,0.1807354804618648,0.1994224636553449,0.0504483803582845,0.0499959851902048,0.0513210856805087,0.0450625856479966,0.1710657743092763
0.1090441903708052,0.0583095890400041,0.1407883817503414,0.1978875371477835,0.1224840031870448,0.0584681680840856,0.053586895232732,0.0599891985379673,0.0495313974205098,0.1499106392216694
0.1209672582980346,0.0587602685546601,0.1625090821549837,0.1609308894655441,0.0795455035075122,0.0697215719577301,0.0794581573204981,0.0732304109206242,0.0649885730862193,0.1298882847257165
0.0993402861612225,0.0655233041150897,0.1412637938556518,0.148180040193127,0.1132635633202542,0.0707123150564689,0.0710377869326644,0.0716340763490578,0.0693956725229214,0.1496491614844355
0.1109909787145479,0.0596579718883586,0.1441844747297912,0.1773150206673572,0.1161618525888496,0.0672098010190913,0.0650408278307492,0.0673690999385638,0.0685439916589223,0.1235259809551798
0.1082691189156219,0.0521848120537191,0.133597315242884,0.0773394417247455,0.0990360685118302,0.0610665144825865,0.0571638746768427,0.0598804018969332,0.0585509286421373,0.2929115238452073
0.1220176195361524,0.0663377952189036,0.1476307518880747,0.0979788407492747,0.1001418974371193,0.0625453499902189,0.063855975050113,0.0632811034014426,0.0574066973131468,0.2188039694075509
