0.0655961206525065,0.0357802257512816,0.0583758012331715,0.0340640612326952,0.0353402792460259,0.2117350072030683,0.3330449987068016,0.1464221417764656,0.0388766976803213,0.0407646665127598
0.0839421639312098,0.0379727233945135,0.0697953986137186,0.0384531504402442,0.0400583450831048,0.1889336862980134,0.1771119197460111,0.2662489456076971,0.0554237323370474,0.0420599345429881
0.0938776960319269,0.0407117896027032,0.071344392973186,0.0406581811118402,0.0474918629918773,0.1470247899896771,0.2907891720313236,0.1671985013706825,0.0565178950772947,0.0443857188136502
0.0838360891921555,0.0395903177437432,0.0641312511270543,0.0400263826548213,0.0435328405458852,0.2060950025844162,0.1592419638890166,0.2435031752060482,0.0757509011638644,0.0442920758873024
0.1136805060079824,0.0541206548069082,0.0774144251668051,0.05269489443146,0.0593970111279658,0.1768523733924981,0.1654402033315618,0.1523600055884604,0.0897043313217328,0.0583355948170686
0.1106572720666078,0.0487477907970584,0.0757374128731554,0.0480115465157697,0.0563220524830071,0.253765778255464,0.1579935867287448,0.1207531769945171,0.0737717849169868,0.0542395983619084
0.1109145316517263,0.0466249035182319,0.0785261860702447,0.0458864149407605,0.0500083020337278,0.2152995976614544,0.1956208520002611,0.1618281694392228,0.050255555955268,0.045035486722632
0.0849660849722618,0.0371045525610164,0.0662922692170329,0.037963317413804,0.0559531034740055,0.25858809486799,0.1749039744167498,0.1789226795933284,0.0429342434095602,0.0623716800689762
0.0800825391475171,0.0468647528553807,0.0724893668931924,0.0453395223230857,0.0591950561719771,0.1630369544568213,0.1419077388204856,0.2863222811083901,0.0599783439897527,0.0447834442269858
0.1040423442616041,0.0465787620512314,0.0798755099529345,0.0501832176712645,0.0620968132793664,0.1976009528057722,0.1813006519945606,0.1492921089785695,0.0602807548711396,0.0687488841269963
0.0774968143541469,0.0384944924068404,0.0601578263542942,0.0412272638842906,0.0684157066597223,0.1701864661521044,0.1879100097147273,0.1806559074150702,0.0584721411766147,0.1169833718766902
0.1006180845222665,0.0505164652745547,0.0782230162992142,0.0511240361442054,0.0688685847932564,0.189134476597675,0.1915617238635859,0.1391280512764457,0.0726431620879621,0.0581823991336597
0.0899744892480019,0.0481834365587309,0.0723576027987753,0.0541992539985878,0.0711510564402132,0.1680804778876956,0.2126508922487283,0.1278080715513094,0.0996937563443167,0.0559009629167017
0.0929767079639452,0.0454542871684555,0.0747343705102177,0.0464699843449309,0.0857827130433663,0.1938887788065512,0.2147699095849627,0.1440277944173641,0.0528730637821377,0.0490223903715461
0.1108830768262473,0.0541138661087077,0.087069848742019,0.0570876401413174,0.0938509370598619,0.1447589483514547,0.1580106659873548,0.1726753615388964,0.0626977795544081,0.0588518756819448
0.0951411530603024,0.0449137429099919,0.0763301353067781,0.0479303160749964,0.0753452915784388,0.1936179751524022,0.1607209747562694,0.2106413404287808,0.0463662655364288,0.0489928051892069
0.086480883814786,0.0409030939319721,0.0741946863307935,0.0435687299700656,0.063188919763755,0.183117546200937,0.2793596893947457,0.1359179945886732,0.0432200842008116,0.0500483717975734
0.0926712425383368,0.051968673531549,0.0868803346583738,0.0513470014747515,0.0748851953076209,0.2186295757202248,0.1539383741062844,0.1433000269577337,0.0753434726313972,0.0510361030665239
0.0994069726085979,0.0413474120346868,0.0759402743821772,0.0484295024136549,0.0762632469574835,0.1100331800495673,0.2168462738176897,0.1989915701731899,0.0689868787994013,0.0637546887577575
0.0968886862044483,0.045270684416074,0.0976483191976733,0.0498989093101899,0.0827249272989237,0.1671782737389425,0.1409288102178452,0.2076670845307296,0.0659696891387446,0.0458246159398962
0.1140172401200001,0.053157405553575,0.0991091290345209,0.0743556340799946,0.089008301898331,0.1986404477893454,0.1203572483193729,0.1402279700884597,0.0574230481869499,0.053703574921782
0.1087275183410764,0.0542217352347733,0.1032202953894675,0.0650684132776016,0.0871693213730825,0.1566327330810451,0.1327159786017569,0.1845857885918922,0.0556967616243979,0.051961454477597
0.0888979084225217,0.0422236137228277,0.0919222758834939,0.0445695871084426,0.0783929626024722,0.1816748994678023,0.1674261304750048,0.2029689598422953,0.054677225105672,0.047246437363789
0.1085546271925946,0.0401064523872874,0.1018562931234629,0.0449478839596809,0.0877285350462223,0.1712555205502683,0.1476342074296908,0.2063337506493873,0.0459073485055418,0.0456753811501561
0.1180123956448544,0.0474152843200849,0.118303968660761,0.0630174356724956,0.0952040105498762,0.1162065760005146,0.1499371947113196,0.1266639041695617,0.1117427125602073,0.0534965177034838
0.0922532270691403,0.0584499245438563,0.1045562332920696,0.0524497154489734,0.0991639121736229,0.1395742557597764,0.184078841512378,0.1612672181146508,0.0474759448590192,0.0607307272199377
0.1160562504444634,0.0618140967912884,0.1263630049601697,0.0882532142975714,0.094103436355922,0.1125471315499017,0.1206009132549628,0.1556146865093478,0.0668986738928473,0.057748591935759
0.0777761266066704,0.0542942120316987,0.0817074439956636,0.055641686171233,0.0744406383611444,0.2060319744370926,0.1433952532956885,0.1780788204532402,0.0429935421701035,0.085640302471376
0.089020664362955,0.0594924221148814,0.0858713788219789,0.0947618675573861,0.1018710689675909,0.1331410421646237,0.1804907760080457,0.1420649064024315,0.0479392029555267,0.0653466706376627
0.0787312513709021,0.0519598384876116,0.0710006467466497,0.0718354574038565,0.1870828447616801,0.1580418298678705,0.120871967387232,0.146674269206288,0.0653863630255887,0.0484155317358557
0.0779972623951623,0.0466848005902158,0.0706208826362601,0.0594798692597398,0.1207968703311835,0.1290133846221423,0.0928416572887656,0.1938544399889981,0.0540635161310074,0.1546473167502364
0.0901045382747949,0.0583155067762457,0.0782759535353875,0.0720487970917249,0.1256104030867434,0.1915268060313203,0.1244678406726383,0.1101080551774866,0.0625346561587905,0.08700744318709
0.0883211876179382,0.0504192271819235,0.078043886469996,0.0766699607177533,0.1443719867725197,0.1591526834034548,0.120794897103748,0.1103011768533485,0.0659641809270043,0.1059608129452313
0.0810882109384232,0.0515808827318188,0.073735284013363,0.0648741311000288,0.1297180948874867,0.1393471059272083,0.1504403518219251,0.1432837343272771,0.0538908504480667,0.1120413537974404
0.0907066631081119,0.0500875499345194,0.078056635800776,0.0677747999796872,0.1643093957111032,0.1344925115098533,0.1012890401303053,0.1290360983041699,0.1142805055076369,0.0699668000066118
0.1160696786587499,0.0551199873080343,0.0895920321107461,0.0729607748516777,0.1466505138101851,0.1125780081421538,0.1132267995233924,0.1051837836487753,0.0561941929383884,0.1324242290000414
0.1176141467077028,0.0501063501274874,0.0890885951082137,0.1079262382875173,0.1420050878680785,0.1316287369550586,0.119762450114958,0.1312416536215277,0.0514533730601454,0.0591733681423555
0.1031448622714913,0.0446102091654727,0.0788049835968773,0.0684561231212703,0.2092477188474221,0.0929645400277968,0.0907604968522641,0.1143692652016315,0.1012190231522724,0.0964227777572203
0.1072436464328033,0.0431414402518759,0.0753997978336587,0.0740968841508686,0.2216790047490809,0.1204824445026335,0.1140619625176494,0.1068363270667958,0.0407397532822681,0.0963187392064898
0.1595198751404208,0.0575215671956686,0.0941978608760054,0.0943834816802673,0.1309865356483705,0.1086070393214533,0.1238476835225845,0.1023687149995992,0.0737796749596876,0.0547875666489365
0.1557411908005114,0.0551217428247974,0.0946412645239889,0.0715619325764118,0.2141090389036836,0.0856367511484581,0.0856033245056399,0.1183709489755213,0.0642393164151783,0.0549744893188912
0.1272085853786957,0.0526094527401864,0.0852831124301487,0.095713728521558,0.1332599443502439,0.1090101219342324,0.1028562636699465,0.1256707127992707,0.0526892232433733,0.115698854925258
0.1281428323537055,0.0524010557344676,0.0949846907713902,0.1214522674472868,0.117602517162292,0.1027828075141851,0.165611617179188,0.1134591372807589,0.0507865020954165,0.0527765724540403
0.1353707024616597,0.0522993574542673,0.1040698566081354,0.0673488091661748,0.1345300817163366,0.1211111294905392,0.0960015552392663,0.1269034534061567,0.0529614681165884,0.1094035863335326
0.1426257729236949,0.0530953498074031,0.1173701549639996,0.0855159790175076,0.141931919034322,0.110494814165943,0.1298871034287657,0.094916371071428,0.0544869174834667,0.0696756180958851
0.1421244319466255,0.0475345546943604,0.1217892224707428,0.1247337850432507,0.176438951027493,0.0998753622211351,0.0905671166043227,0.0924542352696125,0.0459433732335251,0.0585389674823293
0.1219405152808079,0.0445069357900073,0.1080966626836277,0.062445131755335,0.2815840347555627,0.0969382041127302,0.0838618411068635,0.0830642340361002,0.0599706858692475,0.0575917546034299
0.1300590931623517,0.0480494049839955,0.1136620185407128,0.1089090994972019,0.1849584127048722,0.0990338353114434,0.0832003947318589,0.1168081949325533,0.0506169414671009,0.0647026046612429
0.1254842733092064,0.0416085229404788,0.1056049196166534,0.0943257430501643,0.3063646711353363,0.0811306988751507,0.0753392830180006,0.0890251116250133,0.0411763061019472,0.0399404703224157
0.1175155691971014,0.0418987824222149,0.1039876296781947,0.1203913218491949,0.2955741633956653,0.0814977549549111,0.0807097613471163,0.0754134963726317,0.0413035690545539,0.0417079517225813
0.114657363276351,0.0473333080483498,0.106338219429448,0.1214218179003551,0.1815044308301379,0.1207510606554109,0.0974834440170801,0.0864620269146129,0.0588942354172855,0.0651540935041918
0.1124979796115647,0.0467608179271563,0.112642536013562,0.1602828837024782,0.1514903118684068,0.1017729317646186,0.093433705696311,0.1132575687895703,0.0593342570850285,0.0485270075346061
0.1047577773832525,0.0473951913636906,0.1072042295171196,0.1441135257983518,0.1861492119683883,0.1220765283271602,0.0979666058102806,0.0911685260646759,0.0474228595336405,0.0517455442266012
0.1266269581709694,0.049004473847075,0.1071324938526021,0.0979384898122489,0.22928381306328,0.0950344775049757,0.077153155951085,0.0911700796070174,0.0670861888999365,0.0595698692840337
0.1292296256848117,0.0541332077033973,0.1045109742460984,0.1214146845638771,0.1572965289689836,0.0945558502991407,0.0896409727237923,0.1072057933165949,0.0800685643342499,0.0619437981515459
0.1166442637222545,0.0489111942716735,0.0830673576886222,0.0975667619614799,0.1466954294271903,0.1000925720132843,0.0882057843519469,0.0796509922705168,0.1868088049728496,0.0523568393135311
0.1260704825378293,0.0514084420442,0.0883013179675705,0.088959338431901,0.1185580845051797,0.0853112438279562,0.0929921831221122,0.0818860466675966,0.2176395180888294,0.0488733428000589
0.1300634829373196,0.0473848064844241,0.0861951713611598,0.0820780871342537,0.3355083009745956,0.0684668262674044,0.0671566668091284,0.0733601801283397,0.0669239724451979,0.0428625054524199
0.1413237922043168,0.0578910042905893,0.0961800552835534,0.06660748985547,0.2308970956081746,0.0843394544325028,0.0762234346578634,0.0996448680471666,0.0945613740786286,0.0523314315345018
0.1320436011262165,0.0604643673346273,0.0843276062152068,0.0925949810438952,0.1404735579470951,0.1031901686634562,0.0969479300516675,0.1024178368716182,0.1214379819795717,0.0661019687587247
0.1276472992170035,0.0605167651529617,0.0787057576181064,0.099790983619387,0.1286054368789884,0.0982060788954248,0.0820655746831065,0.0986690123817722,0.1409235084527508,0.084869583092667
0.1250856010144391,0.0601999565795028,0.0786521758716856,0.0822268904152183,0.1477326873851893,0.0932048329143851,0.1069031173338929,0.1184764199357817,0.0546740789861318,0.1328442395559638
0.1011211214193564,0.055147134577995,0.066693332229918,0.1146230454524237,0.235270275683406,0.0807332400000089,0.0776782885010016,0.0768239562041378,0.1276582755696717,0.0642513303546877
0.1100280110351803,0.0717927075287664,0.0771214692189704,0.1094097072209681,0.1411641343823738,0.1197075152467046,0.0969766508004449,0.1310492922737837,0.0732854506110441,0.0694650616717799
0.1156455155510325,0.0688525812069097,0.0778408021850363,0.0836830764842252,0.1453744202829996,0.1096932198742319,0.1056691297978503,0.0902522013867392,0.1349107715560741,0.0680782816655992
0.1289676202168349,0.0657283269378173,0.0671910388771229,0.0838953353069849,0.1300408491292793,0.0821178344708557,0.0808757541509457,0.0814943908807115,0.1472233955265039,0.1324654544949198
0.128797179563702,0.0686492623613245,0.0774380231564474,0.102802968258107,0.1104282313465802,0.0971151638929704,0.0882493103849748,0.1282689321527203,0.0820794303639114,0.1161714985103448
0.1448891953736325,0.0760555003608137,0.0802409300034565,0.0986296591671771,0.1493325809243277,0.1065065920606456,0.0914456280904139,0.0913411594555501,0.0817289459068112,0.0798298086478928
0.178231153445901,0.0828337844425846,0.090826530972956,0.0779707769286851,0.1418498134009229,0.0892857820873213,0.0956322998316939,0.1001445832984855,0.0699487005825434,0.0732765749992061
0.1351009473178258,0.0705013525403134,0.0692210576563249,0.0717807573921886,0.1122117632229506,0.0970952858906988,0.0907803400786759,0.0882222459429022,0.069674455523428,0.1954117944259654
0.1379209097877949,0.0802003807793691,0.0787766024439594,0.0880380671287556,0.1676267436665927,0.0915492361441403,0.1016739728391535,0.1062694751654133,0.0736482011010712,0.0742964109331339
0.1411744787304227,0.0810112321357764,0.076971262030752,0.1033812751877865,0.1237612074926685,0.1094236624264377,0.1010463682616363,0.0867425887882927,0.0900806597477193,0.0864072651880658
0.1493954136768975,0.0829732550989912,0.0811276960040329,0.0810272597906018,0.135061148756562,0.0899590925074407,0.100752516587184,0.1136512413379534,0.0760040952891393,0.0900482809403885
0.1386298631637257,0.075508932696226,0.0748878946509703,0.0988240473517408,0.1419078252308914,0.1003638703106105,0.1015181215048593,0.1056283594420569,0.0948968921951974,0.0678341934439374
0.1373861034670739,0.0684555595513198,0.0761312458100966,0.0676829571077013,0.1173168846123844,0.0969543112357288,0.0792302215683979,0.092187178934861,0.0804527857448005,0.1842027519588146
0.149456982707301,0.072736385382054,0.0868609942103822,0.0828989196554151,0.1335290833699326,0.0927911028031785,0.1006759832334892,0.0921917324416504,0.1211067402727495,0.0677520759142802
0.1624813016183065,0.0768428403493757,0.0903557790511364,0.0771997621322202,0.130620869757664,0.093047073511944,0.0995839653762432,0.09361761303698,0.0737277443944146,0.1025230507616417
0.148094179429736,0.0796281342846099,0.0909240480846083,0.0857357511003348,0.1194505271711933,0.0975370891949369,0.1116073845971205,0.0921353341162956,0.0983538191558019,0.0765337328543821
0.1414246486728157,0.0800573235585511,0.086190646779677,0.077555300697126,0.120868015385568,0.0964907094498042,0.0968612840520991,0.1043931502713972,0.1109396033582695,0.0852193177638712
0.1476967592899599,0.0778568715451821,0.0880740732978598,0.0742491504311877,0.1306295701796534,0.1008491645078663,0.1056894822156691,0.1236955871588461,0.0787395582943204,0.0725197830693843
0.1528299426061522,0.0814860650399965,0.0922259630005775,0.0823399677509181,0.1313100325945572,0.0991219211125805,0.1004173380912999,0.1052392357377159,0.07783807656795,0.0771914574875534
0.157939886738554,0.0874573814509075,0.0891726767696883,0.0844258385692016,0.1287409510805225,0.0980332817754089,0.0993967451943719,0.0945863347219768,0.0782307673202113,0.0820161363680144
0.1678573369360458,0.0819241659928441,0.0918937657893762,0.0778515491563295,0.1082838254205365,0.1053120130716762,0.0895274044087039,0.1012592631168588,0.0764393925687991,0.0996512835285044
0.1853358844838267,0.0811832916558451,0.0944296090413907,0.068227337889954,0.0940450374473013,0.0854622948303698,0.0716881075985272,0.0975511314269853,0.0640120446219888,0.15806526099459
0.2142043374211351,0.0845183415272427,0.1104415567120986,0.0724259067991381,0.0929559621803282,0.0895771349640466,0.0757823715271328,0.083634945722546,0.0932399509863461,0.0832194921502801
0.2217064672892853,0.0864675064245924,0.1125760229536661,0.0651245330757422,0.1053795234294971,0.0728850192490392,0.0774228367742758,0.0728282970402817,0.1228625038739047,0.0627472898806822
0.232643349061568,0.088068166262732,0.1151395498476554,0.066597261725017,0.077997759515238,0.0801362084857551,0.0752006064327815,0.0703163278969618,0.1089463883921848,0.0849543823707094
0.1889403845162379,0.0796338759237158,0.0890558661722667,0.057974147185362,0.0727109960577666,0.0829270429390422,0.059766702467492,0.0672741334499125,0.1712417827880902,0.1304750684917763
0.2185661836931636,0.0944051044760764,0.0999235270021116,0.0666315712829827,0.0933742673539174,0.0645687297579479,0.069942206203988,0.0872481932563565,0.1408236859752029,0.064516530988943
0.1880600487931677,0.0830824019980955,0.0914682217386699,0.0641050099004005,0.0857667303142604,0.0743710532413227,0.0676142873068827,0.0629267501400276,0.0839534246536878,0.1986520719044061
0.2198254430836979,0.0885220211694334,0.1064782390576079,0.0682856413309954,0.0848848855749313,0.0851786422561004,0.0667856738177523,0.0695790770382333,0.0716054464653292,0.1388549301962816
0.2068068564504299,0.0863555434140307,0.1081423593589296,0.07084350493279,0.0868020916471343,0.0791920987445281,0.0843215531358465,0.0709388989431751,0.1010681759213587,0.1055289174415789
0.2061591468125545,0.0853578934041865,0.115404717323072,0.0724781985452685,0.0777132011284172,0.0834730783994544,0.0833105125837942,0.0729880711578093,0.0864769613972038,0.116638219237817
0.1835029815496407,0.0708494028447877,0.1098231027809018,0.0682735324484587,0.0659787472645987,0.0764081297669948,0.0694429478963608,0.0711280399086752,0.0746622615360825,0.2099308539943787
0.1940303162601037,0.0834754336673902,0.1225638881067912,0.0744661831979957,0.0740085850949176,0.0740252790828583,0.0741719985381998,0.0797322450820058,0.118748500043089,0.1047775709159721
0.1965938575202293,0.0838773272546907,0.1297252624805292,0.0793381821522102,0.0741621427197706,0.1149786768360532,0.0875933922482496,0.0794952432799301,0.0765484038484766,0.0776875116492789
0.2495527973893397,0.1011548292004514,0.1296266068660233,0.0783488805603011,0.0708357135106,0.0704616186609441,0.0708100476904118,0.0725445503941738,0.0827231194893422,0.0739418362282514
0.2543273530455181,0.0976804962178587,0.1314347434801027,0.0743008549112633,0.0698218156266318,0.0687131649049378,0.0777189881173787,0.0669002068455112,0.0766393518468351,0.0824630249943223
0.2344556210445748,0.099367931588383,0.1215901813781658,0.0765904036635435,0.0655133021962311,0.0655057771302393,0.0711258321706118,0.0665288959941562,0.1260655291377546,0.0732565256869208
0.2504727686078711,0.1085835996602897,0.1334390207722833,0.0767569521319217,0.0700217094041224,0.0694540408343215,0.0696362205471228,0.0731373248382819,0.0774897493881415,0.0710086138056223
0.2352859802862535,0.1075429823229295,0.1305051341124827,0.0828609436536951,0.0715778272427818,0.0737599773127743,0.071246264560522,0.0747687348693342,0.0799979794659462,0.0724541761630028
0.2435204659132959,0.11758639851122,0.1129990996635791,0.076234020574776,0.0640744599279523,0.064086404470033,0.0630103348554758,0.0631903187229992,0.0639144493929762,0.1313840479585999
0.2490312254084992,0.1242405707121213,0.1199865723184016,0.0668961509471694,0.0580860201287735,0.0578936816329923,0.0583866379217792,0.0583920719161095,0.0767066051796649,0.1303804638261429
0.2600127612296634,0.1240203672431346,0.1380338544040297,0.078980224505798,0.0653285946300882,0.0654815704502809,0.0652033228256479,0.0652121924369643,0.0658565885467514,0.0718705237182324
0.2468592998098603,0.1090532275893124,0.132347857343918,0.0759543512757235,0.0578136290418874,0.0572342039065519,0.0574231520921632,0.0572708367628157,0.0889453800641473,0.117098062105362
0.2406420210832475,0.1078180632475016,0.1309666932421935,0.0820858303929687,0.071656537741108,0.0700227726059456,0.0700266462465285,0.0704871279553639,0.0701443901807188,0.0861499172943209
0.2378861504539882,0.1080927961563961,0.1292561796398112,0.0827413698778125,0.0721409447783224,0.0704375757058043,0.0701320808728281,0.0701948240454488,0.0713041660687679,0.0878139123907004
0.1927098536232797,0.0930458101988922,0.1176421977517714,0.0995434494714366,0.0734218702169808,0.0709792581818739,0.0710220157064415,0.0713271020734196,0.0708218192161993,0.1394866235495927
0.1862731239356203,0.0965964725043609,0.1144512962874811,0.1002608615581354,0.0809355381453394,0.0760936810871766,0.0765311289263377,0.076213697873074,0.0761270491108587,0.1165171505606358
0.2075791992766287,0.1028065767809132,0.12893941586219,0.1065961840294622,0.0764693823835373,0.0742244868088648,0.074406859623634,0.0727023740006228,0.0784616431477581,0.0778138780759054
0.1742805364054603,0.092814183442259,0.1089100310738085,0.1063180216029334,0.083503456074615,0.0734546687413609,0.0722888476644684,0.0739575408951342,0.0797825851321665,0.1346901289573814
0.1807886070735879,0.0925908694123513,0.1261356891471336,0.1089955142986822,0.0820924898105238,0.0774299002944418,0.0789266886557805,0.0790598359461947,0.0941206988384107,0.0798597065117578
0.1530489415402896,0.0892788106653678,0.1134832225818623,0.1161701769336645,0.0872861236107745,0.0835557426825514,0.0833811871636836,0.0822268784472067,0.0806765853829642,0.1108923309800127
0.1482204264430721,0.0905352617443949,0.1031383408523558,0.1290364194525198,0.0870009001639265,0.0839530328985236,0.0850885844866162,0.0827929582311714,0.1063043390637616,0.0839297366517963
0.1614326048095963,0.0897659073441724,0.1021367426636979,0.1193210798946932,0.0859182545135829,0.0779403626156934,0.0795987527720729,0.0788989916184779,0.0853011401224876,0.1196861636343581
0.1834155581620043,0.0918058260280247,0.1149681224985359,0.1205160873074968,0.0842194513758743,0.0731549694706881,0.0736184824080376,0.0784648092528939,0.0787755580861599,0.1010611353997444
0.1711983131003104,0.0853511410453139,0.1137549898721053,0.123305730311465,0.0739560077606906,0.069342822225897,0.0688432843998914,0.0686827783596103,0.0763579798589464,0.1492069530559634
0.1845543772549613,0.0927711743888008,0.1224562258122747,0.1311886730108771,0.0856366377481871,0.0754884700337686,0.0757946738092161,0.0759563376869171,0.0815579007903594,0.0745955294538861
0.1706249389421974,0.0885492865948128,0.1229341101807579,0.1350688246549539,0.0825445867397032,0.0821627736173216,0.0807305608219479,0.0815514078139849,0.0779849134229449,0.077848597200336
0.1632835078955012,0.0882378278541366,0.1153688797342935,0.1432979984798937,0.0833024149051837,0.0763364352983061,0.0785280926571789,0.0793282205977396,0.0942772642521274,0.0780393583149032
0.1826579746013764,0.0885789809447199,0.127313521050196,0.1387846746423827,0.0812403696242328,0.0746796743393774,0.0741598495894404,0.0786253037029262,0.0719791033597499,0.0819805481352749
0.1924449509781004,0.0899170403889441,0.1300445119380516,0.1508195139683303,0.0769378142430651,0.07289112530311,0.0705846100050536,0.0716059163211731,0.0752051977016288,0.0695493191426891
0.1978692024570654,0.0913059337490135,0.1307611429531124,0.1393705974713496,0.0797869895977564,0.0692575514320612,0.0744086254066094,0.0681719022259406,0.0806103262385116,0.0684577284589504
0.1774346606851146,0.0894202769072562,0.1150304116912207,0.1603177196096837,0.0743890142423104,0.0636235346345353,0.0618342171471286,0.0652838334827706,0.1169426981614113,0.075723633429814
0.1854112458988716,0.0865463716089963,0.139116767486176,0.1267927200764457,0.0835858179694105,0.0755618190450432,0.075523399482644,0.0743078090822958,0.0813654444044349,0.0717886049354992
0.1783699391179423,0.0849217038103906,0.1466185894161596,0.1662953540399623,0.0863762800604885,0.0672659270212352,0.0648814542657789,0.0669936182923207,0.0731001667439774,0.0651769672225419
0.1907342506903451,0.0844065355068115,0.1480225529425444,0.1629614166484638,0.1151584760755149,0.065619586539617,0.0578276841666196,0.0593522943545792,0.054461529469759,0.0614556735979586
0.1891969931224767,0.0819871595723025,0.1406818349879966,0.1830624151621556,0.0982157094842448,0.0591214941206076,0.0575406052209506,0.0554083047630476,0.0656041390865862,0.0691813444717904
0.1796309517664117,0.0802305265695293,0.1430201920730903,0.1732944028331433,0.0807091622974161,0.0615808768359974,0.061639251187771,0.0645471891216647,0.0628889851472453,0.0924584621590772
0.1845753593648616,0.0796963839811306,0.1541685886161027,0.1594566952213023,0.074407206903901,0.0723201695999626,0.0624930295939618,0.0651950943645675,0.0765370034561721,0.0711504688894676
0.1780183552988416,0.0795017444260555,0.159335641203111,0.1337842970306286,0.1117864475077745,0.0642553684993997,0.0680789745621811,0.0657436219356045,0.0774471314386984,0.0620484180889681
0.1410872971611762,0.0716308020321215,0.1172609463935786,0.2368314087574724,0.0824181214587115,0.0645604577829151,0.0566745926598947,0.0582664589521441,0.0995154648684097,0.0717544499257576
0.1442243422734172,0.0764209819438495,0.1210667491198543,0.2176747967188697,0.0882571597027105,0.0745345283139663,0.0671765590660975,0.0693006731830872,0.0766061762929916,0.0647380333759711
0.1326065801921054,0.0722960148802762,0.1196237158620869,0.2224021520688014,0.0954550995860225,0.0732349844091558,0.0686963441750055,0.0771058252607243,0.0638046370264576,0.0747746465301646
0.1408126683089144,0.0767050126924594,0.1341075738608516,0.1682372258090071,0.1098074019718932,0.0737788798938722,0.0753548123779803,0.0785527331239862,0.0682534831641217,0.0743902087872726
0.1125124364450939,0.0714632326484397,0.1233064027802598,0.1914024577791222,0.0979705911553562,0.0781630912756048,0.0761116930341433,0.0792972592479188,0.0780157633602035,0.0917570722638538
0.0972855426728743,0.0687586608563488,0.1033150563340555,0.2400713462746434,0.1237051343808132,0.0737703899631906,0.0712179902900107,0.0700433964211857,0.0731293471662252,0.078703135630871
0.1070352274228826,0.0719810657326803,0.1144402802053791,0.2010409975679742,0.1086277092684421,0.0766600915627314,0.0771991318526787,0.0794794740620339,0.0783367938563083,0.0851992284586947
0.0954830472107765,0.0630070226120275,0.0921841993314575,0.1860627345967952,0.2208165260023186,0.0678801507451301,0.0667985938357351,0.077120541776079,0.0618170952841607,0.0688300885968123
0.1001297907584663,0.066857937140074,0.0921201906598345,0.2229128695958687,0.1576912006977763,0.0695511879390791,0.0713415906238489,0.0688118642486024,0.0682872667739102,0.0822961015533667
0.1177999757339104,0.0750537688388569,0.0987798048090443,0.1823473718854514,0.1235218367273268,0.0848369964592483,0.07887575155004,0.0836668557582019,0.0728419389270271,0.0822756993008879
0.1057140236957774,0.0637821781017893,0.0867199567452069,0.2991561066859239,0.0907850536265004,0.0697075612089929,0.0659502151203677,0.0669753480134962,0.0646579017203209,0.0865516550732665
0.089379569269294,0.0584572224152473,0.0792649432192208,0.3290928456824364,0.0948110835788344,0.066466172817499,0.0677624540517146,0.0671709872483412,0.0765626427412827,0.0710320789679603
0.1059011772018901,0.0677795707116988,0.0911340370086588,0.1970536675722798,0.1070982900272086,0.1006694847637829,0.0777317354017782,0.0754444040412873,0.0765181484983956,0.1006694847637829
0.0797716562695483,0.0560323357147859,0.0727426812778993,0.3384338105061114,0.1275014437002974,0.0638620998223935,0.0657383753906362,0.0615605278913284,0.0728074032296881,0.0615496661894752
0.1053515094326128,0.0716211137176814,0.0967741517426246,0.2242368805174555,0.1131393646437339,0.0820596851834536,0.0774036063514427,0.076776739343071,0.082381978767067,0.070254970290956
0.0978000154563916,0.0738628500873053,0.0842325463501174,0.2255189097891984,0.1144060410135559,0.0890127050690599,0.0791445970741084,0.0804635482136056,0.0722754547065893,0.0832833322299268
0.0830798705877541,0.0665622392837452,0.0728746883790232,0.2447472059692927,0.1191485019312402,0.0730329953246501,0.0819945371230388,0.0871919200893347,0.0905366668340266,0.0808313744686588
0.0685699203018494,0.0546976827673495,0.0630154625911867,0.3333413522640797,0.1272036394087604,0.0840086616385795,0.0630927159110307,0.0660570323521249,0.0779518819961268,0.0620616507611748
0.0882409064551576,0.0701550604062721,0.0779855378589799,0.2180685895817965,0.0931780677215006,0.1120522362429905,0.0869788609327956,0.0798071820420374,0.094427217500656,0.0791063412478987
0.0665149748683864,0.0548034683839734,0.0622494737686987,0.3227097682301782,0.1466636070998422,0.0653828553743687,0.0694515770754707,0.0792660534156515,0.0720416873680551,0.0609165344076232
0.0730496826651681,0.0722336764947562,0.0756834484407523,0.2082769316273704,0.1181666321571482,0.0841050117564218,0.0874704928369348,0.1044479833191462,0.0721922111768188,0.1043739295150938
0.082079540946287,0.0668679940298022,0.0734423535606469,0.2338407286020503,0.1316851851598193,0.0794954641150137,0.0878375632993941,0.093140797843486,0.0645918407867787,0.087018531647513
0.0616108951621191,0.0533230947996267,0.0575547990359204,0.3054803563708645,0.1989065763541265,0.0606097935794537,0.0825655915903673,0.0696429589229938,0.0569653753227425,0.053340558854232
0.0672395782619588,0.0634423117484992,0.0670712787829896,0.2971606771430594,0.1019465342487746,0.0939899279005517,0.102730644862399,0.0746461316187224,0.0669252706199472,0.0648476448040119
0.0823878604320591,0.0693597952908389,0.0761364471336437,0.2060421110454393,0.1503580142609823,0.0965521368634786,0.0855826270179537,0.0837893198595516,0.0688058730006116,0.080985815085569
0.0874174933470046,0.0712389409753252,0.0769406488123073,0.2118582724367776,0.136860668087583,0.0878709810742326,0.0803142043747881,0.0907563461539986,0.0837177147335007,0.0730247299944578
0.0664131891038047,0.0594377602187607,0.0617767808617444,0.3252085200899985,0.1200642090772883,0.0785327949602275,0.0658882279809533,0.075777942769217,0.0834216182098971,0.0634789567197315
0.0848025600291641,0.0723256243770957,0.075268089834881,0.173154483758939,0.1102127027302941,0.1002644051877102,0.0903675121265316,0.0855687821369329,0.103400851831903,0.1046349879764104
0.0550054703197515,0.055428623261302,0.0558544055758268,0.3165233704849752,0.1276493037059185,0.0850087978684019,0.0937053160333869,0.0826604711272268,0.0704898164120377,0.0576744252032393
0.0665420750127636,0.0623700763023965,0.0606918140152788,0.2681872344571638,0.1465178964958338,0.0826282288523993,0.079297684911153,0.0909719086471327,0.0821310626999073,0.0606620185973582
0.0882773736014166,0.0728234125520029,0.0681372788084291,0.1642627894325216,0.1539874779823051,0.0890220346504863,0.1001856963041018,0.0893049382239192,0.0976302961861479,0.0763687022493424
0.0840733832331252,0.0736922588262047,0.066402087351351,0.1485321359274772,0.1544313641526752,0.1045479750019673,0.0943404429236608,0.1299216763729271,0.0793842112996337,0.0646744649016642
0.0889800531685602,0.0768576699207365,0.0719069221396634,0.1825215506000008,0.1052096865496269,0.10637894368277,0.1057244361068291,0.0997994713489553,0.0918728902338422,0.0707483762391771
0.0774878929493933,0.0732152949955934,0.0671510271933568,0.1683448807415818,0.1643903322302894,0.0857160000164805,0.1086707792973915,0.0907459967535335,0.066927503791243,0.0973502920215514
0.0706784867028918,0.0723240605366243,0.0651130217420434,0.2014000007193157,0.0839483495805319,0.0997276714344238,0.1467077048648528,0.1177901786388305,0.0715761843150651,0.0707343414560534
0.0741640169930134,0.0789594698956004,0.0693060804714727,0.1609799872090277,0.0992144390632997,0.0844500241218679,0.0979065812780963,0.1147835382804428,0.078058968970183,0.1421768937070022
0.0858818067894551,0.0865834925410249,0.070892650445214,0.1687018141851098,0.0902000751881989,0.1085944763831795,0.110337608677775,0.0953453362250164,0.0918141796344569,0.0916485599203775
0.0797897748595887,0.077016848150531,0.0592305279422148,0.1309476356636461,0.0764811919200868,0.1151554565467178,0.1375080786947211,0.1055986731737992,0.0765872748196887,0.141684538220537
0.0988704721836929,0.0888823692875378,0.0686745642026584,0.1728887217028396,0.0765959166146724,0.1168607687711087,0.104059907084757,0.0974883173050475,0.0772220042938596,0.0984569585440914
0.0766128766105836,0.0751108027667804,0.0643485580627998,0.1365500657163283,0.0772685717160624,0.1372250847604038,0.1241489520774684,0.1182789642793817,0.0913816584032039,0.0990744655977541
0.0989224662319943,0.0870799288325238,0.0762337107134218,0.16766448289184,0.0810494763556956,0.1217110828930187,0.0998514298047608,0.0920805044636422,0.0948516018149759,0.0805553159876953
0.1026786292283634,0.0886657283840342,0.0682521543193172,0.1120407208113565,0.0819197491442407,0.0835177492282393,0.11548270071163,0.1765317521418616,0.093327161444228,0.077583654577561
0.0910487405859532,0.0868563966253077,0.067281845540025,0.1914074995797016,0.0792707184490335,0.1020103422022803,0.1313234655767214,0.1019291923687463,0.0747844149074782,0.0740873841551401
0.0986362539394125,0.0938264196313938,0.0769670181016266,0.1380656781937912,0.0885001993960341,0.1209776479183959,0.1109748566373065,0.11552713175917,0.0786639338271599,0.0778608605848409
0.0688644067596603,0.0739593444547963,0.0688655430143085,0.1356503148918456,0.0782362114187903,0.1348743677578166,0.1692371909328552,0.105927663836394,0.0708337981847894,0.093551158738818
0.0723158323126371,0.0779114884972836,0.0738159175409927,0.1200562844036197,0.0795744992078581,0.1465069779575881,0.137631983963574,0.1233188897277723,0.0943416022227061,0.074526524155533
0.067128209005723,0.0643214168031597,0.0652937485267564,0.1189565055302135,0.0641495468408516,0.1014030383470446,0.2508652666726382,0.0988499700296382,0.0620649098361506,0.1069673883992905
0.090416287282071,0.0797714549292591,0.0755149390547673,0.1181363132590735,0.0746393694876936,0.1306613601942315,0.1085957116510858,0.1177057391722019,0.068993084346373,0.1355657406133676
0.0916411847695678,0.0828444212781509,0.0728986482322952,0.0987593575101895,0.0784947974621384,0.1494865535689682,0.1464080442891353,0.1173997495213721,0.0770739679173457,0.0849932754407698
0.0773531577068893,0.0743908846230377,0.0657936215361277,0.1145586259328791,0.0665352347340016,0.1370074420391051,0.106313785925107,0.097666408917113,0.1604305975552354,0.0999502410212173
0.1128095033211117,0.0894536128082221,0.090099625094586,0.1006192700438693,0.0809714134277083,0.1002580772847057,0.1047932534229184,0.1281664009556319,0.1047697047948651,0.0880591388356773
0.0921893174660164,0.0744150865294447,0.0733208291457,0.0851632185507783,0.0676318929463297,0.1020817317628051,0.0932542233053828,0.1788954660863463,0.1544859105469412,0.0785623236512476
0.0933813235522252,0.0873745532836808,0.0786033327214482,0.1173253674770847,0.0837931098895638,0.1162274487832809,0.1165913197334682,0.1157775340105115,0.1009946792765302,0.0899313312611375
0.0904824031941384,0.0769660453561756,0.0697488434954673,0.0938889259696733,0.067060868174845,0.0991686000847185,0.105434025347462,0.1456837704423799,0.107141690317363,0.1444248276085711
0.0870092677342606,0.079356249757872,0.0622852207457521,0.0842044899785172,0.061422040289396,0.1433828571470651,0.1312772029548253,0.2015720908326288,0.0846871702930384,0.0648034102580249
0.0879700160007405,0.0823803713103972,0.0683684146945314,0.0852838644714313,0.0698221197983131,0.192264098976162,0.1348241577152,0.1426559829732488,0.0700709100749747,0.0663600639754256
0.0701639616585783,0.0724615318068827,0.0650901168575668,0.0882170700299325,0.0667255361533413,0.2111475216722569,0.1407085648436741,0.1559427798459628,0.0650105024101551,0.0645324147123465
0.0732106951451806,0.0705214492313406,0.0612155900822141,0.0802458527116419,0.0606627129422253,0.143681611732737,0.1797309090313914,0.1789954546837267,0.090313465662073,0.0614222587687947
0.0567024573083244,0.0592574211517464,0.0575802913020765,0.0813483992744033,0.0569369334805564,0.1639880489452264,0.1418480443031504,0.264945143596058,0.0583699618633596,0.0590232987669162
0.0607772694675835,0.0615509809061407,0.0625725571295142,0.0882737066061591,0.0640475562237187,0.1256688323316332,0.1952401738091332,0.1474710643989728,0.0641932283065039,0.1302046308118727
0.062179217814598,0.0620407882974249,0.0618123624709515,0.0787955142131429,0.0622207617966909,0.1124003507502335,0.1754526334087897,0.2482685890224066,0.073229045408102,0.0636007368087618
0.0685259428978874,0.0684229862740748,0.0682062532623115,0.081328231414122,0.0684606646097244,0.1240581851216793,0.1876619892194906,0.1885751396464622,0.0722773679471942,0.072483239597244
0.0520361647727837,0.0528837868946508,0.0521285696938175,0.0601793783535004,0.0520900460909775,0.1335031975446131,0.2004059900929607,0.1622467576394692,0.1608728431340049,0.0736532657757313
0.065398752702142,0.0660462173418396,0.0666059052343023,0.0702660779654592,0.0658096488631664,0.1212393909223372,0.1454308106735909,0.1801350268405261,0.1202781111176106,0.0987900583295944
0.0730225670145264,0.0749258912101357,0.0721508154588854,0.0719469842862943,0.0718970835354587,0.1375997002470849,0.1252399038620731,0.1190330458141387,0.0869419315788811,0.1672420769821479
0.0626380551928292,0.0643397392806275,0.0623215910745972,0.0622092211051077,0.0632900143997744,0.09133865166927,0.1084047387193633,0.1108661682303421,0.0631003048034406,0.3114915155156829
0.0617668835922568,0.0614586081279934,0.0617276460070604,0.0618673428319008,0.0614577163820396,0.1548438965388017,0.1527892815173658,0.1008009645110621,0.1009942892279636,0.182293371254689
0.0599820664753823,0.0648829956612648,0.061953301020573,0.0581539336070934,0.0587900253934422,0.1317984555976707,0.1092492336110957,0.1453010275693245,0.2153632333587085,0.0945257276970534
0.0752680642553428,0.085348482999281,0.082938756389527,0.0700274928286567,0.0733379642899703,0.1535792910743703,0.1159614880524641,0.1247787425256932,0.0944464129128209,0.1243133046617725
0.0728480586192095,0.0954477857035573,0.0863413765139843,0.0645584581363275,0.0670989556820963,0.0891658386661445,0.1113311541486215,0.1510504749818467,0.1496742314963915,0.1124836660425085
0.0664963232493836,0.0841716836701611,0.0727979801335034,0.0600210349094,0.0690564947574414,0.1320029649534586,0.1073597290908926,0.1784193379133676,0.0738119496122637,0.1558625017014989
0.0710980758395231,0.0955654459655715,0.0800847995959472,0.0599022218325227,0.0704757364074193,0.1684675791836313,0.0859572840152537,0.2048087663806675,0.0701761986799853,0.0934638920910103
0.07797167534035,0.0824931655155788,0.1048388227902913,0.0687132116110649,0.0784368865249683,0.1123701085144581,0.1364478310729449,0.0872220858673913,0.1349395430435184,0.1165666697096593
0.0841116028521827,0.0888007139017133,0.1097990981261176,0.0730628812796829,0.0954192296614668,0.0979185416990321,0.1032444523245525,0.1125549709560711,0.0769574588727678,0.1581310503158709
0.0677578546852462,0.0669203696349964,0.0921640885952193,0.0616668574259171,0.0741328264664763,0.2260942148289031,0.1095259371195746,0.1575801913168263,0.0616713390427724,0.082486320875192
0.0741844557603372,0.0773029097455092,0.0921938291674727,0.071966608849664,0.0854628743127725,0.2018869047498839,0.1190464700684147,0.0914964751859974,0.0753870256086929,0.1110724465414513
0.0719586662705271,0.0843493118924683,0.0839949375195444,0.0657507235594622,0.0784713089458722,0.1066353326262417,0.2088817003884706,0.1493202798099726,0.0649882636227096,0.0856494753554511
0.0695890347485824,0.0686158645415026,0.0769756820338487,0.0675348609968227,0.0899700961007363,0.1201854865688496,0.1428863292384568,0.1609473512965269,0.0682314193066989,0.1350638751583525
0.0820415950686277,0.0851168574337519,0.0911261986530267,0.0782562925317881,0.099217061647757,0.11382829136451,0.1552127646747374,0.1187466614858421,0.0768947595917342,0.0995595175372335
0.0725756916146199,0.079722763517033,0.0769382710198109,0.0731927745512605,0.0904650313760164,0.0895414434725997,0.1823217663130356,0.1701297931125021,0.0697539212113125,0.0953585438019248
