0.1039235466362071,0.0527945258221225,0.0859452468313735,0.1115991984483052,0.1164777776152143,0.1030282726874489,0.1224921879132627,0.084956313386304,0.1761517455946604,0.0426311850589685
0.0854432033033198,0.0462157676247257,0.07285868076112,0.139936998207568,0.1639497102197494,0.0849097933207785,0.0936519462262442,0.1242487429127617,0.1501132635176737,0.038671893900538
0.0821411851221709,0.0415207212737665,0.0676625146844663,0.0850796955268825,0.1055187416597784,0.0773251958519327,0.1218033076065201,0.1145899751113236,0.263869173286893,0.0404894898709736
0.0595456192970857,0.0383368639921819,0.0584578527427639,0.1108802907043214,0.1736970518960882,0.1070226297952308,0.1292695997037835,0.1086606713525939,0.1585913850596153,0.0555380354509172
0.0755125017571452,0.0429664932887043,0.064018636010951,0.1171237755667805,0.0858443729674182,0.0922598937172324,0.083222247382557,0.1828953891695088,0.2014602931615726,0.05469639697218
0.0641186729953615,0.0382305908829031,0.051901812457713,0.1594868652427908,0.0801196978159731,0.0882526269009905,0.1158663811612511,0.12796669746803,0.2377802010964476,0.0362764539733044
0.0706920718604296,0.0444629126149682,0.0595157965818596,0.0984987442475223,0.1388912199014642,0.091075264006749,0.1477570898016783,0.0964723714099623,0.1622494366571155,0.0903850929122204
0.0791535893489377,0.0564563057079403,0.0539475343573492,0.1071808284456701,0.092998312393826,0.1041400160745538,0.1081912580723574,0.1166373045110557,0.2244470282631506,0.0568478228194085
0.0760952458838849,0.0482117439418001,0.06130756899572,0.1373572704357324,0.0912854769795804,0.0955490868534176,0.188913637837374,0.1133221782630571,0.1493044570037826,0.0386533338000868
0.0681038116714517,0.0451394962882041,0.0555616485136859,0.1341536004956541,0.0755297351648209,0.1158415826598525,0.1571348358997513,0.1606824034636632,0.1458038117134347,0.042049074124556
0.0809305918246365,0.0512509586932942,0.0648321184018411,0.0888874965185001,0.0815141859779523,0.1487955747589724,0.0957868495188561,0.1466236895191674,0.1430239923046543,0.0983545424768049
0.1059839508736138,0.0670143105451149,0.0763922243700664,0.1104906705032856,0.087361449990313,0.0969254492926306,0.1198282205088443,0.1012286904139688,0.1848523682975903,0.0499226651978947
0.0917763904361481,0.0592696647192681,0.0683894388237503,0.0885191197975541,0.0881034215507848,0.1123294358989787,0.1135839713217982,0.1276680851994553,0.1568411963136758,0.0935192759325962
0.0915915535916787,0.0546785483070671,0.0697561781285001,0.1071385571989716,0.082948589438881,0.1212482935753751,0.1336225818621326,0.111627891214775,0.1806729966163996,0.0467148100607448
0.0873553866791008,0.0546638317032772,0.0758851265229918,0.0879970820001184,0.0987293341291523,0.1290944538629265,0.1063764910919555,0.1372046432547957,0.1570361685667473,0.0656574821825733
0.0683022969785251,0.0443845072808938,0.0493614810002188,0.0527848668258738,0.0523923405097125,0.3147081372708258,0.2009472803308778,0.0851685098401855,0.0962074568423606,0.035743123116117
0.1184574253764366,0.0725657242455981,0.0876634202554303,0.0812128917869154,0.0870366715372272,0.1435826245588686,0.1247447776754989,0.0981783575773714,0.1012522390400545,0.0853058679403129
0.0835386721591198,0.0471931171294037,0.0684881373116667,0.0633518264163329,0.0651908984308892,0.1378485413440138,0.153941398344502,0.2166512590939787,0.082134572397677,0.0816615773670986
0.1010949193639835,0.0546760602888824,0.0848025000610063,0.069655056401697,0.0789532271918451,0.1266573634314389,0.1181159584174672,0.1114509060371254,0.1646573977843488,0.0899366110155811
0.0684229733562635,0.0384554767294968,0.0615202727659006,0.0506335021252758,0.0525286745548299,0.1501079629028359,0.1860654184917202,0.2255768790346973,0.0941474096177772,0.0725414304167879
0.0791841281885778,0.0470662756151812,0.0648101968248292,0.0520983036486321,0.0479693279012601,0.186227816398634,0.1718202674117591,0.1066688313128882,0.1331655351902247,0.1109893175031943
0.0721341435373336,0.0469722997523618,0.0652854860234876,0.0545742723422648,0.069879550098867,0.1163378395423801,0.1881914647944459,0.20042320453795,0.1068249396645135,0.0793767997013234
0.1125516247551967,0.0685673348388661,0.0895638770432225,0.0720282380943835,0.0838753905957242,0.1579766707399033,0.0835440874161933,0.1026991866086683,0.1133922235384601,0.1158013663624188
0.0774625138451844,0.0440415487018288,0.0741159163643386,0.0509017812534517,0.0652390912439269,0.1240570763409868,0.1891707082925227,0.1442762323855325,0.1197161912910049,0.1110189402755664
0.0644493281544483,0.0386171616220653,0.0705530999659888,0.0591590132494165,0.0642804996384764,0.1774860450016669,0.2380124873868898,0.0948095233043558,0.0864888776721946,0.1061439639989682
0.0619731611191708,0.0417291073530793,0.0744954741037775,0.0616257758093512,0.0607005682786737,0.083162672494789,0.20735789888516,0.2262278094044132,0.0900835289364057,0.0926440036092909
0.072613172246313,0.0490272911903114,0.0784642785352789,0.0628215249223314,0.0798898353829732,0.1578202957170214,0.0948601537965967,0.163066653247699,0.0967028849245868,0.1447339100299647
0.0657350592444147,0.0376875330023443,0.0665704251776348,0.0565415081164519,0.0552136472939944,0.2121144253330903,0.1265772222003927,0.177394577361053,0.1206058364728437,0.0815597657923564
0.0831701516363953,0.0407461346362277,0.0820467332519649,0.0508975486924685,0.061514576048844,0.1967369330889714,0.1109907569900958,0.1565032374464733,0.1059447431572427,0.1114491850457725
0.0639888087800471,0.0382008663349215,0.0645709482228918,0.043751870808835,0.0541526723609229,0.1589707031551822,0.2489348235021293,0.1405116805533165,0.1220209557695379,0.0648966705068848
0.0614069499024785,0.0458096548098643,0.0701113049844647,0.0522728662472569,0.064758000532316,0.1638674266057015,0.1495117848763942,0.1076734435048626,0.12994033864077,0.1546482298896793
0.0586776023067132,0.0389644830996037,0.0688302013841411,0.0524184422610798,0.0467841051954352,0.1298754160847341,0.1925517439055923,0.2026087068714272,0.113056531175162,0.0962327677106602
0.0594864118479275,0.0367744709688235,0.0687196337878006,0.0458335139660697,0.0482220950416958,0.2332911515867005,0.1380116883791716,0.0882946789711468,0.1863539321123131,0.0950124233331322
0.0666791927075012,0.039757398346952,0.071492759946947,0.0418320175939207,0.0462355894890785,0.1545359421502934,0.1591339474531788,0.2001788449075325,0.1368948878166621,0.0832594195822754
0.087162720628101,0.0446621934209672,0.091643606576536,0.0540278495206218,0.0515205145086316,0.1607561705022913,0.1237821382755776,0.1782062027226914,0.1094743840397828,0.0987642197983617
0.0673321228941507,0.0389561407537764,0.0740635112251607,0.042870772472251,0.0472035132618177,0.1713262500355091,0.1987618999284229,0.1003019670843193,0.1186600579143942,0.1405237644246059
0.0444785924330534,0.0329978479151201,0.0553626681315579,0.0441530275488918,0.0318145557842989,0.3192260934748075,0.1777120807926988,0.1441810632154478,0.0718603746252778,0.0782136960742563
0.0315233884030574,0.0398324982369192,0.0374211642244281,0.0355315363414263,0.0411769083248941,0.1617912202324405,0.2792716925893938,0.1563349435415068,0.0866346525892085,0.1304819955123267
0.0447345508382628,0.05959698323334,0.0475624302970389,0.0483069047265882,0.0453503886965922,0.1314939045999912,0.1527675532136001,0.2083120300495652,0.1097093216523942,0.1521659326866048
0.0454477269688727,0.0565837591892013,0.0453816291191998,0.0417378130720903,0.0417264511434539,0.2120355902788094,0.2110722109580351,0.1206890712099448,0.1324096271287465,0.0929161209256247
0.0485076721664094,0.0589681954161554,0.0489308967171433,0.0468350379262684,0.0468562535984096,0.1593150224600382,0.1013518751498793,0.1741117721696403,0.1702974670203234,0.1448258073692498
0.0453704892525741,0.0553482525451113,0.0433591538953716,0.0406596263690729,0.0408535975775294,0.2385094580199317,0.1358826328899335,0.1347597139075735,0.1335669919320805,0.1316900836049542
0.0430590026653793,0.0509974506731562,0.041423690557816,0.0400049865108257,0.039741557430664,0.2404824367460124,0.1139445264800004,0.1414720777642787,0.2364053122297663,0.052468958936366
0.0482095424650277,0.0537296533934317,0.0563034059624758,0.0479490008417176,0.0480758312724788,0.158175132059884,0.153364285190649,0.1545873590542047,0.1354056032114237,0.1442001865417966
0.0415395798989187,0.0429118932513726,0.0463710720601607,0.0409783162808498,0.0407073728288062,0.1105530124221909,0.2001961394166744,0.127521899891988,0.1960945454263927,0.1531261685167827
0.0540154437547935,0.0485417553809042,0.0576878087693032,0.0472353811063387,0.0474859516805153,0.2596384951131181,0.1781048981047941,0.1425305920065092,0.0946330858969469,0.0701265881799796
0.0568699289631895,0.0472872103223652,0.0586460318990948,0.047142004608214,0.0472956194651634,0.194834823528862,0.1676226895199236,0.1162827347324025,0.1667278647053408,0.0972910922487007
0.056756400773652,0.0416167016629794,0.0536277714242999,0.0423978448303114,0.0428779425922595,0.1807964188382794,0.2377797569277019,0.1878054648731971,0.0903689055024108,0.0659727925689161
0.052966226780951,0.0461078607013713,0.0590464197554321,0.0453483568456385,0.0458558124628252,0.1343513157697705,0.1772805105465931,0.1610053269513972,0.1344334762368663,0.1436046939426926
0.0453436899223961,0.0453987121311142,0.0537788544475041,0.0423741085922893,0.0431601351424483,0.1207605707563256,0.2188399796779292,0.2716592923417507,0.07014946028269,0.0885351966995523
0.0418045117218146,0.0478801634274436,0.0526002973066411,0.0424076257569398,0.0419725748383066,0.1462866286408111,0.1522174558722004,0.1919638805725536,0.1153976385006751,0.1674692233566705
0.0495320608520186,0.0571628758772941,0.0631734706968338,0.0512321671785005,0.0522727627694524,0.1311177830092232,0.1318357850721312,0.2256981568948655,0.105486690673107,0.132488246969465
0.0453423231238273,0.0493949996574212,0.0506271590594441,0.0468741747636971,0.0451332720267833,0.1453609169093339,0.248433008207057,0.1501400336103632,0.0943726694903093,0.1243214431453348
0.0473886609814165,0.055147548855029,0.0583069210461164,0.0467672765732759,0.0484401463185435,0.1185799736178183,0.3330162498622431,0.1376542774236734,0.1028503874877762,0.0518485578273976
0.0467042555747349,0.0590986380293117,0.0561163856443149,0.0469604636864747,0.0480578164722429,0.1271278447870867,0.2536881067019257,0.1369674143673679,0.0822957703328269,0.1429833043972666
0.0469850112670533,0.0650541793551456,0.0503538553575879,0.0453769843135614,0.0473255563015894,0.2661828734173637,0.1515125413985983,0.0833022329131919,0.113862009281658,0.1300447563881179
0.0493771396966099,0.0676782317275643,0.0550881194791911,0.0489441912936505,0.0485592346649816,0.137231318335566,0.1972157628164432,0.2383083676983302,0.0452157946517592,0.1123818396294809
0.0487536691044362,0.06608789670372,0.0506624093350862,0.0456106486363021,0.0467905265685192,0.1006515062471179,0.1254923842810327,0.3666834107338775,0.0894525545337723,0.0598149938498749
0.0518869484545818,0.0773836630894123,0.050446843635237,0.0555001499151418,0.0502166541138274,0.2439876384223228,0.1688133907659195,0.0889909458608742,0.0833493904023787,0.1294243753339536
0.0564531432427958,0.0840177151336226,0.0450669138204305,0.0485863921121909,0.049392590635604,0.1923384110205381,0.1882530001890135,0.1264893502153701,0.1114641496617917,0.0979383339624846
0.0617562051062352,0.0834528700405144,0.0444125549159873,0.0500381919694017,0.0549905432861378,0.1463644101763987,0.1525242217095815,0.2163866703460342,0.0801845437700547,0.1098897886733081
0.0592590117890515,0.0778365398712202,0.0416084096145927,0.0445071644081679,0.0437856990962598,0.2110437197001923,0.0869223019864907,0.189443944442022,0.1050197572782911,0.1405734518077096
0.0583299214992584,0.0765192901397561,0.0446647214071183,0.0500142928322531,0.04951363558426,0.1413116281372834,0.1909125757110635,0.1308398273631264,0.0741029850495619,0.1837911222699638
0.0654117773110438,0.0859674916120707,0.0527896019919641,0.0588849685755835,0.0589091376423985,0.1899996442602365,0.1429397819543696,0.1387103910658716,0.0640893444807868,0.1422978610982201
0.0800098193035753,0.1054702434730016,0.0552978311087063,0.0688658253616608,0.0734615154926231,0.1227409801864283,0.1264471982971107,0.1640520734193012,0.073449209413406,0.130205303936286
0.0551197157547587,0.0731629275671418,0.0401240848544256,0.0434014350863911,0.0467411535324847,0.1697140556014037,0.2174508190077045,0.1384550649010564,0.0419579712372235,0.1738727724516532
0.0833644250959685,0.1051469380464236,0.0568556659223159,0.0589203906475034,0.0631507634034082,0.1576007180853554,0.116474693764659,0.1620046746532656,0.0616962107471796,0.1347855196265539
0.0720416505720155,0.1036069314943498,0.051430860455948,0.0608323465392,0.0643543970953696,0.1238911660124674,0.1854300330546285,0.1152196790919844,0.0543842795736687,0.1688086561030234
0.0557539709711807,0.0764922937630036,0.0382316392812431,0.0559160868840357,0.0493565358150085,0.2024654693598081,0.1775247892504911,0.1781966682757575,0.0380846746425306,0.1279778717514652
0.0816991893031504,0.1138870265496023,0.0517371978400389,0.0607160567510443,0.0743904226153093,0.0978197202996283,0.1126663681347378,0.1867342143361603,0.0974677352872273,0.1228820688757046
0.0569958483613451,0.0766884469889854,0.0429281301430907,0.053697807451243,0.0544546757705534,0.110747080316434,0.1992980978304184,0.1710005030732297,0.0438352838937273,0.1903541261648642
0.0598686134151846,0.0942180666294606,0.0465209542763548,0.0601491942548023,0.0557709470924006,0.108080492333807,0.171747612758261,0.0937728995716518,0.0853465517275605,0.2245246679342392
0.0569770668838853,0.0848944448076091,0.0503200982590454,0.0831561497101884,0.058983309752614,0.1728778734675559,0.2086746215110185,0.1380808525489168,0.0474151986445335,0.0986203844080683
0.0683549887150375,0.0944719138930768,0.0586551002865793,0.1236631186232946,0.0790562714693277,0.1340137744070184,0.2053101293422626,0.1110573521514862,0.0549827393128123,0.0704346117911717
0.0758221826903409,0.1102978517473947,0.0567074524396783,0.0757957318034616,0.0718854147205132,0.1411749632018659,0.1424426236761553,0.1729792244145807,0.0575442972271197,0.0953502580708546
0.0819676003826498,0.1232288934598116,0.053164713662535,0.0735359546564281,0.0885912305147647,0.110530573717589,0.1264534148510561,0.1360130515138396,0.0630702655091556,0.1434443017245631
0.0742340864993332,0.1120950400289464,0.0430782257042585,0.0898718040110493,0.0600248217528956,0.1106873083238162,0.1270115033005291,0.1790867079965633,0.0468706623686268,0.1570398400078201
0.0740276687902819,0.1185193465466899,0.0487343957304589,0.0741333392891101,0.1454712174155123,0.0970650446139709,0.1041742579596091,0.1136459556756418,0.0479896758290023,0.1762390981429132
0.0568071350666118,0.096434487777438,0.0456039499042395,0.0563478668691891,0.1021770764039268,0.1192516289716476,0.1149998911130167,0.0798122597560853,0.0423924467433711,0.286173257388507
0.0618948824741533,0.1042162864311936,0.0628248621963797,0.1052447801314979,0.1189941903104642,0.0957130762249944,0.0994399329704445,0.1083605286335686,0.0621567114995801,0.181154749120269
0.0546739855656606,0.0899157449707896,0.0641291505208203,0.0889464321413618,0.066969835714976,0.1426837009279588,0.1100203051335845,0.0975862030754134,0.0501447817748113,0.2349298601676851
0.0609670525763775,0.1160011189146055,0.0646153869310978,0.0750220774308163,0.1426064311459261,0.1010341331306177,0.1244255178733554,0.1101874657358602,0.1101656417514898,0.0949751745026266
0.0564723995937653,0.1003324812649086,0.0606297223960037,0.1094275861658924,0.1284107718530597,0.1082208602296025,0.0901805098670275,0.1333308596793846,0.0574145167500486,0.1555802921933612
0.0606277981147931,0.1109795605224822,0.0679474809701936,0.0848040454750256,0.0807842429165577,0.1288156407898517,0.1585269426444249,0.1045847992782425,0.0580668747408768,0.1448626145399502
0.0581595769912266,0.1129157079117291,0.0565962897854272,0.1253530839319699,0.1286144858693586,0.1362250145304489,0.089073958013133,0.1177383497341507,0.0614555598082501,0.1138679734176855
0.0635536672202622,0.1216254616199647,0.0650279133376431,0.0968208406736992,0.1829935478129374,0.082301434986546,0.1263602134811532,0.098934344280979,0.0588376507367358,0.103544925842649
0.0659124411515299,0.1264902788343173,0.0650101694775821,0.0789326389675809,0.1183300062225817,0.128476940956333,0.1221707153495536,0.1344274236368899,0.0581949376872688,0.1020544477088118
0.0600040628456128,0.1096926816585658,0.0513219099198173,0.0883510881447508,0.1208136154237645,0.0991338453341711,0.0997933719635034,0.0991807384338868,0.0678519573355968,0.2038567289336691
0.0734247177243322,0.1278468058887905,0.0597971204952415,0.1431712109686808,0.1073155333237617,0.09331044268651,0.1310488843973098,0.1003453137686011,0.0656792515416456,0.0980607191971353
0.0701302181054436,0.1117592643408962,0.064979123991099,0.1111362764075421,0.1275562683693616,0.1155071852279411,0.1214321235628424,0.1050442664569352,0.0762276469009364,0.0962276266284794
0.0613733396340146,0.0915446359468187,0.0675390320636876,0.0977091653378049,0.141575786196312,0.1096058354756946,0.0987626859830768,0.1347580946561087,0.1008217457880217,0.0963096789104755
0.0705265660152993,0.1021962191656978,0.0758216419686582,0.0970647403768675,0.0996463972506465,0.1085465848149076,0.1140873350177894,0.1041340258809032,0.0968912445531938,0.1310852449468574
0.0578325629197013,0.0874715239050692,0.0666574219008283,0.1455901086357767,0.1346744618849304,0.1113724634987474,0.09900486680256,0.1063128925175456,0.0538481817657793,0.1372355161612922
0.0490665320906106,0.071042543167941,0.0700645319753554,0.1238456218522021,0.134479491422268,0.080976567239674,0.1058878658555054,0.1039919919548147,0.0876693935075804,0.1729754609270735
0.0610492061194639,0.0844161729168629,0.0901939843970325,0.1203564311023141,0.1220728012175584,0.1056358132492798,0.1165550369195617,0.1062418762831298,0.0681326572904554,0.1253460204955603
0.0596646079778485,0.0788729023939705,0.0875270385646716,0.1019913993370224,0.1424700247630991,0.1099990776819553,0.109704790292816,0.1087794852068182,0.0634148093144494,0.1375758644587702
0.0585069556951059,0.0752812027375481,0.0821196917915002,0.0955729708474579,0.1088845624312999,0.1027877900689344,0.1199694126305784,0.1080966013568305,0.1081252418189204,0.1406555706135322
0.0784487624904454,0.0710014442631459,0.0904203529400713,0.1413673995836618,0.0897894855504667,0.1202682497090567,0.1173629598973178,0.0942043232501032,0.0716305898840516,0.1255064324228138
0.0688772109215556,0.0632165778419473,0.0857441930407928,0.1662514322764858,0.132204326843652,0.0819663765152726,0.0972119800646987,0.0869022622904963,0.0816222258152316,0.1360034143820251
0.0904224140221477,0.0712254845232596,0.0988553282007157,0.1042399512540419,0.1025456302632539,0.1085212893286594,0.1019269665662938,0.1194347445353471,0.0702323162515279,0.1325958750454466
0.0910576257783891,0.0694392802632108,0.089716369053572,0.0906091601792298,0.0902279599560483,0.1116936129731593,0.1373615993340971,0.1223822895556419,0.0758458054845076,0.1216662974129487
0.0862236544458495,0.0756359976080238,0.0987743638883608,0.1151858147092034,0.1265677954449728,0.1070551498276366,0.1042990935306255,0.1053003415834499,0.1033073208188053,0.0776504681336194
0.0723304181465984,0.0855634783923688,0.0944568562820201,0.1024699178880351,0.1220120376131466,0.1146486406999696,0.106002618761884,0.0963226558693794,0.0931500792918554,0.1130432970453661
0.0694337245144987,0.0793882709351489,0.0959489357428307,0.1766933097983697,0.1050961709401695,0.0878743298347583,0.1098049196332936,0.103138269585771,0.083832100196011,0.0887899688104155
0.0793390989164666,0.0874850589287336,0.1049156607422746,0.1080373047499792,0.1097096438673786,0.1082059289915834,0.0981763359462137,0.0962861461435853,0.0836488063203372,0.1241960153834864
0.0878949588143709,0.0840307662095664,0.119493141829042,0.1070823365596668,0.1126535875961865,0.1092784507817551,0.1092784507817551,0.0945052693502159,0.082376232106949,0.0934068059603842
0.110301593120076,0.076661694619502,0.1197103423162492,0.0937315734271895,0.0921994081251756,0.1132576989852588,0.1123765048743797,0.1205411991304559,0.0879250065350628,0.073294978856399
0.1200080038613017,0.0714429470257862,0.1223687407551275,0.105261821171469,0.0995866637729161,0.1135666166250413,0.1042637868248755,0.1125324768186146,0.0806039132041306,0.0703650299307922
0.1222328523732317,0.066869135713898,0.1096010271361654,0.0863115111727115,0.0787804584468047,0.08758412644919,0.1036282003336389,0.1012348080641469,0.1106448536980186,0.1331130266025586
0.1196729266244776,0.0702813048598742,0.1147697971551475,0.1288751264801727,0.0951354702078718,0.1118844289288715,0.0986879605686717,0.1152991320756126,0.0692018938879078,0.0761919592014139
0.1282531238577892,0.0768250906130409,0.128639982865054,0.100601794870875,0.0888947118812453,0.0899152194577175,0.1258064534693243,0.1087964526655252,0.0768122465117671,0.075454923796835
0.1131571748026478,0.0777512562634672,0.1185675377129093,0.0957321360928547,0.0867382530781677,0.1111697054371314,0.0988363491178987,0.0972201351744485,0.0917036285252962,0.1091238237843711
0.0958782714119904,0.0833699386713337,0.1094014679682971,0.0975582729073683,0.1047463914791862,0.1159359303693462,0.1201305744254854,0.0968420865504431,0.0753518653947081,0.1007852008109772
0.0815262876456428,0.0972209980465008,0.1070917850271683,0.0966870240128545,0.1032779527295353,0.1167629877028683,0.090389150689697,0.1045736361725084,0.087657552902525,0.1148126250592449
0.0824644353510155,0.0841248967446856,0.1003243756877409,0.0825447690089055,0.0833324005905404,0.1072872918669772,0.1070558285426135,0.0920403300090262,0.0916401056805602,0.1691855665074008
0.0990175680985263,0.0792841441317659,0.1121125897798946,0.0975388032573227,0.0906302306614474,0.104921397254548,0.0977822301061715,0.101007233624116,0.0787472124899943,0.1389585905856637
0.0759671228685461,0.0881371912186907,0.0996550909286267,0.0822713040653728,0.0896102084832426,0.1086995879092426,0.1025825319109022,0.0971685308735379,0.0782701167491993,0.1776383149816766
0.0735570711418143,0.0934079026873425,0.0814154053284752,0.0780325910107602,0.0962656980639658,0.0943634434014737,0.1075716548148381,0.0816315043878643,0.072891148804974,0.2208635803481285
0.0775951445801842,0.0967124505870745,0.0903860320767607,0.0835472200740274,0.0857064926697483,0.11501006738061,0.1086342887559307,0.0993301987610075,0.0945669837378635,0.148511121365875
0.0818059555965321,0.1068072655483564,0.0970935297888605,0.1058013522914577,0.0895813288175623,0.0985813659556226,0.1292584468218338,0.1259949108053852,0.0827953060371619,0.0822805383254818
0.0861315483115253,0.1097339794674644,0.0896396718772818,0.0964284091173132,0.1059110585470277,0.1137415327823956,0.1141848341254508,0.1142341923680486,0.082199624123798,0.0877951492678456
0.0846180168880647,0.1147817006492966,0.0887027174545512,0.0900416281828528,0.0927844729369561,0.0994734540140109,0.1014845076038896,0.096775613363714,0.0905183197231818,0.1408195691721024
0.080908775564049,0.1027857315965168,0.0885641516484467,0.0840540086362656,0.0840421850218581,0.0952569571269457,0.1014777546800995,0.0888055169410312,0.079041423956148,0.1950634948172747
0.0860910725025045,0.0980217752771576,0.0937095533586553,0.0886275067045297,0.0889001881882634,0.0986820143816906,0.1107056523025545,0.0976414658723445,0.0963462306256877,0.1412745407743854
0.0800255233183554,0.0876658243854062,0.0867721165961411,0.0864974596542549,0.0949468488174548,0.1157374078312551,0.1176018839939383,0.0809290517026261,0.090719828590345,0.159104055098701
0.0811878125396477,0.0937962519545353,0.0872557106791214,0.0856178909036346,0.0885504449964768,0.0937677730121406,0.107345531469846,0.1146854724477967,0.0862884436630677,0.1615046683221919
0.0844972399878066,0.0962919942641107,0.0888041550293485,0.0886395525205932,0.0867232784138054,0.1017080476016843,0.0981527294990837,0.1113480144450728,0.085632314053231,0.1582026741731828
0.0851923277522236,0.1031827846213862,0.0888746791276228,0.0885659975556889,0.0896775922334346,0.1104096573557687,0.1090312119420602,0.0941276754044787,0.0964428424172064,0.134495231578249
0.0974506526938978,0.123043315480576,0.0952309889379134,0.093260616636951,0.0939522000905041,0.1049226857936986,0.1009105524123816,0.1061321590127791,0.0913485265716938,0.0937483023565929
0.0850718700697018,0.1146813549642376,0.0809979166558987,0.0812599376089464,0.0781133627795697,0.097789779978529,0.0852985382461622,0.0884571710543382,0.1105159560342175,0.1778141125973711
0.0877171495210874,0.1206558604293498,0.083587954908898,0.0790703332744187,0.078430779851871,0.1009053861072134,0.0927881020591167,0.0871009273281009,0.1073551862030963,0.1623883203055766
0.0915437365364037,0.1238421054966059,0.0898772669088212,0.0831160670351031,0.0870667875054051,0.0827340044239106,0.086977338889565,0.095523990664469,0.114663145664972,0.1446555568628406
0.090747912449641,0.130366074009472,0.0819448014528445,0.0780172096638652,0.0800293310285758,0.0809566696050826,0.0800095212293493,0.0770220550607946,0.1349497460537695,0.1659566794354906
0.09643084091701,0.1297642437882887,0.090367514664932,0.0866946293014229,0.0867778085956588,0.0988271926834703,0.0917795982508151,0.0916970896921171,0.087206558775263,0.1404545233186576
0.1032101986272054,0.1385471724707904,0.0829922156665563,0.0925375060352118,0.0901350119944824,0.0897727621954395,0.0850840326926136,0.0962560653736952,0.1374961377621438,0.0839688971699774
0.1234997503821388,0.1503598325269347,0.08752373906977,0.0848943068588023,0.0857021498037291,0.0909409406000166,0.0931630334241803,0.0932045701337135,0.0852778171904244,0.1054338599981759
0.1154367068851785,0.139509850807296,0.1038506118887101,0.0758986299340346,0.0764749794059932,0.0973554967156699,0.0777266665762987,0.0810666843424886,0.075926375770237,0.1567539976631525
0.1181538997524746,0.1458855872838308,0.1017429064968459,0.0944404498682404,0.0942717077076058,0.0862325977310213,0.0917676982543207,0.0864859291648978,0.0945671570660343,0.0864520666623043
0.1317842013929457,0.1663413660995365,0.1158764307940631,0.0822239409691218,0.0777609252562664,0.0849180896695802,0.0866358436257904,0.076905623221043,0.0769549009164835,0.1005986780440973
0.1189366398166661,0.1404024258379147,0.1070158805526454,0.0844222048478953,0.0866442198233407,0.0786362373173227,0.0838545579401161,0.0806904518986628,0.0786676880392929,0.1407296939147957
0.0959917475677275,0.1135441176652689,0.0796648886988943,0.0763356219705085,0.0774331426366094,0.0703820961362611,0.0803016206787183,0.0705371891991716,0.128822328130427,0.2069872473063844
0.1187654245511107,0.1448402534871501,0.1011816501547212,0.0871950045053257,0.0806850635538504,0.0808960228055721,0.0820528285826416,0.0810752442147801,0.0805855930017006,0.1427229151315212
0.1124296579294889,0.1410573919645457,0.0895508409394597,0.0862506155413687,0.085748180268847,0.0829290208635034,0.0803122851407786,0.0801707314107996,0.0801262692351268,0.1614250066945193
0.1016123479752003,0.1270970742572671,0.0819147942544343,0.0845742935475413,0.0747909463144896,0.0736398377550978,0.0742540826017299,0.0740594773695123,0.0864992941866271,0.2215578517274959
0.1128994708970763,0.1492632267827708,0.0858525504417644,0.0923964760843621,0.0937442584427576,0.0777296494652306,0.0791782059401849,0.0786517721213183,0.0775358821760449,0.1527485076373012
0.1028386616167394,0.1383915589230128,0.0821141455722953,0.0894748812131313,0.1025028564465655,0.0848810776612796,0.0849558328704878,0.0825659020851534,0.0820823332608721,0.1501927503386181
0.0903844011429442,0.1089218593410031,0.0803709738077844,0.0870996290367549,0.1106003433583705,0.0811199072840611,0.0803300176633587,0.0809988797370789,0.0841706103203874,0.1960033782966903
0.0870659500338219,0.1012388975137641,0.083340327917687,0.0943560754305959,0.090371052916443,0.073593319746428,0.0739429166653034,0.0758819203977003,0.0736045082083526,0.2466050311592998
0.097883225088514,0.1091068126998536,0.0994662142990941,0.1017055310366987,0.0939864952307541,0.0810928570336107,0.0811391205280255,0.0812456669704149,0.0820950300809878,0.1722790470203604
0.0996170476052418,0.1046214344742648,0.1227084347187726,0.0987741366626363,0.0947053441110528,0.0742795801967166,0.0735895862058257,0.0741513658762773,0.0856715913369517,0.1718814788016635
0.0884283374882029,0.1022015165853716,0.0893319059896716,0.1013292251080106,0.0962922718411968,0.0708518434288249,0.0706863607093557,0.0709956952825342,0.0884800153717653,0.2214028281849129
0.1007906039841897,0.1177612090400747,0.0968390202653456,0.1027848921542234,0.1293544748351677,0.0834876686475979,0.0834227528956973,0.0828656335555124,0.0862393329881696,0.1164544116221496
0.0897793368191446,0.0998365734998898,0.1074060182308484,0.1236743979305044,0.0832318821634574,0.0712713599084762,0.0715252567810451,0.0716659187465439,0.0712344942086753,0.2103747617011476
0.1010293726351514,0.1136539387184873,0.112611873652233,0.0965360874177201,0.1206206083902591,0.0791824893568937,0.0800755967914225,0.0790866121903762,0.0977251065132408,0.1194783143228343
0.0883323081454592,0.1075632395302186,0.0895607581932507,0.1029544293134065,0.1020248317189867,0.0712645844510057,0.0711675312791109,0.0722496357718091,0.0748239440477035,0.2200587375389185
0.0807409684068942,0.0966673260088686,0.0853614475832465,0.1056401466733097,0.0921857987529387,0.0631508413420117,0.0628216096072915,0.0630079984043115,0.0845888157691581,0.2658350474429062
0.0756989143509918,0.0897135791540978,0.0753198258108438,0.1118627850860748,0.1277010438987239,0.0679050092492617,0.0684888488518769,0.0715610639063662,0.0669824421162345,0.2447664875658643
0.0759294427338424,0.0852036777962646,0.07034295531714,0.1170693719365891,0.1037512283561758,0.0703709000086145,0.0712257690947016,0.0717515161088433,0.0752725614446155,0.2590825771932438
0.0700054454101698,0.079518415822767,0.064979432942589,0.146872183789031,0.1170189646217337,0.0654763850622447,0.0658257010179046,0.066816789540662,0.0680602312530715,0.2554264505304824
0.0547177604515638,0.062894574625992,0.0512348545109477,0.0964669113463065,0.0797931065072082,0.0525578386962118,0.0521359606923407,0.0532469892013404,0.0642245089519675,0.4327274950088041
0.0564196953518917,0.0694509842116399,0.0568158943943932,0.1000100838242901,0.1093435573545662,0.0547503828910835,0.0555500346357344,0.0557318429085755,0.0634107764732796,0.3785167479468501
0.0769641922429752,0.1017667638782097,0.0743749942046106,0.1105210833130231,0.1293115336458762,0.0739574579408679,0.0715977724629857,0.073051646637041,0.0707810924829166,0.217673463181499
0.077953617530464,0.1031636064730066,0.0711787418356236,0.1331519598925851,0.1090273662681163,0.0711511676849437,0.0703101271526814,0.0732104744673895,0.069294033911413,0.2215589047738265
0.0693786389002819,0.0977664177534295,0.0704458372317783,0.1102455904924073,0.1393911940890767,0.0649537569076934,0.0640087309692359,0.0660626199789828,0.0648051310973403,0.2529420825706537
0.0742839517216241,0.1076700997238473,0.0804881052790496,0.1421941211086144,0.1568475824223559,0.0708814035168019,0.0704582642961246,0.0719982971299835,0.0680217364445046,0.1571564383472797
0.0770232596927002,0.1097496057436483,0.0861743858563239,0.1503567732216125,0.1165649935484318,0.0743222610998227,0.0745322069118183,0.0735386861769744,0.0711225605613624,0.1666152671770486
0.0681983825465374,0.091618869728429,0.0766723147764634,0.1362390056754034,0.1182806811601892,0.0697915948022936,0.0671110868979556,0.0687848235888836,0.1139065024498498,0.1893967383646793
0.0607256646073396,0.0840020314090335,0.0642226493032549,0.1480204102504276,0.1316660630303834,0.0570295110298892,0.0563893457746245,0.0564536947990217,0.0905098723024665,0.250980757485626
0.0728395611177068,0.1089338148383633,0.0634463519744992,0.1281763763219223,0.163549351578915,0.0643534844418219,0.0633966433144042,0.0648423487833446,0.0728834326746909,0.1975786349456821
0.073149083498677,0.1274098707593517,0.0576803227371749,0.1119528410777003,0.1765745170325534,0.0617534871364523,0.0587756282409835,0.0583718613105215,0.0618133931902048,0.212518995008461
0.0733782631850215,0.1116403805856725,0.0593994783098965,0.157953286498613,0.1331905335913647,0.0581760463117402,0.0638450870037265,0.0601581563348447,0.0618803835355214,0.2203783846352732
0.068169623498709,0.1111626543740649,0.0559201218477341,0.1502167517882283,0.1753218519689044,0.0624676415245015,0.0571949990895226,0.0563852276883867,0.0545700141997968,0.2085911140122776
0.0559173800046825,0.0843900582061387,0.0515379656705027,0.1845356353769468,0.2111487407687371,0.0532542739288104,0.0513560129593526,0.050016511618393,0.1267989892810947,0.1310444321782755
0.0674367954430996,0.1006029925207205,0.0550110021306068,0.106536213984922,0.2105383144655352,0.0591894329845503,0.0612885046074377,0.0573834090744492,0.1746937062560375,0.1073196285249048
0.0785362318554183,0.1221637761815265,0.0623863804274807,0.1107555493849637,0.1752434411649086,0.0701646880070515,0.0646934260339505,0.0640586523505189,0.1171184814170675,0.1348793731682424
0.0811652968278765,0.1294206700789896,0.0594037077997255,0.1923668125402809,0.1420822652110483,0.0642774621777589,0.0656206619756814,0.0655974394222921,0.0682773745517644,0.1317883094060173
0.0623038414739622,0.092861570316289,0.049923931286112,0.2328083809521328,0.107409534680567,0.0541316189868477,0.0605183841324099,0.0571521668274204,0.0702552002460347,0.212635371091034
0.074935226466397,0.0992771087423156,0.0662702304194983,0.1774401916531357,0.1457330000605236,0.0669845080646736,0.061888625826501,0.062036606346579,0.1426916869208928,0.1027428154913408
0.0848551339173361,0.1131056229342746,0.0797071920683334,0.1613840461853765,0.177414230108232,0.0754932086540396,0.0697670966877788,0.0694238812625033,0.104871565901365,0.0639780222718729
0.0712382482935114,0.0971239736808586,0.066797672921472,0.1328033159524999,0.2234064890445775,0.0550509570557638,0.0582892552886281,0.0566985746849317,0.1109887483054386,0.1276027647649376
0.0805987137820722,0.1167000823303093,0.072570358243249,0.1561466638196172,0.1581748109342756,0.0589767351883867,0.0620269374956673,0.0573215156811753,0.1030662708579321,0.1344179116594516
0.0790949886099329,0.1255192715212138,0.05444045291798,0.1358206081037049,0.1360508198278299,0.0537349172984413,0.0567417376145627,0.0524863367314302,0.2237038562373706,0.0824070111304543
0.0733571985776253,0.1274430141639043,0.0563716676093141,0.1412192398042637,0.1895704138016352,0.064361118288293,0.0637664319318459,0.0612595408477244,0.0891754994737163,0.1334758754936235
0.0655716884620896,0.1044398825754653,0.0514065522260648,0.2865760283546416,0.1563563924608939,0.0600553826273283,0.057028880316117,0.0684601836409941,0.0930053899237868,0.0570996194056336
0.0596275657140493,0.0973917454159017,0.0432473982738702,0.1087983065219266,0.2893468857294277,0.0529828116355119,0.0519847652882429,0.0510140833030508,0.1960534850576854,0.0495529530540927
0.0605382292016607,0.1011568359522175,0.0550276000543219,0.1563490443159999,0.2628889617082534,0.0617788712074078,0.0563378089979244,0.0554222337069071,0.1384217733982092,0.0520786414496099
0.0543410024122999,0.1006361588773868,0.0496627244210743,0.1696272760609873,0.2723534146283971,0.0527028517179875,0.0504581492487949,0.04920112272828,0.1135041935701291,0.0875131063280876
0.0492810137532309,0.0881062961886002,0.0507449439387053,0.2320723633944539,0.1485785363275405,0.049222172616896,0.0508596550997731,0.0490192348809524,0.1756983970343363,0.1064173867592345
0.0548378326665374,0.1018006928360884,0.0535336344836188,0.1470602677824113,0.2579494072173388,0.0545611160659195,0.0539640821362796,0.0568751178461849,0.1304258555528268,0.0889919934059157
0.0638135762380283,0.1157371608679431,0.0622357924779084,0.1850734130340661,0.1808505106027885,0.0687353460444254,0.0647232159700174,0.0711082558796413,0.0811082318498303,0.1066144970273042
0.0492669819448553,0.0834290916070525,0.045120787737549,0.2480331667264657,0.2373247471587783,0.0527421988087579,0.0546859724269185,0.0528004300951448,0.124837448535572,0.0517591749527767
0.0671135327326736,0.1198711359324851,0.0550599446368613,0.1829124156287177,0.1434451636206996,0.0664770921565734,0.0619895402273399,0.0648689388167947,0.0641470663533456,0.1741151698868762
0.0615088859897308,0.1041342274162557,0.0448597894348219,0.1685788726141587,0.2301601438162044,0.0510303626974559,0.0519354170152463,0.0523299838893256,0.1307476156828477,0.1047147014374873
0.0767110126655273,0.1254543306172953,0.056742225013539,0.175838422727253,0.1448519418616898,0.0606579015683026,0.060807829153723,0.0656025908302815,0.0834113604637767,0.1499223850909297
0.0663033987953894,0.1043978576327341,0.053660605522682,0.2557214854610503,0.1764563145398783,0.049362931299911,0.057483010675315,0.0687715504262854,0.0921721999587397,0.0756706456820417
0.0578593945963247,0.0815214756245184,0.0550928540664124,0.1429694480459202,0.2224404150782296,0.0483640967533742,0.0555737452883172,0.0584982905875819,0.1233276856683053,0.1543525942855691
0.0702139487603374,0.1127727645071226,0.0574357463211822,0.1778417301336032,0.1463229686374355,0.0624466637025774,0.0764195121362083,0.0638482294558004,0.1281634099454669,0.1045350263933441
0.0773409721378798,0.1165460551849131,0.0678904914188453,0.1618287250975927,0.09863222994361,0.0585391128892063,0.052448606601125,0.0562537613411404,0.1936714663934592,0.1168485789859345
0.0799702418564359,0.1209992303367351,0.0717468075316988,0.1292152788414796,0.1125375618532038,0.0619991579862188,0.0693046544116045,0.0531956826099942,0.1029969056377562,0.1980344789284377
0.0858697984952057,0.1257145375882451,0.0628229623068496,0.1148857615796895,0.1142196558451515,0.0679239087043413,0.0638412466625982,0.0609804277430352,0.1881213412823708,0.1156203597860666
0.0666704386000534,0.1082873908155215,0.0445842399448663,0.1538767461454728,0.1621124569577254,0.0631629968880239,0.0587801007495583,0.0610902864700642,0.0876197688995733,0.1938155745233224
0.0737179508505782,0.1131683585650476,0.0498620355938663,0.1895118376868557,0.0981406970174019,0.0652433189715874,0.0474012409434044,0.0538629532447727,0.1445465306207811,0.1645450764999927
0.0921458793162045,0.1341399916852714,0.0718620415449926,0.1179071638197643,0.18729190753185,0.0600342586528233,0.0664508895599221,0.0710979202963441,0.1023030702522958,0.0967668773336801
0.0760301509776695,0.1125463885166516,0.0633972751388806,0.1247417512328795,0.1213607356932795,0.0510794632873871,0.0534686322643616,0.0512648097255405,0.1994436431302584,0.1466671500271687
0.0806529678964148,0.1246507568311571,0.0651900531507778,0.1077562053149524,0.1136512764076346,0.0632064048735039,0.0636773828957438,0.0607811744001124,0.1627245927266747,0.157709185496342
0.0790303513513292,0.1221855994485137,0.0653918714202525,0.1343950483330279,0.1190779837250964,0.0902491962567436,0.096622572137923,0.0902491962567436,0.0853900033228896,0.1174081777399635
0.0703963565008603,0.1105954901220135,0.050380958371611,0.133284672649432,0.1191460570895265,0.0844674925438808,0.0654790872772065,0.0676155535999708,0.1205272305656391,0.1781071012725901
0.0716957450881267,0.1250085207252541,0.0561217679957687,0.1213003736017134,0.0997442761453039,0.0921765062104322,0.0914994509087031,0.0798941684441571,0.0878958521988668,0.1746633386736382
0.0743891556278014,0.1335300157306462,0.0542666166572738,0.0905973288885702,0.1338740693315069,0.0675626643215467,0.0653262502603164,0.0646761488725251,0.2520405060738213,0.0637372442282565
0.0748135742857021,0.1301803656783351,0.0496403874191984,0.1771800305804661,0.1292383339480878,0.0588284126925207,0.0635678889057685,0.0818198768747664,0.1487127134492284,0.0860184161587822
0.0775969156410179,0.1287161026623396,0.0491071341169529,0.1044646393982705,0.1137959672440982,0.0613348700481079,0.0951395585516275,0.0794426190485003,0.1818051084967774,0.1085970847854857
