0.0855517200158562,0.0898878011889169,0.127825259898141,0.1087297353463717,0.1124046236183291,0.0844367729660899,0.0776718073269113,0.0775963851678263,0.1511674837082035,0.0847284107527509
0.099755383814711,0.1039742327599844,0.1437201271064865,0.1094398461997598,0.1038314298189345,0.0840172696815373,0.0859004547339696,0.087661141135119,0.0879331096067772,0.0937670051312933
0.0872350656181033,0.0923953011812466,0.1286886359776295,0.1097957893933003,0.1658809610229519,0.07890529500672,0.0881101939258543,0.0832523963417206,0.0841208189764207,0.0816155425452255
0.0941093892784484,0.0970266324262216,0.1587288952259142,0.102605108454765,0.1070891667975957,0.0783894922603001,0.0813450301680864,0.095281300739697,0.088214058172029,0.0972109264659143
0.0926514331200993,0.0990109814624542,0.1403468775763779,0.1397673637097909,0.1034984132746659,0.0740776576903818,0.0734508935528232,0.0740558945923533,0.0863561519763031,0.1167843330346983
0.0934977176951114,0.0990596707105019,0.14540984169851,0.1566597940531251,0.0866355700986165,0.0796986940842933,0.0815362465140343,0.0831592323876743,0.0689468006723201,0.1053964320760314
0.0891689647205443,0.0968108633298871,0.1443812676107903,0.1665482694344705,0.0950168891818597,0.0769590964349847,0.0743778839596366,0.0799824209400912,0.0788499132293876,0.0979044311481647
0.087027389500898,0.0938185054336313,0.1393730990152455,0.2031445672481023,0.1076624335370105,0.0806682233967699,0.0712923276219918,0.0733966275445376,0.07372687154883,0.0698899551438257
0.1065871178184339,0.1159847848807128,0.1574804333504375,0.1024167880696416,0.1325827987645964,0.0767435269392009,0.0745207470108259,0.0792308539831121,0.0698981705318295,0.0845547786414875
0.0793861054095301,0.0955733138286952,0.1106682628908542,0.24056033773868,0.0913840976947011,0.0755879241027295,0.0684261214380028,0.0731450791764211,0.0990657028558228,0.0662030548558141
0.0810768469548939,0.0925218970612723,0.1156712208954764,0.1119184510949852,0.1748277638101198,0.0816232137187569,0.0775813656843179,0.0809379253900433,0.0713704536287778,0.1124708617513687
0.0887469405097415,0.1049580428359757,0.1245475596359688,0.1227553284695363,0.1197149214589307,0.0746792399859022,0.072148447911747,0.0736612435039391,0.1520693899429415,0.066718885735834
0.0838004856594805,0.1070081978525868,0.1074087828332871,0.2097233006477263,0.0930128986869493,0.073394843000326,0.0751135324705651,0.0687179975977756,0.1054054938501558,0.0764144673920075
0.0788739514072886,0.1000306974384483,0.1000275185242518,0.113625686320103,0.1620677747905227,0.0678573647210609,0.0683403229443745,0.0675175104921745,0.17441084624489,0.0672483271084854
0.0785719799346342,0.0966132014793827,0.1055807457835149,0.1451297627206904,0.2258777778735964,0.0665643587483262,0.0683749200609182,0.0634108167457224,0.0760694939948932,0.0738069426497605
0.0916530518769816,0.1224629907063858,0.1177798576894422,0.0911382556694723,0.1898910038236788,0.0733068652222091,0.073770886636521,0.0771031002764326,0.0637990553869561,0.0990949327028306
0.0841932865311932,0.1137889290985137,0.1082477518435441,0.1772625468851379,0.1170617872854511,0.0690293670702398,0.0646459432711435,0.068959206511093,0.0931682689051088,0.1036429125901557
0.0920223696480001,0.108407353931248,0.1236766447577206,0.0877712970651826,0.1497827572427482,0.0833096418084945,0.0846606528886394,0.0792708744421093,0.1204995572282326,0.0705988509774381
0.08507596114082,0.1115586347818807,0.110424442126499,0.0961907126655015,0.1391120858270601,0.0790971333135983,0.0724008607232064,0.0700948194512325,0.1293849554652851,0.106660394495502
0.0875401846291644,0.1143039774613657,0.1178891647091985,0.1174823005739037,0.1178889947980498,0.08312815569075,0.0713247263124429,0.0798419897314665,0.0660354441193699,0.144565061964924
0.0795082722764819,0.0931852239956872,0.1131290214289257,0.156064928535921,0.1320631246082109,0.0762457086129552,0.0727875817721074,0.0706909369576541,0.11544000267203,0.0908851991311515
0.0792229282339524,0.0905863491108658,0.1082847310059416,0.1265994880543022,0.1700580774508858,0.0763237484916526,0.0701901040511132,0.0724463799534434,0.0859390440947904,0.1203491495439632
0.0689004396700963,0.0726707156922113,0.1004314630583024,0.1866143228141436,0.1728384807710523,0.0650776293291114,0.0754304726541705,0.0894351666201414,0.0520009804687196,0.1166003289145731
0.0829691245458502,0.0874164102975598,0.1287885575373688,0.1399661371530957,0.0862813970835716,0.0918865836315687,0.085357709314195,0.0894637339209538,0.0837662366725724,0.1241041098328169
0.085631971876294,0.0966494844580658,0.1222532901030876,0.1542749765761778,0.0982048511493984,0.0809468614998307,0.0810236026816152,0.0842682473959378,0.0637738208194936,0.1329728934308985
0.0802742712658404,0.1005877967852205,0.105772932598966,0.1777666935759149,0.1300371149307163,0.0685205601268954,0.0864908378234621,0.0732745618442845,0.0736804904313279,0.1035947406087753
0.0878047943336599,0.10698902498334,0.1180030606384272,0.1800159355760213,0.0929344680576534,0.0691526748235919,0.083850038407366,0.0817008601266264,0.068616328425871,0.1109328146189617
0.0772821544027822,0.0866782344664462,0.1168757532019981,0.07589785377008,0.2607301558052964,0.0691804441545527,0.0597293328592963,0.0720533662416081,0.0513717833868774,0.1302009217036812
0.0958968580072514,0.1169797671983499,0.1313919491724437,0.109477847706195,0.1245277457445321,0.0828139608598361,0.086867750016477,0.0759915998836577,0.0668871492564096,0.1091653721453198
0.0862619768846944,0.0968277961753335,0.1221424552342162,0.1108792682309941,0.0781230611910892,0.0731436781658328,0.08336595871453,0.0811347755131356,0.1783349607689228,0.0897860691123463
0.08110808864737,0.0937319076917698,0.1161153824799912,0.1382486808161176,0.1799660537067593,0.0787645822811338,0.0871541043216976,0.0786897898380389,0.0648902580851746,0.0813311521230115
0.0884065732834266,0.1086421379015161,0.1212537095682286,0.0967516016012819,0.1057205546499326,0.0987782655738062,0.0869976373842113,0.0847558932539245,0.0820129877817476,0.126680638991499
0.0815255613689411,0.1111885308010274,0.1058356443912932,0.1096453485704193,0.1677151104197891,0.0759633339249143,0.092495005366063,0.0842184200754073,0.0591283234845457,0.1122847215890671
0.071344796671218,0.0992913702957092,0.088386245543398,0.1449387133210602,0.1489581622916126,0.0782758107380012,0.0950587602491371,0.0700008895261883,0.0647719416327898,0.1389733097223242
0.0853053936369346,0.12891658762645,0.1011730052257413,0.0961013854414738,0.0897262778722368,0.0834493299844693,0.0882490174828397,0.1188148454773889,0.0708370941535357,0.1374270630890888
0.0871678088753153,0.1156590442554403,0.1010092482758575,0.115146223736366,0.102690706539573,0.0914199058302232,0.1002353428509916,0.0841317594332342,0.0774373264376403,0.1251026337545655
0.0718438784818798,0.0930372222819177,0.0769989296699458,0.1477797567110279,0.118546454831319,0.0990755037528595,0.0863812924946439,0.0851007318737821,0.0827161802838066,0.1385200496090992
0.0699858153591251,0.0912305075555812,0.0850358012578591,0.0866785015771776,0.1534078916705923,0.0829704616361947,0.0776387449130813,0.1640518751229717,0.0629273562107556,0.1260730446876884
0.0791338066279264,0.1097744626262099,0.0954263525737115,0.098801660536441,0.075200445257837,0.096283050060144,0.140879640290696,0.0896495655376326,0.0754087435440785,0.1394422729359802
0.0779717239236125,0.1159715199726415,0.092099455508242,0.0771187894480653,0.0946731401159595,0.1470036584742764,0.0772145162501168,0.111264585836257,0.0623280112019834,0.1443545992600195
0.0794859394571423,0.0964974513486394,0.1096365301000533,0.1030637585662306,0.0943446768328107,0.0947631703830841,0.1261645604019272,0.0872095455596109,0.0646038987426087,0.1442304685985807
0.0691341203763181,0.0803857800766138,0.1134122974004376,0.0700959579609627,0.0698809264019079,0.1720488612297585,0.1410212642882407,0.089700262249936,0.070442495120719,0.1238780348865828
0.0688476042984982,0.0789067474205237,0.107453931341709,0.0873708706701086,0.0772328016394092,0.1217968386451058,0.0835583805903149,0.0886228064913464,0.1010389608294346,0.1851710580642102
0.0724433082446955,0.0825310867520077,0.1124870997141612,0.0823793466314031,0.0946106700159762,0.0844648460738053,0.1266548793099114,0.1179012331440642,0.0748784290008162,0.1516491011036906
0.0650473396050318,0.069821426606033,0.1029276632321553,0.075648359392273,0.0706058611502583,0.1372670235563401,0.1299330337920899,0.0887033975123018,0.0652823547243175,0.194763540420337
0.0655620118083721,0.0703736567621234,0.1009971652338339,0.0720043995545317,0.0710660184909163,0.0847516837652657,0.1247464120101596,0.1505296365959292,0.0686768970915489,0.1912921186782097
0.0731320361401952,0.082289699377411,0.1012013455568313,0.0748244463631806,0.0788207287652351,0.1791426318199242,0.131176054394967,0.1013376608901677,0.0703957997694929,0.1076795969125666
0.0693494691074133,0.08020015614458,0.0989391243124922,0.0779936720244163,0.0700202542362925,0.0903737540643386,0.1376769708700224,0.115673655832053,0.084780059864094,0.1749928835356089
0.0702024880615717,0.0737406153054913,0.1144767124286526,0.0706011745908651,0.0703176383651192,0.1316552529481185,0.1197602343820916,0.1328926819809521,0.0621876330985261,0.1541655688298448
0.0812763031856399,0.083255112360552,0.1392804455127689,0.0784913483502441,0.0720054317116211,0.0848350638282719,0.0794559406996042,0.150213031080948,0.0759627397489842,0.1552245835117322
0.080435239388362,0.0821466646044632,0.1428509759351423,0.0735099027786857,0.0728653794374323,0.1278782693556047,0.1351734883667364,0.1287922556953297,0.0637279907581891,0.0926198336709615
0.0732456970727505,0.0770986470991955,0.1211882343460154,0.0674447849980719,0.0661312806575095,0.0860190890489554,0.160647935720476,0.1528900068555762,0.0709012247099444,0.1244330994823135
0.0833670029338938,0.0910740847676584,0.1356637020565318,0.0786423493944278,0.081053593841574,0.1087088501191156,0.1095095006572396,0.1216061064830202,0.1090675138184184,0.0813072959178706
0.0600823118108298,0.0633910910517954,0.0965185944717692,0.0570605326076973,0.0611813926869889,0.0868672725565477,0.1294124549858187,0.2199664889402902,0.133073163010089,0.0924466978703628
0.0713971621084461,0.0769806982879429,0.1155077553096084,0.0699826948235423,0.0693431847970154,0.1479691383186669,0.1021542995090455,0.1210257044161532,0.0768585025197722,0.14878085990018
0.0767161689660044,0.0812869830197759,0.1342682639843969,0.0698138499365497,0.0686182464828789,0.1103165282666396,0.1165809758311908,0.1154222132333882,0.1001066276528184,0.1268701426169628
0.0748703663666118,0.0817362104910922,0.1159771269482183,0.0693147863694713,0.0735510176669858,0.0838577885107477,0.2161204158865802,0.0902892173646865,0.0729281711876195,0.1213548991983069
0.0781020352680833,0.0850753687573583,0.1314393548529834,0.0680284750426042,0.0673902154459175,0.0861828056173504,0.116640356992777,0.0943771345198829,0.122667790162462,0.1500964633310314
0.0725975831296944,0.0723134996911382,0.1278825911825869,0.0620692773501133,0.0626539232943101,0.1186259767895125,0.1404539522385281,0.1230039109259107,0.0978248475698848,0.1225744378195509
0.080990029121942,0.0802477537978829,0.1421133419152628,0.0636814938528411,0.0655713464257082,0.1139780990461946,0.1094669911867444,0.0766554147244723,0.1386278820082924,0.1286676479115179
0.0636445956818828,0.0607021170228195,0.1143510758476473,0.0552516158803889,0.0534606393717503,0.1173958104088644,0.1795525941197807,0.1057845140150859,0.1304189220670106,0.1194381155772407
0.0699024389409166,0.0669702941392411,0.1355500588897336,0.0601249930352335,0.0597807718140364,0.1638380407274259,0.0750880724138215,0.0944005975178272,0.1130168356214471,0.1613278968917744
0.0513195339420009,0.0499000001977116,0.0960831367571526,0.0462124771927461,0.0466699210908898,0.1430263930017878,0.1398769170759326,0.2229003403627363,0.1005817628199026,0.1034295175525137
0.0790176969126367,0.0770122608608403,0.1447311328025538,0.0668186693040473,0.0679787695173025,0.1017232665064122,0.1134291543692393,0.0959333539010078,0.1577857644700657,0.0955699313462522
0.0648296283976826,0.0636218357918149,0.1200410669010572,0.0550743257666385,0.0543247002000657,0.1666362718114926,0.1255116871226318,0.0806734912925773,0.1800735456842136,0.0892134470240841
0.0608841525834204,0.0638123572580603,0.0984248923737478,0.0548857442628731,0.0542592428416689,0.1103929763490302,0.1345049980380279,0.1035711774548485,0.14891731761522,0.1703471412152807
0.052481811898121,0.0536739571071705,0.0896500741350399,0.0472854437101939,0.0471406755563545,0.0807857875863922,0.2567847610786639,0.0901196271796184,0.166163172142883,0.1159146895987826
0.0592859427991814,0.0602570011762841,0.1024241117796262,0.0524357776622298,0.0522704022809815,0.0908443791543163,0.1890873801584785,0.0784533194269158,0.1857821555103532,0.1291595300441327
0.0631678739097288,0.0631217351917098,0.1171804319914576,0.0615857977533964,0.0578298286166411,0.0854022469793334,0.161226349431855,0.1269741015928915,0.1473214018607686,0.1161902326639122
0.0612244088721957,0.062318428030703,0.1110005843360454,0.0614539368407391,0.0545272745043433,0.1270839210306819,0.1165010274900869,0.0977936354222274,0.1702644051712957,0.1378323782938916
0.0611012550717061,0.0604812835289301,0.1080118729354128,0.0621112595502963,0.0574926133599098,0.1494023003673205,0.1234460602762042,0.0981268329029368,0.152591309227155,0.1272352127718323
0.0540426980660618,0.054119479195025,0.0929364320163054,0.0568636593312919,0.0542123401032403,0.1982777371061544,0.1115720940686531,0.1019271784336293,0.1752291814129177,0.1008192002593526
0.0567624492020043,0.0566603178187001,0.0972963585312849,0.0578694495913451,0.0627876289898425,0.1219990695197202,0.1086613929289311,0.149277528928045,0.1683751437059978,0.120310660776983
0.0583969775420354,0.0543768091875735,0.109447584563343,0.0485577750928027,0.0534807975358399,0.087594510556533,0.0835884378022865,0.2128205303199607,0.1589954792547124,0.1327410981387284
0.0713422038466159,0.0678226027524241,0.1280797858666412,0.0690403425248618,0.0608429105130416,0.1091042176855774,0.0993091251231602,0.1139447098597128,0.1593054269098957,0.1212086749108112
0.0552444855374321,0.0548410300633649,0.1009235647442649,0.0577972768553629,0.0524198678887645,0.1315653027592969,0.1432346095029848,0.1362596270304252,0.1525641406201588,0.1151500949916144
0.0676120332977879,0.0704814686863715,0.113890397261981,0.074169009763231,0.0701012729627156,0.0915541665760007,0.0779968142956123,0.1633090825518277,0.1660787591422781,0.1048069954544584
0.0798217453594064,0.0888687077068796,0.1271915034508441,0.0791155561144068,0.0789683667783434,0.1004033640315641,0.0735846765921673,0.1133606476131263,0.1788010264502585,0.0798844058946978
0.0590363131916143,0.0675379631422623,0.0876328971059463,0.0524276974401031,0.0486897000361691,0.1899309777260193,0.0808978892681744,0.2172103371380082,0.1498840774383631,0.0467521475073784
0.0830226072325246,0.095380273940825,0.1218328193584171,0.0712587230921928,0.0696321275738422,0.0932836998351371,0.0881332214804442,0.1088449152799173,0.1666888707206704,0.1019227414776953
0.0713436294814151,0.0791623060317671,0.107204059326619,0.0706091737857392,0.0787296476373474,0.0895530539422726,0.1052607794288293,0.1209433258397806,0.1942925900219326,0.0829014344968185
0.0629695780183166,0.0677344741867127,0.0995852090643688,0.0778281865703128,0.0857477851249054,0.0928032116187208,0.1125740215074037,0.0925132659911566,0.2086891815542712,0.099555086356101
0.0596063437316021,0.0642904665048202,0.09663296189533,0.0652792119125039,0.0753356140177603,0.1220937492800395,0.1415110470879918,0.0606189618181527,0.1913236963705201,0.123307947373702
0.0674195849762478,0.0702637360594548,0.1143294786001929,0.088578683021698,0.0733876494897224,0.0773879357686852,0.0996819800270111,0.1286811929946605,0.1551562837134572,0.12511347534073
0.0593386597676662,0.0633334072601154,0.0981765681500518,0.0674077359394024,0.0742601447603211,0.120272595218296,0.1196636652720462,0.1129853885975887,0.1438891492977376,0.1406726857294398
0.0679459098121547,0.0741754102086344,0.1167391910728277,0.0795914579136717,0.0834640332813405,0.0985249607934499,0.0764103861734095,0.0933332705247108,0.1580238746388841,0.1517915055732107
0.059942034982452,0.0623013499032405,0.1086979127322426,0.1017447153093571,0.0856850662092015,0.1389475781257484,0.0977773986306659,0.0748057426557109,0.1763233569429743,0.0937748445014293
0.0556530980818306,0.0580971132852876,0.0938581597981699,0.1044221570664699,0.0875678653786283,0.122512237038471,0.1019148998552473,0.0673368980075276,0.1483876947340069,0.1602498767469374
0.05464259950503,0.0580409868101527,0.0900419543599451,0.0820696759267699,0.0902573369939404,0.0736701955009815,0.1463796435395112,0.102725204216981,0.1536477811753157,0.1485246219641718
0.0560381118174858,0.0596104031358116,0.0854729846126909,0.0942796047681504,0.1029656991463657,0.1098167352487023,0.0831981119974351,0.135879705653772,0.1397428327900907,0.13299581082184
0.0599238894937183,0.0659898055946512,0.0888047203478225,0.1001957767429855,0.1093471685947827,0.0880767652923618,0.0902017167972405,0.1175779529296327,0.1396723115916771,0.1402098926070691
0.0616962991404207,0.0671360474749815,0.0957792764557957,0.0955978514553473,0.1073466056593985,0.0834619616127572,0.1341826015918454,0.0725433414546218,0.1507758763901071,0.13148013875681
0.0571858214903311,0.0609762002658218,0.0899199891710877,0.0917193849675635,0.0870522027225121,0.0962541328324873,0.1196426254866191,0.0823771536206701,0.1500960164883355,0.1647764729468729
0.0591207614857091,0.0630329414371499,0.0916048479816291,0.0949135458710171,0.1033793205130142,0.0839127527707649,0.0969701612002508,0.0955568037646965,0.1660671816898094,0.1454416832781712
0.0619850558360892,0.0643746428311329,0.0984839914913018,0.1119395854731728,0.1281745294859575,0.1056120182689972,0.1015224039908468,0.0669422515705364,0.0940933440863484,0.1668721769577338
0.0586131232738407,0.0605262393557842,0.0897260734043664,0.1069763112505863,0.0932811491374331,0.0864307364281038,0.0949169166805278,0.0806586199926721,0.1800975886814619,0.1487732417870586
0.0568536908886366,0.0568017004380076,0.0900589615527702,0.1402853807299661,0.0997180544895551,0.0930693682885078,0.0815396529421012,0.1107762201604193,0.0838559528561006,0.1870410176458732
0.0585589318453608,0.0591221773355166,0.0973687997478281,0.1175368889274886,0.1242694561146418,0.0897468224936242,0.1079501603878153,0.0756979481058975,0.1412098906376582,0.1285389243959531
0.0525826845673083,0.0525260597332372,0.0815236490828136,0.2416810535126891,0.1070942017107368,0.0772362336587473,0.0882149439834659,0.0875476208268124,0.0616442292509999,0.1499493236656097
0.0574931235312328,0.0577290172360218,0.0788707836823042,0.1158289774318651,0.1498174571798782,0.0971561218005713,0.1121407543631726,0.0767629093096751,0.1027493700091992,0.1514514854477959
0.0627396320018969,0.0642444090243285,0.0642444090243285,0.1350900859680747,0.1396818173460322,0.1378179390400088,0.0835841812952939,0.0893093082951961,0.0750157368096164,0.1482724811874467
0.0671827686246953,0.0664222658749547,0.0619416923319689,0.1544152200354684,0.1158811658379758,0.0783285586459273,0.0993570663621409,0.0805050407521418,0.1336920271327899,0.1422741943937233
0.0669814951835655,0.0693555539242175,0.0586439259402118,0.1121642258457622,0.140182164328006,0.0863482094299906,0.0710182244277789,0.0700770803407764,0.1505348331799287,0.1746942873917646
0.0549554856127948,0.0526494026279134,0.0582159180893238,0.1186067441040999,0.222958112863263,0.0816375926513808,0.1043055143054657,0.0682417218156139,0.1225892632016756,0.1158402447213685
0.065171629622236,0.0691940510031589,0.0634604408368566,0.1206979863740102,0.1320674706846964,0.1011051270517869,0.0679392368177958,0.0765891026278916,0.1801099407316423,0.1236650142419499
0.0669022992136167,0.0629932575879711,0.0553755080758715,0.139435972808875,0.2196462791215518,0.0708763069812976,0.0852411820068072,0.0821253800528502,0.1332416668168633,0.0841621473263447
0.0532313439785867,0.0538144097802909,0.0631035973042321,0.2160279145688883,0.1362224793289743,0.0665512334484411,0.0843509591791138,0.0718525039578804,0.1696833928026341,0.0851621656433087
0.0561145774692984,0.0592805761842196,0.0787017444842952,0.1971796199547787,0.1630571003518164,0.0793874979512726,0.0793874979512726,0.0663140958286243,0.1185185036040537,0.1020587862129345
0.06275384364009,0.0670305074299009,0.0847612374837619,0.1433038514043055,0.1586787092954839,0.0741194847420737,0.0853920603196947,0.0623855719100917,0.1351753561874982,0.1263993775792262
0.0686080090443395,0.0762546816710208,0.0913321166262478,0.2401777512576373,0.1666285205279391,0.0600096591609814,0.0768215471142664,0.0623727631790022,0.0674294988971545,0.0903654525142525
0.0686707183149239,0.0814166934899075,0.0872348328007299,0.1594929222796038,0.2120904066043174,0.0566680941077186,0.0647103082444278,0.0571654916053296,0.0984321371214412,0.1141183954244662
0.0584146790475706,0.0706980430123084,0.0731991234335116,0.2128745919314166,0.1827833802722666,0.0609637014085384,0.0517969268185887,0.0556772027382859,0.1297775558368111,0.1038147954945954
0.068243915236434,0.0868087447060507,0.0844065181748791,0.1056897096305209,0.3013888677702637,0.0613606754074676,0.0571055642925695,0.0578066497236162,0.0824671936586337,0.094722161392688
0.0687105462731226,0.0771404418726822,0.088214246343193,0.2193856669856774,0.1382799478824898,0.0577387516150142,0.0698312691516422,0.0649828720990179,0.1142296640955493,0.101486593674133
0.0545848092065628,0.0689950533029157,0.0659969808387294,0.2891330186015339,0.1799162692175758,0.050899887081814,0.0626417194862977,0.0624891539684183,0.0955508719234976,0.0697922363667685
0.0571776812571047,0.0740212655067623,0.0661672809142709,0.2259149251103017,0.1945113425833847,0.0609696259715254,0.0559448996502276,0.0626500884470241,0.1314616538453406,0.0711812367071986
0.0692954492527361,0.0880606222752862,0.0790304632204956,0.1444389651129103,0.1535618638406772,0.0765688279992726,0.0982188644641956,0.0691872035706816,0.1294175187787302,0.0922202214762732
0.0415390658511678,0.0488963891670882,0.0411887826705604,0.3390159996175407,0.2312030678116997,0.0422942381432344,0.0544281308374849,0.0469969147555162,0.0710340844888241,0.0834033266512002
0.0431935952401208,0.052793730909746,0.0406897319037672,0.2795495699202546,0.3081940276014963,0.0475305720584708,0.0520567421590229,0.051205382899643,0.0775352734643468,0.0472513738373615
0.0620098120093536,0.0755433678725391,0.0679865127999254,0.1472959114566586,0.2384249082051783,0.061861388307954,0.0680162350685023,0.0686507737120954,0.1338015519083651,0.0764095386511947
0.0595547804998357,0.0736502411315428,0.0667170353314758,0.1684956676708121,0.144906704670916,0.0673253374633755,0.068015552527482,0.0615574203398004,0.1575497434993641,0.1322275168575634
0.0460299545275641,0.0593191364476657,0.0458908195504297,0.3017554118813443,0.240853729729193,0.0458627441638362,0.0454572809886535,0.0469157637155826,0.1132610551721558,0.0546541038175829
0.0577592871098695,0.0755817768875522,0.0550505156251483,0.1683981910888934,0.2371544845819381,0.0579264361958341,0.0612522423662272,0.0637187404328771,0.151388358157605,0.0717699675467445
0.0517149561174377,0.0640986861022622,0.0541979711556791,0.2753066050754539,0.2781980627153836,0.0501484104933926,0.0498094328993633,0.0490925744318509,0.0779645341128405,0.0494687668902167
0.0594280098142163,0.0734333620150515,0.0625594533607873,0.1605496940524484,0.3381917217062217,0.0569663522983068,0.0562193181210608,0.0572405131011596,0.07901940321615,0.0563921723073495
0.050055196298032,0.0555262736424705,0.059898939163839,0.2315577568466755,0.3016254377430361,0.0502409761988183,0.0470406213684204,0.0481896364537546,0.0761233778262677,0.0797417844525165
0.0733363427728859,0.0801947000248612,0.0933416949267283,0.2155466700550493,0.1725049466904508,0.0660379486736407,0.0733873668258997,0.0752260920277505,0.0691093133143578,0.0813149246803464
0.0831276037470949,0.0859775450273928,0.1022909645653407,0.1328902492355919,0.2613511925010855,0.0602908836548205,0.0686717307102753,0.0633190889155793,0.0866726431142543,0.055408098520674
0.0756829840888991,0.0801057335737735,0.1010155007379035,0.160578057799177,0.1806996356974057,0.0651969707720407,0.0635303474684851,0.0654578554512658,0.1481977796158295,0.0595351347866888
0.0780994529420985,0.0858540541525695,0.1044492033815979,0.2289292137560854,0.1502679924767776,0.0579495280792221,0.0587491884537582,0.0630068100679246,0.1155550803006297,0.0571394763815669
0.0732264515869457,0.0812055341907445,0.0967330842805316,0.2357649881131991,0.2304230538785777,0.0550179637347836,0.0552637417284598,0.0576361794464158,0.0524987769224784,0.0622302261102892
0.0777102692743495,0.0797948886885193,0.116588957980831,0.2668826293159174,0.1449521409575431,0.0597708028852434,0.0535886771964941,0.0627459469447958,0.0817371932015709,0.0562284935471537
0.0892870434220634,0.0917875953119915,0.1282990187004264,0.1389303732662291,0.227556332253828,0.0692960192241042,0.0691622952072162,0.0633260894656555,0.0611981686475302,0.0611570644921349
0.0764164806465255,0.0851633151255309,0.105411309365053,0.2428693435328178,0.1866361235157142,0.0566689731251902,0.0583566994704343,0.058798669389143,0.0667979070142639,0.0628811788074669
0.1056038952127217,0.1122051812600819,0.1411326132111553,0.1450188198934142,0.1496561332321868,0.0628986264870613,0.0629101790760023,0.0646765111086946,0.0919953567761289,0.0639026837336955
0.1036405049361789,0.0976860981831643,0.1475915532989822,0.1638281248490723,0.1503608946324435,0.064547023094042,0.0660103166108653,0.0606637307407176,0.0857795617618959,0.0598921918841416
0.101142587965027,0.0901476863479139,0.1488706193448784,0.1340156573828667,0.1534451188078112,0.0591862843804144,0.0587601720588212,0.0589610736834101,0.1393394164076574,0.0561313836131156
0.1034900747084943,0.0944620568041873,0.1490752924911199,0.1627676831126985,0.1489910545724339,0.060613557007648,0.0614429212995535,0.0663937154730015,0.0801950261060629,0.072568618416338
0.0902260807521785,0.0824970758464364,0.1323039715969155,0.2342632035366177,0.1189984628813713,0.0555352312829865,0.0598424987306987,0.0549922156943715,0.1170315809762817,0.0543096786945513
0.0936348319266544,0.0870411357471066,0.1370318518261487,0.1914949609832855,0.1219523371556304,0.0584142975675207,0.0573239623406178,0.0597713182275343,0.1383442893205174,0.0549910148970821
0.0904859507805569,0.0954634000604486,0.1269362203741636,0.1374990634543989,0.1943580288192827,0.06459736970656,0.06675137183442,0.0637780028060817,0.0955332224489711,0.06459736970656
0.1035695364800949,0.1215262872443105,0.130311588464759,0.1051386444528958,0.1727878310199229,0.0556495744709029,0.0564205623450403,0.0565821746723295,0.127723494949301,0.0702903058926757
0.117151030850153,0.1324490904547361,0.134696485889975,0.0948009369466318,0.1419127318023976,0.0565318345443235,0.0521535071251092,0.0527297763919072,0.1595788622973236,0.0579957436901369
0.1172282874746095,0.1377095002709401,0.1344901200530184,0.1532552383734337,0.1098187087814439,0.0600063345793756,0.0594667142496622,0.0595948490318118,0.0883075811055815,0.0801226660719663
0.1082107748416217,0.1094847752043058,0.1401764149029652,0.1436695122813228,0.1217404775945909,0.0601866541934582,0.0630947325873885,0.0613988382501448,0.1221079153783905,0.0699299047573784
0.1097345327915724,0.1089977851825923,0.1524065554166617,0.1227406869169672,0.1290757964059527,0.0693969341316808,0.0707663042796573,0.0701462040549302,0.0955086234771573,0.0712265773332128
0.1083704771692009,0.1026101083816632,0.1569202894136941,0.1240738337453938,0.1344454379382847,0.0746808883345872,0.0746536717377291,0.0726145881918567,0.0800744604975141,0.07155624457975
0.100217099802185,0.096834559905698,0.1505358932868606,0.1360000662120598,0.1349519418947047,0.0745262484397755,0.0760281002698887,0.07186546151349,0.0808176981266166,0.0782229305383509
0.087407449499164,0.086750547789506,0.1397742872574286,0.1348132465400773,0.1515591671987571,0.0734965960527818,0.0730058945664935,0.0742007426509565,0.0712081859914251,0.1077838824432147
0.0815796841231872,0.0755850978712533,0.1455392730894328,0.1422361476870266,0.1085170761446835,0.0657517392397587,0.0641991179118652,0.0663982935498224,0.1191911753390437,0.1310023950347006
0.0925961483023365,0.0874122088493658,0.1646306579726345,0.103632968060094,0.1284105201464423,0.0801271553478714,0.0803325352916012,0.079207205041176,0.0800659700461843,0.1035846309310383
0.080545074017642,0.078034337750841,0.1394683849752825,0.1148885706841351,0.1257600965137061,0.074826516226487,0.0758243313714261,0.0758109871494383,0.1016554287936892,0.1331862725066559
0.0817216993527717,0.0785268471018651,0.1500315700866593,0.1355628964022405,0.1195899320764373,0.0778689625428932,0.0780208090510585,0.0798434382878954,0.0793553404644556,0.119478504622558
0.0797358514177125,0.0770235480230975,0.1600814614086244,0.1341514200066237,0.0936385390368188,0.0800501206240802,0.0745036099695134,0.0741814029905639,0.0817651851319957,0.1448688613802779
0.0746297927597748,0.071652133964941,0.1300484222250179,0.0912762087027997,0.1064844813569744,0.070340105946208,0.0705607989086488,0.070722843090836,0.1313711916855612,0.1829140213491189
0.0831997462848806,0.0811582870107874,0.143501143994056,0.1046862244387511,0.1254734900675687,0.0807207083154153,0.0820988119796213,0.0823016818392643,0.0867869327111881,0.1300729733469366
0.0840881937386616,0.078319916210869,0.1720605699651161,0.0987137464189545,0.1139275268717534,0.0749358219170757,0.074314367445846,0.0742692261730435,0.0835624507613987,0.14580818048662
0.091926861487012,0.0805648982733816,0.1800668970422461,0.1079597258096214,0.1081607728681044,0.073700352157612,0.0733561948549618,0.0730415059779377,0.0752429637959105,0.1359798277226722
0.1001799014342291,0.0821173943014667,0.1993841749510454,0.1006511098262188,0.1006979656269708,0.073860026480919,0.0736621575293746,0.0730415198522074,0.0809929178768525,0.1154128321101983
0.0891435195656397,0.0798373819048707,0.1671798462182527,0.1034523882624386,0.1001853981266979,0.0717075186707022,0.0719279100737622,0.0728513552678408,0.0849978936984991,0.1587167882009534
0.1018389189847265,0.0904812821088355,0.1840476763861325,0.1101985363445569,0.0981606446627148,0.0795875573800368,0.0804092236525663,0.0778447650872813,0.0974267260871349,0.0800046692948218
0.0876236944993381,0.0754441930803862,0.17134887369748,0.0953463155208,0.0820830465532932,0.0674143420100017,0.0661801394043227,0.0661780923747136,0.1176214831224547,0.1707598197276863
0.1158067550960431,0.0935246464257488,0.2025715900035609,0.073338633331774,0.0872141955276142,0.0694693392090145,0.0696337752944745,0.0693213345020074,0.0932142838744523,0.1259054467253426
0.1184406664063115,0.0960859033923044,0.2071088236900651,0.0786176745945195,0.0895208834001442,0.0682982567874036,0.0689118968932117,0.068023466841625,0.0767085216373288,0.1282839063472948
0.111563523767326,0.094710018940654,0.1950920109141371,0.0729601048050059,0.0658512585927977,0.0662596975289867,0.0658927395142958,0.0662500397280426,0.1183872332008437,0.1430333729984153
0.1169629712525861,0.1032917960377134,0.1870060736444135,0.0680062597032421,0.0694876624181661,0.0707855916959175,0.0669692253161271,0.0670089317372345,0.0826257381032391,0.1678557500816974
0.1070416358478326,0.0948254267565658,0.1780821842302349,0.0729302229588599,0.0783567286197954,0.0629685694617469,0.0627051248617716,0.0661884221606642,0.1117095803142347,0.1651921047792499
0.0990556159168232,0.0887463828528699,0.1777860154288756,0.0770684882831265,0.0751609083924289,0.0678702950469538,0.063764387326841,0.0640509813180839,0.0686035618047384,0.2178933636200611
0.1100509941641093,0.1000945954405644,0.1903361043817155,0.0758397081769099,0.0694455337882668,0.0682031208810567,0.0687557229373463,0.0676208776852944,0.0804519724578328,0.1692013700771469
0.1221018036925358,0.1261508870556191,0.1926129744014651,0.0655776974628947,0.0656381374410369,0.0656208942485442,0.0861902413574195,0.0655162837391265,0.0973802213022754,0.1132108592896295
0.119190838266556,0.1253872047526507,0.1906848286505876,0.0737980103563045,0.0731454449815209,0.0845518034850061,0.0785701330037205,0.0816163590761113,0.0798302224149147,0.0932251550020723
0.1177373731821952,0.1277756847909372,0.1701088701800752,0.063470990892822,0.0628629526307869,0.0659261243810342,0.0625452885182177,0.0625147741805017,0.0904122042982364,0.1766457369361719
0.1093213919087639,0.1217772380614622,0.1627295817185716,0.0626677047977968,0.0633120474455542,0.0663667097426078,0.0732538717166211,0.0663345295358405,0.0715124316246881,0.2027244934390908
0.1055404220402934,0.1297478861751801,0.1563589893218668,0.0720717456404027,0.072118460822715,0.0720020981232219,0.0762956333484319,0.0878392637410599,0.1097171082420443,0.118308392534399
0.0909139570300495,0.117222029402502,0.1363212189225276,0.0654357208830299,0.0656149582853388,0.0703621211834532,0.0649162931467619,0.0707361983444265,0.1271131018205722,0.1913644009719947
0.0882292265703929,0.1017999909376222,0.1473976379191285,0.0674726476216516,0.0660612272707365,0.0789533678287501,0.0664960249547153,0.0707766322445708,0.0737442765416158,0.2390689681013402
0.0820182905056234,0.0876451790684593,0.1521273651927003,0.064749754064029,0.0655505600180418,0.0708721377940959,0.0758715401656841,0.0792744287336443,0.0852563397132329,0.2366344047352525
0.0902418070431178,0.1032146450369621,0.1515414252347259,0.0652258077956053,0.0650440537598446,0.0712366450269531,0.0741961059307667,0.0648613930186087,0.0684145084289219,0.2460236087151339
0.0853919426528083,0.0890279454623375,0.1591149842131991,0.0722049384305434,0.0715478798004241,0.0817969315122319,0.0853819609503205,0.0840272642356123,0.0755685479836921,0.1959376047489292
0.0704085865373323,0.069930904232486,0.1426319677702468,0.0615986331616665,0.0614866787083004,0.0830054229641777,0.077977422461602,0.0716520120404071,0.1390123439342298,0.222296028180882
0.0771865721073944,0.079723311691808,0.1394621786306804,0.0685693676196632,0.069952208552066,0.0708274754220331,0.0781350537317203,0.0843935957867946,0.0916137414328915,0.240136495015166
0.0734638542531805,0.0769075698771598,0.1310744345023977,0.0663241870489306,0.0709556989858929,0.0884163376375389,0.0797248297934675,0.0839901785127859,0.0880640666061187,0.2410788427730929
0.0710397747308983,0.0740867700906114,0.1240963949951867,0.0680232590690141,0.0709861397917827,0.0878200687129248,0.0749842613813624,0.0753075985776511,0.0888187251240317,0.2648370075169315
0.0693113966337709,0.070727371798432,0.1229457106498184,0.0684741184075161,0.0723319012057619,0.0869486212719547,0.0832144488330352,0.0877218879549896,0.0780318586547525,0.2602926845806302
0.07185566244112,0.0732159368948585,0.1356130366575598,0.0691110283381328,0.0706728385859672,0.0832281014118958,0.0858375395342572,0.0849994142609327,0.0724947917898366,0.2529716500759982
0.0692104569741989,0.0688101960729635,0.1261333698420228,0.0730184796658384,0.0720411595547466,0.0708982458146389,0.0878019668298148,0.0800614853384663,0.0933202952494483,0.2587043446483875
0.0700720374990696,0.0701283320762387,0.1187678501006288,0.0694204318688198,0.074893595290219,0.0934064426263776,0.0714421950681091,0.0894014642561173,0.0797274778124641,0.2627401733921319
0.0653036728856292,0.0648531621333188,0.1109498074046766,0.0696977706450564,0.0703639823985631,0.0790299188518132,0.0864583677077496,0.0789927511788015,0.1079672404928098,0.2663833262923433
0.0665291694549722,0.0658354779014925,0.1231534466556935,0.0707332956554991,0.0900292747121342,0.0740130769461986,0.0788500921024848,0.0940977724534344,0.0818093712964619,0.2549490228124546
0.0706002344955677,0.0696096579737203,0.1226312243768198,0.0751703601542024,0.078068805569372,0.1052149027674651,0.0831848410133569,0.0856368282141053,0.0675173676371969,0.2423657777886189
0.0713785979057122,0.0712494304299088,0.1227213115758573,0.0791229261261437,0.0806793156918415,0.0933969122223047,0.0927908716563917,0.0730194607874717,0.0650989535832714,0.2505422200117029
0.0699169241414586,0.0687247307130661,0.1237202501495632,0.0852535385855538,0.0725776801191908,0.0784259796005138,0.091682245981505,0.0870292360560167,0.0646999586383943,0.257969456005753
0.0707069099304764,0.0739674636191005,0.1116778371890539,0.074856767395591,0.0782221532123463,0.0845685100231736,0.1133356846532512,0.0930782354862055,0.0654825515109611,0.2341038869706554
0.0726339126723166,0.0714586298282993,0.1204442260620628,0.0731257960001261,0.0731257960001261,0.0918907256836339,0.088575269066946,0.0871435263036479,0.0646498159092198,0.2569523024643662
0.0700664037354028,0.0695013308496699,0.1109534313730127,0.0804150755623316,0.0790860630719531,0.094508823643027,0.0920742734141229,0.0879705867311376,0.087303144172249,0.2281208674383595
0.0770519572211833,0.0695377665808969,0.1378724667581913,0.0741776732066189,0.0768290913098793,0.081840728244101,0.0874704321840179,0.086379140921111,0.0866552912449889,0.2221854523203315
0.0722552739947314,0.0661092011801924,0.13375581893868,0.0694767617531376,0.0719298359653147,0.0858633933938291,0.082996535736953,0.0921119420570498,0.0846343804421961,0.2408668565292312
0.0704074180906393,0.0612432595799274,0.14003833904442,0.0923078757803187,0.0703436225171675,0.1013094839991882,0.084231554174768,0.0886612644680968,0.0702377866256633,0.2212193957116859
0.0655718267862078,0.0617552353102738,0.1287937340508562,0.0755003729317595,0.0805207521364413,0.0850248462507712,0.0948332869261285,0.0914338813648178,0.0833953009953984,0.2331707632390132
0.069371869279607,0.0652348279281606,0.131677202466792,0.0705360767771276,0.0637911942547249,0.0892178989538302,0.0829343720826439,0.101784386512456,0.0748413609981307,0.2506108107380878
0.0677541900326755,0.0606685933719996,0.1318288947472082,0.0718756682174064,0.1028323607032095,0.0969090824276786,0.1119372704676891,0.0816219776295124,0.0602626064275407,0.2143093559673377
0.0679623082396133,0.0615211440697932,0.143291175221064,0.1179388159315375,0.0819559528738643,0.0813964527655198,0.0760830424215156,0.0897130259290543,0.0571559377870632,0.2229821447527305
0.0604879962505034,0.0567581826568893,0.1213007222857076,0.0953751283466383,0.1123703150699313,0.0873395512967016,0.0918830593833987,0.0870947121563549,0.080383432056434,0.2070069004896219
0.0624983813755607,0.0604122848933254,0.1185670501877312,0.0972885971975049,0.0711463450329106,0.0907517337796874,0.1130997484480063,0.0863415486863324,0.061612049809005,0.2382822605814984
0.0570767330982011,0.0553939674880328,0.1141894268922227,0.1613420851574013,0.0621606966960874,0.0930978100304994,0.0851300243477829,0.0909621393386151,0.054707998119323,0.2259391188241918
0.0560064032745048,0.0557696908687774,0.1059822482484074,0.1125582738730762,0.1272404553694999,0.0880780934876653,0.0865625648855948,0.0904303864240376,0.0550344742938005,0.2223374092669659
0.0638186071598672,0.0655773493758425,0.1132666566168399,0.0796448818982905,0.0770606046694232,0.0909781580124643,0.1043687706069413,0.1059737734244412,0.0621412659661789,0.2371699322612442
0.0599090743812009,0.0619146538625468,0.0953008037338316,0.0840172099682161,0.1099990752487987,0.0828116916119155,0.0949878332236532,0.0966557091560689,0.0795648596654779,0.2348390891400344
0.0532271621810077,0.0532316849149482,0.0910997381102631,0.0826314632777227,0.1423025522379907,0.123209672755548,0.089138411189181,0.1034675017277829,0.0545214256365538,0.2071703879614806
0.0577036851603122,0.0577436366771529,0.1041266195870515,0.1153955118506778,0.088755195103786,0.0839165136764358,0.0975391849570745,0.1063293586252883,0.0548271075755619,0.2336631867787728
0.0549702346134943,0.055119083626853,0.093176494020327,0.1002577742057755,0.0909006737689666,0.0861109513867522,0.1244439537578371,0.0899011723881662,0.0694335557937037,0.2356861064302771
