0.0722710238650373,0.0708096148377435,0.0939045275483953,0.157990680616521,0.1018728558356242,0.1040778818714578,0.1027718673598497,0.1406948400700712,0.0663473452653634,0.0892593627205768
0.0604119769138022,0.0651768038244959,0.0721862717536025,0.2297539906354679,0.0879778397483016,0.106940740609789,0.0885138466674139,0.1050418757781359,0.0724460179414734,0.1115506361193324
0.0748395454439651,0.0677572406896679,0.0841330304896139,0.163588252360553,0.0849688236689881,0.1311119500719639,0.1073192499522475,0.1210227879341569,0.0693335496001116,0.0959255697791011
0.0844139232473228,0.0715405976233899,0.0951369374952258,0.088257626650081,0.0872046752367039,0.09677098835067,0.0995506373936374,0.104102717598634,0.1452075373547418,0.1278143590403488
0.0966044750612084,0.0780477082871589,0.1019628035336732,0.1064109705228918,0.104983758442038,0.1189980079071064,0.1150597127579845,0.1174158613977858,0.0683052216627467,0.0922114804177769
0.0843680851052767,0.0737408725714508,0.0861653484580454,0.1339058690662829,0.1096603769886173,0.1053796972430802,0.1051562867347854,0.0981827193861336,0.0918085028891434,0.1116322415482139
0.0927490765240503,0.0813173443494304,0.0907045987033334,0.1157162471560177,0.1055692369808011,0.1013513780644903,0.1141934214627879,0.1190328627680315,0.0891931313382175,0.0901727026435994
0.0820238893176459,0.0773415192081659,0.0880905144061889,0.1189130502328394,0.0941675609352055,0.1219292833691437,0.1189592105871691,0.1313517108028582,0.0990855096671215,0.0681377514639063
0.0791702029955277,0.0791422181498156,0.0740649132861069,0.1012988145997849,0.109852031982155,0.1124569224945441,0.1094259119131526,0.1420212575863398,0.0822608745653965,0.1103068524181648
0.0708804086989298,0.0717966291558991,0.0598820077661496,0.1240905074101589,0.1154638590003044,0.0909185506216829,0.0872372833622154,0.1769838736580092,0.0566310167636736,0.1461158635557999
0.0760444203436968,0.072945537660656,0.0668557750217197,0.1244114255262963,0.1181375175138604,0.1179491311282905,0.1019000404132862,0.1307329244928364,0.050681515625776,0.1403417122662686
0.0862729642438584,0.0839091255028839,0.081558986683357,0.12086814188956,0.1096233843493371,0.1222537075124646,0.1327602287017805,0.1329168272703646,0.0699907687681372,0.059845865069792
0.0882968921552492,0.0779949277530308,0.0855322472638144,0.1572387813729773,0.0823133995656332,0.1023308314704989,0.1175204099118578,0.1123339545087687,0.0592436120775975,0.1171949439120675
0.0784234602516414,0.0738853252458822,0.0724813071509366,0.0950464739842396,0.1184024196182032,0.1381684929351587,0.1683581961773131,0.1287202504321698,0.0611822756074964,0.0653317985892299
0.0637168086154456,0.0580725323990264,0.0640992028421985,0.1301508075821311,0.1553870123400754,0.1247580212045184,0.1083757836967915,0.1491202073652662,0.0495666258024044,0.0967529981450195
0.0695108377864449,0.0644521095052328,0.0731010568479567,0.1591871556059148,0.104121825955221,0.1057434654800271,0.1423770098962768,0.1417813499635018,0.0694082050790176,0.0703169838715946
0.0601747460402322,0.0551664582279072,0.0641944949312668,0.2011483594892399,0.097378011986908,0.1030487291043939,0.1086443966134157,0.1768730999204676,0.0528718550101742,0.0804998486687624
0.0749744748738088,0.0643699312078479,0.0787510147244379,0.0738195475219046,0.1551675279730683,0.1663004913563532,0.1573585167398294,0.095445657197635,0.0556505940672146,0.0781622443300811
0.0671226492175743,0.064628826839495,0.0668980353738825,0.1122079799664045,0.1969241425388804,0.1129556816352435,0.1143114804594931,0.0863348455051316,0.0749973939631709,0.1036189644929475
0.0733383449139102,0.071415808644744,0.0722324721909956,0.1524772109846839,0.1251906164097063,0.1373540055133262,0.1089376797664755,0.1169314105244663,0.0691552769318473,0.0729671741114199
0.071410915858678,0.069817860703741,0.0714814920395961,0.1428335140970849,0.0806709987576212,0.11369454447474,0.1158565155107318,0.1743918546527841,0.0578424485239122,0.1019998553727681
0.0790669773678359,0.076302559586176,0.0785662672174009,0.1077453274353327,0.0852282976562804,0.1267290066950647,0.1963899927397722,0.124443613195917,0.0645137382669946,0.0610142198306485
0.0762373566729799,0.0727432549392081,0.0712713008359568,0.1403573212088575,0.0895460622561516,0.1674030300086425,0.1219140115080537,0.1137663083214147,0.0518957577615532,0.0948655964797134
0.0882156038188259,0.0766259801091126,0.0901264507056554,0.1096937777659296,0.1012515959100327,0.1389662164901007,0.1290715443373358,0.1293731556000143,0.0672889263724792,0.0693867488821287
0.070562627213261,0.0621471153884555,0.0750461292685823,0.0655541245932177,0.0719022059155843,0.2030162998498429,0.1619267677020558,0.1198937647439335,0.1199682645568536,0.0499827007611766
0.0716521137762012,0.06666207484991,0.0727034026365011,0.0733581062985761,0.1063022342826543,0.1187871896078629,0.1280222511378123,0.1381458189722149,0.0943462425053372,0.1300205659257361
0.0745244200540608,0.0580800115686124,0.0886628995269196,0.0679708413326879,0.074305459035985,0.1999581557853858,0.1035114874729038,0.1956035642265955,0.0547654049035856,0.0826177560864918
0.0908422943978975,0.0752758637131538,0.1008373137798196,0.1019390044030646,0.072224468163296,0.1270573239138718,0.1555334955508344,0.1365984453465256,0.0584413690809004,0.0812504216425589
0.0918172746169679,0.0788059940710954,0.0849040276108509,0.0683034620355887,0.1194966434037746,0.170894263778482,0.1162701784501878,0.1402055068914556,0.0568501277180486,0.0724525214164471
0.0892490665370291,0.076344576472108,0.094179856032809,0.0994621427317977,0.1113055366411136,0.1021685540428886,0.1042319573391116,0.1387863753764648,0.12810048964903,0.0561714451695472
0.0782026904155084,0.0633894613643471,0.0829730121406511,0.0973319792575886,0.0617227658304684,0.1471194946875145,0.0948044441470339,0.2120434328881481,0.0606845000566321,0.1017282192053905
0.0791756290744396,0.063875305966235,0.0924606802042882,0.0689822835574213,0.0680942638374161,0.1286716719254302,0.1361968597886131,0.1415254356764823,0.0995675453948062,0.1214503245670377
0.0725500829597572,0.0634989512457927,0.0872364386630748,0.0676113614351929,0.0778593729766291,0.1524936475324984,0.1597826511579871,0.1211056681382808,0.0570361590909854,0.140825666791572
0.0696495037051944,0.059666198289177,0.0944724347851372,0.0722436336278244,0.0761110737695643,0.1374287022237893,0.1499555391173744,0.2113046745725984,0.0578395715172089,0.071328668383905
0.0560964683639298,0.0482985275332271,0.0817144156631806,0.0608384877743458,0.0600217548374878,0.1852635499068225,0.1338972826735699,0.2284844952886879,0.0496791974149625,0.0957058205369897
0.0593090456629014,0.0540104875882218,0.0748359269100115,0.0639755490050361,0.0568375390003994,0.118171651493382,0.2045258009408939,0.1303026851455931,0.0579091804223794,0.1801221338238501
0.0649495374074529,0.0637561394369766,0.0806312376163146,0.0705132688290045,0.0723746051543198,0.1779363717010937,0.1206510672911262,0.1384868737374991,0.0651103493085315,0.1455905495087888
0.0513739119964118,0.049831577280381,0.0688984685438361,0.0561060328485705,0.0566327758710943,0.1436455456768738,0.1578836042176218,0.1616728482453561,0.0509683736731379,0.2029868616396554
0.0751969388180163,0.070007635731648,0.0909658805445872,0.07838485018075,0.073292736862905,0.1335810207867291,0.1305768123341162,0.1410883915595215,0.0662992092846824,0.1406065238874787
0.0574781431696171,0.0550387258252105,0.0645046293000014,0.0576508050802058,0.0578852695599772,0.1068524430038771,0.1308528750620937,0.3270803523096547,0.0917916765728717,0.0508650801092133
0.0691842522815899,0.0645542165931691,0.0813690723013605,0.0707427508858399,0.0738322220814584,0.155521989544647,0.163709318190449,0.1574762282776459,0.0827093015392685,0.0809006482954551
0.0471446143688193,0.045295169806841,0.0550151501396962,0.055416681664843,0.0515772967137728,0.1841862616410616,0.1825212247235077,0.265007665083447,0.0572035998599794,0.0566323359914968
0.0457441764619939,0.0450211828465401,0.0501041131451206,0.0502693318851946,0.0492022431578198,0.1717224860310879,0.2382921423093511,0.2472884763366988,0.0573542081161979,0.0450016397037984
0.0513612994063408,0.0506379515592709,0.0563570591463033,0.0541879877335025,0.0524323851959893,0.2463560511106352,0.2688909570575337,0.1194526618486294,0.0513690436250765,0.0489546033096768
0.0576459386506118,0.0564893914495105,0.0623711996901,0.0562106990992981,0.0592036969965974,0.1484913731170909,0.1780087065104956,0.1626266173050223,0.0774080896405483,0.1415442875331777
0.0406518752036745,0.0404407948541735,0.0449892768091197,0.0403298752530832,0.0409806128316418,0.1496664957992615,0.1044747775410154,0.3435407763348113,0.0575135371017861,0.1374119782656976
0.0558823476114818,0.0546237741407043,0.0650228826391128,0.0561957787915619,0.0612583263260068,0.1394152910801095,0.1752852534260445,0.1859233408251744,0.1147278934824105,0.0916651116698398
0.052576647294932,0.0503693137562419,0.0639304160887611,0.0506220777886638,0.0526727542046986,0.1385364319636452,0.1690692141527538,0.1267955199435348,0.0751444499757175,0.2202831748241133
0.0443710208233983,0.044075504919797,0.0541078200907452,0.0466236591535185,0.0435764660409152,0.1244743828361067,0.2980078549128675,0.0985049609180414,0.1309846758520544,0.115273654446561
0.0565637123276621,0.0565097039402677,0.0708438364908104,0.0550133439015022,0.0550133439015022,0.1062216540453977,0.1756860724337708,0.228000122638159,0.0567810859970612,0.1393671243163407
0.064089945838353,0.0589239571112236,0.083435090247885,0.0535440854713247,0.0544088317455578,0.1299884640535273,0.117039778130037,0.2222177704983913,0.0970206844638249,0.1193313924323027
0.0621730179460784,0.0565873508252004,0.0804984396227672,0.0484814976629858,0.047798106070845,0.2655992029210991,0.1348354457098782,0.1258056041441326,0.107709875385234,0.0705114597050888
0.0603137527877697,0.0524265752770048,0.0703772004550609,0.0400764583818018,0.0403217522894932,0.0981553258074651,0.2125000383600603,0.1664647388855956,0.11330091607992,0.1460632416701142
0.0663946618730713,0.0594853041291452,0.0653530936984073,0.0413554317269763,0.0406667717095255,0.2572706666736664,0.1028933925287032,0.2112834528523875,0.0608546118664194,0.0944426129359086
0.0767458254856099,0.0697298016677637,0.06798685804293,0.0409924848665571,0.0417705165535849,0.222324523369787,0.1460575818593317,0.1619190037603174,0.074073424074582,0.0983999803136351
0.0628810316819286,0.0558216194678485,0.065858206575997,0.0399169093605503,0.0402214007875317,0.1872202874453156,0.2147182031681688,0.1148569449875752,0.0782755898606781,0.1402298066587194
0.0569132210201785,0.0471610858618992,0.0593139587801864,0.0352885850859531,0.0354446403881349,0.1443205954880257,0.1592254823147004,0.1809603954234068,0.1641583860561196,0.1172136495764169
0.056950852624687,0.046257187052429,0.0743406702633926,0.0407905022876552,0.0409365390238649,0.1402711521482479,0.1356166122944697,0.0981451060514272,0.2490084046177335,0.1176829736302538
0.0667094539525663,0.0567547931688482,0.0712919726342357,0.0434873985421079,0.0435915828266718,0.1192928677040654,0.0967157562493407,0.2082620315721536,0.2183824981058645,0.0755116452378697
0.0685684449343812,0.0570033390954764,0.069738496812761,0.0411619730389106,0.0411893066918774,0.1282194849814642,0.1698957859456213,0.17588941849733,0.1323704235891447,0.1159633264071514
0.0794939229377957,0.0652013193220558,0.075794075474131,0.0446851941208984,0.0447482161034402,0.1161871014839767,0.1430759561512494,0.1133157159578739,0.1820642210424115,0.1354342773997221
0.0753857147023979,0.0578808977966428,0.0731735618243424,0.0378407003828847,0.0422534819430239,0.1135328074609682,0.2086725044981311,0.1973182446110833,0.1174726925416573,0.076469394233429
0.0756873921403858,0.0563554626287314,0.0741752159559686,0.0397403035979789,0.0382920831778455,0.1995845155527155,0.1118849957116985,0.1658189166454433,0.130841928632055,0.107619185951654
0.0793262899548848,0.0609327725203115,0.0798489158344684,0.0468214122780866,0.0441878777711661,0.1984006270398821,0.1093430843644667,0.1598774119673118,0.1480926660307341,0.073168942232512
0.0479884811192171,0.0395090091543406,0.0477940487570549,0.0314020146869811,0.0346290385349089,0.1305746875506743,0.3272315767706994,0.1403674939846748,0.1246938757041257,0.0758097737329343
0.0727041920644707,0.0608000643070386,0.064268955405583,0.0451679458194502,0.0481538403492033,0.1544070876423441,0.1191302388327738,0.1210485313709928,0.1353865139468201,0.1789326302559142
0.0777049299529967,0.0641960207208361,0.0631125511937307,0.0374603139336443,0.0416334623208117,0.0940839201094576,0.0804006777160284,0.3427733050278441,0.0863046012840637,0.1123302177352931
0.0692781515907013,0.052400526274547,0.0586402588048643,0.0338232061789421,0.0388176327018138,0.2307906740320744,0.1521493020851969,0.1398180563509283,0.0654345610102025,0.1588476309660356
0.0702371147270584,0.0561670744530515,0.0583743252979648,0.0423024583580519,0.0447389250627234,0.1638987652369471,0.0820635351665416,0.3122343174458414,0.0756321091821315,0.0943513750646943
0.0708320280288489,0.0553359045323987,0.0654721356388625,0.0513582932889831,0.0457453499940535,0.1022810528727212,0.1282408363901327,0.1905548678966547,0.1309928181147165,0.1591867132370646
0.0480263003128943,0.0426072298874548,0.0461015208939623,0.0502446334201881,0.0408824904949375,0.1483428809416016,0.184940598281735,0.2045371376467603,0.1080096465942387,0.1263075615210486
0.0477091767252559,0.0410980236615822,0.0447704016390878,0.0453064385789563,0.0442705094957755,0.1383008598579617,0.174648615367118,0.2551411631180592,0.1491965898898312,0.0595582216614538
0.0641700705179968,0.0579181661011851,0.0625624936659002,0.0558962389058051,0.0670745129791238,0.1298449025407108,0.2197073606229471,0.1468466599545257,0.100154321022116,0.0958252736831218
0.0530839572203993,0.0504064341939109,0.0505871453839011,0.0510186379167139,0.049643614421678,0.2327224956770978,0.1686153630207288,0.2008503107742343,0.0634342960504539,0.07963774533539
0.0672133864810946,0.0614977008501405,0.0660623326676943,0.0596694708129665,0.0535043148668809,0.2239898401572117,0.1812486275515901,0.1146700663414,0.1188382705951482,0.0533059896695533
0.0698622640761369,0.0627522624015704,0.0630238143391047,0.0668509599401954,0.0577825603298665,0.1450914851060159,0.1673451171582538,0.1665901039190721,0.0756415346842211,0.1250598980395982
0.0849368053760511,0.0714133103249678,0.0775774487363407,0.0655971439076898,0.0683331399454593,0.1663014522374374,0.154228067646411,0.1426859267027698,0.1036037170787137,0.0653229880377164
0.072077074783187,0.0639743761844254,0.0686760687111036,0.0671706884676135,0.0813192881825986,0.1195520992058397,0.1878328522011803,0.1515470263505552,0.1164308888910871,0.0714196370158292
0.0829431022316551,0.0708207129650247,0.0768253434212005,0.0777915121185624,0.0606588850345093,0.1302883945676724,0.0984490483462611,0.1641045749942398,0.0851340103841918,0.152984415929731
0.083080742631271,0.069863956219123,0.0731025535421163,0.0835039146588534,0.0860322168160866,0.1513810031234935,0.147440617260991,0.1384064733153455,0.0945194645313095,0.0726690578943356
0.080292888603475,0.0706484667763982,0.0743300758559989,0.074822881994046,0.0848135469861563,0.1168318176355989,0.1898097403227412,0.1470163383027091,0.0538825104996319,0.1075517330160439
0.0651720311981735,0.057462340472064,0.0546861047621593,0.057436170997611,0.0498439637610911,0.0780266497907034,0.3386314007807999,0.1842470408993748,0.0672680813531604,0.0472262159798554
0.0702108539706164,0.0624417474847169,0.0606755600900949,0.066421931843645,0.0598592565706849,0.2075977917408661,0.2117860852075487,0.1213672010284888,0.0844778845255895,0.0551616875321899
0.1016943632032307,0.087646664867861,0.0873277183369813,0.089593959942778,0.095828055874022,0.1223350168253735,0.1091182094461296,0.1132146240986458,0.143065980879945,0.0501754065178528
0.0709637614633372,0.0614954975764324,0.0571417608904126,0.0665712832744684,0.0718981780392848,0.1097354031239543,0.2337379751282008,0.1611042293423948,0.0983000808661368,0.069051830290238
0.0854112207331987,0.0774944550177807,0.0699916242331852,0.0895300892185066,0.0922440805328669,0.1886163420664875,0.1252540493788081,0.125592307551394,0.0857959572609235,0.0600698740002102
0.0905825774031238,0.0879012073648409,0.0651471893650369,0.0862321816619693,0.0843093697741104,0.1104133336769526,0.2025609244514974,0.099479969861864,0.1283732176852055,0.0450000287490751
0.0904432550751848,0.0865902358172752,0.0679687048172328,0.0757741479635531,0.1092676347838055,0.1522879813798687,0.1555901574590802,0.1298227799977679,0.0457896238311064,0.0864654788685684
0.1000105158961545,0.103549045320287,0.070907043404338,0.1024304673894561,0.0955953548549039,0.1312376471105396,0.1436805516498034,0.1369413227414824,0.0664456937575741,0.0492023578685004
0.0792153413988137,0.0800593055738655,0.0634260784759856,0.1204155258754697,0.128620618613232,0.1844039995747246,0.0963875725228252,0.0944220652482265,0.0842692080035781,0.0687802847064344
0.081471640179277,0.0787735373779704,0.0592350675578495,0.0788837967024543,0.1010830573885539,0.1532310520973831,0.0945573575937666,0.2259265907915948,0.0521727973293099,0.0746651029761348
0.0902428814048116,0.0935695174320695,0.0677892257492836,0.1224115100188728,0.1231033338201273,0.1517102535791245,0.0995718300667002,0.1163997677106352,0.0493692025727063,0.0858324776385468
0.0785054250168303,0.079952582207618,0.068938358643334,0.1237050016878027,0.1172579335159865,0.1379650936277032,0.1350859780325226,0.1301659624664421,0.0694508612604161,0.0589728035333174
0.0633546387686063,0.0644106613642295,0.0522436229155833,0.0784244804582572,0.1581462307510159,0.286208929046217,0.0861612790264409,0.1230279340911146,0.0419930541977952,0.0460291693747407
0.068264281547756,0.0672309775362997,0.0613156091420901,0.0895381038805601,0.0969979204239967,0.0868967305869219,0.2363885399824959,0.1350383281081712,0.0547783637170462,0.1035511450682643
0.0739638696898767,0.0720158567334733,0.06681275392014,0.140473977403222,0.1571151374207551,0.1214227739100147,0.1144040303163656,0.1088431497551963,0.0895050058911978,0.0554434449522479
0.0709897024401826,0.0703614763648649,0.0614494765612157,0.1541397603712171,0.1064648659962232,0.099498101314703,0.1462836628001783,0.1133724983885746,0.1090094124459608,0.068431043309715
0.0675660422528353,0.0673132492836381,0.0566425721569362,0.1073444738477985,0.1059655575692971,0.115185559904904,0.1358405734126213,0.1403073087076148,0.1531331996441682,0.0507014632133544
0.0559395753209588,0.0589686895084696,0.0499963089540188,0.1761847558586415,0.1504732564340397,0.1378492119589745,0.1311864444545744,0.0916990884279569,0.0973571538882509,0.0503455151872554
0.0446289124446872,0.0489688031592493,0.0395684505369584,0.3017483631903835,0.1823953254872429,0.0910826222257153,0.1062004293245631,0.099947099481484,0.0386541583999242,0.0468058357442695
0.0484419119274845,0.0563905323047471,0.0395833218581027,0.0870883691799578,0.2983737907742592,0.1884467892380006,0.0945494655001123,0.0975040366709533,0.0443334959226691,0.0452882866181641
0.0608514201296117,0.0739575700929165,0.0485772232633156,0.1908011349780903,0.1996712094457492,0.1011200284414855,0.1181871164641066,0.0901149961330231,0.0483601384320226,0.0683591626127249
0.0644940739382946,0.0734178842303221,0.04822112426155,0.1373704506877038,0.2199109205670367,0.0978080541733705,0.1582344449075907,0.1066287932847366,0.0475020483259628,0.04641220561688
0.0692444288429912,0.0797296931088642,0.0553221928450686,0.1317305424930674,0.1817722959169597,0.1407727048241864,0.1270752308381287,0.1072439662926109,0.0527236462338236,0.0543852985966923
0.0610653014960904,0.0739735718082891,0.0531378415262853,0.1261498830591638,0.1039431227605195,0.1124265313743198,0.185665204318822,0.1689200015120903,0.061081244516007,0.0536372976207729
0.0561627138585762,0.0694742713013213,0.0495538769393295,0.1794683228497912,0.1829606549761697,0.1023024222938967,0.087185137545817,0.1639155903483131,0.0574227465186141,0.0515542633610477
0.0641590457382352,0.0713325774143551,0.055007397598571,0.1788221156838281,0.1737175531054632,0.1369778982162633,0.110842295193595,0.090687980289691,0.0634128329823297,0.0550403037701191
0.0667016527660077,0.0773534512685753,0.0573005211005106,0.1678814752530173,0.1525225860380186,0.1091551896698279,0.1149928668238568,0.1238529270419031,0.0672035164964956,0.0630358135340618
0.0694228890446201,0.0833866915155902,0.0579038712751373,0.1987554540424866,0.1336939479023741,0.1127193547474514,0.1100357538948012,0.0996473932785343,0.0549347675593698,0.0794998767317685
0.0538574613612277,0.0591664836257143,0.0461011259194645,0.1992675104251918,0.1750296438518431,0.1126107008587288,0.0931257465983934,0.131297349388975,0.064068246906271,0.0654757310579232
0.0509115982599807,0.0556709585414554,0.0468558962028139,0.1472787003835579,0.2847406180967259,0.0976551101865622,0.1116232371721903,0.0974309638662035,0.0509115982599807,0.0569213190240065
0.057660225272162,0.0631466835764082,0.0555665262357504,0.1914820444414505,0.1419390927914812,0.1174053048691718,0.1127102222632695,0.1082183053271132,0.0734893780747287,0.0783822171405498
0.0674528147458337,0.0739068590343491,0.0610335389944323,0.1755821870283379,0.1631416915591554,0.1050080242119061,0.1120428443816767,0.0982105216302363,0.0672898368795116,0.0763316815262805
0.0569171001922261,0.06135727427672,0.0542054476052531,0.1760141623969556,0.1941205314908403,0.1045615523933496,0.1212687276082771,0.1047349676359344,0.0638042960781042,0.0630159403146713
0.0500152921127832,0.0556990159214047,0.0462738622587506,0.1747628054270428,0.3302562000565061,0.0811360517649348,0.072292785408815,0.0849304900715304,0.0470404353419644,0.0575930616296247
0.0583824865014949,0.0685699541756621,0.0513257193382091,0.1499146604132644,0.2490373512943749,0.1089775021899035,0.0877608628489949,0.0955988700937014,0.0511159047972819,0.0793166883397918
0.0527031864935978,0.0644861640937726,0.046167145550262,0.2749594430614375,0.1871479237691979,0.09105072625616,0.0937748984935101,0.0762573541107679,0.0623161725926812,0.051136985571965
0.0664421423463485,0.0803202772588041,0.0528103567926039,0.1805754289102405,0.2065098561699011,0.1035480649451531,0.0983820213670303,0.1059440796066624,0.0532635154426615,0.0522042571531176
0.0542022092346909,0.0593662392587549,0.0475413874217067,0.2191426292503108,0.2407815920893074,0.0865901232819949,0.0879169868660036,0.1069882175851955,0.0476863687933162,0.0497842462119901
0.0578695102684357,0.0594369980363262,0.0474493733012077,0.2439906855121111,0.1973015600268678,0.0793715661582646,0.0934749321614522,0.0857944608799522,0.0727664723589907,0.0625444412900615
0.0682550398392506,0.0716003941269371,0.0570254738221875,0.2126774474513321,0.2202901583526791,0.0864924266396461,0.0773879636031052,0.0777941203714924,0.0582556281649761,0.0702213476206764
0.0534912580759145,0.0543135487169104,0.0485470266889397,0.3196186209782538,0.188781695651708,0.0764827500450716,0.0745697225686047,0.088259584752444,0.0467337136922787,0.049202078823207
0.0660571416089738,0.0718557402853494,0.0604984485591972,0.180633749332368,0.1327113274169703,0.0975972818689749,0.0980099747706852,0.106705517507134,0.0764614439674033,0.109469374674277
0.0431573653705007,0.0471565024681087,0.0407938401985786,0.1429098822870044,0.3889773147107124,0.0837713520392001,0.0661734107565401,0.0871602825560272,0.043734245410054,0.0561658041973881
0.0734082717883132,0.0788467679861243,0.0592747729080517,0.170939222356233,0.19829120657627,0.0966009674832546,0.0821425263585585,0.1008198472950924,0.0589691839007688,0.0807072333396209
0.0704752882203997,0.0718083969603238,0.0634933478563506,0.1674582831600684,0.2189889085368495,0.091967134060099,0.0851316145961323,0.0951825265508389,0.0674832156601878,0.0680112843905958
0.0765116631826985,0.0732786557351046,0.0711617543934535,0.161541242024101,0.1691000443173511,0.0937896997547916,0.0924677206239693,0.0874222276774707,0.0755228498671619,0.099204142415405
0.069530272121679,0.0673674263570947,0.0665160013105952,0.203004367369549,0.1430286939030241,0.0948560712490453,0.090811246152396,0.091196804439534,0.088194262972408,0.0854948541168331
0.0772332197243119,0.069958635099833,0.0785112110496048,0.165902930317745,0.1741147317374993,0.1053443129825069,0.0822086603410828,0.094998618659804,0.0710364377562999,0.0806912423224066
0.0800662359098083,0.0743497677308065,0.0803723594376305,0.1384731600230961,0.1459399304352132,0.0916459011301726,0.0967328159908039,0.0932930335285524,0.0948111386920366,0.1043156571130092
0.0670244507788328,0.0595915918602003,0.0738664042789441,0.2209247329002486,0.188415668674899,0.0883452412191512,0.0869988322682433,0.0719074251951735,0.0541844826955831,0.0887411701211677
0.073996596907017,0.0696128576309896,0.0919480107121033,0.158007798494185,0.1575180097101977,0.0911469686967047,0.0861770042455769,0.0955442585780077,0.0713575042035865,0.1046909908123693
0.0629505588073428,0.0607058689730892,0.0750041829229266,0.1074422557248198,0.1712179849243486,0.0861424979881921,0.0906802218073433,0.0911571200782177,0.0993988727508834,0.1553004360143044
0.0642625773368104,0.0636219179689578,0.0696360840195619,0.2004351137315182,0.1368599929857291,0.0901250867098709,0.094078270712215,0.0907879986704189,0.0942432515024984,0.0959497063533044
0.060357105021489,0.0745215905380878,0.0669691353323552,0.169649680531485,0.1584775172118387,0.083095745772341,0.0752344357547766,0.0766375162484819,0.1610723678920008,0.0739849056884669
0.0791776478587568,0.1065763917660307,0.0725590063749502,0.1451997896982026,0.1237044506577865,0.0928538422682669,0.1058503376209442,0.1083871760540332,0.079848044287454,0.085843313403904
0.0684972950322626,0.0841798187789767,0.0706290273785113,0.1206486319724568,0.1362431597076126,0.095319536588511,0.1031190842562453,0.0851153101324229,0.1031551102768082,0.1330930258667863
0.0731508713325244,0.0995035595726151,0.0795454041706708,0.1411673068689388,0.1731324190213918,0.096476852879219,0.0852117506208353,0.0928546391171344,0.0785926945894735,0.0803645018172116
0.0666283458173545,0.098125435379032,0.0725305076917791,0.1073403305829861,0.135181029338256,0.0874891176113923,0.0946870777627794,0.0923846831505902,0.1025508880777329,0.1430825845790473
0.0830175618281271,0.1155071274525297,0.0765198552716494,0.1296580834704459,0.1196867863431974,0.1030545960088173,0.0944247867577402,0.1121425806397909,0.0794125642351244,0.0865760579825506
0.0679728257715085,0.0915763175388245,0.0834111277895055,0.1612961715523767,0.13552451751843,0.0908583733013402,0.0914802867552403,0.0775475154545213,0.0954442792644683,0.1048885850439985
0.0760091550966771,0.1006703927319379,0.0901998468137802,0.115119442361159,0.1319839695441662,0.1065349880172698,0.0932608981792852,0.0882396567243482,0.0933198812339293,0.1046617692865127
0.067976000806845,0.0896514978917891,0.0823513378044172,0.1499398528366593,0.1677123810825967,0.0914576108761792,0.0908359606583626,0.0940831014115048,0.0932797640792094,0.0727124925426789
0.0743416245539928,0.1025601752135702,0.0889591540784722,0.1135870271209722,0.1375813905360964,0.0875877440143358,0.0938920037209233,0.082032196079031,0.1412870845426433,0.0781716001292362
0.0737205170851222,0.0755606500071306,0.0927973812995718,0.1190055799524579,0.1222676294382281,0.089381583585902,0.0870919305844577,0.0853506101676307,0.0766935531138253,0.1781305647553538
0.0865838539014348,0.075701411635139,0.1128173010434393,0.1079593363857201,0.1242542896486181,0.0821893359697333,0.0908550285677953,0.1068893939862381,0.0856024711366635,0.1271475777150338
0.0723601950823347,0.0663604613861763,0.102766057215542,0.1220033708184438,0.1148158909444312,0.1095144621213116,0.0915178633344803,0.0912306674874339,0.1054441528827339,0.1239868787176104
0.0689463502767125,0.0640256712893532,0.097000919605039,0.1166729765866164,0.0984565194421221,0.0912079274969318,0.0820786391968011,0.0825120765951164,0.1055521142494045,0.1935468052526877
0.0705125804188924,0.0873877010732217,0.0973635558367804,0.0984557681192162,0.1000142005678911,0.0811238365432653,0.087249295838561,0.0758432833318411,0.106100807400905,0.1959489708593839
0.0702159498233907,0.0996837235914787,0.0715267649169071,0.0889674863108024,0.0885953703942123,0.0686227719320211,0.0652757804792696,0.0755401818186672,0.1053882060549429,0.2661837646697953
0.080821489987411,0.1168316494331354,0.076310763579333,0.1085989497778234,0.0931838147009308,0.0674435978275905,0.0767376760610213,0.0692415331728084,0.1302034964298643,0.1806270290203511
0.0850236167620252,0.1180425723622557,0.0736195702520398,0.0976850700994205,0.1075701432862906,0.0809209509859926,0.0941679349542268,0.0893026109920456,0.097657811968306,0.1560097183274392
0.0878953685475482,0.115888587647963,0.0666825781057478,0.0994101721643066,0.0962798610284796,0.0716049198063461,0.0710281049266727,0.073949069686025,0.0717843782077916,0.2454769598699265
0.0938575691052808,0.1237641387736732,0.0739863714606516,0.0892761380113142,0.0976759824484443,0.0868985139396359,0.0755250549935497,0.0825671943429927,0.1046127408711619,0.171836296043037
0.0808540005860011,0.1156334104132022,0.0817025210096475,0.1058385344258331,0.0989154056819731,0.0862224621310541,0.0832122370816703,0.0794111541416333,0.084571329886176,0.1836389446319634
0.0743657494342754,0.082328916892684,0.0857816612826048,0.1061758714903313,0.0933632650993241,0.0887828897205021,0.0818857291431556,0.0845729973957382,0.0807379349119782,0.2220049846187739
0.0881208680577567,0.0864533463987792,0.1026261578263431,0.1069470052806293,0.1052601761105823,0.0925292470351497,0.0986263028227759,0.091825264999173,0.1043265794808545,0.1232850519754907
0.0785525770133849,0.0806558065343714,0.0856240333892827,0.0846559754808044,0.1036421768158339,0.0866811692301067,0.085158745029782,0.0846103843440128,0.0780481505491642,0.2323709816023945
0.0769641062973668,0.0795923515715426,0.0808859990311428,0.0820681789520461,0.0908339938049793,0.0735505748047707,0.076378361718596,0.0735535261328811,0.1062931326570468,0.2598797750190176
0.0819913436721431,0.082556261624756,0.0921112253301999,0.0823485292133393,0.079713716352717,0.0793672708884263,0.0740951934558811,0.0739718165573148,0.1011108999516411,0.2527337429429061
0.0899217322145495,0.0869323376188047,0.1132382387508394,0.0824561537786844,0.0821983424730454,0.0862307773049438,0.0998880371621341,0.0822977753238744,0.0975057056045876,0.1793308997566757
0.0757261322146305,0.0828086669810187,0.1012654841394926,0.0814291124869923,0.0749882015014825,0.0807239099484567,0.0749939390817402,0.0751822444544875,0.100191607259096,0.2526907019217867
0.0831188194195132,0.0817292845180584,0.1128858814958482,0.0867005894216378,0.0805877542647059,0.0784226872109385,0.0890689187878061,0.0798794674705879,0.104857941058733,0.2027486563408645
0.0869760562285074,0.0805181850146548,0.1082808303535223,0.0723199164630337,0.0720982650345389,0.0758738079025108,0.0722150337963503,0.0722637030179656,0.075062093052994,0.2843921091255199
0.1030848448783013,0.0897252916425089,0.1299814154207655,0.0774913474058154,0.0827492126721173,0.0774119023088003,0.0774041679408625,0.077232018671287,0.095064883744428,0.1898549153039715
0.1008406593492922,0.083907360320275,0.1331633126413921,0.0682658547460149,0.0681951179378885,0.0700678224542935,0.0690315041412356,0.068051567771997,0.0969613233815501,0.2415154772462521
0.1123558629559742,0.0927460579898274,0.1424272936649812,0.0777889230420794,0.0766874952979223,0.0764162368838692,0.0932481619732427,0.0761058576509032,0.0770265574870334,0.1751975530431877
0.1060616164205854,0.090956513487248,0.1457374028778476,0.0809210987463593,0.0804009423413918,0.0831291972079987,0.0811278613966334,0.0806135229923392,0.0916052976141329,0.1594465469038711
0.1058959235660826,0.0959113446101251,0.1256324347029294,0.0817635069943302,0.0826332628368494,0.0824320318441353,0.0823057637761166,0.0814103553055601,0.0952171925649111,0.1667981837872192
0.0889610267454131,0.0848215354807482,0.1064826323118195,0.075918550191791,0.0758812508967439,0.0759748039730568,0.0760909098578261,0.0763660789595753,0.0757701885585344,0.2637330230136138
0.0845035730424265,0.0868729038329286,0.0895181857358683,0.0785236556628054,0.078456179172728,0.0780748154448238,0.0782162121792872,0.081541009756704,0.1001676327707253,0.2441258323904744
0.0890117275588204,0.0934330565255481,0.0914826244182447,0.0836887207256564,0.0835899347231825,0.0831754267411384,0.0829866029369915,0.0832116047924934,0.0860051728152206,0.2234151287507417
0.0952108231720305,0.0924727300459468,0.0989584371199265,0.0813038395611117,0.0823364852230822,0.0805214340727756,0.0810765411196348,0.082174544491947,0.1287410667890074,0.1772040983930265
0.1020091781619225,0.1003923986816939,0.1125371181654607,0.0850977520614979,0.0843436102687305,0.0849289353948085,0.0847237946483583,0.0848013473588268,0.0998966588259712,0.1612692064205709
0.0939300361758012,0.0887285913451615,0.0990376090386281,0.077584000901568,0.0754312137798736,0.073873686401304,0.0767668212616097,0.0745641275382665,0.0746639832468323,0.2654199303004119
0.1052185405317962,0.1029709183697045,0.1066675810194503,0.0886553558457443,0.0908714066540652,0.0868355079935719,0.0875939118459765,0.0875939118459765,0.098654677830459,0.1449381880508395
0.1055279373390157,0.098120761439255,0.1044793411476698,0.0855889821633539,0.0868922049719144,0.0819239189870945,0.0820236148246879,0.0817237463080919,0.1053701996034606,0.1683492932037031
0.1152414028813043,0.1019480252262858,0.118040275425777,0.0884847234640073,0.0904491916590821,0.0886479900721265,0.0877594123186535,0.0878021558069027,0.0957830063355007,0.1258438167978837
0.1162310057973592,0.0925487776746778,0.1223097968573431,0.0866088649167198,0.0836800463198424,0.0794450201017491,0.0823280295461282,0.0801263680722095,0.086002150221931,0.1707199404805904
0.1043694964433638,0.094406398320791,0.1111724269330196,0.0889659126518142,0.0888987586396494,0.0846637072916416,0.0825361471438729,0.0835114808661321,0.1527123347027452,0.1087633369951105
0.1163560594634539,0.1062810373243695,0.1117398783876112,0.0965575183755848,0.0936499363741891,0.0876038203408884,0.0934071280394329,0.0903591100512733,0.0910400279228609,0.1130054837078306
0.1116666530756283,0.0995631630571676,0.1115330086167533,0.0901088223909521,0.0913620087979603,0.0863645912373861,0.0901570071077114,0.0876831758762674,0.1071041340731086,0.1244574357549465
0.0995052901859832,0.0906743429520463,0.1114169463328516,0.0977460466025901,0.089191846112773,0.0882724912601246,0.0867410394155921,0.0878382643318878,0.0881940669059066,0.1604196658879716
0.0987635262799129,0.0828215775398423,0.1227275091537067,0.0951444719946307,0.1027608916715492,0.0795382041265028,0.0796719268243309,0.0845597583826591,0.1165503065889515,0.1374618274266115
0.1069093199713314,0.0914021142034382,0.1291381887254269,0.1024446094358184,0.0983014990320105,0.0977426307362188,0.0913071558892903,0.0906209213841104,0.1018963628089267,0.0902371978004383
0.0950694904555752,0.0818607579422554,0.1127468932314827,0.0909373531217961,0.0945534827657815,0.0873472897754205,0.083802026673864,0.0855397531413198,0.117194997073718,0.1509479558070544
0.1020438358471069,0.0875198676562833,0.1204897580112152,0.0993917538325432,0.0919724567938411,0.090031578768697,0.0883994610519427,0.0896028408772516,0.1075868246538226,0.1229616224950105
0.0936939349347364,0.0843036316156,0.1090805997820566,0.1028035512138339,0.0995709205860713,0.0924133148381551,0.086607448527563,0.0862443747287804,0.1190577477285041,0.1262244760328901
0.0936046430725626,0.0830468473272674,0.0999606938348803,0.094319377615066,0.1080355271822074,0.0820702314483824,0.0831237332222415,0.0785294314480217,0.1249018571817915,0.1524076576564671
0.0929271931348534,0.0818879267572306,0.1117865091063768,0.091700012847892,0.0976448507285689,0.0838182622073062,0.0880833825238717,0.0843798288699306,0.0889167816627602,0.17885525214945
0.0960776755973325,0.0830461663348317,0.1213048463459512,0.110000857497544,0.1044443985293955,0.0887159845246084,0.0876393597595968,0.0839405705448331,0.1015586480348172,0.1232714928192719
0.0923586479959264,0.0808220237496442,0.1157648401732321,0.1095318857574144,0.0933286417803487,0.0868423927670327,0.0908431094557931,0.0840265324620973,0.0885558560382621,0.1579260698086375
0.0957316569489464,0.083711404827688,0.1174206548920071,0.0910282561522546,0.1027059666047785,0.0882544878729129,0.0882696554296803,0.0862937471879421,0.121281358310063,0.1253028117618042
0.0965794571580472,0.0826079630759271,0.1115851546917152,0.1033201913505968,0.1101509300038662,0.0900116068045718,0.0869720214582809,0.0897714634791331,0.1161726962847832,0.1128285156814262
0.0784828290189883,0.0761607847481476,0.0895943030411863,0.095671671220149,0.1968651209647973,0.0769485177524125,0.0754603967575808,0.0772688786787886,0.0824656912404532,0.1510818065667223
0.0934781118988721,0.0843602903877172,0.1018703415053097,0.0919948923122496,0.0984267508543871,0.0858457239107453,0.0900251965348752,0.086702379575308,0.0899439758057334,0.1773523372031692
0.1035765102471788,0.0900156953164937,0.1050207708566875,0.1181881675691619,0.1136802764815512,0.0843661633928701,0.088425245110157,0.0891871232429537,0.0973955491233852,0.1101444986478206
0.0985589102719036,0.0835595466742916,0.1037661664584048,0.1386836413871308,0.1185315186962625,0.0870740588745368,0.0874610667136377,0.0847836102940052,0.0859051690367224,0.1116763115815868
0.0996373954594493,0.0833254834932054,0.1131344146083188,0.1058379007575806,0.1318264333210528,0.0878254192016537,0.0871952551609543,0.0887269421892555,0.0912895430437126,0.1112012127531541
0.0799994328382526,0.0784220260421934,0.0947580831114944,0.1311719392284442,0.135467931392491,0.0797602540691033,0.0801731074610054,0.0832279031742014,0.0765938400216565,0.1604254826507237
0.0755223142386043,0.0931111897762932,0.0915012145520467,0.0950658631730536,0.1288228608370238,0.0791909094713028,0.0772687017046019,0.0815291827105333,0.1022723758990961,0.1757153876271811
0.0704582755022148,0.1020153263788157,0.075042511903783,0.1448841599037669,0.1339333673396088,0.0789576531962931,0.0818128911168768,0.083085404364148,0.0955177893186475,0.1342926209658359
0.0629870635277924,0.0973015013228734,0.0642365188221634,0.1436800000551009,0.1259560966787828,0.070717070996017,0.0676479542781645,0.0726995496753598,0.0786279883718968,0.2161462562627608
0.0747165945574606,0.1138222956746311,0.0711987155370646,0.1552197824820386,0.1340151602346661,0.0764878483483753,0.0871027491291292,0.0808168520942208,0.0871624669130373,0.119457535019343
0.0630690285772493,0.0895851159362687,0.0630597708659589,0.1455833538945218,0.176318121683055,0.0713554348187231,0.0736278364726777,0.0781939643528374,0.0844179384761218,0.1547894349134875
0.0806234960831769,0.1073525186767506,0.0841757053524309,0.1872667938586386,0.1002727171921974,0.090652481860484,0.0801688812430091,0.0784289272224679,0.0762187139605732,0.1148397645396777
0.0671059561168698,0.0733259630818811,0.0663909476924046,0.1375396504154644,0.132401730278086,0.0859858332888542,0.0790215766316729,0.0784941021339495,0.0823419619981772,0.1973922783530781
0.0718573918018845,0.0839302288825054,0.071837466881677,0.1342613460515075,0.1018573991370698,0.0873537140015917,0.0951096739215045,0.0825012499354101,0.1184399642913111,0.1528515650851717
0.0909762865113415,0.1038171002549118,0.1044720531259081,0.0879530457732674,0.1193941856185533,0.0773576818873442,0.0718268977099346,0.1026454655097014,0.0691355728761366,0.1724217107229783
0.090968346975737,0.114878086913068,0.0898141326794406,0.1516404189909848,0.1134600683717026,0.0830935985150621,0.0916048616130405,0.0868752426923846,0.0985816498779575,0.0790835933597341
0.0905880425784539,0.1209169926980793,0.0773886910803187,0.1699123977853814,0.1218170248294607,0.070087718408726,0.0698164812154585,0.071627796014427,0.0713999282296269,0.1364449271511605
