0.0577832301253407,0.0581941230564772,0.0583391903131762,0.1134858609814945,0.1142504904988794,0.2017067619814149,0.1208662814935792,0.1272269579639066,0.0853387047231955,0.0628083988542095
0.0742395722766421,0.0783122802052635,0.0721609788799073,0.1061127465626245,0.0950665484282142,0.1440766744248922,0.1014355513920905,0.1308821739334791,0.1157058112066036,0.0820076626801113
0.0703255503601518,0.072649453897902,0.0675290667679987,0.1154264291076735,0.1018213898818263,0.2045317890332617,0.0851914771271962,0.1045558491774761,0.0983802298704136,0.0795887647668609
0.0774303626458841,0.0798239147381843,0.0646984162712068,0.0833232547493113,0.0873016010252223,0.1365646881570638,0.1627011025562202,0.0997272348278169,0.1390977063956482,0.069331718624757
0.1011851369783018,0.0947629498867799,0.0699363550502884,0.0858776838593813,0.06944475424542,0.1355609373099428,0.1245404504149762,0.1155188929881158,0.1492070033236595,0.0539658359355496
0.1255234413128099,0.1205697735539229,0.0867494928798632,0.0821877489137752,0.0758485921562635,0.1764962429959014,0.0997181185031035,0.0801659778320398,0.0884367598922559,0.0643038519524575
0.1278744669667231,0.1123857588709783,0.091736178440284,0.0701715595711552,0.0739198769030446,0.0948348383442759,0.1048077331330954,0.1497660019321883,0.1175147890026569,0.0569887968279179
0.1332436153890829,0.1148688213761176,0.0939861765359732,0.0741928679329787,0.0661110852961502,0.0668335166048887,0.0944277827981939,0.1121607193298913,0.1777497638748053,0.066425650854005
0.1155918148885536,0.0963290463426577,0.0729058576130165,0.0471965156638193,0.0529852386002151,0.1571747662141201,0.1766942763347233,0.1047819917478036,0.1226276582304718,0.0537128343593851
0.1301256402648813,0.1367030270104253,0.0786915302648846,0.0717583702101338,0.0795250334784707,0.0951856828394518,0.0937589911402985,0.0941717748369505,0.1352996243645111,0.0847803255818486
0.1055707321185958,0.1257229530872876,0.0565037254439635,0.0548297942680366,0.049159830010608,0.1208859964167038,0.121696603464729,0.1314435548965873,0.1765786933186816,0.0576081169682296
0.1428752827680316,0.1471673206157016,0.0836503246951009,0.0580995241108,0.0565540964325084,0.0691238912710984,0.094461195446832,0.1006069007760848,0.1607793055898252,0.0866821582861721
0.1266540866271616,0.1370475009772649,0.0728690050336248,0.0465526144126189,0.0508161848793098,0.1052668287977873,0.11250766245935,0.1739199187678492,0.0994065930227424,0.0749596050157146
0.1186885483961925,0.1245850494207614,0.0699321056777558,0.0546075740597142,0.0535478692157758,0.1787297943370971,0.0768773815110794,0.1489337592502336,0.1233719365207166,0.0507259816037892
0.1441751004276558,0.1500685370028042,0.0820822114335139,0.066510999138923,0.0573049552751203,0.0746188104158572,0.0965537858080499,0.0842573617560258,0.1800653800604363,0.0643628586738216
0.1548239573387255,0.1340761726535966,0.0965573193548207,0.0542978296313896,0.0571484486336481,0.1114922594519741,0.1043276562684519,0.0818567594644371,0.1433015430548357,0.0621180541405918
0.1518741418606619,0.1177040143704876,0.1128047371799527,0.0680728908969647,0.0595018371216338,0.0868641406661113,0.1474259520799052,0.1024085664886947,0.0851766942870928,0.0681670250400396
0.0961878778506755,0.0779297747228409,0.0749953803832633,0.0518687295406653,0.0523912417598849,0.0845535729483529,0.2183162689155413,0.0861868114966437,0.1450037166940978,0.1125666256807643
0.131589409267892,0.1111266890769257,0.0953947513848847,0.0653120319793873,0.062904790652331,0.0826804346377238,0.0892657047769959,0.1046527318539746,0.1684862457016283,0.0885872106592705
0.0880436421898675,0.0745306562745611,0.067622822109753,0.0453964301926272,0.0501999631993068,0.2040876150969497,0.0825894688014978,0.1048906971958362,0.2188550938706443,0.0637836110624882
0.0883304624366181,0.0756754955290406,0.0751142648471264,0.0502019669677318,0.0503028454680651,0.128835235656687,0.2260603014559097,0.104249837015349,0.1192577211563351,0.0819718694598935
0.1325133030967838,0.112431848731428,0.0937379011030631,0.0605751992118585,0.0600710044758198,0.0799432320364428,0.0759890420319994,0.1392180296677793,0.1530179223536173,0.0925025172825431
0.1645181351429641,0.1230621355709024,0.1114366601248933,0.0533679044248539,0.0535962153892438,0.1017152554059746,0.1174701521372248,0.1013005570297926,0.1147751280229641,0.0587578567434985
0.1494063046621361,0.1074540664480636,0.1097952320560089,0.0494510697938942,0.0488915855091074,0.1066824209647814,0.0859917424383323,0.1054369721323782,0.1747842464359235,0.0621063595523192
0.1651442993872408,0.1182745000752335,0.1165484239081249,0.0522716301115937,0.0528991360457147,0.1137934442985237,0.0780023831802793,0.089443206464357,0.1246810037922022,0.0889419727292347
0.147922851463066,0.0977925285954109,0.1065580817122044,0.0464238326828046,0.0455762242151715,0.1128901922719804,0.1310227610138246,0.1123912795251958,0.1439319034154401,0.0554903450983682
0.1328371897490401,0.0891340186305377,0.106874468699474,0.0472620378678783,0.0480661851476363,0.0701091521712466,0.0703851247118544,0.109264506642605,0.2583880921805945,0.067679224192408
0.1309229820581532,0.0876808248822583,0.1227236917194987,0.0493362371100967,0.0514953190664197,0.1117890433566806,0.1009931626836461,0.0959825108167889,0.1988143178395445,0.0502619104598663
0.1466833230383405,0.0871869670844324,0.135744371052381,0.0490669746540084,0.0485454858380168,0.0709338526827807,0.1702898085776032,0.0870476778756926,0.1412860793221691,0.0632154598676916
0.138840339467067,0.092487011414754,0.1325430068426628,0.0549830604958301,0.0543179016658039,0.1353131593890221,0.0915644362416998,0.0732062798200568,0.1722102596999918,0.0545345449554494
0.156695394413093,0.0814705062416588,0.1438306980903252,0.0501857659910529,0.0487528142789859,0.0980979968598825,0.1499970729201933,0.1184174836353922,0.0998075013853766,0.0527447661772476
0.1555235200574282,0.0867093692777644,0.1164474909917569,0.0452205416915001,0.0424633481236362,0.1211870376582365,0.1510336319616686,0.0958053618744816,0.1269043128170311,0.0587053855405058
0.1537757511495028,0.0982081992007161,0.1153273386838155,0.0567065236578281,0.0559206491161691,0.0767794037229255,0.0793575019833756,0.0792119807100803,0.1795919238520398,0.1051207279160552
0.1422658723221739,0.0864812671393909,0.112807526729365,0.0524628614266129,0.0532019478299166,0.067367804371305,0.1038041039163774,0.1223239769332834,0.196758332880361,0.0625263064437715
0.1201644578623693,0.0714273270641471,0.1205062086975165,0.0580105113950079,0.0577337441561176,0.0990906064326712,0.0799128158579286,0.1562787002911855,0.1478642683169462,0.0890113599187001
0.0983917131219568,0.0617746985655414,0.1091557344608597,0.062309162052566,0.0569327022222289,0.0760610694121957,0.1245087820479514,0.1533586957112256,0.1564281800164744,0.1010792623812362
0.0840853707671542,0.0570421175697128,0.091494953704558,0.0547787718109037,0.0570649378826189,0.1269412591954648,0.0803459287150506,0.0884972716440467,0.2709699187779666,0.088779469924969
0.0847736582496881,0.0615287410078656,0.0911643627790826,0.0652442911187254,0.0634551606740188,0.1112712991899301,0.0862102251283945,0.1126365832362515,0.1930063602013093,0.1307093184062359
0.0817868519959606,0.0600395778689549,0.0909314735399187,0.0640615253980605,0.064678474669799,0.1097530803175669,0.1154959746603908,0.1742575611637161,0.0770798502756417,0.161915630101848
0.0958573566601089,0.074316871214759,0.1045117251131367,0.0797408682695545,0.0839532239472766,0.113809815018221,0.0886647150985651,0.0942732087403179,0.1749892015253157,0.0898830144023462
0.0856831086483784,0.0649149953019057,0.0842116505887143,0.0782899388385901,0.0728804893503763,0.1821697333660729,0.0884300480035589,0.1156195839230088,0.1346241017728827,0.0931763501978918
0.1132591397280228,0.0729307400101611,0.1043867714489268,0.0690866823962126,0.0644723555282117,0.0866630480587209,0.0915887558731581,0.0944970727648597,0.2187734588658971,0.0843419753173498
0.090395125647533,0.0579416001948681,0.0960698079109256,0.0642625695648891,0.0628847632582695,0.1248750231367758,0.106293926164752,0.0833290947814761,0.1798370229746659,0.1341110663584908
0.0885233887378082,0.0648608016927284,0.0871364378642102,0.080764089042234,0.0719932411973395,0.0795896512973246,0.0830528729163364,0.1002389908241753,0.1107992225083145,0.2330413039115144
0.0902154434202063,0.073744018228592,0.0746470403388014,0.0865015282875518,0.0722966484047172,0.0814816409401866,0.1464888170984284,0.0764858384020293,0.1197599520213294,0.1783790728500426
0.0834930337914856,0.0668547554400773,0.0786574872705427,0.0881446278249229,0.1050316439584998,0.0957308511341543,0.1174978906321829,0.0788466738573143,0.1636669240216129,0.1220761120606241
0.085819091031601,0.0709486841729724,0.0807294807584936,0.07642394075779,0.0769400957130863,0.099854612374194,0.1344112712900413,0.0951629260539206,0.066726850000041,0.2129830478386537
0.0860884690606298,0.0765006044198007,0.0849870223246617,0.1062706557913702,0.0945906185871177,0.0912322652482169,0.1036472692272508,0.1192252318813197,0.1200752103643011,0.1173826530852838
0.075845651233939,0.0671477675257617,0.0720993073555524,0.0805972037628803,0.0824081116323613,0.0763433829657081,0.0975384772432395,0.0652213161115297,0.130725339207437,0.252073442953514
0.0758515824615602,0.0742654247122079,0.0736858329254058,0.1010285294720295,0.1132209956339512,0.1451657965159205,0.098967345882841,0.0855611877813796,0.0685957326573499,0.1636575719474558
0.0714074939872248,0.0685646904840545,0.0720495617474387,0.0934639571911807,0.1176003727808348,0.078328375825359,0.0917696806592789,0.1194925118267424,0.1342873848419863,0.1530359706460914
0.0714086151885482,0.0687982041460898,0.0712656382258203,0.1008825262225291,0.085700572347784,0.0979085666927731,0.1079608934551567,0.0819627058607765,0.2109678635908089,0.1031444142600298
0.0743085500121583,0.0697040077704936,0.0721932153146981,0.1079628814874373,0.0834065441476679,0.0902801290344346,0.0877652569308848,0.0944302005496546,0.1140413891808267,0.205907825562001
0.0742471323428792,0.0734895015829721,0.0729283235119478,0.1280789818113887,0.0972606963542651,0.0900540903693097,0.1257630924294897,0.101831204703352,0.1438871714294767,0.0924598054545149
0.0678868042880334,0.0622132601700463,0.0740849750399425,0.0943907814273269,0.1881815505325571,0.0948732081437314,0.1169983095496006,0.081170606356803,0.0664583974770733,0.1537421070059092
0.0656619610920144,0.0597949454168064,0.0673526954603583,0.0813987986286699,0.2624550055020669,0.0924919639863719,0.0746941784557842,0.0815435762431029,0.1404761300885434,0.0741307451177845
0.057020287005125,0.0597479380313375,0.0547536662455267,0.0779227173330083,0.2579404304884279,0.0671708582908454,0.0761331748968833,0.0781717048338651,0.1794340608286203,0.0917051620384863
0.076930106939403,0.0772770954149804,0.0766232100072165,0.1157934990749926,0.1169469060106604,0.0947443041135314,0.1383196968272644,0.1067015364766433,0.0985569151971208,0.0981067299271913
0.0600295101936095,0.0614550926695025,0.0580326765228325,0.081562515805541,0.1561430640292946,0.07974718821489,0.1269277544323949,0.0657196593798725,0.2242541968905893,0.0861283418533659
0.073695864899481,0.074745941730697,0.0724667644152481,0.1124957895291403,0.1226746046826133,0.0996484638768766,0.0892351073494668,0.0854587724820036,0.1862991403840365,0.0832795506401178
0.0663861672884466,0.0668764278572787,0.062184320255085,0.1093562308550472,0.2594923933922886,0.0725656158809897,0.072255992184814,0.0754276916036352,0.0851209176153153,0.1303342430585357
0.0619593800360095,0.0650175915234557,0.0563255721626693,0.1100781853037835,0.128005300845844,0.1575802652944366,0.069970787518735,0.065877150603886,0.1903553101012421,0.094830456602135
0.0727710183966228,0.0738146422323156,0.0714964680838165,0.1727154266044664,0.0977661272305384,0.0873860366525237,0.0847395825935916,0.0808444790683441,0.18055961206344,0.0779066070642566
0.0577973378814024,0.0574666801675225,0.0567593548785162,0.130112636109825,0.238660306274908,0.0999422380171975,0.064192837457615,0.0633878224990714,0.1311132336207432,0.1005675530851827
0.0655124068009458,0.0671958873992348,0.0649448053053516,0.0987088456596091,0.1569433757067297,0.089510538639702,0.0881581437275886,0.0847452331208441,0.1775176021389946,0.1067631614917669
0.0591581440826001,0.0600795041056284,0.0598386416716655,0.0868514110556863,0.1117021889204724,0.0905060572722218,0.0780181489956832,0.0745455958067101,0.2272600344343944,0.1520402736464311
0.0659931902495655,0.0597775485584454,0.0694329546956207,0.1378323388507866,0.1557676995793384,0.0738924666615633,0.0809980876044215,0.0815775676514881,0.1623980408170394,0.1123301053231128
0.075543897605154,0.0758936399320029,0.0692844657607634,0.1715399274377047,0.0794999916544195,0.0709713287999329,0.06571921168744,0.0672633034713293,0.2220011840074541,0.1022830496353496
0.0631951412055294,0.0631318298961867,0.0628111083085969,0.1110117807840233,0.1071129455618858,0.0836649611099997,0.0682590800627994,0.0682042035031727,0.2691814334602703,0.1034275160985089
0.0686884332953795,0.0687008368265261,0.0694071319633406,0.1291425201801291,0.0948589431765064,0.0809729839206427,0.0804993487315987,0.0811128919247462,0.1942750004713034,0.1323419094999192
0.0725118800291611,0.0763253602161643,0.0614391439816827,0.1144090757883116,0.1431756156045333,0.0740065059446283,0.0828915479427165,0.0684850212051567,0.1820774405401584,0.1246784087386252
0.0922970778041178,0.0995841737086258,0.0734418542134189,0.1383724526698222,0.1401520656994159,0.0726329733291291,0.0641684173085377,0.0630271844596756,0.1674428503420789,0.0888809504572417
0.0766946697249983,0.0820235597922152,0.0632386753958263,0.1087859219191392,0.1422040809263976,0.0619314582182278,0.065177393865236,0.059176531851938,0.2734697038996315,0.0672980043987359
0.0772231668285901,0.0860475139041421,0.0609315674698989,0.0726841124562986,0.1031319780590936,0.0681698495491377,0.0695653316007757,0.0614424239101446,0.3239249986125196,0.0768790576014909
0.0749839609964089,0.0896335039958724,0.0544122644488654,0.1044993350626296,0.1979600258230916,0.0628348287356741,0.0688064106144411,0.0605494608974157,0.2100592492528737,0.0762609601648758
0.0552866898557421,0.0702923077168673,0.047052264399698,0.2735277289335915,0.1541967035008068,0.0485185298324994,0.0521876424711963,0.0482990643287358,0.135488327402906,0.1151507415513297
0.0737130739964029,0.0826285679345566,0.0550392659165425,0.3110898302421584,0.0725983813721321,0.061923905250029,0.0620132381334273,0.0630336553113348,0.1606313053382788,0.0573287764972113
0.0926954140580094,0.0978210332058633,0.0739445337062665,0.1096324156278474,0.0994167897573791,0.0796642841007255,0.0808051487203941,0.0823354894283299,0.1858207510498588,0.0978641403351372
0.0896721016906002,0.1020438619139274,0.0608012358188329,0.1755446628414215,0.0753374993028183,0.0574192457136757,0.0575948407354613,0.0560978854538847,0.2165272792826695,0.1089613872392078
0.0848894587624965,0.1054976198211547,0.0601544198716306,0.1703456169498301,0.1254089252187418,0.0659137859187,0.0696260468452154,0.0635203280978922,0.19068169538407,0.0639621031216731
0.0764218239323369,0.0985063825832346,0.0656674195989804,0.0999760808728055,0.1362379715311052,0.0702529935564848,0.0741570426744147,0.0679698742836393,0.2205210087281281,0.0902894022297755
0.0908495113152119,0.1145990294966766,0.0664554098555036,0.1001172210366805,0.1079241474985292,0.0683030378442114,0.0696384179935237,0.0709604944273919,0.2411324129464838,0.0700203175763114
0.0908649610018458,0.1297792235041024,0.0673876541334732,0.0739663063187846,0.0984294647223628,0.0728959078495865,0.0747080109146094,0.071816981729634,0.2484472320533647,0.0717042577628454
0.0821472855155738,0.1146358958275774,0.0850713227919343,0.0937908121019037,0.1343734772679153,0.0845530054247053,0.0853089468541858,0.0798866308268566,0.1287375257252972,0.1114950976532125
0.0677575433617124,0.0939283103151269,0.0781277627010211,0.1411064677170244,0.1289733588591987,0.0728122143467973,0.073145385612234,0.0734341045579975,0.2028686120215802,0.067846240497531
0.072227959098443,0.0998021546905511,0.0801045237760801,0.0918090399256112,0.1414152127654435,0.0748024609719285,0.0774278538535076,0.0812172035301643,0.1935813078133314,0.0876122835648944
0.0706647262430091,0.0832980015306585,0.0799144963076131,0.096373290193523,0.1272463848553404,0.0813970533993451,0.0778015525926391,0.0761086582012791,0.2291456853896671,0.0780501512768471
0.0761448654801573,0.0829472290586084,0.0813030010482809,0.1572362634870336,0.0920828595288686,0.0801943672610669,0.0808622607068117,0.0787425081187214,0.1846738046209415,0.085812840678554
0.0724132647358933,0.0774056044508201,0.0759233959540118,0.0841788630644112,0.0932421080827231,0.0742486767070094,0.0746331826998864,0.0748799436212581,0.2826980382344151,0.0903769224391468
0.0809477581887291,0.0845728042780884,0.0783898192734951,0.1325608449636406,0.1141001635127291,0.0806630417258552,0.0846167358246893,0.0790482799685433,0.1774516078202458,0.0876489444327969
0.1135408290175974,0.1212168716825575,0.0859372219741851,0.1041479733590542,0.1017817955211154,0.0890313963113702,0.0866956266422247,0.0900381193647677,0.113943660005549,0.0936665061093483
0.0919901156695114,0.1027179055605916,0.0859197674888037,0.0944753595748354,0.1065510927663685,0.0905021972761548,0.0879453773282111,0.0901666343239175,0.1283307391753843,0.1214008108240715
0.0979575227829362,0.1137926640573567,0.0670399025532841,0.0840323858271095,0.0840519583771995,0.0694827812934605,0.0707741017124064,0.0693987883586744,0.2755426677880234,0.0679272272398969
0.1048210914314832,0.1259946475213892,0.0718176208270961,0.0824122463395906,0.0876731092075646,0.0738302389894268,0.0736675244388639,0.0731005539765467,0.2234162350272306,0.0832667322304722
0.1033273797558835,0.1240231960251019,0.0774599117027302,0.0869607840569468,0.0846907496958237,0.0843972179506202,0.080184014891047,0.0788132204757264,0.1959191225970456,0.0842244028379564
0.0945582982342502,0.1206189534833494,0.0773581468176479,0.0875248583896225,0.0854080304128514,0.0782718482580425,0.078247501092268,0.0789413125776068,0.2159047238412533,0.0831663268820342
0.0764947021586814,0.0951712622402835,0.0780871368051484,0.0832377028752885,0.0789329762815233,0.0767937837170689,0.080125517119978,0.0840100352053588,0.2569899322481234,0.0901569513375075
0.0768490586168908,0.0758954502929867,0.0772830030365912,0.0802228973692313,0.0841667726436644,0.0786372435783747,0.0779702248595664,0.0761603088465293,0.2950061691885183,0.0778088715567608
0.0776676961932896,0.0767797658728121,0.0774342186725269,0.081802554071338,0.0856209253397146,0.0773065462992343,0.0793951316972138,0.0782428833779208,0.2656079856824779,0.1001422927824779
0.0836134682845044,0.0829835740812006,0.0845463393969602,0.0979274240522586,0.0901396772662883,0.0863194410352002,0.0853890649886872,0.0851380916129799,0.2177473829081315,0.0861955363618341
0.0765405889766603,0.0767639248897657,0.0769501313920105,0.0837632744135776,0.0803293268746406,0.0768381478028993,0.0765745003282218,0.0771080323097883,0.275755870655162,0.0993762023462758
0.0865617648759941,0.0984035069621475,0.0781829813350249,0.0886377476857221,0.0823090774024093,0.0783794174522391,0.0803748676236927,0.0801035457414562,0.2473031793573925,0.079743911552642
0.0798890040022374,0.0794369267764105,0.080673453162833,0.0838023523542623,0.0840870190130497,0.0801191226091044,0.0806338533041291,0.0796986727635263,0.2622387404733118,0.0894208555297173
0.0677556429064566,0.0651840746892367,0.0711851584225061,0.0662639817860762,0.0702047048020588,0.065083831313917,0.0644058036946625,0.0659523527220664,0.3766629336842585,0.0873015159694959
0.0764973723927586,0.0780032519137937,0.0837824743878331,0.0761950084267173,0.076790441413717,0.0773282031186576,0.0752243495876827,0.0752477269891966,0.2864018916693785,0.0945292800894167
0.0783248043287506,0.0741115079841921,0.085992348044822,0.0759171590397514,0.0787349620812504,0.0752942591044096,0.0742107703569409,0.0748972248800788,0.3070497461650017,0.0754672180041147
0.0834778099594123,0.1035677910800422,0.0991678899881316,0.0846785896397788,0.0848747154974436,0.0823951328633126,0.0824204522791099,0.0833875865891032,0.1863157209028053,0.1097143111890398
0.0823341328896122,0.1056998221645877,0.0828456582468232,0.0797333908110757,0.0810986493348986,0.0779188820916591,0.0774091795225532,0.0777840551619583,0.2513266627788537,0.0838495669868082
0.0848365118502384,0.117124026343507,0.0741435639211352,0.0742085084498796,0.0719613768574926,0.0718966240745028,0.070357331913573,0.0704754664092537,0.2938678208940751,0.0711287692762534
0.0825480334705431,0.1075865676534882,0.0620951808340389,0.0626459389897531,0.064753763748849,0.0646231970261378,0.0612251170405656,0.0620951808340389,0.3704771739059539,0.0619498464877992
0.0815124587793894,0.0998163138322801,0.0771829407733809,0.0763725913057903,0.0768001888770718,0.075695138403203,0.0759495714826129,0.0756846721640268,0.2313103136505774,0.1296758107207541
0.0706331580016279,0.0846648099257614,0.0679573028435784,0.0661137179763955,0.0664752891766641,0.0707111671976777,0.0725232196054089,0.0682459898894767,0.3291239341738808,0.1035514111999913
0.0812742438696039,0.0848387141502357,0.0878906720984541,0.0811186788264837,0.081762782423771,0.0807709634590843,0.0891842471705922,0.08081389316322,0.2510162480490017,0.0813295567778982
0.0841614478761291,0.0998975712784281,0.0875048291449552,0.083980743893253,0.0841843490239645,0.0839693531914003,0.0839733804170589,0.0846315383799565,0.2164253527985352,0.0912714339842109
0.0784938448729507,0.0848795708531103,0.0850765001945102,0.0785352676332227,0.0783575611347525,0.0845999002678551,0.0787037276571974,0.0827529355791095,0.2377360169480799,0.1108646748479266
0.0833367575233347,0.0886108590712379,0.0749080167047438,0.0742745935150868,0.0741328624544036,0.0775347780455613,0.0784559953758161,0.0748459323198391,0.2401917809432441,0.1337084240360805
0.0896734731539855,0.1118345525992637,0.0784068495077471,0.0756056410790998,0.0754076114091315,0.0839910562353689,0.0955334198801087,0.0753223894166918,0.2360867403059532,0.0781382664017845
0.0785263357662144,0.0859958849829311,0.0754945443403679,0.077836380219271,0.0731428073312628,0.0732312524800661,0.0770371074384616,0.0731638758457284,0.2798096923429363,0.1057621192422351
0.0741195724473798,0.0837968316966746,0.0823456570789899,0.0742366946070295,0.0844374969005285,0.0832204755512723,0.0973337811888871,0.0826773083963799,0.2121998369766141,0.1256323451455645
0.0776519635214846,0.0935865537679088,0.0882472309614497,0.0817583702176821,0.0866298031496941,0.0797255692717332,0.083521997806699,0.0842600115324252,0.1505599150148282,0.1740585847449414
0.0855130774351735,0.1025913088286716,0.0916943604832552,0.0968356468669461,0.0919769230192242,0.0955768132272044,0.0965197321584513,0.0966951404437271,0.1565018953607537,0.086095102164256
0.0652230617505749,0.0660345283671503,0.0772611658334797,0.0763555522319786,0.0738702445884998,0.0702646327464862,0.0674891616404518,0.0665004459739225,0.201913578360794,0.2350876284975264
0.0742526137819183,0.0687602746224911,0.0875144586891311,0.0790145806684395,0.0679730130219843,0.0783327251382038,0.0693579322510338,0.0682486611059285,0.2553761377532945,0.1511696029577957
0.0712083999014752,0.0771298971022195,0.0889661062807767,0.0884197217915379,0.0783736334535931,0.069169045757745,0.0691703938930563,0.0720103877307357,0.2512176194134497,0.1343347946654297
0.0663135829374845,0.0772420725142794,0.0802407330293182,0.0897438469407384,0.0929729341357799,0.0776602586305949,0.0742305687523652,0.0789260202213533,0.216260104806801,0.1464098780218214
0.0720964834251799,0.0906892314884817,0.085639341761019,0.0833589173656714,0.0906246120174066,0.0823995958330688,0.0720507384452717,0.0933075376289751,0.1964591578116752,0.1333743842128626
0.0694474616690519,0.0933934538386393,0.0759275879296886,0.0922778123268498,0.0916275557533807,0.0706900777611347,0.0897981189351075,0.0856298161658359,0.2001025220483112,0.1311055935623957
0.0645215584850588,0.0914463041476904,0.0750901229918327,0.0912204555262856,0.0792509758841324,0.0687759446130858,0.0752713601954349,0.0751092633834211,0.164257258624483,0.2150567561394812
0.0760236932276253,0.1146340676579429,0.0947508047429079,0.1375904567910229,0.0951503630453301,0.0899151240524253,0.0916764202446049,0.0897211589160407,0.1342439731828751,0.0762939381282557
0.0701623664384683,0.1045501102868204,0.0880188333176538,0.0922194404596629,0.1008122813367156,0.0901824753788029,0.0831410130413065,0.0840696059551475,0.2051531704836756,0.0816907032918059
0.0756219492941143,0.1034730960946791,0.0918862681422472,0.1039499481488691,0.1125916977655231,0.0866815612650881,0.0877852599914608,0.1070824815419081,0.1419634291412728,0.0889643086039373
0.0753970922576667,0.1048448997830393,0.0791939410714388,0.133999209214146,0.105254385233276,0.0972725685030469,0.0851727340256777,0.0820677797318871,0.1279715227305983,0.1088258674395086
0.0712015281732755,0.1017064177074605,0.0904434424152331,0.0966586578221213,0.1103608519398865,0.0833322343249657,0.0903890268295288,0.0789794326535758,0.1501567864613401,0.1267716216623435
0.0739348863284874,0.0991951915176024,0.0933716628906254,0.1144256264436605,0.1259251891273376,0.0870869630978239,0.095908985430964,0.0934841615451215,0.0932845603026229,0.1233827733050921
0.0643916349022877,0.085566353680332,0.0781514327135123,0.1039877778650885,0.1172849605143732,0.0714702361597801,0.0839729266634545,0.0824357059436626,0.1332658520468921,0.1794731195013343
0.074526738611327,0.0927863104252979,0.077028667163,0.1096837129456142,0.1128483678233086,0.0850152569078542,0.0899042867133467,0.0873830623292981,0.1032024520503046,0.1676211450206962
0.0865764773354483,0.1055416940049061,0.0625987917694367,0.1167816455974749,0.1089967873942827,0.0958305011436685,0.0847905669577323,0.0797564198487758,0.0638620700915675,0.1952650458480334
0.0984304318767584,0.1155404635207186,0.0665765688567091,0.1148737097788939,0.1014739997457664,0.0915843693143436,0.0924948327861597,0.0876867463612941,0.1261590031457993,0.1051798746042178
0.0947909631472095,0.1133038327210819,0.0550310715923401,0.0953054216081654,0.1037282517683424,0.0669751117977044,0.0747398227920293,0.0728859608492474,0.1556986799054174,0.1675408838106745
0.0816161201075957,0.0944686905220116,0.0555118315162667,0.1150018563275572,0.1295404891355608,0.0713270699963967,0.0680060738866137,0.0826616650550906,0.0696242744529048,0.2322419289921341
0.0659488092424074,0.0772385008921469,0.057872553025615,0.0967151985196837,0.1072987809066754,0.074793831409475,0.0849456253767979,0.0877967646754324,0.1391063312082911,0.2082836047356348
0.0615265991121073,0.0736375584108206,0.0534522441164222,0.109986378106055,0.1113376330633436,0.0748181783142662,0.0634874450600244,0.0700840130708292,0.1415228519531572,0.2401470987857971
0.0641387365941999,0.0722351990971679,0.053793020363225,0.1066218994488072,0.1211998676406801,0.0825112188929537,0.0736007106591708,0.0705190759206096,0.1048216400866079,0.2505586312891228
0.0796016592138099,0.0927197030439524,0.0475848854948032,0.1093242469224153,0.1013146616920674,0.0647354532304772,0.0711913456629367,0.0670166000969922,0.1540056936741546,0.2125057509616361
0.0826075726008847,0.0888963724012418,0.0515136572364994,0.1340189554630748,0.0925745993389633,0.0686737137984159,0.0746741850516367,0.067587839981581,0.1030174424621567,0.2364356616582131
0.0704371148365681,0.0826765646162895,0.0483990705742665,0.103613148672575,0.1396609819590119,0.0649389545692521,0.0731285464606723,0.079078714314074,0.1110540125905387,0.2270128913999377
0.0562089640450935,0.0735817094636624,0.0490857549214294,0.115975839054799,0.1265205833349401,0.0681830814757361,0.0629944814099357,0.0664231901337965,0.0727753465744423,0.3082510495796059
0.0477769093841759,0.0687696784524236,0.0480877107362776,0.1049825659676784,0.1651239532526248,0.0706851582734687,0.0584565647222815,0.0671268854688956,0.0843118914530131,0.2846786822830851
0.0474674879522335,0.0688095024297302,0.0454839441358765,0.1320355354963558,0.0746978261598679,0.069604366852677,0.0683671162851783,0.0758000953742997,0.1116444591949524,0.3060896661130086
0.0670155895558882,0.1012107990685629,0.0448343633645272,0.1294643736513291,0.1395402371342445,0.0685328523012488,0.0728001978399095,0.0644309845293493,0.075173782411742,0.2369968201371091
0.0705188990432938,0.105232629273541,0.0515296937877846,0.1511797453301869,0.139017484794284,0.0699482559844178,0.082442770770476,0.0672817796476905,0.069972969824492,0.1928757715368499
0.0624104425740649,0.1048056444461953,0.0373868937599138,0.1233385041355867,0.1416779089358824,0.0775474724718378,0.0517718101405354,0.0622983342936822,0.0681228171627649,0.2706401720743423
0.0705599560458618,0.1155017945625892,0.0475421635367418,0.1359959644281359,0.1496204114780783,0.0782497717204757,0.0699364325650559,0.0842358160587313,0.0443828111296058,0.2039748784683602
0.055762710220259,0.094774254455534,0.0397329977349555,0.0891480348896448,0.1892151770826947,0.0544360686627943,0.0547839250490224,0.0467399338654491,0.0804401945715652,0.2949667034629323
0.0658669978418557,0.1087492496130706,0.0475243313910441,0.1635647940733454,0.1047306836872221,0.0767513535242898,0.0831009968346064,0.0681923904512402,0.0439047367898266,0.2376144657872184
0.0790963476421643,0.1117836512567163,0.0522471564127656,0.1346410755952028,0.1087488145644704,0.0927911175494504,0.0922831509787195,0.0708557512469103,0.0813495956499018,0.176203339096524
0.0673589754229122,0.0939946422873944,0.0471407282258692,0.1759781464791858,0.1298352441262474,0.0764453649575968,0.0831973819403855,0.0751164350879016,0.0682461282781332,0.1826869531878984
0.050735065890903,0.067803989326873,0.0450581400760656,0.1448973440410391,0.1430041183760203,0.0644802178288704,0.0682179041189602,0.074264606657987,0.0516643910672536,0.2898742226102266
0.0461126143403658,0.0646271342290965,0.0443874409977657,0.164152998158864,0.1789983758808705,0.066346858645666,0.0710694801950584,0.0647664498192457,0.0683457066873358,0.2311929410402887
0.049224784314585,0.0722757690644541,0.0448851164661588,0.1279114418896434,0.16159903838819,0.0798471572786786,0.0809108764962676,0.0724340937481342,0.0423822273650231,0.2685294949831863
0.0585097330723453,0.0806000181088815,0.0447202860797001,0.1511579087017033,0.1200921458341388,0.1031024100593117,0.0640952409466152,0.0778914827566074,0.084856535998633,0.214974238436008
0.0489257240527057,0.0630924651009842,0.038276675715253,0.2074252389917663,0.1160808249272189,0.0838502105611708,0.061004672055438,0.0697975862190162,0.0381410850680207,0.2734055173031313
0.0613351980410794,0.0827389256367521,0.0324745801379632,0.241771693399896,0.1234873268592311,0.0590653924019722,0.0618803498992498,0.0611773891030403,0.052833435361814,0.2232357091543407
0.0478634586278608,0.0666188755583331,0.0261372625986169,0.1299650116884589,0.2133763823386979,0.0512583699939051,0.0457839315682041,0.0491660952216531,0.0389343620518728,0.330896250348699
0.0629495803024606,0.0853344268920779,0.0411584085408761,0.1510846972968115,0.225346751205636,0.0745692151630677,0.0764593413669323,0.0751187054498711,0.0420770994343951,0.1659017743421293
0.0428108307080629,0.059325171110641,0.0338853895968856,0.1029875753810361,0.2300784359483181,0.0656908463867539,0.0639454738542082,0.0733727754241473,0.0372042409941975,0.2906992605910422
0.0404945839697828,0.0594493685556474,0.036394301605933,0.1725954987033686,0.1438668553909083,0.0757073303817651,0.0797573446317925,0.0621916426282715,0.0511725159038891,0.278370558223817
0.0456548827076408,0.062646848892745,0.0316634699568522,0.2102791403689936,0.1229315363349112,0.1170435481933406,0.111784804774055,0.0695669921835439,0.0304763664997251,0.1979524100838454
0.0519751304521875,0.0678173423135179,0.0412679905612199,0.0970549126707693,0.1382044073289905,0.0769737122530334,0.0721371197421379,0.0820254783068466,0.0420424186345315,0.3305014877313095
0.0525180789288061,0.0649879082354835,0.0392463825419702,0.1324206242900746,0.1258999413057451,0.0790059999811131,0.079868619802887,0.0672898736590307,0.0427943776432156,0.3159681936063659
0.0501513771798777,0.0602536810136778,0.0416826847051429,0.0997813551634331,0.1909603909396497,0.0791035590625457,0.1314985506975756,0.0883385831758877,0.0569420654692048,0.2012877525871862
0.0419554668594292,0.049492619465354,0.0319321120587556,0.1089236090043796,0.1740736800801205,0.1013058571261272,0.075114998627357,0.0502912716645151,0.0309256294556778,0.3359847556538406
0.0443218362901575,0.054236707732168,0.0301981022139085,0.0778568701039362,0.2008894111540921,0.0700723011477558,0.0636223473950342,0.0589237351550742,0.0674490441441161,0.332429644659522
0.0479451621426766,0.0551005284834795,0.02839237720919,0.1554135596097106,0.168099068612916,0.0647605303498193,0.0682782596732639,0.083752521637515,0.0323596174149837,0.2958983748624132
0.0418658612439129,0.0466694469388603,0.0342182567283544,0.1540605223128643,0.1909363227274628,0.1106359318880799,0.0818768700942688,0.0756841356699484,0.0391015343733728,0.2249511180182407
0.0452766923722676,0.0423574998523585,0.036336971967822,0.1148444548558345,0.166821955547089,0.0865062621827362,0.0699452099369272,0.1378875820552138,0.0409401445199722,0.2590832267045738
0.0346613394622425,0.0350080957586812,0.0272190520816903,0.3067992478831957,0.0572175042350136,0.0621738584594498,0.0633633022752829,0.0545444059686557,0.0363666942223441,0.3226464996495353
0.0367926017039524,0.0357920453565598,0.0371192021427889,0.1466197423558866,0.1123371417472343,0.0965288810844799,0.1054854584416097,0.0913188091438206,0.0441431638348959,0.2938629541836072
0.048745892712834,0.0532445489255456,0.0417145156582091,0.106477475004093,0.1571095590762662,0.0886454779506846,0.0978692651532821,0.1013767161900183,0.0630601408847292,0.241756408438391
0.0403933883597677,0.0365618445972092,0.0351619903313214,0.1106839516544098,0.0806071419909909,0.1663870046300999,0.0854492906362531,0.1024426450428158,0.0360950750808875,0.3062176676715695
0.0457556786987571,0.0400568506155578,0.0439457199495708,0.1650105289876928,0.0933166665861504,0.1024227530463064,0.0967543763071813,0.0778247097367545,0.0541938647315811,0.2807188513356547
0.0649951752429309,0.0498306468306595,0.0561480954289195,0.2281820512546104,0.1132010771426576,0.0815419240685143,0.0768942230875237,0.0785967968706985,0.0413835170712849,0.2092264929974055
0.0538054911973778,0.0446026250606648,0.05091856006201,0.0760212217067326,0.1657682751454227,0.0700099597160463,0.0839388370355811,0.0716093469624895,0.0472965676412279,0.3360291154673908
0.0358104944421026,0.0354583021340249,0.0353761163307712,0.0817476702444558,0.0962664026289839,0.0986386548310393,0.106338634382477,0.1090183185341879,0.0439491450241595,0.3573962614426935
0.0441603617932592,0.0398803785405436,0.0433765120941573,0.1629922601337349,0.1115918751762717,0.1026464849530752,0.1412251632011905,0.0882602546340926,0.0463068175670714,0.2195598919008532
0.036321952221381,0.0339516362556354,0.0356462083233151,0.1807656141113165,0.1765498249652605,0.0858536391115838,0.1186594192253303,0.119979657864812,0.0404716089124919,0.1718004390040031
0.0340093850775305,0.0353361884564465,0.0338986546185165,0.0775893112207118,0.1063280798785533,0.0991558200968757,0.0943855169370275,0.107009881598238,0.065045131807521,0.3472420303037268
0.0377073573627588,0.0388028525064782,0.0374678370583394,0.0926469377983236,0.1205568418843563,0.1393089487766173,0.0977666467836126,0.1564148251708801,0.0431967141134795,0.2361310385398194
0.0384305265597476,0.0407688108700505,0.0371006602076933,0.0967308686473291,0.0646359811186948,0.0947756122555354,0.0808376804153949,0.1919298854615681,0.0469170666922583,0.3078729077665127
0.0389029766963591,0.0417773925781818,0.0374091444872751,0.1088542884381817,0.0828341014799033,0.0962366907297994,0.1255768779763532,0.1391156369745088,0.0378273725703713,0.2914655180637498
0.0415330630009901,0.0461761312470844,0.0410882049954096,0.0847103677655423,0.0843526048973113,0.1093960768321462,0.1189201039430481,0.1353995747463427,0.065177375401063,0.27324649716532
0.0412572480527443,0.0467075232247427,0.0395306426501115,0.0731875706146776,0.0719803234023788,0.1280609767153441,0.1273235057036668,0.1876372655855334,0.0523169725239009,0.2319979715214496
0.0366307942694874,0.0432041716637201,0.0351144789110591,0.0892057999992987,0.0797170909728356,0.1772820354532066,0.1567581822104793,0.1274670908609702,0.0348331372011074,0.2197872184528098
0.041828737271201,0.0520392633221979,0.0392311556855635,0.0838342073188231,0.0732966408031995,0.0959858764546841,0.1354899824731852,0.1027511388769211,0.0793272842798783,0.2962157135086873
0.0425211537907531,0.0574097529558447,0.0370855854771838,0.0625940385860503,0.0598434382563385,0.149775422245632,0.1027624754659202,0.1926433668630709,0.0490508167706691,0.2463139495831878
0.041180004066944,0.0567321011149312,0.0350158306383773,0.06724475441549,0.0605491631504148,0.1048911413646103,0.2058560578706268,0.0902872994304651,0.0353767912279029,0.302866856715193
0.0408178534846286,0.0532290383069257,0.0354488292550355,0.0782617479707808,0.0606678350546341,0.1303250826080151,0.1846795803870501,0.1335694000432098,0.0507128204489537,0.2322878124356515
0.0364628028771358,0.0447586485777712,0.0315506105842035,0.0606232443027878,0.0588764594259044,0.091108105004911,0.0938203346463032,0.2423190443095213,0.0551942185614575,0.285286531705535
0.0446681639017503,0.0543351801515259,0.0374210689947934,0.060304748588967,0.0571149766504295,0.176812464720807,0.1651978018347999,0.0940007559204928,0.0947236430117682,0.2154211962196164
0.032967228531507,0.0369221329301827,0.0275033744018375,0.0352760635903883,0.0392684145858387,0.1359765013848948,0.2262589193807244,0.2189086401973476,0.0245395421776434,0.2223791828163413
0.0468569785517085,0.054809146722675,0.0399361657541967,0.0595945949125124,0.0621766369858884,0.2184992251533789,0.0851849516327746,0.1428811834890054,0.0529130758415022,0.2371480409510133
0.0520951773531108,0.0631632484074583,0.0430738501303761,0.064717286479411,0.0660616452765054,0.0948352126388429,0.1962556105560672,0.0941961691551328,0.0466462305565113,0.27895556944056
0.0371782848121408,0.0421459734536061,0.0336889614981297,0.0516454622784732,0.047660260231398,0.1515928564410376,0.1439142498977045,0.2022057882040695,0.0349121287208074,0.2550560344579035
0.0405278609370735,0.0453858935218689,0.035699667590743,0.0525202152186507,0.0556582508681335,0.1683173830524699,0.178277498852951,0.129597568545993,0.0396798019730962,0.254335859434231
0.0392426411006674,0.0443696842121497,0.0367594767624859,0.0484267742413421,0.0583457251028149,0.1051518584361929,0.212461525389368,0.0854883324253627,0.0840475991160188,0.2857063832085429
0.0268319412334002,0.0303201498319485,0.0259532550576379,0.0314932932059093,0.0300976182048258,0.3190176386942362,0.1017751925421935,0.1632420300403462,0.0263856143282862,0.2448832668576508
0.0407763882427467,0.0476586330976073,0.037404019787844,0.0535508886999069,0.0449451120536377,0.127979944829513,0.1661065364833505,0.1749691961721394,0.0579194124325609,0.2486898681956054
0.0525167028991464,0.0676261963385307,0.0442264721763316,0.050845269747679,0.0496803621487823,0.2203806539083722,0.1487479869300562,0.1062701970213368,0.040336685390182,0.2193694734338019
0.0515714142676674,0.0700346076117188,0.039250952137692,0.0500038190894684,0.040536191839338,0.1217210939643625,0.1296382153951444,0.1681271188210865,0.0380245497866524,0.2910920370818618
0.0471802500191038,0.0624998170855048,0.0365897878029041,0.0343823373517597,0.037793911472531,0.1513218096444638,0.1652853119851978,0.2121325132221347,0.0406817481897934,0.2121325132221347
0.0548029691355956,0.0772960058688243,0.0441447104849748,0.0468462576165933,0.0542909100938517,0.1680620270259057,0.1613798033746085,0.1781769280183527,0.043431190683887,0.1715691976914725
