0.0719594297818043,0.0723055230366375,0.0679749729783271,0.1019854384747834,0.1763945544893494,0.0862127238389765,0.1038606353674653,0.1278186197428605,0.1056163819779379,0.0858717203023202
0.0656079023904478,0.0657228643992774,0.0627160992059988,0.1751823244483426,0.1812051956203574,0.0760261957842938,0.0789696854348744,0.083062378409793,0.1371395553620117,0.0743677989357995
0.0814261129061344,0.0717601097747712,0.0727171231232556,0.1013775024063923,0.0946015832952184,0.0868510132680553,0.0795618309358968,0.0815292307698852,0.1659415462487923,0.1642339472616991
0.0899478671580799,0.070469379440221,0.0736189734964822,0.1349887619776029,0.0868219914787917,0.1322302414422146,0.0944640866161777,0.1302315764219697,0.0712217855328766,0.1160053364254167
0.0910182329600169,0.0608795752532847,0.0673214182629257,0.1911919600417533,0.0931394799456404,0.0700916002321089,0.0790487142002556,0.0793037071306215,0.1536921445872494,0.1143131673775581
0.0984446715414197,0.0612539670148938,0.067115564209507,0.1343521714209685,0.2316484171596786,0.0736813378263953,0.0770893748991122,0.0819056408718436,0.0600814762136163,0.1144273788341122
0.0887134910990133,0.0657953508416811,0.0729883982148048,0.1757300682713686,0.123388682351097,0.0912402526729986,0.0841739899853736,0.0786918737240006,0.1412527010543088,0.0780251917758664
0.0780545657292379,0.0762030582941171,0.071186183247691,0.1251113051514551,0.0943990825983448,0.1157862277640022,0.1038710322593619,0.1010114266803982,0.1157027629741696,0.1186743552918258
0.0699768385267387,0.0786724968620408,0.0695402446246077,0.1157755440232906,0.1298213023096711,0.0869412367623914,0.097279663315758,0.1107775455386153,0.1514808299279711,0.0897342980993468
0.0871763232960603,0.0653448860458371,0.0727262292773121,0.1460528409765337,0.0893347954007481,0.0842322864072278,0.1266342958389692,0.0916040756115006,0.1680195071308346,0.0688747600055468
0.097920951365543,0.0732398641915843,0.0812173698323356,0.1241466735057311,0.0992118396894824,0.086837883141234,0.1262709136849027,0.1012266392104974,0.1051893723969813,0.1047384929712541
0.092303615198298,0.0649794576917988,0.071700808125632,0.1060409071394068,0.0926545923966876,0.102573382936051,0.0940639658804863,0.1222318200581884,0.1449650956803956,0.1084863548837142
0.091542341289391,0.0660678350390907,0.073711529699846,0.0763712922734424,0.1006522128460942,0.1084214313417464,0.1941112582759633,0.0857884903298263,0.1082434272304541,0.0950901816647362
0.1061216563493344,0.0718096017877047,0.0833902445804865,0.1111497353121861,0.0958097195461971,0.1286870129360497,0.0897380385439347,0.10009908443834,0.1396537517672354,0.0735411547281826
0.1149713955211423,0.0668141281577275,0.0826224623458917,0.0866361967216621,0.0808698139772174,0.0955822210691179,0.1409916558142056,0.1225712830598383,0.1366253973674253,0.0723154459562279
0.1080605026941454,0.0695968988548075,0.0831063631008135,0.0878197467019183,0.0960616300848238,0.1220327526421977,0.1597863636711254,0.0827892067597825,0.1168776853834782,0.0738688500968978
0.1093532760603026,0.0668024911281234,0.080973363261888,0.0869939213525355,0.0825951188573188,0.1663806190200303,0.1116755104098935,0.1064773376379196,0.0883711543237677,0.1003772079386252
0.1088213528083846,0.0679156119059847,0.0777435787675118,0.0804124802823099,0.0827292141870628,0.105673378755981,0.1243684954124229,0.1016833618512893,0.168842352162794,0.0818101738565182
0.1035271810555175,0.071987669951262,0.0771820028062733,0.0894087214397695,0.0804972031179798,0.1037866592642529,0.1311006985082655,0.0931362275402396,0.1358350061582258,0.1135386301478467
0.0871394779505663,0.0677631189291791,0.0696774855143664,0.0898671007443648,0.0818068821791944,0.1039332409407329,0.1043595339725966,0.2044772510403647,0.1179731300084973,0.0730027787104777
0.0938607321577391,0.0601117733278724,0.0666638563626393,0.0753410328409301,0.0803332400927867,0.1363389177139938,0.1536042360077373,0.1363389177139938,0.116059691356566,0.0813476024171637
0.1036542374900376,0.0703665235055392,0.0786109633415787,0.0772949280233085,0.082148812542894,0.1078332479184072,0.1057881311747659,0.1331110607556673,0.1707660633103644,0.0704260319273204
0.1150015234054683,0.0743770309027486,0.0858922087798296,0.0886259352185043,0.0840782270009431,0.1455130525141152,0.147401348522804,0.1000518539950287,0.0829202031695847,0.0761386164803117
0.1208380883691938,0.0718416426918056,0.0822569386525874,0.0874737019159493,0.0815227952094659,0.1084090978542657,0.0907462620729566,0.1472405956867395,0.1261451823665096,0.0835256951703922
0.1229402314922532,0.0662922179334796,0.0725328886438699,0.0797977182203445,0.0693969495409202,0.1491587207101106,0.1500864627995394,0.1251408382160625,0.0935734067002499,0.0710805657342877
0.1225873801663802,0.0749581654203288,0.0787336082828869,0.0862806394654424,0.0809700084170068,0.1209342574458289,0.1582943643098727,0.1152084021126402,0.0878472291167466,0.0741859452525145
0.10286568868108,0.0701189111152913,0.0729929776865889,0.0784036559617015,0.0723745710320509,0.127495178737916,0.130685562755447,0.1222159556323527,0.1531220903652012,0.0697254080224104
0.106145597830011,0.0638749313709637,0.0675401712754204,0.0669795719618344,0.0640828029592064,0.101107101278494,0.2116695887679029,0.129808856939815,0.1243689047324925,0.0644224728750257
0.1295915718506537,0.0728826590638416,0.0767635278107649,0.0743079239625932,0.0744385743541273,0.1296582970036565,0.1526553414918998,0.1119571481314443,0.0825293771722583,0.0952155791490849
0.1207321721094573,0.0743256951140065,0.0685132083892989,0.0688028225061333,0.069682462498129,0.1557717920246252,0.0929559220641786,0.16130791983374,0.1155147661876165,0.0723932392634253
0.1375280362058798,0.0757768281427584,0.0727892853741071,0.0697262841683977,0.066857935013539,0.1614897164253778,0.1165721744647179,0.141208181484818,0.0921679098749373,0.0658836488361789
0.1105281838292963,0.0726264647720045,0.0712967244408783,0.0731484420443725,0.0675474370709315,0.1006836875607238,0.1113859059469417,0.2108240197303489,0.1077969080603729,0.0741622265344476
0.1145301487244105,0.0780001798048968,0.0783255611788252,0.0833658265771349,0.0751880216567735,0.1178466713161512,0.1608777708681759,0.1404472039537659,0.0765374944879852,0.0748811214211186
0.0991079192884519,0.0626187558730425,0.062549356971822,0.0642328648337963,0.0617681541291128,0.2018182175082417,0.101374386409884,0.1618045436685445,0.1261000848063805,0.0586257165024327
0.1242041660841219,0.0772270947199863,0.0716112006628325,0.068411357207296,0.0669364077493796,0.1410373631407038,0.1829350619504309,0.0798751162851653,0.1176920140735598,0.0700702181170111
0.1200734517339425,0.0740234073647721,0.0691981621685765,0.0657516017216364,0.065677272993327,0.097130306117368,0.1243343502642926,0.1951759798462855,0.1237637632865278,0.0648717044940065
0.109467607186209,0.0685818130785291,0.0634649030005252,0.061975114738155,0.058653868582689,0.140760223082454,0.1999004027725567,0.0898887461836547,0.1385608994576822,0.0687464219092668
0.1308624395840329,0.0800915788903694,0.0698732817260356,0.0663876101705175,0.0623515697389103,0.1883973770585414,0.1494531605761967,0.1119955507465792,0.0780880894126193,0.0624993420873637
0.1166822066724084,0.0770819426604082,0.066376121122426,0.0623989050919471,0.0630163804550699,0.1296612793868637,0.0867268436427853,0.1309168106147443,0.2002335085844925,0.0669060017599529
0.1130447204712834,0.0715499488527444,0.0627520097877935,0.0582478965894485,0.0584989333439695,0.1064963421980107,0.106705720955429,0.1324009706985465,0.2270996229788334,0.0632038341156377
0.1257392418386534,0.0821828719949133,0.0692666490374609,0.0641488070380227,0.0648090065927595,0.0988355696833255,0.0817763151769705,0.126539958552267,0.2113890624287997,0.0753125176475836
0.1370553711003534,0.0860434868116678,0.0687638028021947,0.0612822138736353,0.0621745620828227,0.135306941615655,0.1145519844915732,0.0783558040253392,0.1904868019016689,0.0659790312862582
0.1514610408761368,0.096037286915637,0.0741715225214179,0.0699447698778626,0.0703820847797095,0.1166206488717534,0.1107282004795162,0.0899780033121871,0.1191752104936956,0.1015012318621442
0.138985865593857,0.0965996770539029,0.0692710165844343,0.0668081787064957,0.0681412392436087,0.1207659008062999,0.1281874441282887,0.1174554904571542,0.0954820956200957,0.0983030917962288
0.1141535010516059,0.0811335597919446,0.0570109132332001,0.0560089268179961,0.0559175411110342,0.2091901295039257,0.1798801527945454,0.1007045058939325,0.0791495228325852,0.0668512469611764
0.111957946636938,0.0843087092068133,0.0540874309555228,0.0566564174376394,0.0540004309637524,0.2050290519122705,0.1081800481733461,0.1150101819750375,0.1546601277720838,0.0561096549588318
0.1056883760921881,0.0844079355393356,0.0554924718527721,0.0578085057145115,0.0554836657717298,0.1364874532317733,0.121605688994066,0.1651676680638965,0.162351463266324,0.0555067714653963
0.1310279928819564,0.1013195365406436,0.0748401678470976,0.0824973035000922,0.0754802371783922,0.1106213806969785,0.1025351376608368,0.1053498133492514,0.1407365467177065,0.075591883616252
0.0844464579919525,0.0641780723423355,0.0523626357055096,0.0629868198996956,0.0516594348838796,0.3257112739952907,0.107512156287723,0.11321672655899,0.0852032235920656,0.0527231987351322
0.1087482532954818,0.082816045876529,0.0667684253428919,0.0730038202649648,0.0738965104330699,0.1096811006699425,0.1092821383950807,0.1155131004637914,0.1819364217999537,0.0783541834487803
0.1138225327470026,0.0816631519074835,0.0616124979582757,0.0670981122081831,0.0737889728126836,0.1140243445611554,0.1114006406027998,0.1356490800278184,0.1804669168081492,0.0604737503577348
0.0914271682365928,0.068951070819298,0.0559299865699444,0.0650335527186138,0.0554899413760394,0.1264062646498454,0.2587066332653301,0.0948916528041567,0.1230892760375621,0.0600744535146222
0.1051435930733958,0.0755235241132392,0.0604899009427957,0.0810862003959208,0.0713311972555148,0.1242831061221263,0.1125329539273467,0.0913122129346171,0.2176944298089894,0.0606028814174193
0.0817505780864282,0.063022941294114,0.0538188464091818,0.0592422752128339,0.0587286505926474,0.1362559386270628,0.1098505920296223,0.194219458671361,0.1803902586614917,0.0627204604075162
0.0953483629610664,0.0758693090905041,0.0658175727809379,0.0774766586010912,0.0796624816412486,0.1195298881749845,0.112988694656624,0.1306743088519189,0.1765033594619184,0.066129363770218
0.0982995385692065,0.0745855862537356,0.0643412701670685,0.0750340722336483,0.103236472953889,0.1217990593438368,0.1094308426212364,0.0887399454276729,0.1458765391408153,0.1186566732796145
0.0869141970475351,0.0677503805089971,0.0513198408456715,0.0796407547110728,0.0589078271118288,0.0848716835119235,0.1754333926757327,0.1047791387036129,0.2331068089561519,0.0572759759200965
0.0965382600607303,0.0705486697190509,0.0543100300226057,0.067811612007735,0.0765834052734432,0.0943173416381293,0.080462882873106,0.2011770382289288,0.2036858330571926,0.0545649271112921
0.0959483898255042,0.0662009118625165,0.0551812117180184,0.0709610983191061,0.0748006874088301,0.1268053360510725,0.0892476371842748,0.1037797075898861,0.2594744304997848,0.0576005895333177
0.0994162067740096,0.0693120225530488,0.0640656632071148,0.0843105796868731,0.0971311280034349,0.0944959951186778,0.1140238370302005,0.1059849804392858,0.1780609840644013,0.0931986031139941
0.0688348570742719,0.051186371344087,0.0461512589688286,0.0682862099529139,0.0638648659992957,0.0644987925709719,0.1947995074955122,0.101131421862647,0.2460475020795695,0.095199212645282
0.0866346180650029,0.068034096271549,0.057076410702823,0.0952502625682781,0.0719279545496657,0.0836744675948767,0.0840816101557016,0.161107063515335,0.2010758593435868,0.0911376572249573
0.1081225106155842,0.0767549794509724,0.066527892743502,0.0965422196571688,0.1047796614979556,0.1052839947007664,0.1063921393584629,0.124861517312924,0.1399495160085213,0.0707855686447513
0.0950368074751606,0.0676285786532654,0.0574616828101844,0.0813753281784008,0.0905412171468457,0.0724331554582601,0.0993234730686683,0.1610676021630735,0.2179808842722569,0.05715127076579
0.1123035127434057,0.0668017499202298,0.0548912081725283,0.0848135778053879,0.0798099469948731,0.1059126117344417,0.1137196832782077,0.0807976085686138,0.2073365756883898,0.093613525087043
0.1008879637350894,0.0639963806114338,0.0539712080986034,0.0840565314587972,0.0811009687189532,0.1055812241252567,0.1062629732951522,0.0745428271395456,0.2322226457916448,0.0973772770184342
0.1194199416078962,0.0742155052613464,0.0605904527635523,0.0890346398556514,0.0860585127233519,0.1134919397408882,0.1002137193427083,0.1205377520512658,0.1564442808534878,0.0799932557922034
0.0981189254267082,0.0628423941158797,0.0569135188337625,0.0988946033903519,0.150052962045265,0.0975978922413468,0.082720673755735,0.0712286947446372,0.1715012976613528,0.1101290377774062
0.1337062917047967,0.080340258443993,0.068076724790886,0.1063697881789824,0.1088473876672236,0.0823961418670912,0.0895543284451248,0.0885514143810245,0.1380156326843924,0.1041420318280314
0.1169555361826267,0.0757834528806,0.0499967502534669,0.087438017162092,0.0852861291648314,0.1285941329819191,0.0922770581660818,0.0910120816753092,0.225245302227047,0.0474115392993872
0.1180872592023095,0.0756940718273887,0.0514939679453361,0.0924233213646782,0.0992279868449348,0.2173935924400689,0.0757296503245784,0.072532502417462,0.1065260205576446,0.0908916270686857
0.1180206712985001,0.0716262211826726,0.0564872226872944,0.1045924825739375,0.0952685319441921,0.0686021750243877,0.0976535258471566,0.1193332248323549,0.2040519094510261,0.0643640351511749
0.1418877028436219,0.0855356266692465,0.0682396390979564,0.1193374331547427,0.1444284806138147,0.0735322074476429,0.0863417801093227,0.1336730063869327,0.0611038915370444,0.0859202321311144
0.1336493395027164,0.0790754842995932,0.0658418788788008,0.1218633451853964,0.105753664403292,0.0900762597926707,0.0826902871992777,0.0756629990052175,0.1145343828512961,0.1308523588731837
0.1102054905712223,0.0674384777681498,0.0575516083291596,0.1084688015939489,0.1414999363213055,0.0761448210720167,0.0859502077048936,0.0764435240078365,0.202290033522439,0.0740070991014336
0.1255765705722785,0.0677354617245672,0.062408221004765,0.0986201057667425,0.1124318289149777,0.0729212412089497,0.0717218682549434,0.1135836987031234,0.1897399733581983,0.0852610304840551
0.1339509491522299,0.075490407832923,0.0631406856357638,0.1919143658762867,0.1177486564357989,0.0824472949071272,0.0758512394990328,0.0814803477010371,0.1224120306784258,0.0555640222733601
0.1255264137953222,0.0693201578595988,0.0607272113146898,0.126079466173906,0.130262533101734,0.0765859529558474,0.0724034703043652,0.0885122066459131,0.1729720052790092,0.0776105825619847
0.1215400907020735,0.0635529120171839,0.0585596165950023,0.0912288541880122,0.2053133643345698,0.0605957958715758,0.0700255575255835,0.0661906697619284,0.1563771038955921,0.106616035101278
0.1147714530174641,0.059778266802061,0.0644504847432125,0.167502124321371,0.1214914627246382,0.0671567315488027,0.0652697329853471,0.0680388655394163,0.1486685984005052,0.1228722799093052
0.0973770625174152,0.0536722068371261,0.0566878222635672,0.1635029927264772,0.1560497107682829,0.0653542602865357,0.0764912912057284,0.0949319122915919,0.1843421760595944,0.0515905650366173
0.1106702085415236,0.0597600999345132,0.0590500571601707,0.1408738719009346,0.1446334749966673,0.0673801455440186,0.059207432073545,0.0692301075699039,0.1781110905963011,0.1110835116751321
0.0919733096738072,0.0504698483794346,0.0537664395002151,0.2006823982607523,0.1742960569960398,0.0584027210555765,0.0693011866996511,0.0720615757368443,0.0977235061132898,0.131322957577759
0.1022875397702889,0.054638915430177,0.0602318133930642,0.1495999646924996,0.1469309501416716,0.0613050706640663,0.071857916537555,0.0740859654631592,0.1528270340547056,0.1262348298455076
0.0738888612400453,0.0444486406709158,0.0503792994116579,0.1664744060716757,0.1673192164283598,0.0891265951213839,0.0596211439216828,0.0691626450716248,0.1448392397707996,0.1347399522856308
0.1057897111343721,0.057947018335809,0.0624385528614843,0.135850414744832,0.1853982270749923,0.0843298144788945,0.0798379023627432,0.0838244476617072,0.1194273159387008,0.0851565953990208
0.1148847790727537,0.0587687770903864,0.0648315951802612,0.1828881445552955,0.139872909933399,0.0569487088553882,0.076027202535129,0.060753625412073,0.1520000006086735,0.0930242567493141
0.0970243554380179,0.0558647083933988,0.05644136662464,0.2052946463245827,0.1991083644113818,0.0564029168749995,0.0692602476760436,0.0593086874792162,0.097549172041918,0.103745534728891
0.0962531579666534,0.053363056204274,0.0485002916659655,0.2220664796881045,0.2025997316053244,0.0806875880698712,0.0569534376186281,0.0620640137472846,0.1127526450309266,0.0647595983974426
0.1173053790399438,0.0597802209077062,0.0606569567704359,0.1519941147077574,0.1089947462545542,0.0552196381728318,0.0611334529702482,0.0672857828796345,0.1951121431198391,0.1225175651707194
0.0918605512817124,0.0490576511515311,0.0447445832792364,0.164216216983338,0.2381070986570675,0.0384029155343866,0.0421315624042364,0.0413062160992808,0.2209310035950577,0.0692422010092545
0.0916046988149684,0.0509349799727995,0.0473057720574391,0.3021624483262662,0.1802621868689939,0.0584846769651485,0.0426274791864614,0.0556468008993283,0.1191233412191013,0.0518476156840529
0.1040798961423207,0.0559192639088929,0.0551377804446632,0.2161936279080075,0.2065173993086374,0.0523388975228053,0.0492005395064528,0.0483686792686021,0.1316826041247082,0.080561311858661
0.1098615585832442,0.0619986447661877,0.0571457230349436,0.1671594920811314,0.1718289247025427,0.057339944545045,0.0551474637551138,0.0545006381109566,0.1883438250443425,0.0766737853697762
0.103110359613581,0.0557112183105319,0.0502087682030546,0.1602075117213317,0.1439158364955592,0.0465080215474121,0.0493876932743835,0.053463191378384,0.2306697381217792,0.1068176613282436
0.1016209419407058,0.0579449820960304,0.0504250621647718,0.2069475171743723,0.187780638383309,0.0552293494151774,0.0503574011768105,0.0610791893362147,0.1361287761981031,0.0924861421083074
0.0810849917581523,0.0468044070986986,0.0396816031192541,0.1871375934360592,0.341212536936095,0.0381528838173404,0.0420904547473327,0.0393685404078804,0.1168920222248619,0.067574966449562
0.0858572895258637,0.0483498534598822,0.0410306976822437,0.2033188661418656,0.2202329894616789,0.0440066876280374,0.0605061919627185,0.041728314260537,0.1394411434668051,0.1155279664054545
0.092648497906386,0.0507546713602951,0.0459389863387069,0.2119586264804843,0.2669835484513256,0.0484312805589433,0.0439893807411174,0.0429235658815265,0.1283481468165465,0.0680232954591984
0.117066779309066,0.0640129325334897,0.0608132651321026,0.1640856823172236,0.1249121498044553,0.0693307526911651,0.0600769426139327,0.0628109745518815,0.1484465649386205,0.1284439561009546
0.1343107153373525,0.0805592082118934,0.061437536957099,0.1472800497429424,0.2080022065557303,0.0671479715393384,0.0601924286082833,0.0572248799826797,0.1099881278657272,0.073856875191197
0.122245657977257,0.0706073422246597,0.0571472252795313,0.1569584522731958,0.1308873666254638,0.0506255698548865,0.0547546610414664,0.054815293247988,0.1962333668489003,0.1057250646198928
0.1202458294466281,0.0700430694686622,0.0588975215620549,0.2184195538320485,0.1628598114130174,0.0608805274663165,0.0616720147767016,0.0616543973532818,0.1108815035896482,0.0744457710846335
0.0865674459455653,0.0480535423074102,0.044479604861442,0.1706585915206447,0.3213815161920353,0.0421409143621432,0.0388815283116498,0.0436109395954315,0.1263950693919578,0.0778308475065431
0.110603039482837,0.0604211219964116,0.0537796932336832,0.2520862182701228,0.1244156470110065,0.0502842899737026,0.0568183676881417,0.0480327679933993,0.1507970291640262,0.0927618251802912
0.1136890446025399,0.0590602762054458,0.0633161670109132,0.1300661919309956,0.2259793645028922,0.0533152139901341,0.0552022921703706,0.0547368018991767,0.1503474967325615,0.0942871509479521
0.1297326052576537,0.0637106070597698,0.0716492974640686,0.1696121717724951,0.2023911089718809,0.0553073905722081,0.0642929978867239,0.0566107962986193,0.1080919787738401,0.078601045935373
0.1155353664428199,0.0571575757698344,0.0611166320405648,0.226511235245849,0.2007458399944749,0.0505201837708321,0.0557823713407126,0.0509953160073586,0.1366157649578589,0.045019714423204
0.123447969092514,0.0569354051957404,0.0696170139782075,0.1344927711162917,0.0942802519313489,0.0498380437552805,0.0513160714320407,0.0481310230861036,0.124497313007905,0.2474441373982819
0.1373023305050744,0.0661459551750029,0.0671244214400364,0.1037568529009157,0.1520483618434047,0.051065247444022,0.0536516771985018,0.0504759489972937,0.2464231027998972,0.0720061016889462
0.1316978954936553,0.0682271981713005,0.0605652913074535,0.1307510596071072,0.1880040821374025,0.0509218735081876,0.0462634777557245,0.0513887533266743,0.1784149371597595,0.0937654315264777
0.1305321381678389,0.0716949348660841,0.0523034509950097,0.1669424155177568,0.1938736393602339,0.0462332625979049,0.0475356519617102,0.0474169502047475,0.1291185799474552,0.1143489763751018
0.1489233570071386,0.0807672612437885,0.056668105066644,0.1165825823388171,0.1817939739747233,0.0456433798841157,0.0498841820159812,0.0452167721856326,0.1503462783344783,0.1241741079425674
0.1450289191021112,0.0759217377494198,0.0540762924818069,0.113875200771466,0.128636114141237,0.0412627818880728,0.041205530368002,0.0417275681502468,0.2392890211608236,0.1189768341811849
0.1879871075212761,0.1027548835048241,0.0682586759836227,0.1529792509461505,0.1262722271185229,0.0526102751684911,0.0549035657281328,0.0523590648639294,0.1281094214590485,0.0737655276988566
0.1696964720240485,0.093128188559948,0.065979315169856,0.1047720931902821,0.136428687571542,0.0500613503912672,0.0490946285208836,0.0506926446541693,0.1740808310324549,0.106065788878781
0.1915673307859441,0.0981234678282118,0.0707552987990861,0.1407420608349976,0.1077689096388399,0.0584458349178538,0.053542231299508,0.0570606345829181,0.1286483224256645,0.0933459088793656
0.1591807936689565,0.0839712855790495,0.0636026653125309,0.0963956400124624,0.0963102949469382,0.0530155212720061,0.0527673248803588,0.0504141317683899,0.2076969663224341,0.1366453762297554
0.1523696728182366,0.0772927356289194,0.0654410389650024,0.1020931050808459,0.1059644051936101,0.0541925344642597,0.057378951475689,0.0542120931453759,0.1985639578734624,0.1324915053471626
0.1326470772952474,0.0699489568671561,0.0582690254463917,0.1070969446871606,0.1423209039516597,0.0520389676781239,0.0520483474901074,0.0539295013231431,0.2082794993187828,0.1234207759348135
0.165751749923056,0.0836138358496052,0.0686858222819894,0.1310933615611337,0.1440789001118303,0.0626830352004878,0.0621866742139326,0.0688325961558149,0.1330472049575581,0.0800268197362757
0.141394969739321,0.0721375928419462,0.0563334068049267,0.0997369905879709,0.0987847792045155,0.049938588748519,0.0497977347104172,0.0506377345288646,0.2277915846362989,0.1534466181904249
0.1594480153414081,0.0829096883588765,0.0656003598797111,0.1083643143235289,0.1082689912345728,0.0593234375420047,0.0571071346412906,0.0590915464829512,0.1707206318595041,0.1291658803279968
0.145717676687773,0.0761791776739532,0.0592981976185101,0.0872022416449285,0.0976021013812186,0.0530955950088237,0.053803742320853,0.0579161834074594,0.3164236838217993,0.0527614004271069
0.1541090714031655,0.0823115787442365,0.0642899192902783,0.1340738763100534,0.0963880114378566,0.0599161817967032,0.0583734327084298,0.0580850042622141,0.2042728183294402,0.088180105709378
0.1251822649034259,0.0706637405602809,0.062993507350897,0.1300760285310947,0.0971585138408852,0.0623299096700316,0.061538965136638,0.0624533593514028,0.1402976139740749,0.1873060966725205
0.1213943967019363,0.0737964172021488,0.0574808321700187,0.0991910243836261,0.0829734624885826,0.0574329502477745,0.0581564792025172,0.0577521828966889,0.3013536684589181,0.090468586239639
0.1243884613806427,0.0807399819763271,0.0642003079458788,0.1126794154253467,0.096745095081298,0.0652130805237237,0.0646407141838266,0.0693515738146233,0.2194049330692135,0.1026364365898856
0.1053158640594331,0.0758462221705442,0.0669055759936296,0.1030647984714344,0.1134329254128275,0.0655567973817322,0.0691860536304345,0.0672482956898858,0.2107423484774471,0.1227011187033117
0.0992924258267935,0.0749192194326533,0.0775777478318251,0.1074293697731822,0.112257427523231,0.0740117394430794,0.0710044270115012,0.0728636098195106,0.1700580891231115,0.1405859442050722
0.0639291922004019,0.0609991736397827,0.0833743983120527,0.0931952057895072,0.0958830979833255,0.0591777068895629,0.0603982890976743,0.0601744912799815,0.3360185512066366,0.0868498935927325
0.0759762024970383,0.0748305228245991,0.1020346879478072,0.1016488424020999,0.0944190615741678,0.0725631908945848,0.072039296184167,0.0743446986749176,0.1635185122459616,0.1686249847443177
0.0758793553292897,0.0740662922222174,0.0968721946094986,0.1090612958299925,0.097117352707421,0.06765012928876,0.0649846377601315,0.0649303503901295,0.2401442683149688,0.1092941235382706
0.0680786098949172,0.0662897037318479,0.0871188469500469,0.1021217152823668,0.1045040822884239,0.0618412627396254,0.0611566600688423,0.0617189307212602,0.2163344831230832,0.170835705190829
0.0766646639287647,0.0725616880229586,0.0902917390583025,0.0961397213304476,0.0947316426994287,0.0626842614953226,0.0627564922394723,0.0630259406118826,0.2668816873935285,0.1142621632108538
0.1020095346161115,0.0892625752439903,0.0908782737218421,0.0852652486798794,0.1167245288230084,0.0710341679656063,0.0712313829825525,0.0702835114306822,0.2330273039923583,0.0702834725338265
0.109960398456737,0.0957958890852383,0.0856441805677647,0.1079857111446239,0.1021484173218169,0.0761513622890857,0.0724374839167324,0.0734222364470866,0.199833248518761,0.0766210722417725
0.0930409496770934,0.0898552939626832,0.0977641736063872,0.1006092020614225,0.0933968966911506,0.0738674394761033,0.0735875034016492,0.074739108677808,0.1429384377445406,0.1602009946905605
0.0900346984700905,0.0820428758893487,0.0864817169515998,0.0887484606730447,0.0919569904692019,0.0694115801106333,0.0691910289244321,0.0693796566028657,0.1716578722809632,0.1810951196178818
0.0907500759264204,0.0764473226232587,0.080064427604277,0.0919076871240033,0.0870595284668112,0.069873286787593,0.0692726654332785,0.0700699768424734,0.2899235118305924,0.0746315173513171
0.0937845404172463,0.0751737536161427,0.0654002170799755,0.0755822015166506,0.0786290528762388,0.0615844192531682,0.0615180789852686,0.0632065081388564,0.2140677112801533,0.2110535168274232
0.1104776456728193,0.0872481655959721,0.0727483679031819,0.0977334934812646,0.090407111354148,0.0730084737200265,0.0734017741612913,0.0727334521502913,0.2016020964684179,0.120639419482091
0.0931386611527587,0.0795782299235904,0.0807925859048389,0.0821394182293406,0.0801955224382007,0.0738617746035865,0.0747028483234168,0.0740850801344016,0.1731564089681079,0.1883494703110998
0.0979053734078504,0.0844549287267982,0.0862050061451389,0.0843874985968829,0.0797398101658302,0.0776997799302583,0.0779792509826125,0.0776997799302583,0.1929462887551342,0.140982283348099
0.0918347277209736,0.0789663145029643,0.0762992559511376,0.0938921667693677,0.0761040205368091,0.075685749815447,0.0755646561690571,0.0800332583802625,0.0841186041546992,0.2675012459883814
0.1005532087842337,0.084058524234399,0.0770506651251585,0.0773837566626648,0.0884750428771153,0.0770158095871465,0.0773088708446646,0.0774096353422555,0.1977170033655642,0.1430274831656843
0.0966498182541805,0.0789777676204374,0.0711137749041654,0.0753451445253904,0.0717415001333892,0.0800195745394751,0.0820849256332661,0.0757100329932157,0.1871906984157348,0.1811667629704834
0.1299008170068888,0.0930358713903674,0.0758109514924576,0.0751300679692268,0.0832806367045897,0.0755299232128749,0.0842985875682444,0.0777091374022807,0.2298399502125254,0.0754640570297098
0.1255308493579297,0.1025340925695018,0.0893787692865341,0.0893437270061377,0.0893430471220622,0.1016657633787738,0.0916953578805156,0.0895250172488476,0.0895584466367331,0.1314249295000724
0.1150514635777429,0.0908024945010102,0.0801416708620393,0.0805220986415498,0.0812975286009191,0.0964811259080553,0.087480029693198,0.0910439834042911,0.1869197992599024,0.0902598055397367
0.106863649094534,0.0768876549649715,0.0685936250806813,0.0681098470574852,0.068597111335399,0.087430542020886,0.0679744572447337,0.0679645543257995,0.1324627604542977,0.2551157984114047
0.1186863397818991,0.0899432240521055,0.0745144311238646,0.0739797855959616,0.0751312746099392,0.0879823125087327,0.0786084400944138,0.0827250882895092,0.1491268393145549,0.1693022646183506
0.1132824266878052,0.0888688015078765,0.0784705605188242,0.0781446270601896,0.07762341893795,0.0892181324475058,0.0833736410760119,0.084326773419954,0.1551874223544374,0.151504195978253
0.1096431148873096,0.0869208935323965,0.076658931835025,0.0770409773056626,0.077584223983025,0.0895319033324174,0.0965178133467389,0.0883459663203236,0.1296789770254263,0.1680771984206399
0.114558071505222,0.0869610310394191,0.080027187799544,0.0781018390655678,0.0793894669822718,0.098797141547547,0.0924111435423112,0.0896008552587043,0.1440506781496492,0.1361025850986436
0.1347558997664727,0.0951320572308234,0.0842725551530425,0.0797199180136749,0.0788211170789613,0.0788228303842555,0.0787342319363852,0.0875889338281505,0.1017020854832986,0.1804503711135802
0.1519783126658953,0.108504273318047,0.0896596734362112,0.0914302419443472,0.0859395461569218,0.0937376191962118,0.1016764608920359,0.0838863177353863,0.1032495156885591,0.0899380389542849
0.1332274537757052,0.0948018379177241,0.0811606357089716,0.0780897534819987,0.0811106663396824,0.0840040369605144,0.0748214137837902,0.0801428145725712,0.1858223407247933,0.1068190467234524
0.1295511000455166,0.0870152215784857,0.0789528920674835,0.0755501104075929,0.0754017238425073,0.0892605475307963,0.09539841616591,0.100179768008009,0.0861941080848375,0.1824961122585292
0.1154717383057632,0.0852026859029587,0.0842962259086819,0.0831120674517223,0.0873614884955572,0.090686404023224,0.093573526048997,0.0832074272202681,0.0937338741107347,0.1833545625207798
0.1191559375768897,0.0851375795395401,0.0833760747338881,0.0773488947150753,0.0788163036583166,0.0979848669736732,0.0965841403305704,0.0976536588137878,0.075748077780136,0.1881944658672382
0.1364344612762551,0.0924404758769721,0.0871029197734189,0.0819645580310967,0.0860785557876386,0.093117213247118,0.0886241826364779,0.0963110796228941,0.1067001608743932,0.1312263928624826
0.1177558290086368,0.0779595408854963,0.0737962103018913,0.0791375581539786,0.0696247920727678,0.0885875521246361,0.0847467942472131,0.0851058556908212,0.09492125406108,0.228364613444132
0.1362752040290999,0.0900655731689564,0.0849276641977591,0.0870046340376428,0.0833224553125629,0.1148344262315148,0.1146411214174088,0.1041019950291833,0.0936774817138029,0.0911494448509971
0.1299738838214958,0.0801291885382084,0.078247911505028,0.0703145310500519,0.0712157301478206,0.1068110678719839,0.0886823155545286,0.0836937243011844,0.1283076569860795,0.1626239902141988
0.1329373845830503,0.0895645069521949,0.0792586602392487,0.0784249422712339,0.0800406078054657,0.086879369440859,0.0936385570680523,0.0963614808246151,0.0706264046242131,0.1922680861810405
0.1159489561745862,0.0782512414347669,0.0772329091439965,0.0710031933118632,0.0724411614684442,0.0962813579169114,0.091885972765338,0.0985374936355753,0.1200297441131475,0.17838797002593
0.115315920317525,0.0802048727964871,0.0849919966802887,0.0822363311901537,0.0825697134675834,0.0989559251138317,0.0921366338765218,0.090010410216343,0.1363391067215925,0.137239089609272
0.1056462003524177,0.0718672437151253,0.0762538031063511,0.0744870945270849,0.0811016410355847,0.0938348497928547,0.1074095372013489,0.1004617929528008,0.0918031648323024,0.1971346724747408
0.120366738265328,0.0790614588476482,0.0867568322601165,0.0793396867217632,0.0815040967343275,0.1117929257702343,0.0923589632094467,0.1078528848914022,0.1134125734106414,0.1275538398788925
0.0906779500972535,0.0640274007761825,0.0702805341552655,0.0925196534955106,0.0727130551199801,0.0855956790059715,0.0703047800280501,0.077384458132301,0.1315246294359257,0.2449718597448718
0.1049642523658515,0.0737596575759033,0.0785860504178002,0.0864680941827165,0.085037243566307,0.0907244923887657,0.10523007306653,0.097098172113531,0.0941178990979027,0.1840140652147368
0.0758168358687768,0.0652770224158854,0.0664037215946634,0.0883746840754977,0.0770899751121592,0.0888727822142232,0.1041077784265464,0.1001286327558993,0.1895421071651057,0.1443864603620962
0.1019030364266727,0.068663016444812,0.071817431626906,0.0776097763309144,0.0823883910201329,0.0873571088035161,0.1013422212874943,0.1036951504081954,0.1290464066884143,0.1761774609539967
0.112496546065262,0.0651466835220154,0.07493480724432,0.0763040355921576,0.0699117606434069,0.087177509057901,0.0928403920583155,0.0964579434861163,0.1106239852689627,0.2141063370532394
0.1117271739605542,0.059237993272205,0.0730278817473718,0.1680054632307513,0.080083464699123,0.0856504745038534,0.0809766432201312,0.0837896163981888,0.1339397708154435,0.12356151814458
0.1330804261796463,0.0668649415315001,0.0818056310530924,0.0630752771447524,0.0666626495595807,0.0929442847058242,0.0971796667048316,0.0786847228473132,0.0552559933803695,0.2644464068851699
0.1571688118351907,0.081507965667226,0.0920481825844326,0.0766755831655708,0.0742578514455125,0.1227985862881362,0.0929074141670169,0.087662422474284,0.1229608773738124,0.0920123049895803
0.1374166869773507,0.0794003118610885,0.0805509280573531,0.0809968308144042,0.1613072450299253,0.1042057107362989,0.1012183512317465,0.1019459001645356,0.0696078350856875,0.0833502000318751
0.1160281819523616,0.0682500520955413,0.0748109370459114,0.0732948984391096,0.0756209266666557,0.0997200223680085,0.1096241431706058,0.1007393751373897,0.1053409088908629,0.1765705542246081
0.0955152606317981,0.0635554549051689,0.0647573682491343,0.0914505469198471,0.0808196151343659,0.0903669261782857,0.0899106453996787,0.0977323481727466,0.1480306571368136,0.1778611772637156
0.1016700334727002,0.0670562063265154,0.0696299660820052,0.0896329158629689,0.0863074924008709,0.0941029238410975,0.0828265911466517,0.0839881641989469,0.1144951771750219,0.2102905294842468
0.1159211650246023,0.0647711081105521,0.0658429422197676,0.1466552146686952,0.1032572746993854,0.0969915406256387,0.0781138071280302,0.0916236792179915,0.117418219293129,0.1194050490048084
0.1224817997592305,0.0670599026881338,0.0736285084868012,0.0701993246624204,0.0895296534236564,0.1104195533221543,0.0884685592121473,0.1058310264869912,0.1104195533221543,0.1619621186277157
0.1348279417387472,0.0660203517635103,0.0867914708712856,0.1143077867559842,0.1101911255103321,0.0929055527777509,0.0970939491691251,0.0936950419941112,0.11692147592269,0.0872453034880193
0.1221097314065573,0.0599770188541682,0.0793206757327825,0.1138470003150762,0.0845529235291615,0.1190113812886558,0.0854631363211069,0.0944775897307921,0.170245783525199,0.0709947592886171
0.1303780013227081,0.0687224277016794,0.0763368184435244,0.1231899557269838,0.0912339940397379,0.1217764721832867,0.0887936988689236,0.0867535054575897,0.1272252251744254,0.0855899010731083
0.125537285394408,0.0627802605445717,0.079337932095725,0.0973305705877852,0.1441052072269954,0.110422270516672,0.1199848740270542,0.0821792901663185,0.0896149291937373,0.0887073802388292
0.1287869004218737,0.0626902402610743,0.0852437243637569,0.2003200034261207,0.0947529776690391,0.1097009593256211,0.0892057087826375,0.0832310339124383,0.0886355641862329,0.0574328876437077
0.1273873105714004,0.0648376232538438,0.0847746308735094,0.0871260872886235,0.1364340699334181,0.0960800074675461,0.113881014688989,0.1069468021777782,0.1172377175979648,0.0652947361389028
0.1244740713666064,0.0605536547027419,0.0856290066799868,0.1318462711814338,0.130182458885634,0.1067889069415423,0.1090812412106728,0.0914566743773419,0.0896507023751025,0.0703370122709432
0.1145057453401751,0.0570645192582058,0.0829310415149713,0.160152263357606,0.1263910165549707,0.0990622613924112,0.1082400596224894,0.1022124190217428,0.0719335749432036,0.0775070989863408
0.0977189966474709,0.0550002430686743,0.0741796426801422,0.1427406866537343,0.109244183542365,0.0980150993504524,0.0968790992473462,0.1075575831786523,0.0843231187893475,0.1343413468339741
0.0956632109729632,0.0576037544829899,0.0786405774145421,0.0893505443085558,0.1292112415345663,0.1125456333423279,0.1178039565043943,0.1348900507430494,0.0791457674134147,0.1051452632749298
0.0997602748504207,0.0618317428132766,0.085631025768947,0.1299674033060635,0.1081462228156728,0.1111057113054472,0.1436661260139822,0.1231156804564844,0.0735644672332462,0.0632113454275522
0.0978905554126065,0.0619271432703645,0.0883408463907883,0.0808791806619515,0.1265660387947506,0.1088290745854188,0.117634322113128,0.2007661299641543,0.0596564912923049,0.0575102175062554
0.0826588313766055,0.0707284995746094,0.0816843973812273,0.0878267792164388,0.1486743547141531,0.1307054549367552,0.1251573971731305,0.1150712932372687,0.0981574488927141,0.0593355434888684
0.1024437339631052,0.0813107802136078,0.1001101053799505,0.1002295298300557,0.0942019944057264,0.1286127987150948,0.1195950930048189,0.1244313760134535,0.0778741036696243,0.0711904847946606
0.081560707962558,0.0883988691940961,0.0806199086119425,0.1472802071974845,0.0988367057375646,0.1362980839169466,0.1082365131364027,0.1346580053379968,0.0619635540185969,0.0621474448774917
0.0899134796152891,0.0708097414160301,0.0881788404612733,0.1074880912342705,0.0901818675263118,0.1294583832334439,0.1415513477291154,0.1551597290221581,0.057821371397633,0.0694371483563168
0.0855483740155074,0.0935398003927999,0.0876790752292551,0.0962149862939167,0.0915008293787761,0.1185314275844064,0.128508384061977,0.1710110976798978,0.0669321212384613,0.0605339041163193
0.0694284380547546,0.0942986121777714,0.0770114272934907,0.1163349872455106,0.110047010681279,0.0908177715961526,0.1127867904407537,0.1126843534271177,0.1624456535041685,0.05414495557119
0.0735383443734344,0.0736938916566654,0.0785657876550023,0.1476366112942657,0.0990864041359887,0.0838964383535857,0.148493183431557,0.1360263754253355,0.0508723156362317,0.1081906480311901
0.0921655406943431,0.0895873228449191,0.1006649809124932,0.0813383330122974,0.0759117921551682,0.123871990740076,0.1192756283940657,0.1970633800344637,0.0565513759938917,0.0635696552101224
0.0715865686594352,0.0756660412358495,0.079423843227927,0.1126167229993882,0.1290312040675607,0.1214079035464508,0.1271273167163397,0.1846232834767128,0.0465572423425703,0.0519598737210924
0.0598368586655515,0.0633119598144383,0.0659652784995353,0.0707479751224521,0.0686956339662095,0.1008494228317951,0.2812611467642883,0.1410628099750454,0.068180796629042,0.0800881177257182
0.0874021317763717,0.0957240733748763,0.098776674307542,0.0822715898842172,0.0820465144382989,0.1213645113196232,0.1307585288073986,0.1218468303584916,0.0778667934713752,0.1019423522526918
0.0776752353106425,0.0601980188307159,0.0782603520471411,0.1320623802638175,0.1703302779328205,0.1346624270801039,0.1028381605356877,0.103677050420247,0.0812655204769702,0.0590305770953665
0.1027601516522894,0.0641692764194046,0.0950491774713707,0.0786348335630063,0.1215407484184862,0.1285751803117239,0.133167087104075,0.1132851324840518,0.0948327206580942,0.067985691909534
0.0981076986833405,0.0570672929798904,0.0833572464201633,0.1262692715492211,0.0736091535778936,0.1251466069601564,0.1308607028252923,0.1509445221344103,0.1002148093750877,0.054422695486703
0.080529253378459,0.0701490790429856,0.0759095701815842,0.0713168539471798,0.1024543845730715,0.1175962122408487,0.1789846036054331,0.1180827635091545,0.1263596849166523,0.0586175945966378
