0.1727122310220268,0.133745459348422,0.1521719704844652,0.1356941697809773,0.0615868732343697,0.0402559265796526,0.0412555924269165,0.0567040708358535,0.1692324693521595,0.0366412369299607
0.183794963702999,0.1481153611876496,0.1618930150812237,0.0986232589579228,0.0499714620840386,0.0400686050118077,0.0426819413054674,0.076893129263089,0.1598593879140215,0.0380988754864427
0.1748026697290446,0.1411600171197586,0.1555625968424525,0.1085892404501187,0.0531395679504149,0.0432278605571743,0.0446652955585316,0.0708076330669771,0.1157656744227181,0.0922794442972082
0.1551195149742184,0.130460612879337,0.1309071655134832,0.1223908492849461,0.1246737008477981,0.0451175916560235,0.0409459949336431,0.0656767609192528,0.1497084298119312,0.0349993791745101
0.1731816725720746,0.1485619552075667,0.1627068768748658,0.1144507411104636,0.0734300697926114,0.0437580516639276,0.0457194386479684,0.0890772086946451,0.1053699067108218,0.0437440787192604
0.1655540470613353,0.1313693123552169,0.1620588652913424,0.1882641933032087,0.0494569120843219,0.0403882901122459,0.0432374015212755,0.0631438504135105,0.1181621227295352,0.0383650051227392
0.1387130149948471,0.1068491774929003,0.1490707707160423,0.2160471167778544,0.0521794514212726,0.0380798308067714,0.0394262195455113,0.076240708026036,0.1124524077318239,0.0709413024822515
0.1565148624847182,0.1268916617434497,0.1729361029125017,0.1784551878602374,0.0572032536148329,0.0439314979233115,0.0444057233871859,0.0636613667364732,0.1150736193261627,0.0409267240052806
0.1551324869484901,0.1237031079766476,0.1587224429952146,0.107418240243497,0.0567246061136822,0.0508428843931728,0.0534252040933536,0.08593035266633,0.1423741454248495,0.0657265291391567
0.1495853250970758,0.1208137134196812,0.1624168490948149,0.1049832482352561,0.0778639915688401,0.0473231440114763,0.0457699699960751,0.0672875790973251,0.1436679458773597,0.0802882335963859
0.1408632606948057,0.1134528220778572,0.1438304435114638,0.1393162246594665,0.0827078916924634,0.0426352785191001,0.0424672180854701,0.0631513543354796,0.1717832610119599,0.0597922454069445
0.154069520550773,0.1193976120963814,0.1591796339744033,0.1057046641742552,0.0837846886065826,0.0431067171539078,0.0451740666949935,0.0785786187272595,0.1451293473456769,0.0658751306704851
0.1588341775914785,0.127180656710493,0.1580982849187913,0.1428298030934725,0.0768072600923883,0.0494101851049989,0.0496106361274862,0.1031916100955843,0.0864372054778181,0.0476001807818738
0.1617390301097575,0.1383548405506132,0.1656432083113133,0.1224393624436623,0.0679356672376935,0.0451146961416369,0.0470232975422363,0.0730815552919404,0.1180856833399348,0.0605826590253725
0.1298901337309066,0.1161844756887868,0.1290436389566565,0.1703893151151563,0.0646431525971949,0.0442318262090646,0.0425586689766958,0.0573439096009081,0.1694298107143164,0.0762850684053724
0.1512540878369195,0.1339774634146309,0.1457295426603968,0.1001779067513637,0.0611637707884134,0.055102080223658,0.0545715356055884,0.0839041701009112,0.1501573081880374,0.063962134424679
0.1153145221168046,0.1105230275877823,0.1067998133168682,0.0888309046508156,0.1958953158102474,0.037261756249931,0.0457227674762867,0.0571963998355369,0.1507368213163724,0.0917186716348854
0.1235172058108563,0.1204006699717567,0.1201559530138361,0.1747694285727174,0.0477631304543455,0.0411594859913752,0.0466116711714839,0.0710552855611319,0.2006497007605069,0.053917468686773
0.0983398373939367,0.101277862934243,0.0824745036312081,0.2447699234899404,0.1134514843575741,0.0430455293194445,0.0433079220653672,0.0691062231011859,0.12490439970085,0.079322314001271
0.1061765884752929,0.110191357993799,0.0945445239131128,0.1485401011215678,0.0812823039632698,0.0436388565124433,0.0406529518240993,0.0938108163202648,0.1801280949858606,0.1010344048849995
0.1174825319620989,0.1222032657086135,0.0983403985468467,0.1365711214583177,0.0761274608114417,0.0542982007813652,0.0458903824874606,0.1318266564513843,0.1381774409363088,0.07908254085076
0.122132205975609,0.1314831659420394,0.1027010623992066,0.1357380438134917,0.0594934964978547,0.0566918691742007,0.0487384736132932,0.0925703495202838,0.190862592299979,0.059588740758337
0.1469707240620272,0.1605449445555864,0.1185034398797323,0.1072044529412095,0.0542467139975221,0.0565790390532267,0.0527691144655495,0.1191401021312354,0.129159949654524,0.0548815192529627
0.1149538346560827,0.1277659602344178,0.0921777543369457,0.1270859967322025,0.1117893526509141,0.0474006008091311,0.0415403398434253,0.0905997468021701,0.1548957274825906,0.0917906864470348
0.1193564304736386,0.1267480771308813,0.1042663367586337,0.0983680536683968,0.0581377560264479,0.0433069010906483,0.0614224215624801,0.1278775815869577,0.1886900868944218,0.0718263548019982
0.1209838986291001,0.1309665138958112,0.1117696708383055,0.1845573854421457,0.0474530166466794,0.0535178081645725,0.047408552477103,0.0900516426776996,0.1159482505265796,0.0973432606967824
0.1251157368404322,0.1216272511901033,0.1300325790693312,0.1255687674477519,0.0470770410170101,0.0860999116247754,0.0519936224192379,0.0680988156261739,0.1364655264153846,0.1079207483446118
0.1405037649828213,0.1366193121949483,0.1430026337149553,0.1048631418398963,0.0572135650790668,0.0654348225830796,0.0517840057706748,0.1091642029224634,0.1306036050364096,0.0608109458697131
0.1329706671365766,0.1255983370439514,0.1306217074653788,0.0818239394586825,0.0513594249994734,0.0551939918097474,0.0546950638113346,0.0931847402762696,0.1832834829631511,0.0912686450300815
0.1387859914571784,0.1281573056649088,0.1293509389537017,0.0669453796081464,0.0406461779676036,0.0538033825536771,0.0497945052754445,0.1037128974872269,0.1635575009652561,0.125245920062033
0.1379006345938091,0.1270787514915403,0.1380130126402158,0.0959444806162665,0.0523749556454547,0.0446232224124356,0.0656536460067296,0.0869708549091912,0.1689355812195218,0.0825048604595588
0.1282235871216938,0.1182934268998464,0.1278182689121779,0.0665005926681982,0.0534058203817693,0.0658562120362444,0.0484777136248036,0.0961711700366322,0.159817166008027,0.1354360423056215
0.140696785923975,0.1331334155020032,0.1380290140079231,0.0795999905810562,0.046458455120588,0.0540751364061264,0.0780632142426694,0.083695211323107,0.1225843264822403,0.1236644504046177
0.1042221536803465,0.102300617939651,0.0951240293471837,0.0634101701622134,0.039137612844168,0.0547035441546961,0.0713153657150504,0.1529470902984216,0.1834428722750078,0.1333965435782999
0.1153066646605889,0.1064853411225765,0.1222469595138146,0.0870354022449772,0.0489507227153873,0.0590105139297196,0.053906824709141,0.1083995679445515,0.1798459462170379,0.1188120569362376
0.1078635970299797,0.1001150079613365,0.1057939795186808,0.0700063332211227,0.0459977662682179,0.0584065141810537,0.0512471978644754,0.0991278988659305,0.1838414300624324,0.1776002750212035
0.0967673610854526,0.0953724290172608,0.0856785185066338,0.0819300986307975,0.0481678361782489,0.0709754796114594,0.085307730794853,0.1417675985312985,0.1852133800081793,0.1088195676298411
0.0902422476453977,0.1006092813048477,0.0701861097486489,0.0887717512482374,0.0535567363118707,0.0631277272315964,0.0777166904528173,0.094600385672077,0.2190019822307132,0.1421870881471028
0.0901026272792773,0.0991493506398005,0.0665487433035366,0.0648159191829889,0.0487278882838739,0.0580064214673688,0.0587787121375967,0.1292651847541133,0.1894211960582587,0.1951839568871847
0.0812942192850615,0.0880144699047185,0.076595582297629,0.0671207536916617,0.0421879086984664,0.1291499348193888,0.0691757969745725,0.0834881081871054,0.2098678172971088,0.1531054088383957
0.0784289966582542,0.0807582104838643,0.073705824471821,0.0762539105923044,0.0590988569570703,0.0689900867093662,0.0544910651549293,0.2377008156399118,0.1860256125792161,0.0845466207472881
0.0708497883551141,0.0652019206948116,0.0792143780841763,0.0655415256667464,0.0432581508301563,0.0884059764858959,0.1419643813003229,0.1401006752325301,0.1502710304221367,0.1551921729227579
0.0970206577995866,0.0930905960214207,0.1104219886229488,0.07636784464875,0.0544047595736553,0.0793769379001699,0.0728828111272752,0.1180118034756313,0.1841983774400186,0.1142242233838575
0.1068329055560221,0.0967160425178166,0.1301090644367031,0.0662070331340961,0.0469893949050557,0.1151962473134698,0.069822456154862,0.1211029552515723,0.1542125350809766,0.0928113656431756
0.0915105441453068,0.08902804055211,0.1070586602073875,0.0619504073214378,0.0435655112720938,0.070899812655162,0.1226268313827073,0.1414038112474207,0.1631580460217378,0.10879833518882
0.0772179912281904,0.0797012037711474,0.0920167819056738,0.0603208647516835,0.037294203675249,0.2230861547184028,0.0893047036863472,0.1635502046222897,0.1227618094618092,0.0547460821741172
0.081214821865527,0.0787598306048593,0.0931951717456658,0.0675628215249695,0.0438179598185011,0.0783947621731689,0.0545520441811573,0.2616891407485262,0.1728716721228059,0.0679417752091009
0.0787976766362069,0.0817433940809658,0.0780582515880656,0.055819167659458,0.0413588465192429,0.1020688486580174,0.0524698366114659,0.2521535755854259,0.1685098970107204,0.0890205056447463
0.0886646588362172,0.10050872339551,0.085190161602068,0.056856819956571,0.0468278486636448,0.0859379071932857,0.094857745176017,0.1727884704736909,0.1930288909791406,0.0753387737173625
0.0816200542359757,0.0906867611519,0.076873377388197,0.0517088787987263,0.0404932892985191,0.1413599682090732,0.1434700089252966,0.1557762831118134,0.1281135771478979,0.0898978017270119
0.0957612445831227,0.1080428093813392,0.0830897418452829,0.0635005521010964,0.0481892817210901,0.1243389266618589,0.1011385429556842,0.1526762904706525,0.1457855773796418,0.0774770328939102
0.0964521892859339,0.1012718457569477,0.1001501319680932,0.0672554063255827,0.0479123514026978,0.1030022916417563,0.1165853405384702,0.1627695178231101,0.1560902341929915,0.0485106910576534
0.1003278728169911,0.1009020218548653,0.1075266649988234,0.0628483220964326,0.0447572820434838,0.0762337150484094,0.0905220480417696,0.1193602167669757,0.1827902858197023,0.1147315705060968
0.1079670681345137,0.1134557569412527,0.0948538877050821,0.0575833675218066,0.0428195095705333,0.1432324276863199,0.1093217608443448,0.1568314069095555,0.0831315651513685,0.090803249529125
0.0961878809071745,0.1009754088385604,0.0727835949782112,0.0473158552031799,0.0370045869095283,0.0767375155471594,0.1264370319215659,0.1536814665812954,0.11804648590108,0.1708301732069608
0.0956405866573607,0.0960344745179589,0.0788396211800461,0.0483141397312491,0.0378779037566543,0.1137638324020101,0.0838990341797171,0.2036367192944125,0.1064561599927937,0.1355375282823371
0.095213881335507,0.085677698214792,0.0842083980568103,0.0434736432581431,0.0392235615997593,0.0510120565514498,0.0731317360434844,0.2130071856241992,0.1324371028681113,0.1826147364421224
0.0874259696102462,0.0871726767654899,0.0694643066041283,0.0491898607529723,0.0384944153879112,0.1403134700559508,0.0885754838916448,0.1055943260900978,0.1560104492863417,0.1777590415497791
0.0964114561724509,0.0934622830142784,0.0782614890758376,0.0407797108845458,0.0358112497365195,0.116256996170423,0.0879287518490386,0.1704384054232088,0.1018150793491277,0.1788345783194353
0.1325443410259799,0.1217569087363359,0.1246679329856639,0.0425935137905289,0.0417410223874189,0.0710785181057999,0.0577275814706894,0.1384343020273171,0.1469843261432211,0.1224715533210345
0.123922618838149,0.1122126480202959,0.1217286483157351,0.038904967836008,0.0389196666311608,0.0507526709490544,0.110912443516576,0.1565000147804466,0.1490125113477276,0.0971338097592523
0.1309782101122028,0.1161967816697731,0.1251517811407957,0.0402706563188027,0.040269899580494,0.063718094868598,0.0913766484387683,0.1638774330219347,0.1523306743545342,0.0758298204882869
0.1201655629209371,0.1185053339462608,0.1035964554465493,0.044876874510265,0.0472429681019695,0.0615851058684574,0.116542746851779,0.1669920382498435,0.1618609576620332,0.0586319564354431
0.0997530459788449,0.0931035194659929,0.0838969758935651,0.03475802882201,0.035953827822355,0.090566964227032,0.1235427940417382,0.2348085134619058,0.1159681766013681,0.0876481536802349
0.0997050889654862,0.095814062047664,0.0828347888466163,0.0397753945396944,0.0495939326515407,0.1363172687197219,0.1188691854204616,0.1417372594898475,0.1104379360860834,0.1249150832271654
0.1193579759481331,0.114026076356744,0.1011154421966071,0.0429682161957787,0.0429497823276865,0.061688886202606,0.0708293196344078,0.1297235148681205,0.1952037216480637,0.1221370646156548
0.1112969648869483,0.1080593691476755,0.0909624754154474,0.0400467951115319,0.0465343887157583,0.0725421434864487,0.0820836532190414,0.173471100080701,0.150454990164868,0.1245481197659028
0.1089899541467715,0.1047456818847503,0.0993645500591913,0.037773822485828,0.0401485538275199,0.0589343292761173,0.0785653790531958,0.2127341575630565,0.1596424431297852,0.0991011285683601
0.1257570246121591,0.1243000087065918,0.1160024929664119,0.0452269817506569,0.060942172843147,0.073722569774943,0.0814547094521777,0.1166091570233701,0.1343728789269629,0.1216120039370818
0.11807850728953,0.1258789011590866,0.0924622732569849,0.0455189255402376,0.0537889393494701,0.0750831588204626,0.0899110726545548,0.236718916532242,0.1080265693832141,0.0545327360078367
0.1133141717365379,0.1213816295694789,0.095307894788637,0.0452004721584945,0.0515528375529114,0.1091606359117134,0.0839362272272231,0.1009172499553521,0.1551458213490091,0.1240830597443781
0.1011214789172787,0.1170503911352001,0.0808942416054364,0.045274427544462,0.0652177053015018,0.0621263127283825,0.0974152711289237,0.1762183729413592,0.1407845847631343,0.1138972139279249
0.1076983814060181,0.1326654801856598,0.0761314844119141,0.0527913817797854,0.0649076704067035,0.073378006451072,0.1055428698720108,0.1561910131540139,0.1026262456052436,0.1280674667205095
0.0937922188625677,0.1205641114692037,0.0632693594948068,0.0436241184039424,0.0565201850406905,0.0918234716814073,0.0881397640278441,0.2059045495446867,0.1349112853027155,0.1014509361660136
0.0941962858460811,0.1157698822069501,0.0718784789282055,0.0460131770472361,0.063288711532515,0.0661711592033286,0.1671011680268959,0.1192104594760457,0.1329929299508087,0.123377747775391
0.0848760835143208,0.1054319076286009,0.0645702927521923,0.0441239172562918,0.0577252891668393,0.0895939862587611,0.0751571620886353,0.2229918393104817,0.1308604651942103,0.1246690568238468
0.0898462312132235,0.1133281776208078,0.0736570825654733,0.0482388441964009,0.0792769645078569,0.0927511721015469,0.0715435037017941,0.1984986257118328,0.0997536657690591,0.1331057326052807
0.086205256138131,0.1069324179380297,0.0661358978458535,0.052725946833223,0.068011674129722,0.0891858514565936,0.0681478216720464,0.1205112208012179,0.1758788950672697,0.1662650181111947
0.0855561515855424,0.1081893710141369,0.0615716708224319,0.0477525623641493,0.0722365773321004,0.0592059390546205,0.0995593002425361,0.1529718150779349,0.1580865622966599,0.1548700502037899
0.0795854603896133,0.1061534626738366,0.0575848338932655,0.0493415601638729,0.0807287160690463,0.1264789472343774,0.1018942156452066,0.1930576450434572,0.1369825837282212,0.0681925751524911
0.0572227034199956,0.0723833450542195,0.0443894345357727,0.0359921778786857,0.0460012194575204,0.136733402626333,0.1846368605479642,0.189263101873151,0.1232736155078876,0.1101041390936542
0.0597502499255189,0.0767957656297867,0.0413663814201465,0.0436885968851887,0.0692587157178158,0.1067209986043839,0.0716771276156908,0.2387004577384277,0.1697399289103781,0.1223017775470246
0.0880780338543286,0.1135340255497446,0.0545898965913884,0.0593105782537458,0.0936420518000262,0.0798381604608517,0.0776866293509463,0.1445567936319234,0.1141070538234571,0.1746567766757136
0.0803991882317949,0.1085891933441818,0.052734403637213,0.0675337440738636,0.0851882887032727,0.0835237094005422,0.0871884426903892,0.176009874668594,0.1345229830987442,0.1243101721438144
0.0744752743977412,0.0965349859560416,0.0522502770112909,0.0589445537024657,0.0975996440369035,0.1284591252059553,0.1040101964446847,0.1560252608678044,0.1019698372237753,0.1297308451457972
0.0835716840148466,0.1040768683072246,0.0512334119755127,0.0518671412478323,0.0948678438642378,0.0915632684745624,0.0604994828174458,0.2317475004280078,0.0924193596947594,0.1381534391691255
0.0846057857878285,0.104725320533448,0.0523084391493306,0.0514826896239175,0.0966491400827234,0.0846949151075739,0.056806393266856,0.1449479632728204,0.139844274306932,0.1839350788626424
0.1093304241969059,0.1294477556623862,0.0670306860622699,0.0535637205813927,0.0967450596640729,0.0831616481576706,0.1214562661351477,0.1388366481020301,0.072237423399578,0.128190368032085
0.1070745550652058,0.1366587118042454,0.0608898110478506,0.0582035951882578,0.1350230203882563,0.0641744147704062,0.0673250017592828,0.1539222680446107,0.1414799809798763,0.0752486409448407
0.107199464336547,0.1283230098791491,0.0707182827922478,0.0969278734526175,0.0928236307394542,0.0834293881630012,0.0866781248039541,0.1090903234274561,0.1544805343871848,0.0703293680109939
0.1142384712000808,0.1290550440819211,0.070990580437155,0.0625890290210988,0.1036495897584595,0.0632201840285946,0.0980190765913509,0.1178202555315705,0.1547265514946476,0.0856912178487988
0.1135724923719367,0.1287776585702647,0.0613949190599398,0.0483430624818734,0.1015456941057216,0.0758337482395131,0.0827071443272912,0.1342832228592334,0.0988681348111564,0.1546739231670506
0.1123416462948319,0.1271784019484583,0.0608693197093267,0.0649547960660193,0.105534972967623,0.0613492705844669,0.0752164102143655,0.11326526898035,0.1656511563435417,0.1136387568850467
0.0905643550053129,0.1109283343680961,0.0488646494958913,0.1175039316052635,0.10482773256208,0.0513849876786374,0.1059735378973993,0.1442085702111784,0.1634836415027797,0.0622602596672964
0.1020141365419558,0.1267255218190865,0.054223209743874,0.0798710557688562,0.1669034282296823,0.0718914486729725,0.0890911026085782,0.1344859008621321,0.0518473760898887,0.1229468196555073
0.0914171586473552,0.1152517805042235,0.0474999567889554,0.0560210029932144,0.1080039017964548,0.0701209223763817,0.0652422680089143,0.1300694710717207,0.1716505758663819,0.1447229619399323
0.079931976758938,0.1036372874910911,0.0460416916125967,0.0645737582309361,0.1490696419843555,0.1022675778197153,0.0566217260268151,0.0998933438076118,0.127815764829738,0.1701472314317346
0.078109470255684,0.0973006369043233,0.0541719932893387,0.0649551572322555,0.1588660260040161,0.0757996392462071,0.0630425928350107,0.1427040570029451,0.0772849230393975,0.1877655041834981
0.0880407340783401,0.1041247337053219,0.0549415589842326,0.0822288752161484,0.172651078289549,0.0755952500180668,0.0676544159515339,0.1307973422009908,0.0880783148445286,0.1358876967034537
0.0764634080752572,0.1041001364966532,0.0484374187139328,0.1275225594503595,0.1850916344062226,0.0770716364756519,0.0691086634022574,0.1154616746992452,0.1240574880425378,0.0726853802311104
0.0678832384049991,0.0996246614079134,0.06183923569229,0.1102649734653299,0.1856167956986004,0.075502946530012,0.069280876525157,0.1505930764588267,0.0790677815261751,0.1003264142829286
0.0629917859058334,0.0902865259154176,0.0541837250846284,0.0901023184577399,0.2463450249308791,0.10694685662949,0.0606105648267463,0.1081653996219358,0.0663762754294959,0.1139915231907506
0.0745075871492751,0.103382429951547,0.0508438844278941,0.095995927737343,0.1320756968448338,0.0960663973754339,0.0609572265098808,0.1144411141665651,0.119907750548221,0.1518219852818883
0.0841344790620977,0.1107781372381379,0.0504357269892216,0.1052175660356971,0.1807055129337163,0.0580400416260844,0.0575130036896588,0.1712280734006737,0.1321579423675697,0.0497895166499669
0.0847822043105393,0.1185564232623709,0.0470055707306826,0.0833348550067753,0.1911867799645471,0.0654756967105285,0.0545415323637389,0.178478635548689,0.081458789853286,0.0951795122421534
0.104763417752138,0.137281621936835,0.0588063362817881,0.0987180297193327,0.1878646619062306,0.0666459777518481,0.0686085858737912,0.1310447352993823,0.0650195814540098,0.0812470520161635
0.0804358041697633,0.1098116346953976,0.0423310223188623,0.0896433560792049,0.230017669737421,0.0497501396086398,0.0620026121511812,0.1123963703698051,0.1152210101019998,0.1083903807616221
0.1042132138423007,0.1342387526892847,0.052562248845555,0.1077142186975588,0.137559413604014,0.0682100749970011,0.0645425950136285,0.1050755648330002,0.0511440721518278,0.1747398453185948
0.0862508820249033,0.1184792159887948,0.0480791316160593,0.0617760038207925,0.191734243969913,0.0614449112587044,0.0592968492255998,0.1230583446035834,0.0672126785679071,0.182667738916839
0.0733802164999234,0.1012329723319918,0.0428402741335521,0.0823841191852603,0.2957417545938091,0.0558678397584032,0.048198748550017,0.1403322251464375,0.080557593169753,0.0794642566247351
0.0827913744660722,0.1106275727111218,0.0450867183980106,0.0712704168314325,0.3422644236140231,0.0569414431504841,0.053476371441737,0.1034242678221957,0.0528298433565308,0.081287568201897
0.0849401339983296,0.1171782794711287,0.052598078191946,0.1304228079382811,0.190419858272664,0.0634396214223384,0.0711662424118505,0.1207964169300076,0.0986665769071971,0.0703719844488235
0.0914900055067835,0.1307729911730559,0.0601702797390723,0.130100160963782,0.1442982137265149,0.067051574294745,0.0695004133633347,0.1097836592944046,0.0614828973768701,0.1353498045529777
0.0772317925056307,0.1223475258071539,0.0623866468006051,0.134054112649252,0.1559682636150291,0.0640890537849281,0.0710957883269224,0.1337777610294004,0.0579465898076785,0.1211024656652558
0.0616683121312001,0.0976794375713338,0.0550112700440199,0.0662771924382887,0.3797708117953115,0.0561563444393297,0.052999086888733,0.0953630579740892,0.0497651555587681,0.0853093311520797
0.085626914281053,0.1270744833044537,0.0590716266200154,0.0911650165487682,0.2343544630433782,0.0698567009010949,0.0623472682407929,0.1128663410149105,0.0889199138566772,0.0687172721813464
0.0866501081353206,0.1226960538611576,0.0471817429957001,0.1301956070534366,0.2083025658125847,0.0565575070317808,0.0528951778814535,0.111596925016897,0.0479758242484904,0.1359484879565341
0.1070193644432873,0.1406854109132463,0.0551640514811531,0.0985153750582258,0.21574089111081,0.0693885866905666,0.0634492288591428,0.0990486551485914,0.0563807501102232,0.0946076861768118
0.0929089565775241,0.135108152444964,0.0692300687808255,0.1107981186185593,0.1688478853114073,0.0949947866456921,0.0716987256232829,0.0944973806204731,0.0759805150574255,0.0859354103106293
0.0816793444969887,0.1133203916595619,0.0601269923781183,0.1300471669503392,0.2116870152839441,0.0919279193209163,0.0648552958117086,0.1110580438461186,0.056675543404312,0.0786222868398202
0.0904777757090096,0.115937895506024,0.0619128424438118,0.0904756665412322,0.2000342018617678,0.0743944653114053,0.0676340311026095,0.1207167748626429,0.0668667299005573,0.1115496167520844
0.1021163157424474,0.129880276558378,0.0710804376452444,0.1314668123125097,0.1528696519510958,0.0768803311431172,0.0787225732941683,0.1110695843194203,0.0757348166621957,0.0701792003613186
0.0870569637129652,0.1211350337147409,0.0748744613308976,0.1046793394608506,0.1845809692161565,0.0822355284151262,0.0800252830546352,0.110810811928859,0.0819736874228835,0.0726279217324333
0.0751819220409071,0.0928237221942767,0.0663004916841693,0.1557110783222144,0.2275910081347004,0.0710445033305825,0.073431809878072,0.1022551399187755,0.0643012498759479,0.0713590746110753
0.0812121178547245,0.1016375309430211,0.0676872088484473,0.1224216626673001,0.199171717781239,0.0738782266039776,0.07819823728554,0.1143799336882751,0.0667260120132205,0.0946873523048136
0.0802685749797163,0.1052946396412713,0.0679840913515551,0.0874659099392394,0.1822573898138179,0.073962187281199,0.074941674418682,0.116048738914322,0.1213564396858698,0.0904203539647315
0.046316296067481,0.0668283919856519,0.0494474711631254,0.1385949715794106,0.3585555920804268,0.0513765749645779,0.0512324065664913,0.0768947014373447,0.0781575616613643,0.0825960324874429
0.0615089520106348,0.0819391560773384,0.0636754894718881,0.1445643481905723,0.2028976783261447,0.0665667437245707,0.0704760228149236,0.1057216153425651,0.0798056411654685,0.122844352867019
0.0689889848075677,0.0913922933122502,0.0614249085786845,0.1173488952691098,0.1994461705027809,0.0663951111110931,0.0682853199209407,0.1126656189440037,0.0627667826099607,0.1512859149347623
0.0737354464772122,0.091213956871978,0.0626383545290048,0.1182485342053834,0.2423644894193286,0.0675528260317469,0.0695321153342201,0.0984966870403592,0.0645699844434928,0.1116476056382595
0.0845673143468673,0.1075738171381834,0.0729853689725996,0.1034731683070395,0.1532711843743966,0.0819708105283846,0.0823313646075995,0.1162669526009382,0.0913001982331236,0.1062598208803441
0.0918286265539345,0.0979849406893859,0.0965357438453736,0.0953092197197168,0.1850924350071378,0.0825626007595481,0.077267809732649,0.1236196152019026,0.0745868936032148,0.0752121148764061
0.1053579158518069,0.1062095885109099,0.1005154186923923,0.0899005235009491,0.1473659443369064,0.0805468672743952,0.0782972769988658,0.0982794605607065,0.1197923082707893,0.0737346959917422
0.1096637191088566,0.1139399690612872,0.1021250892559935,0.0847981684822825,0.1434916661464804,0.0753399808914856,0.0783100328558801,0.117242124938472,0.0919912114012393,0.0830980378476657
0.1145421488450744,0.1130991185986095,0.0903006033699008,0.0779954034197217,0.1442496879232486,0.0650303256942803,0.0643058693615421,0.0918444446631677,0.1327838445315109,0.1058485535839897
0.1298375812435844,0.1319860691068474,0.0985733398220321,0.0717100671900288,0.1473328038913591,0.0705743533988439,0.073473032881076,0.1150433340568363,0.0749899273462574,0.0864794910533182
0.1287497202426596,0.1189641057426903,0.1131642744072068,0.0823754961698813,0.1540802104722731,0.074372586587809,0.0726950205993346,0.0949735923236527,0.0745373606503282,0.0860876327939126
0.1173886000750191,0.114920072548313,0.1085710936761661,0.0809180140673479,0.1321974660095422,0.0798687652532816,0.0782772028240361,0.1274324760281267,0.0758007481127884,0.0846255613946311
0.0848868217437545,0.0831751600956479,0.0934923847600279,0.0819774399101882,0.1767704897171621,0.0729810425204238,0.077545937511207,0.0988071146779127,0.0964054398442975,0.1339581692089062
0.1155714992587889,0.109179039323274,0.1182106756026729,0.0855181103732498,0.1367978634526646,0.0744740692761979,0.0738209827549804,0.1190205469130156,0.0891858442741447,0.0782213687604521
0.1262766349058519,0.1127014832251751,0.1297868765151522,0.0781739223674078,0.1357380720972661,0.0730289713151325,0.0727231228532051,0.1184238943926171,0.0725264375015842,0.0806205848163595
0.1303204618308613,0.1145042116018477,0.1443993793069279,0.072780582358777,0.0999325238666248,0.0562174428731033,0.0578256160913913,0.0780201691742961,0.1647053495786782,0.0812942633094379
0.1355722708525507,0.1225848815160678,0.152572577364891,0.075258235199194,0.1000072905356327,0.068393819854371,0.0674127235251009,0.0909096083377555,0.0741114773181352,0.1131771154867473
0.132651190193366,0.1255861609054653,0.138743541113871,0.0802889474673905,0.1337007521824692,0.0758990960238185,0.0754416455894259,0.0879186298258496,0.0763221424833393,0.0734478942045848
0.1199871692082823,0.1201484776186424,0.1189193031340399,0.0668795461952909,0.1138169411390756,0.0649548728047275,0.0622674001833944,0.0850903859848244,0.0759528150100443,0.1719830887129163
0.1249716949659343,0.138123908247001,0.1245451249347499,0.0822126166060915,0.1324320175208239,0.0781272114819508,0.0792490938471419,0.0854692790178762,0.0787114418702644,0.0761576114971921
0.1322562109028933,0.1370708043223875,0.1294519483271912,0.0814159332464249,0.1095914076728853,0.085308600217557,0.081278130450359,0.0859529338371384,0.0789986032258487,0.0786754277860248
0.1202346265320273,0.1251984318781052,0.1314416695645324,0.0738357631955326,0.1280502849448546,0.0716877519451635,0.0730090311603292,0.101902998176744,0.0796676256168703,0.0949718169754977
0.1241217036244059,0.1275664531016289,0.1309596858670649,0.0709761019150108,0.1014753106287638,0.0711999841761563,0.0705433319640899,0.0848919565446893,0.1086458298724085,0.109619642295642
0.1216914322960147,0.1280522514844037,0.1441396441152675,0.0746713838491327,0.1071324719930726,0.072236329933862,0.0728086649529691,0.0826162315143455,0.0850165552374207,0.1116350346131591
0.1021122218693545,0.1175020807213814,0.1167069821738513,0.0797526483375384,0.1067671628289559,0.0794081488079453,0.0792085764469541,0.096276875604756,0.0833798197414306,0.1388854834567305
0.1167460314172239,0.1316914983321545,0.1274051618014652,0.0805199250594568,0.1084901186143377,0.0762820293603939,0.0772685612059904,0.0811868667923916,0.0765503022944298,0.1238595051111491
0.1240860671375345,0.1316235050097278,0.1446639236558265,0.0797941911218632,0.1087940821601477,0.0789818244157133,0.0781349772760315,0.0851989435008795,0.0859120666283872,0.0828104190826191
0.1297253170617991,0.133806209716648,0.1585278486249056,0.0786153560711676,0.0910093569029376,0.0788871769225399,0.0783359369561802,0.0942392888586372,0.0773353451707891,0.0795181637032648
0.1496224516736251,0.1456204936153474,0.1851445970704029,0.0728375513553052,0.0879725028938439,0.0711887689058235,0.0703151079107037,0.071065717283721,0.0715124768467077,0.074720332434397
0.154182741290734,0.1499643654014679,0.1888391434503088,0.0715109237550175,0.0744121577920955,0.0714194020775603,0.0725533776266971,0.0735234022277565,0.0717614335997194,0.0718330527683514
0.1549290171941977,0.1538526732967372,0.165875614385854,0.0731382805706664,0.0799119112348176,0.0716825992124281,0.07243200372404,0.0716535512632573,0.0719107855226128,0.0846135635850522
0.1570120657290187,0.1631099974803809,0.1694338521755625,0.0693942783278249,0.0860894270782364,0.0695082156602134,0.0693938258428985,0.0737858997559417,0.0713397024662436,0.0709327354736668
0.157559807751008,0.1667823119279962,0.1484404213035918,0.0667398550219727,0.073658442728887,0.0739814663017582,0.0670128130390268,0.0667968910832716,0.1066470032307447,0.0723809876021231
0.1600918161353073,0.1752470411222127,0.1278813553345514,0.0642625012832076,0.0725103717211005,0.0639029515177315,0.0766060473300827,0.0639029515177315,0.1251583399944145,0.070436624034459
0.1660262406277589,0.1918975757215518,0.1328993678526703,0.0703258972715309,0.0696296225440554,0.0796648640760631,0.069638981680828,0.0697461965763665,0.079078206238115,0.0710930474010123
0.1746792265201222,0.1872239452968849,0.1423858499902203,0.0605426770802592,0.0610226450976135,0.0613678537464437,0.0653429639469342,0.0704355496002096,0.1152290198451315,0.0617702688674575
0.1854446140214178,0.1837265318211662,0.1710340525829345,0.0653108899602387,0.0633379493315823,0.07166938544801,0.0685704957968171,0.0633240646393764,0.0639160708510204,0.0636659455382985
0.1751938456390389,0.175506788515932,0.1682970467451067,0.0619260276620234,0.0588824771954975,0.0640102833218583,0.0588820313439673,0.0589149585050384,0.0593339290306872,0.1190526120323536
0.175740524303112,0.1705630249759294,0.1737124236607638,0.0687418349000197,0.0601391993536847,0.062269952568642,0.0601161757976125,0.0602867261186612,0.0972289034741266,0.071201234838778
0.1724860941336451,0.1787247814650828,0.1469110416255898,0.0743665770891459,0.0674362792490434,0.0744965834931445,0.0667256883841816,0.066836330544643,0.0674483250165253,0.0845682989893875
0.1603651100486529,0.160525118325331,0.1438222344198339,0.0800194713964088,0.0669405594836743,0.0668070176124977,0.0663553605895734,0.0698804999484485,0.1062234900556145,0.0790611381104362
0.168072267676387,0.1513410033577333,0.1911020374051389,0.078671817300183,0.0670345054531895,0.0685768847028823,0.0691275578691603,0.0668741469158222,0.0721828219599063,0.0670169573500704
0.1677771802574262,0.1305651339158259,0.2124506919276721,0.0761398466662265,0.0646066428560535,0.0770630350660109,0.0640459288783634,0.0638276574331453,0.0790392170212994,0.0644846659687842
0.1542266588562615,0.1207692042262281,0.2059585382361782,0.0830643304050612,0.0671711972577118,0.0713693330940263,0.0808510866791762,0.0672634604898412,0.0820040242821786,0.0673221664637584
0.1696708978619225,0.1191427557587882,0.2178795054803811,0.0770177691709174,0.0666996791559687,0.0635160041023612,0.0687645274722942,0.0662298857353061,0.0652742075296531,0.0858047677232635
0.152971839513191,0.1041932380171125,0.2133335461205787,0.0847959995047402,0.0656849637070272,0.0688464648865517,0.0755239232168457,0.0634825239430252,0.1074607961855014,0.0637067048963281
0.1354815812717142,0.0925019241814848,0.2108556569159278,0.0936108907539511,0.0778333255849292,0.0774371130190178,0.092936158165467,0.0711664493461033,0.0754727991825815,0.0727041015685847
0.1297187760856725,0.0886136675619599,0.2024076000725228,0.082463680588194,0.0653607836794,0.065115042943487,0.0716936521043987,0.0650489607832603,0.1084309207383594,0.1211469154333613
0.1263413550054988,0.0866249876229713,0.1838034339370323,0.0879198560284055,0.0646094021945949,0.0766569401984644,0.076821466715059,0.0632080142101361,0.1482304243545175,0.0857841197243317
0.1391053306529254,0.0974320758578982,0.2141960338011414,0.0924380942537332,0.0711459963591285,0.0918505725333051,0.0752649257533172,0.0728802259587228,0.0735156872478746,0.0721710575719674
0.1187959539015987,0.0837786007244905,0.1579074720808913,0.1218176152382884,0.0853573022394967,0.0812765863057266,0.102537711695884,0.077783496280652,0.0803129030287192,0.090432358493311
0.1240034075642926,0.0951824080499322,0.1568388963014453,0.1026643817201374,0.080606636021422,0.098250481780143,0.0972046338639738,0.0809205575249613,0.0859377920679254,0.0783908050944568
0.1164941696282152,0.0967373874779451,0.1213311807387512,0.1167908234033008,0.0914465048728856,0.0829672155532693,0.1187372034748143,0.0858026330473923,0.0865595296848701,0.0831333521065857
0.1228780711425644,0.1014025928489239,0.1214655934667954,0.1216736662027741,0.077049451220806,0.0912778753170078,0.1037949753371299,0.0808648355061837,0.0804878736890656,0.0991050652581421
0.1289003652345164,0.1056307727982326,0.123525117014019,0.1119941711696027,0.0835267001600833,0.0854642335972393,0.1129487671074579,0.0774250324360085,0.0958250423507832,0.0747597981214034
0.1133557748777297,0.098127596022867,0.1165757905312046,0.126361530227391,0.0826879657772323,0.0919925178450913,0.1145642966002458,0.0788285140381895,0.1018614774866218,0.0756445365825428
0.1104331112321391,0.0898187030576463,0.1066605833881053,0.1303684579772069,0.098241636115998,0.1031432672837406,0.118990170203431,0.080466212031169,0.0836865008381671,0.0781913578612775
0.1119961677735565,0.1052758205744417,0.0938759139939603,0.1610624154523664,0.0806715755704962,0.1036359712677505,0.0970202252373389,0.0792780252062953,0.078522208289781,0.0886616766230104
0.093568483173928,0.0936883374609531,0.0731893976830594,0.1504186338882636,0.1031897856717255,0.1005843318653276,0.1066887168027201,0.0762546244452406,0.1016565399705916,0.1007611490276288
0.1234740250862556,0.1179808299182659,0.0897663798001577,0.1420261232515138,0.078408734341479,0.099967251071087,0.1147026574578071,0.0752303280205456,0.0836040642600571,0.0748396067825154
0.1151345320213592,0.1034790239972602,0.0876248838866575,0.150708778050519,0.0853824360477498,0.1020368844131478,0.0840806832320845,0.0689726376767334,0.0853805887185586,0.1171995519464839
0.1177283032023355,0.1061413337822296,0.0804134147158818,0.1247758442612192,0.0825237498119624,0.0913197100705793,0.0937507314872785,0.0699799664030796,0.1306128935469303,0.1027540527092071
0.1093488517886433,0.1022217916296293,0.071978038178028,0.1658362819775279,0.0829819187309637,0.1071452783219587,0.0912552189533859,0.0774819558782363,0.0751481061636183,0.1166025583676242
0.076474549561159,0.0951754109627053,0.0769713056728456,0.1491781243265268,0.0936390895919238,0.1103292851350643,0.1351590452932949,0.0777021226218003,0.0745730794428074,0.1107979873811341
0.0983372337101052,0.1050613118260644,0.0730957717305963,0.1622890555346861,0.0882414407782232,0.107402307472818,0.1115821533935884,0.0766770580770217,0.0740181234099001,0.1032955440565386
0.0897118933105617,0.0938460652581791,0.0751667036564387,0.1486110751561054,0.1017281315493461,0.1269367327030583,0.1106646491965403,0.0778230613907002,0.0996592400438257,0.0758524477244553
0.0751917895810632,0.0812805538850505,0.0692432686800668,0.1942062828770336,0.099535232127148,0.1071038893262685,0.0994832684848892,0.0699995896844708,0.0700410661238941,0.1339150592202041
0.0778492149808526,0.0836854521965144,0.0717054572952952,0.1689203850255161,0.125270351894934,0.1021392839945803,0.1211999502573774,0.0737098792719166,0.0727294620101829,0.1027905630625424
0.0747375306371837,0.0786837183938334,0.0728283090854453,0.1660853756851237,0.110828882316659,0.1110751044349932,0.1218794155641863,0.0769521026956473,0.0728825026620456,0.1140470585146821
0.0469115045054547,0.0513469217811634,0.0493070402157264,0.0924943580625162,0.0535199003858332,0.064245430556103,0.074500780777896,0.051873635232621,0.2512979534667215,0.2645024750092611
0.0459657763728893,0.0472186420452837,0.0493401680185973,0.0988285781873232,0.0598132552549191,0.0725043630929333,0.0672283121207686,0.050154823815482,0.2523053277740373,0.2566407533111448
0.0424583436638069,0.0477654490545702,0.0457356542967913,0.147747964365575,0.0653475004166228,0.0632744122651293,0.0711972586019406,0.0457219707738478,0.2317998945739042,0.2389515519816951
0.0451578188567767,0.0463293078983478,0.0402538535560042,0.1880549737286708,0.1150688773653464,0.0670156972512191,0.0566755548438604,0.0428742725069086,0.1727822841138915,0.2257873598732288
0.0612158847141826,0.0608279651850137,0.0416108473920433,0.098593006805613,0.0748413450805479,0.0737836457420775,0.0718010821238047,0.0464622908377888,0.237091340304315,0.2337725918086175
0.0637607771956881,0.0604104166694735,0.0415084895177549,0.1211924675233364,0.070620350270279,0.0570264084947767,0.0719805221691385,0.0471291087268108,0.2362736618309346,0.2300977975960485
0.0568981533508237,0.0504588769791583,0.0409236608656727,0.116940258451111,0.0587170484359688,0.0836646332431524,0.0828352408766703,0.0537476592838446,0.2233232456543791,0.232491222853315
0.0556545727238173,0.0440006415598068,0.0449481193934785,0.1609122300803967,0.0547422716807878,0.0798897131541655,0.0760008364805931,0.0448658530892975,0.2199259375894401,0.2190598242425869
0.0628382093615967,0.0506646719341334,0.0476052994347914,0.1287293303051628,0.0710527123018465,0.0710276519025217,0.0692411888441443,0.0426125230117961,0.2223952173093118,0.2338331955888805
0.0623428667929172,0.0463824882752843,0.0609308265707738,0.0967621571485339,0.0719449680726621,0.0718300530461532,0.0849522354571932,0.0451677160972969,0.2270896965183537,0.2325969920149612
0.0572732685693883,0.0373534086088959,0.0621857901439731,0.145775831332079,0.1327664289750225,0.06770932627933,0.0655058514502639,0.0382816787600078,0.1918896226624569,0.2012587932136998
0.0552139813897045,0.0377544480419755,0.0714895576750835,0.1449200073568921,0.0807192619981475,0.0723839904854956,0.0698669451558644,0.041163234677287,0.2139080309552906,0.2125805422588829
0.0671137556106351,0.0429059230517939,0.0897715144408628,0.1195472098709894,0.068525392111114,0.0727444383279278,0.0645849720229261,0.0472009042257256,0.2133786848594175,0.2142272054731348
0.0599731050436355,0.0355518984189346,0.0754338357237129,0.1665618033558802,0.0787145568240484,0.0690380488379025,0.0739526877359915,0.0409089918973336,0.1830353399457746,0.2168297322117038
0.0723435012872622,0.0468347517643422,0.0924808456365707,0.0967401162390178,0.0753378824853743,0.0793145825281376,0.0744929523913008,0.0598802871753018,0.1822149096066323,0.2203601708805569
0.0745788992871022,0.047318620349411,0.0997942751673693,0.1016875027918629,0.0596860570006185,0.1137330816142358,0.0603483321308207,0.0380066836980304,0.1991188268659136,0.2057277210898386
