0.0660344511173879,0.0709604416327395,0.0796118109212714,0.0867816474469424,0.0686725607530935,0.1292883114496244,0.1075538664798717,0.1544077803121524,0.0572651289850507,0.1794240008945496
0.0489749027591688,0.0554831695443145,0.0785605277635892,0.0749139121228853,0.1173277417401389,0.1802141903844085,0.099294904384875,0.1198981112436179,0.0729056157695639,0.1524269242813645
0.0500478680026246,0.0558583759873573,0.0782738454116164,0.0690132626722179,0.0999055382157156,0.0904087236817571,0.0801642989904734,0.2676603220361884,0.0599253148806124,0.148742450115094
0.0476930174423321,0.0554337689709186,0.0883707881479822,0.0618374926255927,0.0671645315845987,0.170325635217145,0.1033439746416347,0.1572914734358006,0.0600748572731317,0.1884644606539824
0.0636456285273377,0.0682704984025748,0.0835146840357406,0.0711135381032034,0.0940077426391824,0.118167231707924,0.1160360709029744,0.1244156845262883,0.0687171310408706,0.1921117901063223
0.0548533161181487,0.0627812343509899,0.0813324860491919,0.1209009474451139,0.0757052959057166,0.1421591907004998,0.1170398772255536,0.1189034741903482,0.0476300251522787,0.1786941528554265
0.046336522792727,0.053474257448264,0.0866859580212358,0.1050790191197941,0.0776401441060121,0.1576031384597178,0.1055866353114556,0.1298325907723902,0.05117558440166,0.1865861495600586
0.0598210165975907,0.0663717521715547,0.0899319633728314,0.0891069864149872,0.0848243986822588,0.1041270263837409,0.1226087003174409,0.1053176096983449,0.0655362402777066,0.2123543060753397
0.0506895190529577,0.0574071945468038,0.0910359153160778,0.0915520657298582,0.1022470643744444,0.1114294226891524,0.1244070113383129,0.1117323245420821,0.0522598539807629,0.2072396284222473
0.0564872601602464,0.0625581550160966,0.103464634752823,0.0801952462923085,0.0895979794312608,0.0988907483596648,0.1346410700938164,0.1500328769562932,0.0792711485479939,0.1448608803813922
0.048370285691619,0.0537216988364158,0.0873572745433054,0.0835614777074959,0.1036228607365876,0.1344004356251009,0.1110485093187928,0.1145345055312229,0.0898578459066215,0.1735251060958883
0.0495390513154281,0.0507367145334479,0.1058799177832257,0.1158137246591508,0.0994778982583834,0.1141786700225739,0.122688242699895,0.1533809761993593,0.0491843678855077,0.1391204366361196
0.0517449107621928,0.0485523521338578,0.110548074669565,0.0958143444902979,0.0895014940725576,0.1324009367470368,0.1363124335966661,0.1051210798286022,0.0782202281201726,0.1517841455721424
0.0514810274947339,0.0485379495672061,0.1150706565739192,0.1004454598628214,0.0895145103846908,0.1020238783186272,0.1431066981002648,0.0949783328730038,0.0734685495199754,0.1813729372978966
0.0591373302529401,0.0509492816513411,0.1301687321632559,0.093330296134429,0.0724043558607327,0.109426254728526,0.1422494737517959,0.10042652867878,0.0735360713382005,0.1683716754326472
0.0555112538646832,0.0516198824639192,0.1138376155317175,0.0903147390041381,0.092091083242512,0.0988789477546531,0.1200132059810569,0.1137311749228058,0.0815969635001642,0.1824051337273246
0.0574008937647568,0.0536121048748953,0.1311019793424565,0.0851930975838123,0.0985001958869033,0.1119168945657105,0.0973173752929776,0.116718527046487,0.0736934940997495,0.1745454375350378
0.0534272757345658,0.0481029995531368,0.1311057518513188,0.0895478880293697,0.1043163804082396,0.119506832422822,0.1282004742249153,0.0794711622178688,0.0621616889690336,0.1841595465818081
0.0582522814582362,0.0529072070002598,0.1603189418552589,0.0935868053450279,0.0833136042486123,0.1066553112950571,0.105591867497923,0.0909143435781493,0.0843409122643505,0.1641187254495998
0.0573368566007415,0.047441318240011,0.1724820438319075,0.0810309727575996,0.0934270911387095,0.1081230067098909,0.1000331662860671,0.0932425351489885,0.0574346473740969,0.1894483619051706
0.0588586627122542,0.0464446707579969,0.193951188037068,0.0780898988155564,0.0791778075434677,0.1088925214388835,0.1044329480915696,0.0800304605009491,0.081925612433212,0.168196229662385
0.0555686651517522,0.0493298291133249,0.196186196545367,0.0805819309348524,0.078873481940478,0.0885484139905372,0.0825757102076612,0.0985935481639938,0.1044022184023253,0.16534000554298
0.0556246559503844,0.0499618606828706,0.1868018441733289,0.0884457288977652,0.0844336829894241,0.1012249063891852,0.0857709090055107,0.0892726393449762,0.0682810077507447,0.1901827648089607
0.0596109461141633,0.0462665440218472,0.201646204865906,0.1022030418330323,0.0947728619156479,0.0751679012320109,0.0931097100678977,0.0878831331302716,0.1036289774969864,0.1357106793156441
0.0638345160512596,0.0473102403512994,0.2069587025913223,0.070850594537008,0.0692503201603706,0.0814395127328852,0.1011313484042726,0.1145646850546126,0.0618053536201936,0.1828547264899816
0.0601124523300962,0.0435336546722798,0.2201459429941235,0.096024819461554,0.1057332594593072,0.0771292486426944,0.0803708051077301,0.1164254751537283,0.0613875861810908,0.1391367559911716
0.0631133908001464,0.0481671736876689,0.2303821278282556,0.0834042292898542,0.0814090178208868,0.0954738780627515,0.0804742568896461,0.0880430762842222,0.0503247822825766,0.1792080670472021
0.0583645463486697,0.0445334792123323,0.2030207355910316,0.102920289311729,0.1531213844450724,0.1090906450900043,0.0708462882990566,0.0703250834253583,0.060209587480439,0.1275679607899824
0.0743270682927725,0.0508913233788882,0.2282274202971176,0.069062329497934,0.0630645909535236,0.0832174670174719,0.0829102882788666,0.1049954709067136,0.0610066862709613,0.182297355098407
0.0710731532711966,0.0518121967484556,0.2199370536735315,0.1031386178458175,0.0660451075205709,0.0922264494988906,0.1087509174403302,0.0943352019160409,0.058275437634651,0.1344058644430447
0.0837284322008384,0.0661171477538791,0.2175830361846422,0.0805866150170432,0.1116616787596343,0.1007927604080579,0.103374809668169,0.1031602023975803,0.0611640795120023,0.0718312380896178
0.0776813993463348,0.0624234028081468,0.2083461056426312,0.1632509632902369,0.0770890353655571,0.0962109239049974,0.0867015943646416,0.1074027289791969,0.0623414746342098,0.0585523716557338
0.0755032543224369,0.0627893254945547,0.1893715673200338,0.1214487442171351,0.0972903963752102,0.0711710645632781,0.0872773271100901,0.0783847508010734,0.0479209848032792,0.168842584985994
0.0904397363575912,0.0826473715827742,0.2137730062432226,0.0846035156047144,0.0691720249332469,0.080317426667057,0.088074085773915,0.0917152292008139,0.053207964803388,0.1460496388256314
0.0937663424086791,0.0912146814305447,0.216116280914516,0.0891691653270214,0.0755466183988797,0.0938819142415127,0.0818400724920224,0.0867553479295691,0.0679112423059034,0.1037983345438701
0.0992234678144525,0.092597781995601,0.225894174085003,0.0744297350067811,0.0641894307714974,0.0879841052416633,0.0800153736951289,0.0855351133308454,0.0609987830955531,0.1291320349562609
0.0961155655735138,0.0805888256857086,0.2333800490572544,0.0721462356439003,0.0807769004503828,0.0929773362576987,0.089206927346366,0.0988754677505776,0.0820914986265641,0.0738411935998051
0.0935228614311218,0.0878171182916737,0.2108855514040815,0.0866632425867813,0.0902546469041551,0.0763385054907788,0.0796124369711536,0.0776570461817179,0.0656454851233,0.131603105607394
0.0930504103885252,0.0817658949692858,0.2228586673487815,0.0735376251543276,0.0778769427026382,0.0834496771884688,0.0784014458445752,0.0863929717958037,0.0584657361173229,0.1442006284819766
0.0961551067104263,0.0839176296269274,0.2177768520692138,0.0840406453674846,0.0742045356016162,0.08816141925973,0.0765785794766982,0.0904575144018047,0.073329318990039,0.1153783984875296
0.0999479298518086,0.0918646295491998,0.221910876998209,0.0689471002330865,0.0702397985094714,0.1002708696922258,0.0870091312997904,0.0800631909440573,0.0848603919461232,0.0948860809675474
0.0842867334115673,0.06710155369256,0.2109691620200524,0.0696347859730559,0.071239752667059,0.0808729804602567,0.0920394816589637,0.0817688634573234,0.1306773492245357,0.1114093374261395
0.0807902806179108,0.0599694205173624,0.2191160103543948,0.0682367314291972,0.0690059633594627,0.101441655231744,0.091274904332894,0.0786124380465136,0.0879473579910548,0.1436052381109285
0.0827970790905808,0.0602757100336622,0.2244811819441527,0.0770773068622438,0.0970949860410087,0.0890610491229083,0.0989195528697399,0.0943872023785876,0.0668923119413029,0.1090136197073424
0.0862374717150807,0.0651992774238763,0.2391512327815961,0.077696961754388,0.0881096788673026,0.0785102899181338,0.0953344560658018,0.0943677461453375,0.0792386403976477,0.096154244921433
0.0872280376405672,0.0607893536816456,0.245590865531054,0.0653178629205058,0.0728806420419247,0.0788040297031009,0.0935020302496187,0.0953589088160868,0.065864763900677,0.1346635055062546
0.0876909146465387,0.0583230148012968,0.2575078334534545,0.0655721551013413,0.0653544940429417,0.0797115667443551,0.0824564021531629,0.0759579265316986,0.0962356340544787,0.1311900584623569
0.0860298312706899,0.0637983337500315,0.2446697933750985,0.0681047328234453,0.074638320738957,0.0864245890551129,0.0965253519500455,0.0834041719342433,0.0697987771739424,0.1266060979192531
0.0948044678401685,0.0680484219444835,0.2650167971125412,0.073435409209402,0.0730846227391407,0.0920539248784483,0.0827993064787521,0.0822901009788604,0.0700869940338625,0.0983799547748879
0.0770302938982764,0.0640953851989482,0.2388467464065927,0.0678827774200839,0.0652262290290799,0.0757418991585674,0.0960574928075182,0.0776061709017472,0.0635445755994981,0.1739684295707695
0.0766609398097431,0.0677100902614643,0.2295128341976021,0.0664360101961149,0.0775041754372639,0.078405043216413,0.0889979208346777,0.0920243887959719,0.0644303228014782,0.1583182744399851
0.0708781533348431,0.0646184515423383,0.2049240373740321,0.0684291456815264,0.0698188388045779,0.0796574052722533,0.0755755463884085,0.0904776077895577,0.1133163440818541,0.1623044697217827
0.0807500923478164,0.0774185188056341,0.2223783865643955,0.0807500923478164,0.0740972537643562,0.0855308429431322,0.0850697839663456,0.0980508072847879,0.1043126668458674,0.091641555119373
0.0750685743814019,0.074672520622725,0.2133521335631671,0.0711043357117483,0.0756909325009914,0.0822870580908055,0.0972741137890345,0.0951552880712752,0.0785130976595122,0.1368819455994431
0.0671489479200987,0.0695227729126202,0.1773212752808676,0.0648367461426386,0.0700398834012272,0.07772300779528,0.0675143337560853,0.0823257015541346,0.0771622155959934,0.2464051156319591
0.0721724835548871,0.0695691246265456,0.1737640299714648,0.0688611738770643,0.0719871473214501,0.0835519000094134,0.0667936801985366,0.0865891020165083,0.0908700730588729,0.2158412853556868
0.0733115549629241,0.0770937817295041,0.1700516642753553,0.0709281684108358,0.074106575239014,0.080198018225839,0.078798193820024,0.0906507776125105,0.0708095517048673,0.2140517140089537
0.0815191531875412,0.0836067988424034,0.1913996378517506,0.078549364523808,0.079965490252449,0.0848198357121568,0.0842479307085686,0.0931871645237772,0.0778128818694394,0.1448917425168854
0.0717225215315745,0.071144384853052,0.1722228281946119,0.0689638081953937,0.0691973388129797,0.0794905192381082,0.0907060625237773,0.0755160134437988,0.0700392750086993,0.2309972481883454
0.0742837229725182,0.0786390619296484,0.1700462052210528,0.0728995345537489,0.0723362398153159,0.0987587883352807,0.0916363709021925,0.081303816159189,0.0829728627463437,0.1771233973544014
0.0815126446489667,0.0742088782991525,0.1927978418771219,0.073805448189763,0.0737519277997468,0.0838695493039254,0.0814848568778542,0.0844655456962553,0.0968839314856548,0.1572193758111236
0.0806806177300242,0.0787919338340038,0.2078819796597576,0.0758552259388369,0.0742251712823325,0.106669582816249,0.0911207588659135,0.083124549019401,0.0776904444845768,0.1239597363582591
0.0790112759566884,0.0862268086487268,0.1887147723161724,0.0765806124188214,0.0769628314396683,0.0880649317164418,0.0945364176537084,0.0876979809281197,0.0959610741420246,0.1262432947685972
0.0765764255817553,0.0842826912199176,0.1722070730869656,0.0753050301993832,0.0752641551702909,0.0782265958255763,0.0748378813413689,0.0848326252016594,0.0753050301993832,0.2031624921629575
0.0809887432125223,0.091553454335218,0.1822480356704838,0.0795510913948278,0.0804886226628625,0.0978963124807811,0.0857573060860167,0.0866693749305065,0.0837383885408498,0.1311086706744518
0.074029813195049,0.0801700331775776,0.1632248156495135,0.0726562192985024,0.0723052031783815,0.0825365550987637,0.0723064512401025,0.081062916516435,0.0735959337828305,0.2281120588524103
0.0761632426329675,0.0894736968359601,0.1596923445481395,0.0757527156813497,0.075747013729354,0.0886209364339563,0.0793287147457213,0.0912710687896992,0.083293117521634,0.1806571490702877
0.0674582895680237,0.0896433799227668,0.136594318732388,0.0776833545762023,0.0675311133527232,0.0855830608182166,0.0696277573696252,0.0813171930681953,0.073367490544047,0.2511940420380771
0.0717126710736491,0.0993433681716251,0.1516575977278395,0.0709445960649282,0.0702619838959482,0.0800995068682463,0.0702284778882151,0.0747809482296354,0.1018698525509152,0.2091009975188639
0.0801515021309704,0.1111644669440281,0.160872700366892,0.080424561908473,0.0754408994070695,0.0810758375210266,0.0843565441090048,0.0773914381948425,0.0764704738481513,0.1726515755586566
0.0689164356745132,0.0916053088333167,0.1461436021105528,0.0858692895583224,0.0866503808101988,0.0773993276318168,0.0698613966075353,0.0689725537757348,0.0761551191893413,0.2284265857987263
0.0780863182160176,0.1035641899045814,0.1392509411461198,0.0800744419315088,0.0699794203214869,0.0699422904095747,0.0713288906827499,0.0699573697228611,0.1180192159157128,0.1997969217392938
0.0711228749271556,0.0864735805179657,0.1647662955137324,0.0903378439884173,0.0718586503991946,0.0708270050546493,0.0708635008555435,0.0720147787074007,0.1007351028536499,0.2010003671720702
0.067529988309627,0.0797263372531409,0.1620070462083733,0.086937101325659,0.0737032383476921,0.0741392765671988,0.0718564632120109,0.0708254072945364,0.1626548572177361,0.1506202842543574
0.0716406299426487,0.0831540682809935,0.1386969192089124,0.0869581386501101,0.0872100367445617,0.0718048239867444,0.0725882751690585,0.0732251613042722,0.1428488699974901,0.171873076704893
0.0738180901605081,0.0857460135051892,0.1408425106234006,0.1035372128358684,0.0933976216273034,0.0835465214415468,0.0743676855033355,0.074090758909737,0.0924397847594539,0.1782138006230424
0.0743566086649692,0.0906649797708793,0.1564103019295811,0.1109274740144936,0.1070614386166049,0.0745712724846057,0.0820675850333451,0.0742238005589429,0.1438855882697073,0.0858309506461602
0.0697835922514379,0.0840971633609724,0.1570513577157176,0.0971533172006599,0.0933440605415266,0.0692559322209683,0.069568732256435,0.0719814843268047,0.0967434033049842,0.1910209568105047
0.0671942329437136,0.0866721480544195,0.131021268441865,0.0956804615217569,0.0871820442562107,0.0652739559559512,0.0651558257070497,0.0659160197747008,0.1121542298789117,0.2237498134560266
0.0833858650517862,0.0939713093884906,0.1681067563602931,0.0987753870969844,0.1168669365049515,0.08311391917286,0.0828172187807049,0.0831004906196446,0.0893547379209152,0.1005073790914517
0.076645536959146,0.0868283619503266,0.1465178511010526,0.1018214387404054,0.0981381528736857,0.0789220827246086,0.0761360854606845,0.0764600231190464,0.1334270344916524,0.1251034325684244
0.0819151348699143,0.0910930342476264,0.1204708671527596,0.119587668276662,0.1200283934504505,0.0774466971904447,0.0774243405531209,0.0774631762394649,0.1333695634331241,0.1012011245752795
0.0731062661690421,0.0835242678562393,0.1121776468111596,0.107209171123609,0.1026329069425809,0.0729074835246209,0.07351945784818,0.0738755227176436,0.1531702771375125,0.1478769998589328
0.0704434488502595,0.0833644349257344,0.1147315006569506,0.1226477120636007,0.1220354852795131,0.0705097709700327,0.0692210844142182,0.0701769543987431,0.1302049104062929,0.1466646980246954
0.0941567845477833,0.1029006590097461,0.1186434663742748,0.1279642867404031,0.1142755082835145,0.0809475198101438,0.0814605050145864,0.082149230886124,0.0865779392049676,0.1109241001169725
0.085433904513277,0.0924385696407716,0.0960584704496633,0.106369806619088,0.1101324417039029,0.0702156932396272,0.071118767785418,0.0746189961795616,0.1726284902586664,0.120984859600014
0.0779504290387344,0.0873900194302758,0.1069695558715205,0.098750521039799,0.1460032255055879,0.0740594605457453,0.0737144448794596,0.0737471167174717,0.1702514495500914,0.0911637774107729
0.0840623005175938,0.0907629334942353,0.0887982331475321,0.1313244108985451,0.1204012772369781,0.0653750236915773,0.0659274561179052,0.0676362076256411,0.1700158921982,0.1156962650624206
0.0853353768727931,0.0949095267296932,0.0945170655614654,0.1123320404257557,0.1223428414341874,0.0681535819782609,0.0703166707715159,0.0708873565546574,0.1069957527263501,0.1742097869357015
0.0778746374744035,0.0911354133258192,0.1035709900229473,0.1240046361419801,0.1278689905944113,0.0701350205052568,0.0701002960275858,0.0703914228186012,0.0934226756926003,0.171495917386467
0.0889278157234714,0.0991072352005045,0.1041796102803788,0.1341520639489081,0.1339833526463521,0.0755771296856128,0.0740812745680181,0.0755067803165608,0.1048581650200174,0.1096265725995215
0.0893024815554107,0.105549802882906,0.1107406887983683,0.1551824147810207,0.1282047201144741,0.074354166584209,0.0784270591450627,0.0785935661438863,0.0828550132173742,0.0967900867667597
0.0838295535782404,0.1036018092503764,0.093707295989138,0.176745473619462,0.1298640910451707,0.0660305708440453,0.0708468975065498,0.0675344445671162,0.1420005334618266,0.0658393301289598
0.08814194939784,0.1064770399172432,0.0887558121832133,0.1269880592665599,0.1597874993832759,0.0686987960460314,0.0668501939989951,0.0706100525010871,0.0806078897008928,0.1430827075955214
0.0906174717405455,0.1114023062553392,0.089513751282835,0.1344427939385416,0.148166520172201,0.0697841018782843,0.0688458163689206,0.0685512442564907,0.1009651323733361,0.1177108617238998
0.0895094458645097,0.1040730573760684,0.0962436972179151,0.1484341243996701,0.1367188030100537,0.0761440467734456,0.0745591454731839,0.0756595539311107,0.0833772793126876,0.1152808466310686
0.0777667071865112,0.0930381696291444,0.1071644584451713,0.1333718806407119,0.1776117525103919,0.0725632005208108,0.0738346219253211,0.0726543557068753,0.1011595626487039,0.0908352907763022
0.0754440952125012,0.0899150917076645,0.1027392031064022,0.131243281822926,0.1941225600123096,0.077035993754041,0.0754551327466967,0.0754092090314244,0.1086718444159338,0.0699635881800952
0.0916647231127496,0.1051200323849945,0.0905790155460685,0.157256650942549,0.177475038879336,0.0763607872807436,0.0782983131241487,0.0765613999997386,0.0720258222738759,0.0746582164454418
0.0959643471357174,0.1031413886057227,0.0837192473807881,0.1542273404183857,0.1562171576322162,0.0779995660294614,0.0790703573366362,0.078543368218481,0.0868709010975251,0.0842463261344205
0.0830178658148842,0.0930818656872607,0.0923648196008433,0.1452366641127501,0.164306781948845,0.0795140137248344,0.0771751384924562,0.0882145332689652,0.0956741543114758,0.0814141630268185
0.0755416278798772,0.081562607214777,0.0738036214926257,0.2322711328555182,0.1897125162423588,0.075118936225493,0.0674923549686374,0.071000489837218,0.0698454060998644,0.0636513071744777
0.073481912053265,0.0808099996695886,0.0770631746968335,0.1939033109262026,0.1743619775105876,0.0895523413435174,0.0745580747654617,0.0796709213171645,0.0724254925896444,0.0841727951175574
0.0707678502900035,0.0740107468146972,0.0726292533563328,0.194332910878186,0.1968382397459351,0.0750635614955446,0.0749561944731723,0.0782014574908965,0.0750537414347096,0.0881460440103549
0.0541450836458842,0.056290627742903,0.0575023644598441,0.1425628300311041,0.3685465922073624,0.0614467988637254,0.0593775434674024,0.06323196262676,0.0565829570292998,0.0803132399179182
0.0710255696851389,0.0732822283559751,0.0734133005296307,0.2010181828542253,0.1804033804016262,0.0777406103895049,0.0725743152282125,0.0746071613309472,0.1013212269236026,0.0746140242909429
0.0515933705023093,0.0520834811623329,0.0613214310716723,0.1974830895571896,0.2985570451729137,0.0547227077984323,0.0605251712505941,0.0560430342842974,0.0776437291768406,0.0900269400160798
0.0571686839654758,0.0602664147575981,0.053597551286055,0.223255975474959,0.3046105824691817,0.0556071214380868,0.0650221832530836,0.057492583819328,0.0597908613784892,0.0631880421500213
0.0544592233630236,0.0591980280468787,0.0583590411233217,0.2927338263921554,0.2319761419220739,0.0581529356856782,0.0586653037651689,0.0575484484992377,0.0737157852203662,0.0551912659742471
0.0661534441994861,0.0679022318214304,0.0685749718968494,0.2348636443341548,0.2037372050169598,0.0725724048642854,0.0740102944723392,0.0771879454869606,0.0676113493334624,0.0673865085646107
0.0694887723210105,0.0727899048363773,0.0718464849852457,0.1557217370005037,0.2422769719752407,0.0792701625359365,0.0750123906281005,0.0755108992638708,0.0886621161583385,0.0694205602854123
0.0603229971230144,0.061753738165301,0.0600701264375486,0.2903013665465186,0.1938574712641493,0.0658506149759175,0.069109973591433,0.0663647745253064,0.0671043954608689,0.0652645419012976
0.0492276579137226,0.0526181785753938,0.0500982522243718,0.1520859146107553,0.3938561893924194,0.0585552029002427,0.0617042092017302,0.056237461077049,0.0644367476406013,0.0611801864566129
0.057130552379043,0.0596596237149409,0.0510841260362075,0.2798831167254497,0.2011394494044241,0.0592179562841516,0.059139206298345,0.0596732361963929,0.0582180313391773,0.1148547016146365
0.059077818760531,0.0623384564548875,0.0537757652715171,0.2097572944588359,0.293617400031872,0.0723193370315281,0.0611684064902102,0.080267985756977,0.0534774116385313,0.0542001240974123
0.0451664437203693,0.0495494945356555,0.045171627342679,0.2028537976634845,0.3437897387545527,0.0498751203524286,0.0579576239082063,0.0592821417805183,0.0657437218529739,0.0806102900826187
0.0640721227427185,0.0647598779882134,0.077262794225531,0.2084999146735635,0.1975364307261277,0.073733125394521,0.0776515545379288,0.0956900181590014,0.0664447777908539,0.0743493837525549
0.0565177042601386,0.055573512003091,0.0767485837232812,0.2465849263027941,0.1872240968609092,0.0955561556602185,0.0637394345813327,0.0736002999980414,0.0553906600582628,0.0890646265441606
0.0555243788091472,0.0563341786014968,0.0793528792214191,0.2372887944937178,0.2086347827841303,0.0871344335268189,0.0624816275687411,0.0588994075429356,0.0594323194485515,0.0949171979953982
0.0523158208374372,0.0578927855426262,0.0762274944529515,0.2020314356108349,0.3066844569671638,0.0604513620059136,0.0700035888696515,0.0642665077903135,0.0556099578082959,0.0545165901073729
0.0651220226783902,0.0616061797072727,0.1067066611040027,0.2612907113666677,0.1338982387045991,0.0707724661209927,0.0709296041212146,0.0718391901804752,0.0941156117683866,0.063719314239341
0.0614548047364248,0.0539451840445002,0.1019850707560758,0.2438695421008985,0.1672028481708755,0.0878788437846066,0.0787286109001155,0.0583445495200001,0.0579058102912434,0.0886847356875929
0.0680601785031602,0.0608197357553441,0.1165945043241636,0.152949876152581,0.2122367799627088,0.0878631690744254,0.0868757265135897,0.0733068738780054,0.0761445711859658,0.0651485846414693
0.0726252688373712,0.0585763118085182,0.132072196191691,0.1632456457307532,0.2237629435179106,0.068275755600799,0.0686417623287452,0.0783298546985051,0.0678485031760709,0.0666217581011853
0.0640590568036856,0.0529661777138344,0.1114155967649213,0.1995092363476044,0.1871381853040053,0.0593450968069389,0.0630883577880342,0.0634394510663031,0.06171282909143,0.1373260123056063
0.0705323511176364,0.065255534531029,0.1154273530495335,0.2111538974090666,0.144598240148853,0.0847666315149316,0.0869341970008561,0.0810738516099051,0.0761536761688419,0.0641042674401331
0.064228725452556,0.0574930464749121,0.0970033571097916,0.1978051673286888,0.1902662398088651,0.0792806374472347,0.0684439994111272,0.0854196189431619,0.0816451624086608,0.0784140456067531
0.0685033695640321,0.0648427470240336,0.1022961355740235,0.1950603286043352,0.1326761180348077,0.105387699948712,0.1134614856077182,0.0724568906410534,0.0757536339421229,0.0695615910500597
0.059750320572112,0.0551597422545289,0.089489620949189,0.2088386087642859,0.1903620028238309,0.1021740923909644,0.0897535008810712,0.067047014334135,0.0657415559072874,0.0716835411147337
0.0587182086995326,0.0557841447325587,0.0760569805141301,0.14011267986144,0.2768427422898458,0.0674674409047089,0.0703527217592701,0.0695307951690788,0.0942847739454725,0.0908495121159785
0.0641140086493334,0.0607380903771644,0.0835039275632248,0.196193200196224,0.1801594033828329,0.0947815852728969,0.0837335276452379,0.0783536008051482,0.0659930419774961,0.0924296141217146
0.0532214350273673,0.0478187177536805,0.0800698686490257,0.2945065676917533,0.136307581597598,0.0722405995341059,0.0783141324816052,0.0979907007761949,0.0508527057939686,0.0886776906878072
0.05835539392786,0.0513571103432749,0.0898428503659061,0.1687022849164666,0.1951120271226188,0.061860481802372,0.0686484407764013,0.0755141685554186,0.0698737890668963,0.1607334531154288
0.0618361893077771,0.0556566340514228,0.0962589447954277,0.2056635568513787,0.1189923859618247,0.0936006850370882,0.0679455961299719,0.0686611050199032,0.0628684525449,0.1685164502930477
0.066176685813637,0.0629173183495189,0.1029671454100173,0.1569351256653368,0.1941755433530682,0.0724304291575402,0.0766622674360999,0.0691541689903343,0.0527322409476313,0.1458490748692621
0.0668027595033336,0.0673838986855582,0.0897582930331694,0.215055740300714,0.1246005991950452,0.0752859995311256,0.089223279980202,0.0797381737474356,0.0628730530344493,0.1292782029807485
0.0677544063645333,0.0627733308481453,0.0949220118860933,0.1238433347071849,0.1373327291782097,0.1213229194258007,0.0800136090236686,0.1024158171387227,0.1048457683112632,0.1047760731073281
0.0626656986370866,0.0672950772001375,0.0683618531233421,0.1620081366070528,0.125328576456524,0.0824194937156539,0.0951257634224029,0.0895512242086074,0.085154238655761,0.1620899379644456
0.0660196515195603,0.0711856657546955,0.0747387433000762,0.1994636500262058,0.1377115395741886,0.0851338715582753,0.0984082425402697,0.0849599806492733,0.0708488783127238,0.1115297767552633
0.0578036587185709,0.0640501104970036,0.0617879547083175,0.1353909882526613,0.1373835162998856,0.0937464738572966,0.1354063114192065,0.1156519930426884,0.0603480970438496,0.1384308961521995
0.0563616163046712,0.062506229343766,0.0595080477356722,0.1535443832918117,0.1360251636481468,0.1406937385493227,0.0845267178056699,0.1511657752715612,0.0617869248477797,0.0938814031934927
0.0755450830177362,0.0841018889240075,0.0696171908520682,0.1321453178349383,0.1336159541811749,0.0989550642659156,0.0912762593630207,0.1648530769121825,0.0758672447054027,0.0740229199335134
0.0669919790600382,0.0767862590274027,0.0670097290998978,0.139094636748545,0.1432156990802237,0.108527342920644,0.0847157048080186,0.0807062308551324,0.0852317720445393,0.1477206463458937
0.0580223245178657,0.0651033483871333,0.0580002939397344,0.1368373590567138,0.1196685143125919,0.1286383273915893,0.1068540132464695,0.1206194849574772,0.1002501007163418,0.106006233465713
0.060060598840729,0.0629116382528753,0.0548332080325163,0.1170413622664268,0.1042293409827874,0.0724775663088584,0.1386233980578601,0.2365119183156572,0.0590803212337715,0.0942306477006792
0.0713777249583292,0.0735613635240949,0.0710094783511488,0.1201207108682782,0.1267350860240725,0.0921517959243885,0.1021347126085246,0.168348267712049,0.0858631601661055,0.0886976998527903
0.0672923340389159,0.07067061944549,0.0700128889747318,0.1239982270508571,0.1155398704601983,0.1092706859681095,0.1061624113643581,0.1769355894145456,0.068890066204102,0.0912273070690404
0.0543382919530965,0.060278328420403,0.0543488292208292,0.117708207086098,0.164324656330361,0.1215609279963416,0.0821040793150429,0.1300719975285068,0.0890370112948718,0.1262276708466079
0.0643460197010089,0.0643632683276004,0.0748962563717636,0.097487224721934,0.1167992282421072,0.1007493348680329,0.1840786758724681,0.127986363730427,0.0709249991914234,0.0983686289642239
0.0646246102554854,0.0628333898430408,0.0765400983377222,0.1099316356091148,0.0983067333132741,0.0985256125546081,0.1793189594414254,0.1369344012826988,0.0689887927564833,0.1039957665971533
0.069171872822481,0.075922575314438,0.0759586246482972,0.1181974298826282,0.0994698140377546,0.1115250506980189,0.170601275027428,0.115214726832037,0.0718520676862173,0.0920865630407444
0.0691630411236441,0.0792440006987294,0.0737524657821371,0.1012105257578384,0.0960638143761739,0.1151241336820982,0.1144302828965105,0.0967744116694271,0.1091074883521548,0.1451298356513086
0.0770168195466038,0.0843621290930008,0.0693016411078775,0.1201731032174369,0.1194275401934734,0.1028168102716497,0.1334365683526436,0.1009799856175198,0.0822753825019239,0.1102100200878821
0.0754155553409229,0.0835433991468682,0.0635003514255807,0.0912243202094009,0.092271573742578,0.1466242349327772,0.1185410070897004,0.1943275942344814,0.0710926224009451,0.0634593414675887
0.0751115909528048,0.0770490991373583,0.0569860647655668,0.0801459588491764,0.0925932911734301,0.189472783323982,0.1527361612106155,0.0785065312738585,0.1244320696322407,0.0729664496729093
0.0811716205847229,0.0873550427575696,0.0699087897075213,0.1013641601674688,0.1021523627547147,0.1014738157239311,0.1344788483444466,0.1372495317130089,0.1148814533019449,0.069964374934584
0.0659260475907014,0.0707944937222926,0.0555903267199008,0.0810572434887903,0.0886062786925942,0.1954050150209416,0.1183520162100843,0.1241400376958304,0.1446368349080002,0.0554917059428566
0.077400825763856,0.0855559451591179,0.0645145245852181,0.0884864819828085,0.0801002726426939,0.1351994242577085,0.212277353021438,0.1122768738222877,0.0669931690165988,0.077195129738976
0.0632512018901739,0.0739037341165915,0.0684741448017502,0.0787391454172632,0.0742153815364328,0.2168218941098905,0.1294872780270434,0.1591906826186535,0.0719372700702976,0.0639792674027798
0.0740378017109852,0.0814139198342861,0.0700472715552561,0.0871036728175922,0.0813532812956672,0.1624272596430726,0.1215917345568882,0.1752055025000511,0.073534931320994,0.0732846247551395
0.0872315938847408,0.0858525440798767,0.0715687410726567,0.0877708557263504,0.0728681199159076,0.1623427818680871,0.1094170846461369,0.1370692826490882,0.1034760041118325,0.0824029920353805
0.0903548572094325,0.0936827595745135,0.0759587541295445,0.0835568516697117,0.0829629175883554,0.1758270540812206,0.1489044708163037,0.0909731947122045,0.082786283530273,0.074992856677744
0.0770433704714187,0.0861713695262447,0.0700339945974482,0.0895727166288323,0.0856793448011943,0.1980627736255518,0.1160433131455291,0.1264134846629867,0.0812077887024598,0.0697718438282666
0.0731445416065148,0.0783202457373985,0.0628606664565896,0.0740926915194935,0.0631071557308864,0.2481674271140726,0.1491763128052541,0.1002375609977552,0.078531312781254,0.0723620852417781
0.0748177267875442,0.0852712432498274,0.0856076156606048,0.0786480816219101,0.0771496878010345,0.142697026959874,0.1355645252495622,0.1345075001493315,0.0754606324254263,0.1102759600841081
0.0778446162280275,0.0925495348608664,0.0871628129116434,0.0761139721233512,0.0892216849971374,0.1830228382309032,0.0987188560099039,0.1108545206250997,0.0971199092056022,0.087391254796483
0.0668949692721725,0.0764547894907886,0.0785750743696046,0.0672366519116866,0.0786731376781962,0.1686249016446615,0.1802780074039332,0.1239170360558784,0.0840957594360218,0.0752496727274051
0.0810019529733074,0.0859291348379622,0.0677286944699667,0.0688328170176679,0.0752964904996228,0.115615971082084,0.2204826387460758,0.126369343924529,0.071168480378146,0.0875744760608647
0.0758199655237061,0.0809906407907011,0.0651927328145151,0.0823253323431734,0.067946649422829,0.1341419293922103,0.1807605272922263,0.1357822543366039,0.0812026190291504,0.0958373490454777
0.078557532313577,0.0828752482441691,0.0672828093941472,0.0702650597260266,0.0735592157643893,0.1601493343409183,0.1392898230749581,0.1650103677874724,0.0721723517174262,0.0908382576272504
0.0805699358024777,0.0894402972487993,0.0829593062204116,0.0715864745469291,0.0716087856799298,0.1226807802621246,0.196699291117491,0.1016165404372824,0.0757312681613226,0.1071073205129781
0.0634386646561555,0.0715452211837667,0.0768255246219706,0.0609757205042761,0.0618804572792579,0.1496168126003226,0.1136791271096313,0.2672436815392805,0.0607948377952255,0.0739999527013494
0.0814205236065786,0.0846634937877715,0.0723623886041089,0.0693777288604944,0.0703376417122237,0.1604535100516241,0.1787386566833319,0.1194947576912335,0.0768809728848555,0.0862703261077686
0.0610070968431728,0.0640041112813552,0.0625448049984743,0.0563049925835694,0.0564626084310422,0.1408466111141406,0.26034788274088,0.0985705091703598,0.105143492942558,0.0947678898863225
0.0820690040893369,0.0874288662302032,0.0892953600981255,0.0750873412044238,0.0745855901584554,0.1351961389174166,0.1576862055112846,0.1363577431172638,0.0799586656612759,0.0823350850014535
0.0597116424309131,0.0658952897646743,0.0815965807749312,0.0608507969255486,0.0618542313419444,0.1318111610971832,0.1193693061976242,0.2892601508718594,0.070049943652738,0.0596008969339829
0.072034360435792,0.0787183393279998,0.0983510125429266,0.0742657557300601,0.0737190723337061,0.1605354373324043,0.1056652683971461,0.1690330278734483,0.087532568702412,0.0801451573137296
0.072792295167801,0.0757921075746864,0.0982812712431057,0.0726028978189499,0.0740951076550451,0.1697616365481928,0.1233438058384261,0.1456917696710895,0.0824418908942211,0.0851972175780167
0.0687543304547816,0.0745323345967333,0.0845835039821977,0.0693100809800058,0.0707847561254917,0.2556935071412362,0.1242081618861343,0.1178304117662938,0.0666988162041551,0.0676040968533456
0.0535817229724613,0.0544151503219521,0.0792435985184106,0.0529091633499282,0.0538251961333098,0.1585640224384391,0.2610517655373041,0.1802333740394649,0.0528467555416999,0.053329251139419
0.0739172539519197,0.0773387711687238,0.0875363805324118,0.0792678272065739,0.0775436293689559,0.1109638275940048,0.1863331505832501,0.138787152479588,0.0751055953081235,0.0932064117958118
0.0610675629571424,0.0645364919585033,0.0652544475526586,0.0628454676577377,0.0633932255074232,0.1075186840837321,0.2145658318570354,0.1905593488859183,0.0969840354511261,0.0732749040799656
0.0754535562907231,0.0827425311003786,0.0936602458122916,0.0772229546451309,0.0791055255845124,0.1297768244349984,0.1404217511600854,0.1076671941318455,0.1384258978257941,0.0755235190033516
0.0655443583216602,0.0725380702451241,0.0881612532219616,0.0711834962581357,0.0712050221734287,0.1272614794784989,0.2031005812777722,0.1290908800531912,0.0958118451048395,0.0761030138559345
0.0692834310001706,0.0740027781132788,0.0931561193802058,0.074974401729686,0.0810893837343867,0.1249637595161314,0.1312455108958972,0.1988173730865365,0.0834067454966875,0.0690604970370672
0.0685839219442274,0.0709619091247288,0.0910808303932375,0.072130695172741,0.0725714587600917,0.1181200934353246,0.2747150543252732,0.0907437989421538,0.0726522977901603,0.0684399401023033
0.0703105925712114,0.0730483306883462,0.0829321049758514,0.0774381199796657,0.0757288230956634,0.1360646304932776,0.1420612094307198,0.1954731282706508,0.07490008829582,0.0720429721887292
0.0734168151318082,0.0757317424936567,0.0967038088011914,0.0814493069954861,0.0835974266351949,0.1011188415146365,0.1803889325760268,0.1367627260224301,0.0805653301277363,0.0902650696914
0.0607712470713929,0.0627859407205709,0.064737353103314,0.06709563751069,0.0656810891825226,0.2636998127407725,0.172912267255344,0.100735497101707,0.0808345015945719,0.0607466537103744
0.0760357171695991,0.0771399016703753,0.0791184110026094,0.0848816491945584,0.0804976345379329,0.1112615542629958,0.1941924026053391,0.1253640863893913,0.0941235341834732,0.077385108972805
0.0786935888155022,0.0793934764065862,0.0786468394123612,0.087172056709551,0.0894211487052158,0.1372693935969075,0.133223114199705,0.1451648762512342,0.0868316838502737,0.0841838220413351
0.076211616259232,0.0752279394403086,0.0806398324287735,0.0877181793588241,0.0858129204816262,0.1260155305533869,0.1192906810484414,0.1940201348724952,0.0763866624056674,0.0786765031403951
0.0776215834778,0.0773125592526763,0.0865282998174498,0.0937398139463497,0.0864896977873466,0.1474686625927422,0.1205773519984157,0.1081174824069693,0.0918418290531399,0.1103027196560337
0.0806080400968394,0.0816472028725913,0.0856642504380688,0.0932884779454835,0.0925846046747673,0.106105989375565,0.1185541379721482,0.1693286280602781,0.0898920782515631,0.0823265903010912
0.0776645783479256,0.0804190557117078,0.0819688714804698,0.1080839467236686,0.0895107345224595,0.106402671687641,0.1274755046203203,0.1537044392104213,0.0909438357578701,0.0838263619263174
0.0768654221187526,0.0798999438265443,0.0814858512244649,0.1187651518166815,0.0988430989647055,0.1444517809695079,0.1061476997721727,0.1103873320899592,0.082279870684567,0.100873848521559
0.0718936833043476,0.0770515425005985,0.0812454767459772,0.1105065503940671,0.0977988910834504,0.1080392209970116,0.1722043555771308,0.1125395126978884,0.0927034127136122,0.0760173539756197
0.0776065219935807,0.0806869058103004,0.0778620463623269,0.0948614396819239,0.1329405249216519,0.1285870171378984,0.1113047297830686,0.1080750571484951,0.086468905020692,0.1016068521288722
0.0797764187405389,0.082360847566812,0.0962388365188583,0.1128119204305432,0.1031467718541635,0.0931045354439466,0.1057104868126607,0.1160687818217046,0.0795301998964783,0.1312512009028397
0.07097016768836,0.0722646294774385,0.1071382096524597,0.1090109558610205,0.1225766060255429,0.0969808752041225,0.1088651226984812,0.1076727929085035,0.1040703419747639,0.100450298499266
0.0775273713905779,0.0801878307892053,0.1080019793669165,0.0959964834663761,0.1078055951539285,0.1115780281063208,0.1053288286051464,0.1164821631224829,0.0860989997557527,0.1109927202322518
0.0767524302417352,0.0796263415224529,0.1062445291496875,0.0984396444448937,0.0963028704276562,0.1032354535751374,0.1328840710199762,0.1015165625228045,0.0967861248033193,0.1082119722813957
0.0750030771473614,0.0758816873747568,0.1033140222895136,0.0951937648598705,0.0873387271893124,0.1005756442427306,0.1104966683437638,0.1670539883422085,0.1064092789341089,0.0787331412657037
0.0716022496490883,0.075120858967681,0.0915369274118459,0.1449960190090551,0.1230978125339137,0.083252476961052,0.0881513347111854,0.0913477588289925,0.0839206771452227,0.1469738847716747
0.0812924647477941,0.0787471111996092,0.1104999909932254,0.1115799233907971,0.1113689265878001,0.1185593566961346,0.1072503457781144,0.1210421624894628,0.0824675343060509,0.0771921837999069
0.0668219791530893,0.0646770487971372,0.0907580885483693,0.1076729357776853,0.1216244961261365,0.1102215076985683,0.1283991779670101,0.076918279248972,0.0702665508311881,0.1626399358425163
0.072069243977506,0.0742885822412927,0.0722231633397494,0.1595746229227678,0.0994061341559007,0.118082077908946,0.0950717131458647,0.1248960815134676,0.0958454740512181,0.0885429067329338
0.0863770976769714,0.0863582007032632,0.0832668104960485,0.0974875662257064,0.1089657583648318,0.1053414956272897,0.1076120987208952,0.1048663822131479,0.1124534201295797,0.1072711698304149
0.085533559764617,0.0836770147643224,0.0796221831461802,0.100337404071371,0.1533114151305757,0.1177356786249444,0.0979718465298145,0.1081023363610858,0.0929372216859616,0.0807713399097309
0.068825940969579,0.0712391885116026,0.06895120464072,0.1432466798419746,0.1786199071290528,0.0843638695015436,0.0946516414424842,0.095592109610208,0.0809392536558762,0.1135702046870273
0.0803593064422789,0.0810242939315363,0.0807897196280259,0.1254163175139516,0.1221556037312599,0.111422255790023,0.1120410992297711,0.088362278113407,0.0888010323843146,0.1096280932238433
