0.0795071772689609,0.1378974514054301,0.0750314502359799,0.112448928656799,0.115110510023824,0.0825594291054669,0.0845514775914589,0.1018638806961721,0.072135823499021,0.1388938715082787
0.0672213595888089,0.1267309328083148,0.0660947019185526,0.0944535060275266,0.0786789877540367,0.1304070048174502,0.0930685571977869,0.0749721943275506,0.0886345470337408,0.1797382085189617
0.0878662380181861,0.1442005682988843,0.0963277841988582,0.109856726666443,0.091487904550166,0.0996379004639147,0.0836476256131784,0.109038399702752,0.070388073906354,0.107548778573463
0.0773138396434216,0.1214026830686508,0.0873039846149499,0.0799273864131436,0.0896637372285224,0.1011361899070281,0.0807006989575858,0.1035403922449714,0.0536433843468949,0.2053677035682411
0.0896787048828762,0.1367945469083904,0.1077289284713407,0.0789114369295093,0.101285365278989,0.0821557615153745,0.1013722864504635,0.0766606409234048,0.0557821468974926,0.1696301817350369
0.0891635968950207,0.1328067757780217,0.101802561697795,0.0852257855083805,0.0901659939029414,0.0866088090305973,0.1222097657033076,0.070968370516043,0.0695502914635408,0.1514980494970599
0.0849707050325361,0.1220914372870987,0.1052809922219392,0.079497043136594,0.0751609563046533,0.0849707050325361,0.1089944346673227,0.1009130675867758,0.073256952593816,0.1648637061298508
0.0793235102341243,0.1152552118234472,0.1055068883195665,0.0664745829022848,0.0627850078453717,0.0800097863463666,0.1466985232076349,0.0737145528867757,0.0600605319240696,0.2101714045037605
0.0813162237184291,0.1153502576266291,0.1032242793887868,0.0875310444989714,0.0612662751884738,0.1059646370290053,0.1255641007677348,0.0680661355592443,0.0466143137631737,0.2051027324528362
0.0818143266245262,0.1098787101369397,0.1053399422355797,0.0680804254313014,0.0645051516974861,0.1721323058775441,0.0871496856842761,0.0971187966756794,0.0507185784644072,0.1632620771655261
0.0816960687724926,0.1181859702619949,0.100884885441688,0.0516302072548776,0.0606180098860376,0.2007589506416919,0.0863319713391464,0.0729797497512328,0.0413165667250058,0.1855976199198931
0.0828641095561204,0.1243247901811636,0.0918716682848111,0.0817927418883151,0.0758176711402698,0.0911221726878845,0.0963141492108173,0.0779636918833405,0.0582859905875734,0.2196430145723664
0.0849239129039745,0.1275294111156436,0.0911136134503655,0.0597877777190338,0.0610602544431359,0.0821582511399056,0.079144356782314,0.0747569142167916,0.0468585565513077,0.2926669516710613
0.0787422945224092,0.1231022970987339,0.0771283815272468,0.0573214042535259,0.0668227260620367,0.1479637293606218,0.0727460755361864,0.0791623261257091,0.0480332005698767,0.2489775649371475
0.0769740790725599,0.117402614217847,0.0769070334695035,0.0643369633377008,0.0612100476516237,0.0886292380487003,0.0820441449316057,0.1002954722820659,0.0465923692039017,0.2856080377778246
0.0960154091678133,0.1508061677508863,0.0935462508406341,0.064205911068508,0.0745299091388252,0.0861450959563992,0.0904630411417277,0.0894299675063956,0.0581791761490715,0.196679071271715
0.0855998306497268,0.1328197280650214,0.0898411461014596,0.0539894494357682,0.0598798566045198,0.0760466039560711,0.1549872572881022,0.0771241081327524,0.0521145092373061,0.2175975105221861
0.083139296306273,0.1194081067331583,0.0928066600668953,0.0596294553866676,0.0562018404665475,0.1532192130544479,0.1029437394375581,0.0691855142908877,0.0510986511272256,0.2123675231235497
0.0820531235154656,0.1198267533695965,0.0907010441817269,0.0578554418035383,0.0518729393136413,0.1263632400874515,0.1423857167206548,0.1172415328950347,0.0500566280251278,0.1616435800815183
0.1032590211666377,0.1590303267659674,0.0992921518360781,0.0570279866320794,0.0547060258065117,0.1007597081682822,0.1084659243168078,0.1166413410321591,0.0759029497137706,0.1249145645541803
0.0971367582590171,0.1610713472201932,0.0882527071962005,0.0552321026215183,0.0609804108685376,0.0962401980102717,0.066391689832527,0.0936980942153314,0.06255653777343,0.2184401539954471
0.082778998951816,0.1342943507190954,0.0780451738043749,0.0451680808725821,0.048095567569352,0.2607278488276136,0.0978845080771443,0.0787219071717889,0.0467806919203094,0.127502872079613
0.098863861412013,0.1487501766893491,0.0930511256230487,0.0432402174808674,0.0475098325039759,0.1949501504275207,0.0691039533729005,0.1251465376654458,0.0463585452015337,0.1330255996171073
0.0986866063413326,0.1571646555997687,0.089889880447419,0.047995649520422,0.0511783361422243,0.1005573000237034,0.1184794065292591,0.1818861512208568,0.0558478011545147,0.0983142130136664
0.0862714558786053,0.1429445668920621,0.0733044035535993,0.0474272886563087,0.0468547731004009,0.1143656427641923,0.107536223403217,0.160935682602118,0.0651899265891162,0.155170036553619
0.1099231803930571,0.1801978666572964,0.0932897250715247,0.0586036493301183,0.0585954580863765,0.1296488208827416,0.1015341782939702,0.1499576922181367,0.0592072843255061,0.0590421447328309
0.0753374828671439,0.1475779374564339,0.0528650649771356,0.0429065889973339,0.0405571779529302,0.1381311605600842,0.1422290138271245,0.0979550159772627,0.0446243144609791,0.2178162429177511
0.0813275358992977,0.1534658653100694,0.0604579416675024,0.0385617126970714,0.0383381047580475,0.1593618145491277,0.1336333465101965,0.1418730903966653,0.0680543248994833,0.1249262633071077
0.0997937202916042,0.2004754897688351,0.0701565600528364,0.049961800062489,0.0500690462558659,0.1349755702559035,0.1307596889303807,0.0826200601458624,0.0582886690741144,0.1228993951548993
0.0980336468547442,0.2065476757069227,0.0652747930521522,0.0488783710799647,0.0496193250175742,0.1324489862690247,0.1420491592437821,0.0665000923148163,0.1071681943827729,0.0834797560712513
0.1045916554050334,0.2255465244932946,0.0625320595702547,0.052106426405693,0.0532457138329877,0.0904819211493231,0.0945522402368195,0.1705388958698994,0.0571775817279327,0.0892269813013836
0.0879658742731311,0.173062237827409,0.0614376678303369,0.0441057687401186,0.0448323028584456,0.0771441137864121,0.114173691484357,0.1260043509731489,0.0461569112620346,0.2251170809582721
0.0947976793254801,0.1751334943376889,0.0692795977031579,0.0457411187538124,0.0482591106579954,0.1405410626978915,0.1086437867137667,0.0815377538256127,0.0483068576414322,0.187759538336841
0.0931965354380228,0.1792939329131298,0.0663308890910741,0.0406347544207995,0.041172156463387,0.1692561078128718,0.1216153234169901,0.0659114219590174,0.0768170703961592,0.1457718080827361
0.1105507257773789,0.2098034485078425,0.0790049280882029,0.047076549253132,0.0473283027536419,0.0838109910696513,0.0609515907715492,0.0625947644937716,0.0451671201728761,0.2537115791054383
0.1272619215242362,0.2420303890618395,0.0761492211711704,0.0442198355171839,0.0451706881150021,0.078357769596906,0.0971126801022124,0.1493612610012598,0.0435178684954612,0.0968183654084729
0.1324966824714102,0.2445081267503072,0.0753259924097623,0.0414886461309392,0.04145808921227,0.0548641166624478,0.1584011852158532,0.0975768125822739,0.0507908868828151,0.1030894616761888
0.1306186763076395,0.265533271313955,0.0670457246768242,0.0490013863731023,0.0464407071131693,0.1310866559088339,0.0953628126155969,0.0885834461937787,0.0518737453569306,0.0744535741337377
0.1004771230266269,0.2092892724887621,0.048790366300779,0.0365082185832287,0.039630432219186,0.0710561945013418,0.0849534826359445,0.1955400658456805,0.0526310282638449,0.1611238161294399
0.1279347787289432,0.2438727819898617,0.0694415263945707,0.044819551956857,0.0449464876188261,0.0682771601026746,0.1329989377507826,0.1447539414905969,0.0398802638627465,0.0830745700983868
0.1440487208608655,0.2847935469135088,0.0777887955570462,0.0561261964843706,0.0522172331616193,0.0718155430705062,0.0967304598885719,0.071792212343917,0.0642783731646469,0.0804089185477921
0.1461192880196099,0.2731476276340742,0.085012213854897,0.0521540447285166,0.0495328293840176,0.0645461821707685,0.0775342540147465,0.0973846250388509,0.0455532091156302,0.1090157260324301
0.1327508960287761,0.2461867715280138,0.0685287016181417,0.046550881846804,0.0469664359748983,0.1047315560507385,0.0906397325165078,0.0752076190083894,0.0406195972325542,0.1478178081894171
0.1511862206009145,0.2932411628749438,0.0786478151035412,0.0486743516297813,0.0546434864298399,0.0659196352327647,0.0670559140443814,0.0795188599609124,0.0448300732224583,0.1162824808940525
0.1455893872169852,0.2673461211037405,0.0823755719108896,0.0420486786864279,0.0438928571452024,0.1386837687534909,0.0732660695975047,0.0614212251224089,0.0474651266438112,0.0979111938138433
0.1281981526823293,0.2440319791200681,0.0671986989289386,0.0369580727727704,0.0387684694748581,0.1444962632091814,0.1232382276142426,0.0621733662208758,0.0581674952757177,0.0967692746963002
0.1640391974218545,0.2971037271747755,0.0920913560963187,0.050934979204384,0.0519018369573037,0.0737173145232836,0.0673706677192192,0.0680834748531537,0.0570254024087512,0.0777320436347635
0.1410511983810973,0.2690076415211447,0.0741712715271677,0.0661853039466664,0.0552838210421151,0.1019191950221808,0.0782165531407008,0.0533901257031551,0.0502837369172133,0.1104911527927273
0.1446715148577977,0.2719763437225094,0.0730348102990299,0.0503421898559083,0.0494510402985887,0.0866540405144256,0.0611177582250768,0.1020192912974894,0.0576896317641132,0.1030433791590998
0.1501873543917893,0.2901983472949048,0.0717744043939543,0.0484720612736719,0.0481978378137209,0.0665237341362889,0.0946778914762236,0.0715018379209117,0.0671395000599377,0.0913270312330113
0.1579330642620708,0.2897036234641477,0.0719139140188176,0.0530025143409673,0.0480106548099758,0.0683347443672462,0.0652767057707189,0.1074286945466204,0.0960644721023703,0.0423316123110466
0.1596770365818182,0.30913452719226,0.0639233251576022,0.0505160891996306,0.0510609580077799,0.0576223332108057,0.0784694284502642,0.0959511330143689,0.0608752225860438,0.0727699465936149
0.1759558072502102,0.3112658626183822,0.070049138549093,0.0524053023177547,0.0601248108797253,0.0725576916705944,0.078154038261852,0.0500368042321797,0.0726126463164436,0.0568378978981962
0.1670651473960926,0.3119844187902576,0.0651090616582341,0.0549608398414406,0.0540992757091409,0.0464840750337213,0.0588043242412374,0.0845901265816238,0.0432517556393729,0.1136509751032296
0.1714860579951727,0.3219839825285496,0.0691520032047351,0.066684602465532,0.057027116536697,0.0879945435373947,0.0626566413051489,0.0686194371306735,0.0443548326788396,0.0500407826110874
0.1628239131242952,0.3206297456585528,0.0607241427722567,0.0843665057679107,0.0605306404181465,0.0686650078599548,0.0650708307942773,0.0782807928293482,0.0531992190544106,0.0457092017142529
0.1532657699273082,0.3005138735676287,0.0604465156427192,0.0531106038225894,0.0837031736474959,0.0612617015869246,0.0742709409251461,0.0702145271616843,0.0469011400248657,0.0963117536875219
0.1475638084099435,0.2693168382055222,0.0684393029118139,0.0630773300945506,0.0723114122982929,0.0924290334607174,0.051231064654956,0.0895211146168573,0.0409268181583712,0.1051832771835739
0.1730312062417682,0.2886908734918276,0.093059539712107,0.0612494998208678,0.0491602090667611,0.0529164381818718,0.0902476081495721,0.055036932140893,0.0424709784596253,0.0941367147296748
0.2079737841748392,0.3082259579296775,0.0884780387908046,0.0459509130086709,0.0603150702104674,0.0522497224226059,0.0492265463898489,0.1059471030271208,0.0433103287634032,0.0383225352775279
0.1654685846769149,0.3022561169583843,0.0776391563602503,0.0529949351416885,0.0659475339939754,0.0425195505268503,0.0662766859123613,0.0495147993066782,0.1048119383555346,0.0725706987622499
0.1969963603883737,0.3288402869755005,0.0844569509045036,0.0494762053299827,0.0579375737700915,0.0624832156246843,0.0517739980622646,0.0473955147945909,0.0424577277665374,0.0781821663784569
0.1786675147645816,0.3236023806892846,0.0789192255534053,0.0739133163162376,0.0649569634128698,0.0459987065659982,0.042880148964646,0.0459856234292367,0.0764043690932066,0.0686717512056702
0.1657198591240934,0.3269786560038815,0.0791730925121498,0.0887072524836757,0.0970820820859529,0.0510577207238931,0.0477065934143511,0.0400706090051048,0.0367060872948429,0.0667980473470024
0.1532673371594878,0.3156892784077034,0.0591797069282709,0.1051838658851564,0.0696275492457876,0.0502776190782425,0.0502662326380524,0.0455770864518647,0.0654888402070386,0.0854424839925826
0.1571784706136778,0.3161260472610835,0.0610311382657658,0.1436752646592994,0.0567989599735139,0.0443385899791795,0.056892899221491,0.0478095798704641,0.04085331500671,0.0752957351431943
0.1639401151789171,0.3487923672063174,0.0570452244666813,0.0861936304101735,0.0797640686423295,0.0506655863229833,0.0606283486197839,0.0536025573287374,0.0530864273563469,0.0462816744612383
0.1716319631767364,0.3287007542751713,0.0597370164439162,0.0619549679325849,0.0716583441374549,0.044004836979566,0.0684520610377686,0.0475549278346584,0.0421567138836617,0.1041484142928777
0.1564367608064004,0.2944217855771271,0.066234595521149,0.084505100179548,0.061994817351853,0.0803007197891236,0.0489557016825266,0.0416504472015124,0.0738286240196931,0.0916714478660091
0.1737046917187435,0.3228154396145985,0.0818713673777081,0.0749196258880432,0.0641115737569834,0.0497584177923349,0.0436267449215433,0.0517235434939262,0.066865244474987,0.070603350955912
0.196421492940495,0.3316657495681103,0.0871397745345413,0.0486126486916668,0.0675325936694695,0.0457088479967944,0.0466237570850992,0.0525074774468691,0.0729708212991707,0.0508168367625948
0.1772729972262578,0.3153069394446824,0.0927243298363841,0.0784097593229111,0.0684074982113411,0.0468755368126113,0.0492140818600959,0.0422669568913549,0.0520294538058245,0.0774924465832924
0.1553691642851157,0.2700202098927699,0.0915146724760892,0.1293817924210681,0.0847531969736119,0.0447232075864621,0.0441292984129079,0.0448911410225772,0.0924246536254388,0.0427926632990985
0.1552697526231546,0.2773900885235483,0.0876975170098915,0.1127410614057468,0.082343030929323,0.0443814368116943,0.0456505832479435,0.0423471051437429,0.0964850394873299,0.055694384812216
0.1429073405630941,0.2565669739757054,0.0857106613504444,0.1132095518169492,0.1141941047604424,0.0432767917468392,0.0365617141466589,0.0403212002627413,0.0739591990832902,0.0932924622889643
0.1430953579736784,0.2518640555422526,0.0869743585295274,0.1237382636274803,0.0969794339134934,0.0447273408196434,0.0476786629797721,0.0373289538005646,0.0749034989189898,0.0927100738898394
0.1653420615941904,0.263512147865277,0.1050036120502089,0.1146955778056263,0.059915213356396,0.0422530289387948,0.0476363392604619,0.0468378044760022,0.0921158188170065,0.0626883958304906
0.1657462826719702,0.2912857404175853,0.0995545458205636,0.06427211752022,0.0663836694879953,0.0638378046172066,0.0546688473862346,0.0533616085465239,0.0964279438196293,0.0444614397056693
0.1406016847399857,0.250409842942015,0.0833642676977788,0.0919620878433934,0.0760114387361428,0.0448371516544212,0.0459068554676575,0.0437519445653852,0.1504325152490362,0.0727222110984699
0.1488509317361657,0.2624479193665732,0.0917408284543035,0.0826512265078633,0.0561955154704836,0.0449315529081732,0.0461705215427936,0.0459124902967041,0.1803638740305453,0.040735139680596
0.1716896479191793,0.2926847348997425,0.1048617320269747,0.0664421857472438,0.0767095377880372,0.0521512371508869,0.0483318350663947,0.0492765728693363,0.0682246805917741,0.0696278359339806
0.153444261470106,0.2506785149177885,0.0956804609394548,0.073480534455859,0.0782908565433304,0.0420340962631953,0.0410296741984745,0.0473269875866139,0.1212797921009712,0.0967548215188983
0.1453629339024027,0.2369977436845063,0.1002333033636036,0.053907944054474,0.0630106390267368,0.0553510478427617,0.0410773598879773,0.038551343305105,0.2265454268072585,0.0389622581197403
0.1572988701299239,0.2549884008308864,0.1013654395160672,0.0572619349173715,0.0768118531602044,0.0441010993522361,0.0466513278880486,0.0421078475308964,0.161719550389753,0.0576936762789199
0.1536028961403305,0.2348707521005932,0.1060085656360125,0.051309575963808,0.0777489173443168,0.0446492120101707,0.0420425797131703,0.0424450867149424,0.2036611790788874,0.0436612352923096
0.1590124833263945,0.2570142295505818,0.1135546177532775,0.0623098399021031,0.0612704783454878,0.0487874750781514,0.0448400039310654,0.0452420997436588,0.1416786296640814,0.0662901426990835
0.1610089543438282,0.2688178823253942,0.1093813976583153,0.0588182843328533,0.0843885739599766,0.0488972894534343,0.0494699626439859,0.04893622774275,0.124906313470323,0.0453751140626659
0.160824822267197,0.2601279180949752,0.1069900467084671,0.0599325565051061,0.0639989956083926,0.0438802081973943,0.0453763223829801,0.0455500061294625,0.1450476427181069,0.068271481381968
0.1736315807683408,0.2910492331901172,0.1036753252605143,0.0704175588200505,0.0643627882855874,0.0547773791740927,0.0533922090963037,0.0597751475969512,0.0653228766832001,0.0635959011175932
0.1722572829982581,0.2799329369591959,0.0999813267448799,0.0649273509326992,0.0950918572871425,0.0513928316218587,0.0489710230498253,0.0512032079635973,0.047368297055501,0.0888738853802481
0.1502924569563877,0.2456704934165852,0.0908606623829418,0.069003326739945,0.0617948676448746,0.0469813528804899,0.0470346256170464,0.0479946938352636,0.1808838017134847,0.05948371880683
0.1573517444079271,0.2630109290041589,0.0818473769485512,0.0634286811736702,0.0563688925190096,0.0517397279999365,0.0475636273734986,0.0469624310153821,0.173618366506926,0.0581082230443088
0.1620318801200693,0.273747637383573,0.0873300401215306,0.0576760030401256,0.0711593145398226,0.0588542579524291,0.0543217579625952,0.0552327964497963,0.124129376475322,0.0555169359474311
0.1421919153823325,0.2377481522523136,0.0706459568773562,0.0739132372172943,0.0638021691941849,0.0514398397855953,0.0479983098906846,0.0499607734780791,0.2153697146100756,0.0469299313053691
0.1422374422759792,0.2508254345078499,0.0701333006675721,0.0524123982927367,0.0711651869936719,0.0466893593480475,0.0481220343377017,0.0465675555119856,0.203032702856212,0.06881458520174
0.1369690315127506,0.2591007250444928,0.0671096349210831,0.0766315654060361,0.0599613227026959,0.0551047819165277,0.0501622100523234,0.0514932783824314,0.1277294045569106,0.115738045497784
0.1423143685094175,0.2701649606832226,0.0690485214406016,0.0889975572234108,0.0655144200027221,0.0575201139126346,0.0572095316619362,0.0579180164252496,0.1325828178931915,0.0587296922398883
0.1412344871728723,0.262013366789408,0.0730157460371252,0.0710223416848681,0.0757242144545246,0.0568493352363329,0.0589029144086809,0.0587076798701606,0.1143199317480241,0.0882099825899408
0.1379726277553626,0.2555612994464993,0.0752978418206626,0.0873344314706291,0.1013258710740151,0.0668421063002256,0.0630029594074292,0.0654412723875275,0.0811920194365754,0.0660295708921269
0.1455169762976033,0.2508983474679878,0.0809772087117894,0.0639091108838405,0.0644664154973306,0.0559939468347348,0.0557877705971353,0.0565701029273977,0.1455601935534174,0.0803199272209487
0.1586742387025136,0.2802898290706261,0.0809561988342752,0.0583990914479058,0.0595651000353254,0.0555703120415263,0.0573951480887382,0.0566161390028315,0.1172220773669028,0.0753118654015698
0.1482356695667701,0.2899962025813543,0.0702197507878308,0.0639170047609933,0.0606445983105088,0.0563630060712364,0.0559889412373833,0.0567209430366646,0.0949407472591552,0.1029731363802859
0.1466211837427143,0.2719094785592109,0.0788933806986231,0.0660445657662921,0.068017408365307,0.0606446987552193,0.0600442483365852,0.060836440156233,0.1242562228138307,0.062732372797482
0.1447215837567572,0.2566147445922897,0.0824165091320869,0.0547643177532687,0.0584660736907306,0.0565178935251486,0.0544910393270039,0.0538365946851375,0.1486037177825347,0.0895675257474433
0.1442437518725056,0.2403710878888223,0.0941737414442647,0.0495159840064047,0.0481871412893608,0.0475311836278894,0.0491136533214185,0.0458988745379375,0.1682573334036236,0.1127072486012387
0.1576323045389327,0.2586712082685171,0.0971452744686327,0.053499552076141,0.0536217868145421,0.0494537743398652,0.04956904663797,0.0483717975877943,0.1740331091426626,0.0580021461180294
0.1514483381117761,0.2466486448030145,0.0882194308218345,0.0503576948577269,0.0510889690893723,0.0478200006533823,0.0479912547273824,0.0473894349124724,0.1358523208689075,0.1331839111473523
0.1578452681352994,0.2492325406272088,0.1022863223739219,0.0474604364816002,0.0470358747687126,0.045027969779437,0.046173016259906,0.0453002681385096,0.2137440724553358,0.0458942309735864
0.1575907893955005,0.2530468060880916,0.1036462044696286,0.0525483629407813,0.0517751869484835,0.0493180897995341,0.0494095697655717,0.0488713061185209,0.1660677488904075,0.0677259355764793
0.1734280469340619,0.2808185433873239,0.0996688445269607,0.0575312447464039,0.0608973157447844,0.054862537476357,0.0556005265370023,0.0550468356623379,0.0784038921382823,0.0837422128385745
0.1574795990034938,0.2546891021221304,0.0952621956300231,0.0531698827536067,0.0528432011044913,0.052714040661758,0.0509685486216957,0.0518201746280089,0.1566964977489358,0.0743567577185118
0.1687327585813665,0.2755751942530366,0.0952697240494978,0.0601373688743448,0.0604398194868147,0.0554632178640424,0.0564375457398916,0.0564003342750877,0.1152731683608869,0.0562708685070466
0.1781397288161143,0.2942810517698798,0.0983608214194657,0.0581489276231819,0.0542080520118358,0.0541220529370739,0.0536000788167412,0.0531662836311241,0.1014052638824011,0.05456773908454
0.165442180346732,0.290361754869154,0.0978555666664001,0.0564356215057651,0.0554148773797758,0.0547818568799892,0.0551228525492935,0.0548877742787619,0.1139112220304262,0.0557862934858421
0.1423611528663431,0.2613353451107387,0.0746941716799212,0.056031913751982,0.0592989151949635,0.0550784262561575,0.0551031590960326,0.0553759790241171,0.1679804756630818,0.0727404613487454
0.1512048102539197,0.2771517584323343,0.0897785320933525,0.0606931930348005,0.058465095711648,0.0580318848788025,0.057404996230056,0.0576233107662214,0.1308254854003972,0.0588209331902063
0.1499676539024643,0.2559633051381589,0.0971092597102398,0.0550244021482067,0.0547063845877736,0.0545875015016538,0.0546813223951434,0.0559282012231054,0.1633569683499218,0.0586750010355044
0.1598376155024223,0.2793073292589449,0.0993240453214669,0.0590725700239066,0.0585662761796517,0.0583283009821299,0.0583968529315449,0.0584390594199351,0.1103882178467432,0.0583397325248378
0.1158231534591636,0.2020552647943856,0.0793252086429849,0.0659912994809584,0.0610235676251675,0.0610574235563835,0.061028197158487,0.0610900645032891,0.2198341838966409,0.0727716368737355
0.1320874952745095,0.2251778766781991,0.0930429817855485,0.0651269444082269,0.0654840441007402,0.0652720343990737,0.0657673796062037,0.0657044612596093,0.1570617378106922,0.0652750446678038
0.1384069364877351,0.2408625950221486,0.0900204626650164,0.0685200831653374,0.0771701790470701,0.0684006408318042,0.0684675057714877,0.0720001469397654,0.1021809558551878,0.0739704942045786
0.1467318281118888,0.2360388147619948,0.1043177962435676,0.0696506589784783,0.0699748316089065,0.0694493196793215,0.0695249602931555,0.0694006731297511,0.0929172877504317,0.0719938294324896
0.1474614323929391,0.2476813941291774,0.1003273673813833,0.0733918663332723,0.0639987881737765,0.0642543413365236,0.0640363867729689,0.0647345889906568,0.0944501239460008,0.0796637105340796
0.14183885105467,0.2522423166847343,0.0959924053012441,0.0554622164186672,0.0624714511844611,0.0662973808997571,0.0573078617851182,0.0559480256432739,0.1478240563334648,0.0646154346866058
0.1559507490530491,0.2604673987972877,0.1307618678408593,0.066355860901145,0.0649900523255605,0.0614881146908831,0.0626898815957023,0.0629218793777077,0.0704829260158216,0.0638912693931118
0.1461648847300481,0.2519070000396369,0.1132257306401885,0.051770960097454,0.0579751691003031,0.0543826948542317,0.0521271580296868,0.0553252611710098,0.0532702210508561,0.1638509202791174
0.1467874507135737,0.264690626305256,0.1038462018948613,0.0606798486548936,0.0631174467620877,0.0567882061273595,0.0733869474194337,0.0623334401237485,0.109201921674027,0.0591679103170629
0.1528878329631264,0.2699575039609336,0.1036342759905563,0.0730272726920164,0.0744557288838193,0.0616480542945165,0.0636220558020249,0.0598518457287909,0.0797860307738954,0.0611293989020986
0.1573273678400918,0.284839981404635,0.1151069334829017,0.077852396175666,0.0631400926473732,0.0618452315570707,0.0577434436287502,0.0576716519811737,0.0595114665217907,0.0649614347522269
0.1491531466240654,0.2598896449281521,0.111050192354233,0.066623226936349,0.0599032591959591,0.0590667433807419,0.0695971629746005,0.0686350564634788,0.091219640193137,0.0648619269408275
0.1310151759330093,0.2298300626091519,0.0980827165665428,0.0662817317628483,0.0630819643479949,0.071710263204301,0.0617963608262836,0.0689505053449997,0.1391835009494203,0.0700677184473519
0.1538852522880165,0.2586234031256955,0.119789506412081,0.0629002794720643,0.0739262216274155,0.0743439291087343,0.0602987905887755,0.0627409463356546,0.0721486914073729,0.0613429796259371
0.1597531848281346,0.2743312765539256,0.1251057935611352,0.0732999731896346,0.0697821953345442,0.0636907718015866,0.0539138251653797,0.0686361980378757,0.0536324245101765,0.057854357009869
0.1542568584348723,0.2587828835602517,0.1207835057881871,0.0810347179098945,0.0792664031053643,0.0601021668703768,0.0616018841471279,0.0573321006449976,0.0700961763741205,0.0567433031568035
0.1526868974864835,0.2500291569373544,0.1190013752074552,0.0665840037335897,0.0681361982504335,0.0686928144966526,0.06185680419254,0.0658777518781178,0.0692044729352036,0.0779305248742594
0.138827428802524,0.2162660556537486,0.1112251761701884,0.0694023704231026,0.0805579990694823,0.0657740229870172,0.063366472056203,0.0645381424329608,0.1129901313686513,0.077052201028036
0.1391344360576012,0.2193842088423526,0.1105586819035936,0.0811205287699252,0.0879606534807386,0.0729342526312975,0.0708272841445856,0.0597326405544722,0.0898030844754303,0.068544229131795
0.1141108962955258,0.181662120174816,0.0871043759189764,0.0737352728555446,0.0793109751610333,0.0603093356871062,0.0756182265887884,0.0591337914890628,0.2086198083062859,0.060395197515449
0.1116417186530259,0.1786776123149778,0.0884905803387719,0.0852786032070584,0.090969415056914,0.0722594123103902,0.0680326417839224,0.067164740132643,0.1799889152753993,0.0574963609186638
0.0907336120454885,0.1488537304077886,0.0753320654146849,0.1016642617056467,0.0878103454489018,0.0653696535469975,0.0640760339703391,0.0719218126669518,0.2209900271186672,0.0732484576666171
0.1012188308704218,0.1655997732783122,0.0796196623596746,0.1062105051382894,0.0934470264741373,0.0719318998534606,0.0617897634322801,0.0623286179351804,0.2011500844873744,0.056703836162768
0.0866282954894036,0.1471781212948488,0.0706858296941118,0.0873215118317098,0.084847911342268,0.0615926416536117,0.0709756614081499,0.0835211225238362,0.2357434375385093,0.0715054672152463
0.0839802037526386,0.1466181156288228,0.0709965324706071,0.0976468227973398,0.1159609331652068,0.0852677754913119,0.0642188035080461,0.0836408768524232,0.1912352606348106,0.0604346756904884
0.0853106714004448,0.1564990543385127,0.0625054989587984,0.0793539448060883,0.1219714908262806,0.0783295433801829,0.0693854610929584,0.0663116941339192,0.2248046248116655,0.0555280162438215
0.0717099115387107,0.1411746040593947,0.0543619744847078,0.0955314236229082,0.1083350147094327,0.0631245317139577,0.0772323478838734,0.065084473941453,0.2593192917436917,0.0641264262948899
0.0722986364307467,0.1472315166530499,0.0520772372166039,0.0695463226525242,0.0903576828447756,0.0544939206136121,0.0717239859415696,0.058771160701742,0.3260810572882622,0.0574184796502518
0.0914766119480734,0.1914138129883476,0.0552883893065077,0.0876920059244838,0.0966476096873372,0.0631321870070507,0.0670120248238493,0.0683873269098227,0.1657384383959329,0.1132115930017016
0.0814003187634476,0.1733300525778332,0.0513240294239067,0.0877906901542867,0.1143133733286594,0.0597699486619158,0.0771338558074159,0.0597489688607283,0.2415260071198311,0.0536627552955583
0.0876099673942904,0.1960934668534912,0.0519732947833922,0.0778777244591746,0.0994767065232296,0.0756519791195417,0.0673747564981304,0.0585862100705758,0.2164537670843046,0.068902127207168
0.0940906667405925,0.1996021552282994,0.0560177234842409,0.1001182305493098,0.0963681201256651,0.0794261944822106,0.081917558780458,0.0750703172718534,0.1610050486837678,0.0563839846460408
0.0700587759936552,0.1443841650932707,0.048884975616723,0.1249610371496074,0.0895681340046686,0.0675941552311669,0.0781577186011087,0.0709676809686802,0.2526622405456633,0.0527611167887232
0.075640587753522,0.1736244339206502,0.0507398047036198,0.1726024743615008,0.1021433010634725,0.0813387550907939,0.0782494205342301,0.0755511481877039,0.1316494820355567,0.0584605923417245
0.0694594187528192,0.161127107717413,0.0510489243464001,0.1386239805482646,0.095921600838968,0.0885745121633,0.0807809778066307,0.0717261310442997,0.161127107717413,0.0816102390571752
0.0652595784051763,0.1594777657277619,0.0394916714478588,0.0876036959918545,0.1354447382135797,0.0546883808812618,0.0673823986631498,0.0664973757578192,0.2699047746027066,0.0542496203033191
0.0722893750395218,0.1880330160795834,0.0453558304479929,0.1506020276618914,0.1260892162803435,0.0706688845183935,0.0716192927405485,0.0629722863128678,0.1231937037710661,0.0891763671412656
0.0799981590866827,0.2068395313841987,0.0437759680952809,0.0877999220317689,0.1113785977973054,0.0613764332908287,0.0612904853507123,0.0629229632140048,0.1738816817554017,0.1107362579878445
0.0817180192067402,0.2056869033546584,0.0411339751246342,0.1000331857264968,0.1149706181382674,0.066952877710107,0.064232302132249,0.070543249658355,0.1864257951144441,0.068303073828418
0.0853019016860563,0.2121256631116743,0.0407117978208937,0.1486724303173515,0.1066779160716184,0.0724167090842519,0.0642033115606283,0.0491523164163912,0.1106093259437831,0.1101286279819218
0.0584031681811633,0.1509513671577046,0.0325378866781978,0.2234187288658797,0.0732548196795867,0.0501508138478653,0.0567703436997243,0.0528726457846367,0.1881140958022013,0.1135261302984138
0.0759817175116999,0.1749193098852371,0.0409766563146227,0.1087163418696754,0.0910741301958754,0.0714706387557998,0.0629841122837842,0.078086390152816,0.2127667855120709,0.0830239175127739
0.0820864997214732,0.1953694620879609,0.0430658014119426,0.1417828633969262,0.1224700428259304,0.0799988947023457,0.0691938384472719,0.0681486953573409,0.0804711229440215,0.1174127790988302
0.0917841466982897,0.2156573625598181,0.0427979248776432,0.0948715078723769,0.1172367903265241,0.070869040580589,0.0626658888805219,0.0818818632110456,0.1588352079662736,0.0634002670213529
0.0783965375673028,0.1698599554003206,0.036029284352342,0.1460020210370338,0.2587167852960761,0.049768324175316,0.055228782158106,0.0541079864876189,0.1131306837215601,0.0387596397999478
0.0972856723539976,0.2208772598665326,0.0438950516223828,0.2600266441146838,0.0883482110180236,0.0575116533176139,0.068910349657458,0.0489976668361756,0.0740269771072694,0.0401205141005333
0.0881872715306905,0.2061727139409719,0.0431867100659406,0.1672185039696533,0.0999022590426317,0.062981786638455,0.0605907127446552,0.0673375234500346,0.0574479943154113,0.1469745242965331
0.0987161647828819,0.2309522515566293,0.0528483739853129,0.0984499230995079,0.1883823537069962,0.075098863351146,0.0662163466007424,0.0640467116499467,0.06042904563297,0.0648599656276766
0.0764711733609999,0.1807486496268595,0.0426605153555625,0.1881848607120042,0.1238038511101755,0.0537192081076744,0.0637956164944545,0.0602775540828006,0.1109148637143531,0.0994237074297876
0.0784446511855131,0.1860877566082178,0.0409289574409864,0.1478617654453469,0.1821323601944572,0.0623649117610606,0.0702327163638073,0.0659298947714269,0.1008960304482658,0.0651209557758522
0.0922111393483561,0.2270797660866978,0.0467481424809716,0.1098292344414725,0.183773382795567,0.0775045279476339,0.0859305754302809,0.0789829692416529,0.0528003991074106,0.0451398631139234
0.0764731964931217,0.1883156387693734,0.0408375274350976,0.1049137182310101,0.1533011572292188,0.0732668351529555,0.0688227003175172,0.0804448541547492,0.1400291899922984,0.0735951822193934
0.0575123747928452,0.140326829590022,0.0330222653579139,0.1855662200414632,0.3230334217080063,0.0612321867150313,0.0519170702494119,0.0518617570912828,0.0572663586333561,0.0382615158162706
0.08186049899996,0.2017602964098338,0.045013107007306,0.112348375736179,0.1901394422043136,0.0704826580110119,0.0789776655094958,0.0771777520707562,0.0560166555899466,0.0862235484553102
0.0729787282108967,0.1815771684232763,0.0358477347630594,0.1897557712410199,0.1984327183972107,0.1125038439742471,0.0647291719994062,0.0566613524174016,0.048018026915356,0.0394954836533668
0.0843484919003031,0.2168235759011974,0.0437131418430566,0.1038220539040903,0.1168482684994027,0.0863835749271806,0.0856737143285849,0.0844668138615443,0.1126037636810249,0.0653166011475458
0.0815135936680319,0.2094288669939545,0.0419602587743111,0.1578244069000706,0.138014465883264,0.0700439004114377,0.0829831919725094,0.0898355652504511,0.0796422287202169,0.0487535214198232
0.0632483848882395,0.1563116709281098,0.0324432745889018,0.2966841927565578,0.1159595257684714,0.062211275352642,0.1084936280141704,0.0621649296143424,0.0502808479386089,0.0522022701454973
0.0843990758413893,0.2126993637252836,0.0459499329158472,0.1090347488017418,0.1463514450548683,0.0880680866971127,0.0980612017045156,0.081241487858399,0.0446430836902146,0.0895515737041975
0.0785155985319771,0.1915880602458884,0.0400774256321689,0.1975181285440147,0.1086835860615914,0.0751657058051237,0.0857144458957502,0.0846205522620341,0.0476153863601361,0.090501110655758
0.0688797188864798,0.1712821714077014,0.0384178239153663,0.1571783181396982,0.2201654216696182,0.0695803683892049,0.0729868735487276,0.0780170457994922,0.0468705104287839,0.0766217478095033
0.0800438949958722,0.1901394958166749,0.048171596785603,0.1319846397931017,0.1267753548368809,0.091760357794349,0.0932332602811992,0.101123196529389,0.0780984593655062,0.0586697437946845
0.0746413412652083,0.1721812986882359,0.0421288041480001,0.1762188753640553,0.0976762442034305,0.07938159431249,0.1172313074101653,0.0803046413633447,0.0658021274269243,0.094433765812433
0.0765698787706468,0.1768839812184488,0.0437331400700204,0.1580441562658264,0.1528027593409036,0.0769864480489449,0.1071155537200949,0.0921564987493142,0.0406817180222397,0.0750258657876966
0.0752279796236397,0.1858966495677921,0.0394933441907607,0.1741079142514523,0.1979627581077258,0.070563177553793,0.0905082324694036,0.0834834423350414,0.0380805257909812,0.044675976103955
0.0836362199902766,0.2063797256441772,0.040908980386418,0.1128976033544639,0.1713630222955303,0.0888124294207655,0.0745030590001701,0.0789151867336918,0.0401588777643252,0.1024248954046263
0.101485301854934,0.2451903206036302,0.0448126443974576,0.1110013931550189,0.1013472325848771,0.1068487615710228,0.083777748462685,0.088669743573049,0.0517544725580739,0.0651123812332895
0.0968040448793536,0.2199687187823039,0.0433724106508637,0.0928088453648936,0.1411932187793143,0.1089781143550341,0.1044660226542893,0.0870126811898891,0.0660407301554724,0.0393552131831172
0.0999298403437742,0.2102742426217574,0.0471182433831511,0.1430037842130116,0.1098433735636167,0.0981927729429199,0.076411649669135,0.0924217923062849,0.0575927719829135,0.0652115289682743
0.1028504014691742,0.2276982080555049,0.0478684924803258,0.0976898596774746,0.1207399183643267,0.1050735613865734,0.0965779605785445,0.0971709857033852,0.0588137054616893,0.045516906817164
0.0849563355531917,0.1864317050489139,0.0402668038342351,0.150244472199936,0.126349689048443,0.1035084788183732,0.1269883745060746,0.0853778913795678,0.0417002518246365,0.0541759977815742
0.0907750162470371,0.2058461292771971,0.0444886344623614,0.0849163418556256,0.1371854582648796,0.1038842698256003,0.1159912053275751,0.076717640959536,0.0878042061991222,0.0523910975755406
0.0827059425713432,0.1733548375643593,0.0418625085747827,0.0840461751590826,0.1059836478768196,0.0945173584449839,0.1643894950537189,0.0986243804960218,0.0784691941686801,0.0760464600852332
0.0956171866319856,0.1997739781673033,0.048328113880008,0.1116210549179504,0.0862073260068886,0.0795920293168167,0.1443147036181211,0.1256099597649904,0.0455513877731818,0.0633842599170836
0.0837737118696655,0.1733219690793333,0.043097223193769,0.0771277541831114,0.0852137519626432,0.1482932506871591,0.1329674638357657,0.1315198317804315,0.0388488422923513,0.0858362011109496
0.0918289728091248,0.184282887844954,0.0466196011955953,0.0770339706465421,0.091070625568658,0.1388190981893188,0.1248029088177313,0.0967119923042933,0.0710489761003587,0.0777809665182915
0.0887130043882786,0.1758179967270557,0.0519922801406149,0.0849703914221775,0.1015474935865599,0.1417277742358475,0.1049948714567046,0.0981329628324253,0.0811669115451563,0.0709363136595428
0.0871867194968461,0.1560792264832406,0.0532981303529225,0.0964393193770452,0.084366851077818,0.1100662958440199,0.1294071122392889,0.1423426247854942,0.0591896354596183,0.0816240848775144
0.0825152729520861,0.1530001706357168,0.0486901565517478,0.1086211292365814,0.0917696191189021,0.0859206741749908,0.0959414548629802,0.1600626831820118,0.1007905518024337,0.0726882874768889
0.0940721021620448,0.160263615977031,0.0599166956648381,0.0849769845263631,0.0982686715581473,0.1036966237546141,0.1047464572630637,0.1919213407977566,0.0450741737124607,0.0570633345772742
0.0762650499307962,0.1383067600581391,0.0446680631343496,0.0640191638264282,0.0676208094098176,0.1906530560936629,0.1794087673204696,0.0944370697636699,0.1019887542097879,0.0426325062476323
0.0812968491216897,0.1540219818076924,0.0452694745519135,0.0607039206714077,0.0754143243957244,0.1180625672138702,0.1134412301651495,0.1362185337944168,0.133320573797673,0.0822505444754016
0.091739763881911,0.1595758278393316,0.060191899789758,0.0869586764136337,0.0617933780356286,0.1247559093092182,0.1321615792071262,0.1487346003461605,0.079868467391735,0.054219897780125
0.0879446997657018,0.1586722795147397,0.0563205590727759,0.0885072860035188,0.0834519929888306,0.1291548397234257,0.1031144842518778,0.1234480821284945,0.0919386560102511,0.0774471205347815
0.086090950137117,0.1417181334254227,0.0607911708779487,0.0954897962659878,0.1001769615391527,0.1452304889614711,0.1005501118798492,0.1150324431628729,0.0911811401365762,0.0637388036076621
0.0784749834818177,0.133233730659164,0.0587695909081607,0.0898697372880488,0.0734750443123764,0.160375226729845,0.1069886722795835,0.1165309221408905,0.1386889125503912,0.0435931796436053
0.0886223271205416,0.1535255960818921,0.0640979452512106,0.0715596533932347,0.0876167758829723,0.1214683413621449,0.1151205225407383,0.1567888360927669,0.0970718233648029,0.044128178903551
0.0827303722522961,0.1445183151009572,0.0564755505301563,0.0635580047779866,0.0619224787671148,0.1049242647090964,0.1671891813479433,0.1734432243139822,0.0892451977080643,0.0559934104867648
0.0736109449985818,0.1219797237799742,0.054870762396384,0.0719394751237867,0.0635399960101921,0.1349696756004486,0.1951702573329249,0.123678471103381,0.1213399512684041,0.0389007423803691
0.0772557309833749,0.1269697540971137,0.0619473081612746,0.0738269168422093,0.0607560558223557,0.2376043274474567,0.111771712335439,0.1154094946421794,0.0890196864723457,0.0454390131898279
0.0796279426136166,0.138243484907681,0.0566042344953128,0.0643398370336859,0.0617350536290379,0.1380984375783146,0.1860760029747667,0.1389737599103502,0.0924577391062852,0.0438435077446316
0.0745858245984882,0.1305396525635136,0.0557279716006205,0.0719690482705051,0.0622351160344554,0.1703257914658548,0.1604960047878059,0.1463365808250167,0.062672612135399,0.0651113977119857
0.0670074143357118,0.1192459018255986,0.0528193407932978,0.0679233475051196,0.0702770883198749,0.1820786788225696,0.155165871861099,0.1852597588639404,0.0490625616735272,0.0511600359928417
