0.1107449029949926,0.1304543808774225,0.0898383386050281,0.0889821501109916,0.1061565470514499,0.0945756841948073,0.0893331802180553,0.0902121391369589,0.1087364387170202,0.0909662380804424
0.0922812596614904,0.1151538975734504,0.0993566392340368,0.0943644971026433,0.0925281921028095,0.0974935560866778,0.1136516095618425,0.1015233729202194,0.0938659504440003,0.0997810252995125
0.0955476885074285,0.1259598561740482,0.1052814047590589,0.0956075251880113,0.0957350823150851,0.0960664323731844,0.0957589953806192,0.0962324390860917,0.0955909102802222,0.098219665922465
0.0912289149510478,0.0940816233336277,0.0974803302115147,0.0899622098986654,0.0911172907269293,0.0902095483314761,0.0900517540963095,0.0958301059415281,0.1249467001630104,0.1350915223329336
0.0959329821352866,0.111941317199853,0.1016857800885212,0.0970603480146308,0.0971500068191937,0.0958660981514157,0.0958787286296489,0.0958699643794021,0.1028225414215305,0.1057922331466831
0.0917795716393689,0.0989478172064115,0.095430372177001,0.0920779398212703,0.0918797796848837,0.0916422236382176,0.0922981702067794,0.092220670564354,0.1233866488581197,0.130336806190369
0.0964151143174533,0.0921606251574393,0.1085622019357634,0.0919499355593597,0.0916542647247315,0.0915255023006245,0.091430017078771,0.0920353215427155,0.107442900131845,0.1368241172381059
0.0981401318120673,0.0963859790911961,0.0996882299180988,0.0972110822801878,0.0969378271922649,0.0956503267156583,0.0961005823190462,0.0952441370450433,0.1100566463405876,0.1145850572721054
0.0933459309354081,0.0927114275853911,0.0956308965878316,0.0950404024531956,0.0942571321029012,0.0946373030564826,0.0926961542577786,0.0926491717108058,0.098434765676988,0.1505968156198561
0.0960371831355012,0.0957615551989114,0.0969918258930036,0.0983036462771917,0.0984743995874322,0.0988748938123692,0.0964065359964173,0.0961952933132966,0.1256281155461997,0.0973265512258597
0.0985712305276748,0.0987613696622733,0.0986697185902958,0.1002155906117248,0.0998261798390433,0.1013643144175379,0.0981140126264027,0.098030987582402,0.1005314623997758,0.1059151337287246
0.0940333231803246,0.0927345628188809,0.093004758110581,0.0977114918207234,0.0945995623595719,0.0931108412651311,0.092781351500102,0.0918224375600348,0.0982198212121164,0.1519818501593043
0.1002473455969423,0.0980260120835196,0.0986188455428443,0.1016726674092983,0.1037148111904286,0.0977845672463105,0.0992485903582065,0.0977329020065285,0.1027283412725649,0.1002259172793652
0.0990552761492231,0.0971392524354777,0.0966520377237947,0.104423092855563,0.1032744764590714,0.0946492789205455,0.0959567926744157,0.0971593066217114,0.115190615724886,0.096499870421721
0.0914458757368673,0.0903321445931559,0.0853106280228802,0.0884797107690906,0.0890362729493663,0.0854029677416281,0.0832813139923701,0.0877551519089677,0.0828443647636918,0.2161115695101695
0.1086268203559893,0.1062679150292343,0.1003269241051226,0.0985476822590935,0.1032950095665301,0.0978803187935581,0.0964974643800269,0.0956273325722329,0.0979610356415508,0.0949694972829619
0.1027179517320392,0.0995384608096356,0.0942549444562934,0.0933422006257301,0.090168077976418,0.0857859591664454,0.0880020177460358,0.084351467735402,0.1113564572662844,0.1504824624736248
0.107417531990093,0.1021349727893749,0.102688263974256,0.1003492668206231,0.0999434252769725,0.0978921417700936,0.0987388111185586,0.096419070568425,0.0990612550321224,0.0953552606457239
0.0954200674034988,0.0907958943165333,0.0945242458099221,0.09606133346756,0.0985369657178737,0.0896081518737688,0.0892656969485965,0.0901687719321649,0.119751685861663,0.1358671866557031
0.0922219698743456,0.0901218736668205,0.0905354326062349,0.0955089587567872,0.1009362825818592,0.090233850015696,0.0913806925241786,0.0923342999151465,0.1471217129611856,0.1096049270848954
0.0955380073841261,0.0942137550783387,0.0959103414697698,0.1093774805978319,0.1131620395210954,0.095778556353441,0.0967903195985682,0.0951456615966121,0.1060249725431877,0.0980588658434335
0.0895029573936276,0.092940997032067,0.0853451786813632,0.1133792578769802,0.0912174412640386,0.087622475429311,0.0880956123228963,0.087042589513388,0.0896642048986338,0.1751892855753794
0.0986769659479071,0.0938833822106018,0.1008761655047244,0.1073370738296093,0.1087671457332161,0.0943051344025125,0.0942469663606754,0.0992008055154954,0.0945423780477542,0.1081639824344853
0.1047706782425467,0.1024282995267134,0.0917798892689463,0.1288415369262765,0.0988447486087995,0.0878381803451887,0.0905107422976121,0.090656844871953,0.116923623140121,0.087405456759433
0.1108250181157893,0.1141120166796162,0.0874663940527486,0.0899754033136588,0.1034826002406487,0.08567070481234,0.0796924802763008,0.0797505191688928,0.1502370911059578,0.0987877722226344
0.1260534782187985,0.1203951040984196,0.091886420666824,0.0987268313678765,0.0929285107003579,0.0898320983021181,0.0887266476177987,0.0892405840558923,0.0925224330293656,0.1096878919301965
0.116218561408712,0.1162726134609464,0.0870933270953466,0.1081129704533511,0.1130077424963979,0.0914700070951439,0.0931699030919574,0.0887341584825114,0.0950732098662352,0.0908475065369304
0.0965461368261542,0.1124589491958052,0.0916935068200365,0.1110319786976697,0.1072141975761419,0.0950980170746069,0.0905948765405998,0.0900229014411258,0.0889341253057585,0.1164053105094736
0.0981791211223115,0.1132451497646219,0.0807219166707687,0.1217423946120787,0.1415532354297068,0.0802871896760651,0.0806836009533217,0.0855259600576736,0.1106418557929554,0.0874195759093167
0.0986969407781408,0.1244798969078187,0.0892391469428566,0.1183013613859656,0.1014115191229778,0.086615733001358,0.0893427220760603,0.0875435200355054,0.1027501096116665,0.1016190501257263
0.1197489866536104,0.1288364137298288,0.0797915383300941,0.0930604809163901,0.1011319041761752,0.0795383443367337,0.0818255898783779,0.0866873933999112,0.0863527780000455,0.1430265705674739
0.1154567931801991,0.1276130673522472,0.0803999177149602,0.1080838189984446,0.11167877126035,0.0864090879833063,0.0858258128776393,0.083936697266955,0.1228911515634438,0.0777048817912503
0.1173685799963758,0.1270435838063293,0.0792537885014858,0.1036640490665314,0.0960205950914215,0.0833269644909458,0.083868464230233,0.0853856637237842,0.1306919217014875,0.0933763893802463
0.1135112788907882,0.1237118767727416,0.0782100027496446,0.0999923491270215,0.1116884138919229,0.0813754510419721,0.0837562861940483,0.0798863433069334,0.1085683526081314,0.1192996454057343
0.0886148472440019,0.1064452439258381,0.084197333655061,0.1083550680897385,0.1184287857343775,0.0899019027114007,0.0827570954675092,0.0823172662807708,0.1613666094241372,0.0776158474559769
0.0971114183926692,0.1131111019879745,0.0811047756765058,0.117735588985351,0.1298606886368821,0.0812187032915865,0.0844375069756788,0.0792898374807082,0.1365621660670983,0.079568212494477
0.1010865689098814,0.1223739391548748,0.0875829895339913,0.1074201163750878,0.1516964696920963,0.0868041466160385,0.0854751275326932,0.0854379987219113,0.0835432783069015,0.0885793651449101
0.0812901239485883,0.097491602616541,0.0767250890298663,0.1490146091403585,0.153398730475338,0.0785858337165537,0.0798767819858317,0.0752131104924327,0.0855469243600988,0.1228571942242155
0.076622175764272,0.0844792180951728,0.0908330817341333,0.1953739934764813,0.1019689782658382,0.0906427789057403,0.0818489858697431,0.0954028930506358,0.0989534620832244,0.0838744327437937
0.0759331388617459,0.0864619730193009,0.0934272710809573,0.1919994900992503,0.1361906973289811,0.0844978375007065,0.0820471064111251,0.0895007146690235,0.0846816655618167,0.0752601054563513
0.0820528054693267,0.0974552417219826,0.0943231160751181,0.1377718733199419,0.1148715942463205,0.0869516536939136,0.0890136845028505,0.0902915055704205,0.0832635488918047,0.1240049764965357
0.0834108625393905,0.1043480102768285,0.1045140315347975,0.114297189791634,0.1084307578262511,0.0976523097558011,0.0885171351014817,0.0886103212978027,0.0947192087549535,0.1155001731090765
0.0779086503765602,0.1035214677394198,0.0971612709499616,0.1005579481032803,0.1917690361927383,0.0905205844654312,0.087266686632913,0.0832205318286339,0.0901135506607127,0.0779602730391242
0.0748811041792597,0.1005187017937521,0.0842029333892205,0.1466376195691492,0.1877554936164863,0.0786130604287979,0.0766922144289126,0.0846762318148331,0.08587437331006,0.0801482674591096
0.0753464484126973,0.1067096231848019,0.0957051763535341,0.1356746639575187,0.131450765572677,0.0823857859906131,0.0847583267093348,0.0828859020689298,0.1155423741257921,0.089540933613244
0.0684923850523534,0.0782452852932853,0.0936833507170956,0.1218434266367106,0.2420506904489835,0.0718127255508307,0.0736998538553891,0.078715852811056,0.0729487237798811,0.0985077058450237
0.0595536762034509,0.0711646581866714,0.0834940205472953,0.2245038866255687,0.2403019244622637,0.0746286343578356,0.0665296612014118,0.0621576556614096,0.0599763223324511,0.0576895604134195
0.0701744249871564,0.0627759270612857,0.0973852197870067,0.1768622795908782,0.1453063731745221,0.0878021534336634,0.0693216362229739,0.0709824218952155,0.1042374948204728,0.1151520690178136
0.0727598788212333,0.0713457171647179,0.0970552381540085,0.2138322857182501,0.1355074815388228,0.08441989298779,0.0908177086993678,0.0835158556513482,0.0801807048122439,0.0705652364422323
0.0824433727795773,0.0766200395628503,0.1123283845197351,0.1015363828636253,0.1701808217871262,0.0846263908045097,0.0856772165595666,0.0928676610431166,0.0770126118042698,0.116707118264571
0.0802571919910054,0.0697270731005966,0.1128155788518602,0.1664458376697818,0.1179447151831523,0.0748228526680982,0.0810371310655734,0.0806648471888096,0.1067792238232426,0.1095055484482067
0.0814104309882415,0.0725402352460533,0.1114553865285106,0.145595707376862,0.1709059998841286,0.0817911619693426,0.0914481523173075,0.0908090624476529,0.0772888873086976,0.0767549759228949
0.0727170945205183,0.0642470333331858,0.0974682837559399,0.1707596248064593,0.1463671601752943,0.0796241186719201,0.079745890666838,0.0742894714789005,0.0736652377103749,0.1411160848714148
0.0749539577789425,0.0649875024108345,0.0996323941663318,0.1660791305665493,0.1804026105594917,0.0743828592396177,0.0983871457050502,0.0783690347560188,0.092985236504847,0.0698201283035111
0.0736268804322356,0.0644535461161886,0.0914650174371308,0.2557996727968559,0.0888395626496249,0.0946331136281763,0.0737289278661491,0.0708891376362391,0.0623896611907762,0.1241744802378712
0.0731048909767609,0.0650311087223996,0.0890281827138781,0.1216789058399284,0.2706416607553917,0.0692318628071331,0.0761689590313169,0.0671933109624612,0.0614493966577311,0.1064717215245076
0.1075579208913077,0.1027855292161233,0.117634268468142,0.1131361877860676,0.1053610114189634,0.0870694822774137,0.0930153127108096,0.0919241943121047,0.0804149267077265,0.1011011662002448
0.0957571816224768,0.0898368779302575,0.1071736255952531,0.0989870556919949,0.1071736255952531,0.0992344445027544,0.0803442911150917,0.1039566685494846,0.1330799967073425,0.0844562326800599
0.0984083146246428,0.0938462943232592,0.1183873996676385,0.1289404677310427,0.1032966665687267,0.1183873996676385,0.0845324135397014,0.089104338666454,0.0949620113920513,0.0701346938088264
0.1016240838029148,0.0912894534689898,0.1286386754213251,0.0931501937780305,0.1031159367070675,0.086401024100797,0.0910975272779471,0.0919394029592589,0.069158490854987,0.1435852116187457
0.0851313906863762,0.0797142429297199,0.1036359431815818,0.0934040056327642,0.2100232756558847,0.0878844571966182,0.0901595153010303,0.0916343038190573,0.0722950181994188,0.0861178473885687
0.0723264872747146,0.0687623645863978,0.0844332432954294,0.0966170394091392,0.236283314085628,0.0776118698665332,0.1331382319721084,0.099251853287708,0.0697171181948551,0.0618584780187094
0.0734959602976568,0.0664820700830018,0.1037876647002766,0.1184525315440946,0.1670654027495055,0.106292874439577,0.0937983763186077,0.0870321018764303,0.059594632782142,0.1239983852005334
0.0914361888440641,0.0784164861375263,0.1415579975665111,0.0989036666979656,0.1656836568729359,0.089477161752476,0.0929840914267097,0.0751716251440453,0.0816310907394001,0.0847380348087649
0.0874592350633962,0.075456038889887,0.1361369241333851,0.1089843208193303,0.0931578730841136,0.0886417275266147,0.0924943964478505,0.0797272522281564,0.112568842772236,0.1253733890256802
0.0907930955653392,0.0784257681837618,0.132429761328442,0.1196182835296482,0.0951773151801345,0.1017998642559846,0.0841776843466665,0.1075390854505012,0.0914726495761082,0.0985664925739462
0.0881222758354944,0.0769979980154108,0.1298917939303274,0.1061738776384896,0.1046236031813407,0.0792003170297459,0.092460972030941,0.0911407220465723,0.0802766997624314,0.1511117405200253
0.1130562635875278,0.0964902949206988,0.1734511509354489,0.0891837913565776,0.092717057164706,0.081837544054006,0.0927818449558768,0.0844687374388966,0.1039597499632534,0.0720535656128843
0.1108010340505758,0.0990485098956924,0.1439496403197046,0.1296472196318146,0.1394760317297983,0.0683599084628048,0.0917415468959652,0.0766283479678659,0.0610097485093692,0.0793380125277383
0.136672907528208,0.1129161233838798,0.1592032462204347,0.0824358578694744,0.0870488276159615,0.08897830710848,0.1061603496259295,0.1046962647569816,0.0622410393959652,0.0596470764863244
0.1249040648997484,0.1048398744572386,0.1516924241379767,0.0945134403303083,0.0721212153716308,0.1183317146143086,0.101533079483959,0.0933409267407271,0.0708940440546853,0.0678292159003644
0.1149729427649299,0.1030804181456382,0.1311234930075057,0.0813861772012537,0.0901184185439995,0.0887549488080914,0.1016028495873168,0.1266252915051688,0.0814121801801111,0.0809232802467844
0.1173472433359405,0.1061201588301731,0.1226045581673689,0.0736783480875641,0.0818028128197849,0.1055613486500832,0.1016896855472573,0.1379611911118713,0.0663940397686565,0.086840613671726
0.1191963826825124,0.1122353362179042,0.1336848021867316,0.0876041897695565,0.0732975079866489,0.0964133570638697,0.0839444558236215,0.0882284414867242,0.1159048841592979,0.089490642613601
0.1144000636295606,0.1090655441225078,0.131547191564828,0.0704902311094553,0.0698489542718596,0.0922500405713385,0.1107028173928579,0.1131816596610451,0.0608249008802797,0.1276885967876412
0.1200223206492525,0.116105784800076,0.1433098241566132,0.0773228376559865,0.0765040907891551,0.0814684491008644,0.1441959405452181,0.1036312411921402,0.0668021718026594,0.0706373392984692
0.1012346091882591,0.0955569619450571,0.1172677387260266,0.0721307172364973,0.0718630216778807,0.0973904934573102,0.1259035847665864,0.1240115793608791,0.129478075519331,0.0651632181133301
0.073938495327393,0.0695117502155257,0.0936603476580452,0.0646922769388007,0.0611527362605105,0.2151910050189854,0.1768993810197059,0.0608374758281732,0.0576120040240225,0.1265045277015502
0.0772569606077447,0.0682527196883969,0.101437389057472,0.0647784934632874,0.0558236317194162,0.0836264817309736,0.1617907869943205,0.2109678418020028,0.1241621260480974,0.0519035688809303
0.1087018401037432,0.1013837748821163,0.1279390811215222,0.0723090106323291,0.0753921700077751,0.138123295411246,0.1043799013462578,0.1190544306242728,0.0661236963490726,0.0865927995124548
0.1156328929654721,0.1148021349809762,0.1206055696256121,0.0743463562121079,0.0783753473814972,0.1250284800498473,0.1144305741182457,0.1042559876041342,0.0872551499105905,0.0652675071421256
0.118923790467042,0.1246299856909386,0.1126763867536915,0.0664697460735806,0.0696890477442022,0.1736770758218825,0.0983648391474908,0.0934229958207848,0.0761067536146446,0.0660393788566034
0.116398023299114,0.1222178236259795,0.1161994322638745,0.0627724422431202,0.0626387336508821,0.1410961924139444,0.0825121892033218,0.0904446300504484,0.0738168662024322,0.1319036670384967
0.1042391817991697,0.1101603772881834,0.1035820920209703,0.0541359773356122,0.0570592136553664,0.1413586617462904,0.1683713481066501,0.1504464839436756,0.0584734221724262,0.0521732419243479
0.125077503989423,0.131975219573117,0.1221204384752963,0.0675546672697148,0.068843886241324,0.092507805625851,0.1044967074404226,0.1506579518641317,0.0657800928164065,0.0709857266948453
0.1287153775582689,0.133614688567771,0.1254029649306705,0.0657901494030246,0.0666437714600422,0.1262591873697036,0.0904394008592159,0.1244617455063006,0.0682139498748157,0.0704587644610983
0.1125511460802933,0.1242060999946303,0.1026455489505485,0.0594393441141795,0.0610332045494515,0.0981704801145623,0.1132694843290303,0.093139140556633,0.086452251160177,0.1490933001420866
0.1165895547545699,0.1410205616305023,0.0909734939813024,0.0681466302888897,0.0693981168735599,0.1028143927478285,0.0888158168230579,0.1758564487997422,0.0740702558921318,0.072314728199022
0.077455489877225,0.099438673915541,0.0608013665240652,0.054546886013035,0.0544999565844376,0.2882156330955693,0.1220697686199425,0.093118237428656,0.0600657202434493,0.0897882676904716
0.0992799881296911,0.1314596137269043,0.0747079735051356,0.0632726827674502,0.0629358412603209,0.1057146130717795,0.191935238353526,0.1323451773650786,0.0756296389837324,0.0627192328273438
0.1156931199593517,0.1450691404348829,0.0877359736103218,0.0680419981073402,0.0690620005978294,0.1170818013873985,0.1301384527127437,0.1106053291611122,0.0871176578902519,0.0694545261290848
0.1093077364662084,0.1322928129203216,0.0886984598787361,0.067901314649239,0.0677070785584132,0.1347543485467803,0.148850346887226,0.0981133685360546,0.0785573534970113,0.0738171800503007
0.1225427083010349,0.1335714391388534,0.1014577243961082,0.0619995310395643,0.0616326593736909,0.1325687908025015,0.1190152021479099,0.0888521478139951,0.1021251402975412,0.0762346566801166
0.0996063233386257,0.1117026658786951,0.0883668687548879,0.0545114937796957,0.054961861734468,0.0924215193391004,0.2311791545338278,0.1031099035001297,0.097244128547738,0.0668960805850871
0.1131485998331217,0.120248532246174,0.1138339104231767,0.0607146968536792,0.0611423866914875,0.1261527902913131,0.1016770974873084,0.0956910629018191,0.1259123727596544,0.0814785505036093
0.1161599017345949,0.1309950949169013,0.1038528139191792,0.0552253752079389,0.0552173556732919,0.1166078928992054,0.092650518764153,0.1627452560681318,0.0921115208324075,0.074434269976233
0.1115264988073412,0.1280941142370018,0.101867180025973,0.0570042920496466,0.0575605583280934,0.1570904491123869,0.1328388609857584,0.0801045522716493,0.1097573443123482,0.0641561498615831
0.0980996558248085,0.1110177699172673,0.0929002497649883,0.0551433429788494,0.055023409308659,0.1319953435007998,0.2016059850699595,0.1167258363446821,0.0812889431851742,0.0561994640969028
0.0931979402451377,0.103956684636638,0.0896964458696435,0.050636120348719,0.0501973479730432,0.2161490283209986,0.098187593205171,0.1129922650910071,0.1117451932787859,0.0732413810236148
0.1259798132469791,0.1380099496730446,0.1199745229882466,0.0599542924870504,0.0676489475809504,0.1008403919980728,0.0955951913636477,0.0953391100644028,0.1106966137294634,0.0859611668595726
0.115983135745647,0.1286392416565737,0.1075920761309212,0.0629030648538475,0.0503244041366897,0.1302953457561289,0.0858791197561192,0.1118221191689022,0.0773105986916977,0.1292508940962188
0.1308576922944255,0.1363336171419573,0.1320868780213697,0.0672456561200876,0.0686071807421867,0.072417663401995,0.0874996943249555,0.1028352047651033,0.0878800547404339,0.114236358438778
0.1387527644899691,0.1425039883793059,0.1345484370350337,0.0664339983405848,0.0619816695708018,0.1021593872525151,0.0828101974508811,0.0969357050250848,0.1132371320779011,0.0606367203701599
0.1244323522736374,0.1207106025176121,0.1400139827050182,0.0640746638871453,0.0618796721805848,0.1224595053230986,0.1460213380391489,0.0841842422952297,0.0592680462452027,0.0769555945252327
0.113095036101187,0.1110649349071529,0.1308648503317466,0.0595702054432019,0.0584506159955055,0.1595619595751121,0.1160566658905429,0.0938519635501395,0.0965135805820136,0.0609701876160532
0.1034681253165774,0.1070062416935294,0.1125686229025348,0.0579172026943726,0.0660370938143656,0.1662710325737527,0.1230015226444119,0.0727562968132189,0.0892221691507752,0.1017516923889941
0.0981470316290868,0.096365130249994,0.1143107693158187,0.0746999018465954,0.0624187561653263,0.1508477510990875,0.0975655881932918,0.172019548049127,0.0698529800098781,0.0637725434342747
0.0954761927469681,0.0887380263573785,0.118318779187549,0.0810212690592486,0.0751732379767438,0.1883217713670827,0.1252646199066287,0.0741885638964951,0.0867018025555256,0.0667957369374167
0.0877452649862126,0.0868595672050143,0.0974282461786403,0.0802955042611946,0.0870709433660322,0.1112238298087487,0.1963810118096347,0.0797211070312564,0.1034529015535339,0.06982162379064
0.0855633126176812,0.0810555528766493,0.1170558950207237,0.0913740220132925,0.0789725004349918,0.1316231791420368,0.0982674980469364,0.0941845988789375,0.1375528868911686,0.0843505540687969
0.071803467883825,0.0693097089686423,0.0916901947263426,0.0678174937253446,0.0801577331070092,0.1649827848058032,0.1633531283055815,0.1053226928946178,0.0976806400654025,0.0878821555094774
0.0815539745777429,0.0855418971570395,0.0983070614243538,0.0898817864996523,0.0920774417892323,0.1257543779325944,0.09012056156174,0.1386957049823683,0.1303782459093835,0.0676889481570851
0.0720124379612471,0.0748527549948545,0.0877350444664634,0.0717675116534295,0.0789018299838148,0.2172746853140507,0.0851869262559779,0.1112645340628696,0.0989732572351986,0.1020310180641949
0.0809419499907889,0.0845549334053766,0.0975514857761194,0.0896770619027547,0.1038965082432109,0.120999300286701,0.1176770248842867,0.1235038360204796,0.1038075315305865,0.0773903679510455
0.0837338093190925,0.0913429589348983,0.0978028394790213,0.1255277384822291,0.1217192181753877,0.1436769657843781,0.0802604060292078,0.1010956347247919,0.0862308658640366,0.0686095631978748
0.0721846371706798,0.0728293139726928,0.0850490349863451,0.1082188387250104,0.1052243991930148,0.1045791565782313,0.1096401158900943,0.0911271567238613,0.1392571778148782,0.1118901689365873
0.0823215520071838,0.0852214751505089,0.1090071968899777,0.1194395897066963,0.1008761893502838,0.0788531148922675,0.0951894990686132,0.1274440612965936,0.0975101118516747,0.1041372097779237
0.1023417624151195,0.1073547612834849,0.1280615650155599,0.0963330579861997,0.1196492338122126,0.0815264498128244,0.0705710290028239,0.1145770583946452,0.0977523920619525,0.0818326902069152
0.0829265770959056,0.0851508828369932,0.1027998802786177,0.0710327893196134,0.0798848687987823,0.0725339096845941,0.0587674694161011,0.138372909037356,0.2425400431875988,0.0659906703377834
0.1068178533111881,0.1122365694968075,0.1165969589341151,0.0807475393717544,0.1104718723971653,0.1027081622466606,0.0999889520430895,0.0767789285841545,0.1243029912618606,0.06935017234543
0.1013252316628307,0.1099849602602232,0.0973182247482137,0.1139108143979455,0.0902196280826678,0.1013252316628307,0.1154431112106077,0.0715338812206589,0.1507965026296064,0.0481424141176868
0.1215480331791713,0.1279504432118336,0.1257913459229396,0.1185931894451966,0.109119241302871,0.0692803379358946,0.0835435143773417,0.0785504369434664,0.0966688619568607,0.0689545957167681
0.0993965357905986,0.1105769781699136,0.0996105852924019,0.1037204814391778,0.106750855494025,0.0862016458926328,0.1278719068877364,0.095270814056739,0.1096888420233694,0.0609113549456323
0.1161863600657695,0.1312512365092314,0.1162900880667285,0.0949340181955993,0.1032179590886438,0.0882424799260619,0.0914376257205504,0.0790348134267643,0.110905193865988,0.0685002251264439
0.1087271113404942,0.1242495507391959,0.1024716754660558,0.1331522006523964,0.0994481715015207,0.0734690343948752,0.0768106888414753,0.0958253133947992,0.1271017278601368,0.0587445258010256
0.1050667618004532,0.1160722376096833,0.0979722985156368,0.0944419736142775,0.0963513269218838,0.0875966914010463,0.1026317431430444,0.0837217940524883,0.1352184526384186,0.0809267202967891
0.1210564390440093,0.1375615520542336,0.1111706752575825,0.1099835838668173,0.0927033601646856,0.0720594060372728,0.0583986071781172,0.067390897251766,0.1485038519481421,0.0811716271913388
0.1028720076083029,0.1141572747990917,0.1026062178586546,0.0921389996598997,0.0948569753041041,0.0608151250609244,0.0791468266990837,0.107030267327778,0.0892631693607814,0.1571131363151503
0.1321038659879826,0.1337689642823847,0.1334854732591067,0.1032527502526616,0.1139578063787715,0.0861750101666624,0.0665641558827554,0.0557193503371297,0.1069775906462882,0.0679950327994556
0.1045372733982316,0.1171654218019995,0.0961778078763277,0.1496143038476875,0.1004623837724903,0.0619418856155966,0.0567825895948781,0.0654585068841812,0.1626186032627516,0.0852412239391565
0.1094414344600803,0.1108475521405514,0.120100958549137,0.1186851705079946,0.1509489383425488,0.099211902929795,0.0676357744013117,0.0694275262364694,0.087089472416461,0.0666112700079365
0.0885415604671729,0.0875070268703098,0.1130201450507667,0.1459337341986306,0.1137936264929595,0.12417384319217,0.0716591579735171,0.0815918027327462,0.1024936484573244,0.0712854545576037
0.1153341325230803,0.1064392391571445,0.1390699828027806,0.1196677984914087,0.1140841750657492,0.0704423538040307,0.0634392152010283,0.0704164343400374,0.0913690994021769,0.1097375692050408
0.1181462828001804,0.1094047775054267,0.1461819364960181,0.1800716773821199,0.1118694386917995,0.0681852365793242,0.0655154102253398,0.0662171141058569,0.0495669428423792,0.084841183364729
0.1143568827201321,0.1059229976635581,0.1263430101575248,0.1216523431614991,0.1878068118006737,0.0753899661032908,0.0534669788104979,0.0547026552599568,0.0417825351161207,0.1185758192007169
0.1388138652671147,0.1190178341530571,0.1402515440515066,0.1768073061333583,0.1131826539298819,0.0556361948695376,0.0568874755945308,0.0561523320357288,0.0498202618791635,0.0934305320799679
0.1373871169818748,0.1175294943962196,0.1428582028973445,0.0971084094078723,0.146966424743637,0.07722856445467,0.0492183707287929,0.0990373462495821,0.0494008930448736,0.0832651770893278
0.1147958877887889,0.1004812635957637,0.1241563521284341,0.0990347902961664,0.0883747686302555,0.0510837912459519,0.0448906306890803,0.0557914087284249,0.1101375630452476,0.2112535438463106
0.1261726685326906,0.10561871189013,0.1442617148319466,0.0967431160955763,0.1237723926469036,0.0560911631477409,0.0574281603602217,0.0564416599729914,0.095248208357241,0.1382222041585371
0.1100962596242383,0.093037317894804,0.1286979730319389,0.1858884347712331,0.1009206798184152,0.0543423924504208,0.0467772816500066,0.0444718491082313,0.0734408880183804,0.1623269236268932
0.0909706924018843,0.0706276727537278,0.1195497148301273,0.1020905290150327,0.150785577689159,0.0415098106705331,0.0464075744598195,0.0662223985529486,0.1143953455454437,0.1974406840763772
0.1185510905499375,0.0874336792073727,0.1439513385341415,0.1469572425865965,0.1248003082312202,0.0489570760284381,0.0454331416396687,0.0833916323212395,0.1070038689537248,0.0935206219421399
0.1165388322981345,0.0783965607451105,0.1359991241135236,0.1960904001289095,0.1045555613617439,0.0403403232116745,0.0421811363189406,0.0435394482682808,0.1552289466385641,0.0871296669101738
0.094537516854944,0.0646874800548472,0.1243400987740121,0.1731303575182075,0.1602344188131513,0.0612260390947178,0.0389884793843742,0.0451681571901748,0.0723074084247429,0.1653800438861475
0.1046818318682504,0.0764863225536115,0.1220240577161603,0.1952429335989115,0.145981732556518,0.0448964128358014,0.0573122557953639,0.0419129635709137,0.0823986422979961,0.1290628472017123
0.1221254065571844,0.0875048569070896,0.1569717467696195,0.1474354986200192,0.1045473238282867,0.0592465224990859,0.0506611784658327,0.0509258905478209,0.1307528358528213,0.0898287399462931
0.1401075936705781,0.1099835204010172,0.1502996281928872,0.110658640956556,0.1396053917776155,0.0444493805096342,0.0484515721507429,0.0563265998465533,0.0731344448489586,0.1269832276395608
0.1587825970316838,0.1368641642901139,0.162343398578514,0.0949245674623976,0.152037423830617,0.0485479116868658,0.0516871745054844,0.0546876188709626,0.0912673827391361,0.0488577609979623
0.1355920226206362,0.1153016458188145,0.1335611654396067,0.1401252090573215,0.2292530160569573,0.0477366504764393,0.0399921778439094,0.0414365557296267,0.0821876603706522,0.0348138965811444
0.1302175337199682,0.1068814305505932,0.1388200188744994,0.1722531648886647,0.1099945200547871,0.0441622692193697,0.0462664304870813,0.0402919096560892,0.1424568851013553,0.0686558374423002
0.1290152084356347,0.1159989121829458,0.1283688011761567,0.1739071456334782,0.1736494394825903,0.0422168211374605,0.0448017102157486,0.0436275485600802,0.082902729576199,0.0655116835945642
0.1211579473431593,0.1097964410078915,0.1449265434708891,0.1475451448181084,0.1652453782442181,0.046570166567205,0.0471519279486307,0.0539340434414555,0.0971058674661328,0.0665665396863391
0.1097797420494898,0.0983576368790368,0.1237475202247329,0.3143511666824635,0.1106041664754111,0.0433551350792502,0.0425458441926463,0.0468497356516737,0.0660702019817193,0.0443388507780916
0.1283344367604652,0.1160775687405709,0.1462390367003192,0.2030125657675418,0.0916671063189641,0.0772018957114193,0.0547990958018018,0.0522607596733565,0.0768293500593765,0.0535781844596595
0.1340157644429118,0.1348338494693086,0.1348338494693086,0.1912576046780702,0.1096593636346818,0.0467007141400437,0.0476341955573494,0.0470171095156498,0.0758571892510173,0.0781903598355267
0.1358650861470501,0.1371314903275185,0.1358650861470501,0.1640917820294663,0.1396128462442543,0.0463321231947072,0.0472894881426669,0.0551079696263304,0.0821971562130234,0.0565069719217346
0.1360019777500086,0.1354425405626603,0.1294795056638776,0.2386603222782723,0.1202192062424163,0.0442496714475627,0.0466717643904052,0.0431124673390106,0.0565741476585772,0.0495883966615093
0.1558802565474356,0.1541623075666272,0.148136078118643,0.1452092527087025,0.1160499719578607,0.0439140403155983,0.0503110332920645,0.0484602166810837,0.0914532262587566,0.0464236165471802
0.1357040374186742,0.1274803852882642,0.1351787653132483,0.1007076248696295,0.1585712070755241,0.0431289436153105,0.0425315679474897,0.0427332574504291,0.1084048906963707,0.1055593203192799
0.1403465432017793,0.1382609175626534,0.1392852484676218,0.1515307161826557,0.110970799114425,0.0537927434744261,0.0465946875704747,0.0461787902821471,0.1020846690222463,0.0709548851155699
0.1406743718818125,0.149655747767311,0.1330555544541677,0.1719789794029468,0.1207900251051531,0.0497242242371074,0.0535442640333872,0.0499091666600151,0.0839604939984527,0.0467071724529688
0.1204139421164402,0.1385317103147866,0.1254371875731307,0.1208318798298161,0.1694401675520108,0.0543274169845036,0.0527861920650493,0.0579896582677704,0.0993035921049534,0.0609382531844211
0.117590574269932,0.1234094496927608,0.1208695820246504,0.1497285699414721,0.1725200822541116,0.0503302909398374,0.0503750127035315,0.0562212631044202,0.0965735271605439,0.0623816479020881
0.1066345434837953,0.1220160659334414,0.104021852622457,0.1934195801589686,0.1166420771598383,0.0548990688493396,0.0611276629866919,0.0546262507850226,0.0959892153451325,0.0906236826680803
0.1059852845039266,0.1204197705729365,0.0873227972986561,0.2766673513421461,0.1098565124881847,0.0492437560743676,0.0519404283401989,0.0534564706591448,0.0987858588066114,0.0463217699071667
0.1100910839982345,0.1389832196867821,0.0830616685589841,0.1819529331217931,0.1186237796565105,0.0532883913103631,0.0530143300059377,0.050586078642694,0.1322100001663365,0.0781885148452382
0.1198073428431035,0.1350671229441604,0.094456795975762,0.1994515896841453,0.1527856982373186,0.0593517235918835,0.0630696826840364,0.0598081116075656,0.0585697624263252,0.0576321699975101
0.1183968815754993,0.1202017190101887,0.1086489291361781,0.1609306597062736,0.1316580768081698,0.0608516418317442,0.0638328578536146,0.0626560370459541,0.1046425237934784,0.068180673230675
0.1231686176313313,0.1223088378192224,0.1149126034361885,0.1610832592266886,0.1220960088215179,0.0614310490400019,0.0673732020619708,0.0676798709319792,0.0942426534086909,0.0657038976136571
0.1022580723634902,0.1014552275054988,0.1008008833010681,0.1975909222431847,0.1259090468654666,0.0611385241872633,0.0593117562332961,0.0643345822308471,0.110680210921634,0.0765207741399573
0.11240690015379,0.1066967473619846,0.1255172522559061,0.1575247637242604,0.1375675594089421,0.0612568919298451,0.0677990336404459,0.0628493709434319,0.1020012076107782,0.0663802729622123
0.116232476810675,0.1127183166631574,0.1273513048862195,0.0976116316684006,0.2037707394708947,0.058577818999279,0.0604545090032018,0.0602396222694804,0.0924646922381982,0.0705788879821334
0.1172189180126134,0.1132674895550419,0.1276317225370056,0.1144529136211322,0.1265784382718242,0.0627759861524695,0.062562331196563,0.0641899453521529,0.1353148177492762,0.0760074375431716
0.1158820788844235,0.1218986389543613,0.1079028591918967,0.105497273901632,0.1143502617322552,0.0654561404992928,0.0636341912054089,0.0665610502903663,0.1672205213238224,0.0715969840075438
0.1112983817249577,0.1184314411815528,0.1174066717140936,0.1545877739628062,0.1714480331792527,0.0576132551082249,0.0555321179620583,0.0544085632950708,0.0891968128319844,0.0700769490323325
0.15024467966359,0.1488994274995427,0.1434017363253716,0.0887847415256628,0.1087082664533932,0.0547933603545968,0.0543444403512531,0.0538279503644744,0.1381472056411339,0.0588481918135088
0.1366683346569369,0.1344002320681613,0.1344002320681613,0.126858212390063,0.0995821583079046,0.0585036431977006,0.0589848803181832,0.0592531191160369,0.1243605052303418,0.066988682638278
0.1219695826433331,0.1227481373130398,0.1193150930542805,0.1368741854365043,0.1033159721928765,0.0608738770926381,0.0625562324452507,0.0596755336395652,0.1368818646451844,0.0757895215287457
0.1094418785866096,0.1270928377547189,0.0973512226860812,0.1375711465647553,0.1409254331059732,0.0667926793455814,0.0649623589118678,0.0667840801153335,0.0977298884179523,0.0913484745019386
0.0846281908822126,0.1000401953186052,0.0801368292344899,0.1074709828780051,0.1291607449791393,0.0654145087910794,0.0624087393212459,0.0618251947598523,0.2469791765040766,0.0619354373223836
0.1003805010263718,0.1156614076639371,0.097258816010793,0.1487615948782925,0.1438380504817524,0.07072825278387,0.0700412968574372,0.069879386265905,0.1095710915767437,0.073879602444835
0.097083510915708,0.1125323167486039,0.0968078505964025,0.1481139504567635,0.1211782762253393,0.0784953037003508,0.0773419854049409,0.0776769211494112,0.1090286786666018,0.081741206124875
0.102361696324848,0.1218520147902843,0.1064928127987492,0.1268586152519797,0.1052376409370696,0.0722111765935723,0.0682506731368348,0.0685722687116857,0.1518836817341129,0.0762794197111189
0.1080854748892291,0.1198972266372143,0.1109844290614058,0.1105024201744346,0.1002724772625165,0.0645315250908387,0.0639616033875748,0.0631169950367182,0.1845923361827139,0.0740555122682578
0.1194599333393127,0.1272827475068851,0.1329887422055499,0.1047803799579946,0.1071396988613846,0.0746936607550673,0.0757393287442775,0.0741897044723146,0.1088959550746142,0.0748298490719139
0.1128729620455591,0.1159101282386167,0.1390631678739818,0.0966298224061999,0.106829828939473,0.0828982441830746,0.0794590456288325,0.0789469950471893,0.1019127944023871,0.0854770112233476
0.1097603704127205,0.1149432488095518,0.1227511645914431,0.0987164255864835,0.1091793922220604,0.0745572807125326,0.074491844736219,0.0819744054284346,0.1157557548887418,0.0978701126011335
0.1082057145623553,0.1209197248040776,0.1153121351079742,0.1047281584543324,0.1012380128795925,0.074423606998143,0.0748231857657064,0.0747362966825433,0.1511563321678745,0.0744568325666608
0.1144060152192984,0.1224496473007887,0.1303989797438149,0.1103488094972776,0.0942557538253467,0.0825628815921572,0.0826221971372468,0.0831033126279017,0.0944392706656498,0.0854131323786912
0.1227021739341028,0.1284450337191301,0.1333192661320029,0.1080432920630452,0.1016521457194257,0.0793536958129414,0.0816847219895089,0.0795221029622881,0.079831894183861,0.0854456734723167
0.1233245895264312,0.1279556375596665,0.1291540275637411,0.0810634663728329,0.076924298540763,0.0702490887626084,0.0695987625818283,0.0715753633056218,0.1138766506328073,0.1362781151436574
0.1470223148190144,0.1748899290744694,0.1307162104564482,0.0815049118477183,0.0788027698537213,0.0710671464546289,0.0695772093338282,0.0699291745958475,0.0932056806931774,0.0832846528611164
0.1227462492986291,0.1272349637471379,0.1314835188024342,0.0650227159071932,0.0689616424741935,0.0652508824349698,0.0681305492049864,0.0663384699569678,0.1421908051719155,0.1426402029921892
0.1282794410313778,0.1303553844975774,0.1255851869622027,0.0870983414572101,0.0915836612635259,0.0724801732048078,0.0723430000054505,0.0731942926574505,0.105815169962192,0.1132653489477669
0.1479832044227637,0.1458389265787559,0.1445763515069932,0.0751767298697037,0.0987434433189425,0.0752343517245029,0.0804584101617269,0.0751547490788902,0.0784181607613501,0.0784156725655287
0.1446823937032353,0.138030818351226,0.1531070870909381,0.0780237402371167,0.0763116683768293,0.0719190276582413,0.0827852378819738,0.071739749383348,0.0941113680436096,0.0892889092631384
0.1502843068322177,0.1314199716021216,0.1746553482633852,0.0698759681698834,0.0697242833250037,0.0697211668902902,0.0697222798805251,0.0786737348377887,0.0960834470764137,0.0898394931123093
0.150946155050179,0.1316304161488964,0.1831226659752758,0.0849909894114727,0.0731191497305566,0.0732599899624578,0.0730314873037072,0.0754840689316606,0.0736344400092733,0.080780637465987
0.1476843491495011,0.1180779933672999,0.1804153198637625,0.0684543927207921,0.0631960534460141,0.0631998136781135,0.0632898331515216,0.0637396505826164,0.1298312054160595,0.1021113886152048
0.1568150024256112,0.1185728327880964,0.1903452882376862,0.0623869796420029,0.0703271513426603,0.0600225458618029,0.0599879913494826,0.0616317110852034,0.1492834159327961,0.070627081326028
0.1360694634467828,0.1184311817863524,0.1847843650439669,0.0716903359130803,0.0754770536486695,0.0771328794047654,0.0716493906494145,0.0837212334528329,0.1102225069737629,0.0708215896701522
0.1222431339518168,0.0990575019670639,0.176534960514178,0.0664798285869158,0.0699881255154179,0.0858067937604719,0.0750344640108371,0.0731938668634441,0.1347785711073282,0.096882753712994
0.1204777077253653,0.0971108559886945,0.1704181431024097,0.0777256254538715,0.0776188522473561,0.0900161264462106,0.0891231419977946,0.0797823552455421,0.0777274289508204,0.1199997628307365
0.1233070280596639,0.0999558875460915,0.1515911796393731,0.0782406213699518,0.0773221846476863,0.0853797562749274,0.0856658147918818,0.0768234525765136,0.1445570506222849,0.0771570244606018
0.1147280079620665,0.0991528368965105,0.138839447036556,0.0784924938057299,0.0783321769168408,0.0782948788755121,0.0960136578233481,0.0875865039382151,0.1241358135053115,0.1044241832286115
0.1027741663733305,0.0936533946935948,0.1159005555117253,0.0700279592909532,0.0708726995621702,0.076674047910209,0.0833959732868994,0.0851795727273061,0.2275003778618483,0.074021252771973
0.1218973266135703,0.1158901802994958,0.1218973266135703,0.0840987900350781,0.0847673618577554,0.094609722716564,0.0966575524476376,0.095606552009703,0.0870948648660185,0.0974803225285134
0.1149217905785284,0.1167441962380125,0.1041466661833044,0.0787141158106219,0.0797888535141662,0.0847993488649429,0.1036959341482382,0.0927963336038694,0.1446711492652944,0.0797216117817095
0.1020560489962194,0.1051666218618141,0.0968367273053658,0.0830534962987838,0.0837650686660924,0.0916381718189476,0.0874739821604861,0.0962283323093187,0.1296071568923636,0.1241743936789001
0.1109392686196083,0.0972621115519624,0.1231238526970044,0.0873144430427163,0.0902818159097055,0.0924914395883118,0.0895859261645298,0.0912504230079677,0.1035772760376798,0.1141734433681876
0.0982563885038187,0.08930942284414,0.0961447615686524,0.0695702443271545,0.0680222402542698,0.0800930800623408,0.0973442545804495,0.0675450528314931,0.1197378999659282,0.2139766550520218
