0.128793464277154,0.0787107280073543,0.1260471874591998,0.0828504002689711,0.0849447739253096,0.0815489772847832,0.0785269391107636,0.0862531357616722,0.1692713554161588,0.083053038477306
0.137315989507179,0.0867954643535379,0.1349762014170135,0.0907425722378598,0.0857501421735844,0.0856237110064251,0.0855541417432546,0.0858416856222103,0.1213847296844721,0.0860153622421189
0.1251744913205203,0.0865855972697022,0.1240346736958871,0.0845279117400723,0.0906996716602749,0.0845348210367019,0.0887663689192217,0.0867284245094437,0.1329307525654008,0.0960172872705777
0.1274871780870898,0.0843527046889705,0.1218682418742918,0.0904777977782996,0.0819421496634489,0.0818294607436159,0.0818548534882337,0.0919688391412016,0.1543471531512724,0.0838716213717704
0.1355624454231696,0.0833781802180096,0.1153315347170118,0.0848236564175344,0.0842380028062416,0.0833781802180096,0.0837276519646617,0.0857749531017151,0.1402582380351965,0.1035271570864339
0.1530136694625359,0.1026383626578682,0.1193869176346593,0.081513603356392,0.0812737308298273,0.0814511930408457,0.0829115215243949,0.0952086688496072,0.1033490535789045,0.0992532790532456
0.1523835213293228,0.1059625718848576,0.1101225274148486,0.0770111465892677,0.0771153536223082,0.0775597856502947,0.0764887168632023,0.0775911338054364,0.1503460931170965,0.0954191497123433
0.1505074202783073,0.0989626380413807,0.1108672487648322,0.0807168422549804,0.0801630823468538,0.087772342277097,0.0793116289524811,0.0882411547185237,0.1202529830338118,0.1032046593202926
0.1591448836147392,0.1187872344076762,0.111830213983889,0.0809360791951663,0.0821520591954496,0.079924271927605,0.0888765902918175,0.0793840054987459,0.1196623556077408,0.0793023062657273
0.1463340853507117,0.1166877007388065,0.1030335883594992,0.0778308548231786,0.0735354323848568,0.0733694368103567,0.0733516759508295,0.0742798161917158,0.1609475417411322,0.1006298676384074
0.1640626380746321,0.1327470271590149,0.110383417585063,0.0798429501682619,0.0809020208518902,0.0792521624693682,0.0787577209317272,0.0781092766064219,0.085918961590374,0.110023824552028
0.1419791906912964,0.1081204477855585,0.0977554533815973,0.0767469608827803,0.0753712643520456,0.0724107694122674,0.0738054050219651,0.0726027098124127,0.1270121279292287,0.1541956707204052
0.1652010249950033,0.1302897811700899,0.1112378736174739,0.0814793236068293,0.0809387637679442,0.0753507061869973,0.0750326729342468,0.0764016990288031,0.1092153678879194,0.0948527867938662
0.1520678480284038,0.1174713405747087,0.1050382550759774,0.0804608195316785,0.0797140347676866,0.0771088420990689,0.0773875851369555,0.0780877016171538,0.1181460127553893,0.1145175604018925
0.1667792366650294,0.1271225702124681,0.1063934407427101,0.0790106083726089,0.0778357687389943,0.0761626768143582,0.0778034018497869,0.0766179357414661,0.1118711363507382,0.1004032245009633
0.1851587654097118,0.1401902419657433,0.1189254509453921,0.0736715044373493,0.0722087131086083,0.0692293021443601,0.0685314565557487,0.0714460485123492,0.1199526765662844,0.0806858403445807
0.1764487635196184,0.1292901962423508,0.1194725409220169,0.0773544382323719,0.0776620713687916,0.0776554481090809,0.0762663421869087,0.0763017372792513,0.1135303105436733,0.0760181515850994
0.1834851169879827,0.1259433270093009,0.1281495395810478,0.0759327600917877,0.0782103285693606,0.0716386572957135,0.0707357389963981,0.0708433309748118,0.0751887453308322,0.1198724551527549
0.1727120242636219,0.116386441369672,0.1367794137207418,0.0778575622509484,0.0770358765392192,0.0707894315640089,0.0693441758778934,0.071658070723757,0.0926878527991419,0.1147491508810079
0.1752525428554344,0.1361210756624708,0.1289553285714396,0.0820421803412201,0.0794817584254474,0.0702489803426334,0.0702379813370055,0.0704881931535264,0.0931308635169995,0.0940410957837331
0.1758484661003996,0.1293724875315834,0.1434727473446898,0.0759572384978849,0.0761679632590694,0.0660825885673361,0.0642014721298042,0.0645943931473849,0.0953501723677439,0.1089524710449753
0.1558108340548543,0.1084962841622722,0.1365820936783149,0.0849927008068006,0.0847578411903918,0.0779924322137146,0.0752660852503708,0.0736305277406768,0.1176834467663302,0.0847877541256665
0.1456495626024549,0.0837864739731821,0.1319712255222931,0.0822106934045478,0.0855087088106797,0.0764512397410634,0.0739424062438862,0.0740650532552546,0.0730030496788052,0.1734115867573273
0.1728653004793879,0.1182215745681373,0.1310918117059168,0.0913299966570346,0.0761212221710416,0.0769738159160308,0.075363774603492,0.0763175460098431,0.0994510342832504,0.0822639235957318
0.1816852455033547,0.1399771329669573,0.1224166073204923,0.0859643146164599,0.0862608421719597,0.0761378998586577,0.0836732621273641,0.0754404653113512,0.0757318661430547,0.072712363969856
0.1643434496736665,0.1342500876217402,0.1056034004542267,0.0869044932535967,0.0976766327091702,0.0739424789361126,0.0739673318438607,0.0780304431648948,0.0731932579042897,0.1120884244281124
0.1800807372051143,0.1526156783323478,0.1120362695171452,0.088640394991146,0.082074077106684,0.0721801844477883,0.0725309350525413,0.0712132787880621,0.0904368083739644,0.0781916361752417
0.1542729507206996,0.1374331144263738,0.0988367373738022,0.0896119354688285,0.094389361407152,0.0792955297548529,0.0767512670887547,0.0772183946901667,0.0733624035824956,0.1188283054763841
0.1542581338292761,0.1367360741920009,0.0975270604742346,0.0919381336272751,0.0786402878806885,0.0736814735249587,0.0759458048750889,0.0740023740512131,0.0746284485929309,0.1426422089420161
0.1552242715176378,0.1500361266140341,0.1022301989792778,0.0867863322056874,0.0945220646810501,0.081260922994808,0.0868747390667115,0.0848728493298786,0.0791002775476279,0.0790922170518744
0.1442690212764082,0.122776363021954,0.0936952224108398,0.0872645334223443,0.1432548920362422,0.0689100271466997,0.0701414607230822,0.0701861322104694,0.0930329014375263,0.1064694463046871
0.1255735470292598,0.114553108713082,0.0932495202129006,0.0985253535279928,0.0937426277734556,0.0813136953443807,0.0859693100947237,0.077841147205881,0.1516844843793435,0.0775472057080219
0.1273797171357235,0.1016952241107241,0.1002018603659586,0.1067085156042294,0.0919990111311457,0.0800804647916485,0.0798483498933446,0.0825011708747946,0.1536266703447615,0.075959015736722
0.1475925323421052,0.1265163790246137,0.1076865194432245,0.1113934894443868,0.0910250041432915,0.0822240584979927,0.0888620294768381,0.0815118624070977,0.086083087474431,0.0771050377349039
0.1460794546449687,0.1068487975275004,0.1163972577932495,0.0888794545980694,0.1078130076716434,0.0761590476279065,0.0721161244809124,0.0780422689501101,0.0772403470157016,0.1304242396799334
0.1558357003779547,0.1220183012318685,0.1126482915364101,0.0916319924005723,0.0933806742105048,0.0740844441261026,0.0735382775040083,0.0739643188818857,0.0672908240315134,0.1356071756894742
0.1512348352590612,0.1233885512739036,0.1128880116987747,0.0983999728692244,0.1165624476671368,0.0847665515269512,0.0825369338541193,0.0795033287825154,0.0736072928550853,0.0771120742026157
0.1407175559353746,0.1167618748463215,0.1031228346210499,0.1066120055966092,0.0985039877668754,0.0832098833465091,0.0863378694761501,0.0769740608508451,0.1042086521451561,0.0835512754045772
0.119132566142142,0.1052498287927953,0.0873920791370964,0.105473015209192,0.1796182474801196,0.0664255530107798,0.0748068353120052,0.0673460703765766,0.0839297932096045,0.1106260113206059
0.0990138364271315,0.0867863305086279,0.0749555242836561,0.1967864854646829,0.1258580426055678,0.0686297517488325,0.068608686077284,0.0654311251399933,0.0637567854977253,0.1501734322375676
0.1317393046285262,0.1260298807669422,0.0907684447020409,0.0927768883902436,0.0938813404460119,0.0826145641602657,0.0768757820336115,0.0779931675479879,0.0733245935180226,0.1539960337960313
0.1251498819132667,0.1216560829703023,0.0890268869853181,0.0993438965390896,0.1180448885281321,0.0790062445812728,0.0742822251864208,0.0777373364147905,0.0919681182737632,0.1237844385976406
0.1344987359912871,0.1304063736792503,0.0924819381239603,0.1166645497012367,0.111583508041656,0.0853122397463689,0.0793500770754419,0.0775957080173038,0.077428584106826,0.0946782855063554
0.1010705837452811,0.0939532890963301,0.0767984777399988,0.122942423583996,0.0890454984974946,0.0751698292188067,0.0903857829991148,0.0741575583778877,0.0733492830293517,0.2031272737018606
0.069628879816894,0.0647372791944134,0.0636063786360494,0.1229050779575236,0.2954320718636503,0.0649722168378044,0.0666942344157556,0.0692320517096834,0.0614102739482567,0.1213815356111622
0.0855048879300816,0.0777455835141437,0.0698589575996745,0.1116746966018351,0.1429418389212694,0.072627885485921,0.0747268907107879,0.0728545499040461,0.0949307308125656,0.1971339785101481
0.0988184377269303,0.0893604647647568,0.0686990208737698,0.1286093693094246,0.1514617978435176,0.071814133530476,0.0731255269449329,0.0682917902118363,0.0808317157439561,0.1689877430416695
0.1038496709471478,0.0975197877221514,0.0685457121813774,0.1468397510699736,0.1492291662935608,0.0678010669595785,0.0745403769719812,0.0794390531736823,0.0958019143188085,0.1164335003529195
0.1061739705133944,0.096611124957653,0.0805636496933846,0.1128995741863201,0.1117125937589879,0.084846064116132,0.0928348866791067,0.0846904280955295,0.0880990431227499,0.1415686648657024
0.0807792114192079,0.0776719063873079,0.0542149909154997,0.2337842517641195,0.2043384410352489,0.0609339864275597,0.0616352089061726,0.0549453105468918,0.077721309228075,0.0939753833626361
0.0663130355023111,0.0662617985849717,0.06663417287157,0.1026876518739287,0.1770924022398015,0.0795929432724865,0.0783343098609377,0.0744946019800361,0.078413407966062,0.2101756758383352
0.0666967866993225,0.068650790323585,0.0680136459796765,0.134456073059931,0.1550996525063526,0.0731970752608912,0.0786828730367687,0.0838831977065112,0.1071977651620212,0.1641221402553188
0.0735225786846984,0.0791405177789881,0.0724160590114295,0.0910979046321116,0.1250270531793215,0.0834298396888564,0.0846015862629711,0.0857499243189449,0.1247801583932424,0.1802343780389951
0.0610330644798606,0.0609047883745498,0.0625097273295803,0.1395665966382842,0.1215280755128571,0.0768688577988003,0.0771059741589791,0.0690321360075315,0.0782694267132901,0.2531813529776008
0.0737673842751209,0.0747363831567406,0.0734322384676659,0.1231548291556,0.1026973666880573,0.0855012354160864,0.095121111717081,0.0852214983397183,0.1157386638709822,0.1706292889024015
0.0665569098246718,0.069017526874215,0.0643936963226761,0.0938479370442386,0.0979884953605337,0.0940804515069521,0.073503021100841,0.074326239928815,0.0822889033109006,0.2839968187169338
0.0678200717710209,0.0686012803344195,0.0683315011163635,0.0943109683558419,0.127700624766382,0.0944002137431273,0.073331252796384,0.0883009670289144,0.0795296646731923,0.2376734554045983
0.0590015580896228,0.0597548652126597,0.0600158891588154,0.1178655211775932,0.1435160265977149,0.0717310789649988,0.1043012412244672,0.0976433589177726,0.1018448514000185,0.1843256092478276
0.0667649216984674,0.068333474384003,0.065669359738785,0.1115425095450757,0.1448790715738392,0.0794206590099553,0.0747031864916517,0.09031994950426,0.0957296246996323,0.2026372433448733
0.0771674307168063,0.0779857214966185,0.0880524697872523,0.1124468147860547,0.1120876357516282,0.0885610558026353,0.0892388309009064,0.1061373681760634,0.1390746864055115,0.10924798616613
0.0699017738088391,0.0675807035940675,0.0954175256717304,0.0902431395413778,0.1087949746102413,0.0954445211381882,0.0817363336273375,0.1235683429366347,0.1134936760664826,0.1538190089954326
0.0614922715538573,0.0560314613932269,0.1043256960592125,0.1722921597080584,0.1021407165481134,0.0789404537431856,0.0658105998372801,0.0959155619697304,0.0878785959969209,0.1751724831825001
0.074563548235916,0.0662975810495307,0.1380093021125149,0.1568329470624833,0.1159397445680866,0.0827601671250111,0.0764782676530732,0.081634299922418,0.1036386631671852,0.1038454790943023
0.0695477794183772,0.0622728281853578,0.1226970679354837,0.0731499576137746,0.1378892271988747,0.1313522073676486,0.0903272658664083,0.0762974345540572,0.0860990908807713,0.1503671409703234
0.0728300251406176,0.0581015323291996,0.155602569149277,0.0927362657325902,0.0832834644206903,0.1014553890124451,0.0862758295114935,0.0748629219363699,0.110947774757208,0.1639042280020233
0.0645243114405181,0.0584432447493845,0.1342143142773312,0.0745466222381855,0.101173576923543,0.0828294488082161,0.1697119663941062,0.1002778982413809,0.1134955472294383,0.1007830696897024
0.0690841951190878,0.072798197672331,0.1476362058126617,0.0816906333964408,0.1637589147102651,0.1065485143628791,0.093861556601054,0.0800111705217422,0.1033016584217521,0.0813089533727267
0.0721630595658118,0.0667207492428208,0.1311491339257682,0.0835913603919406,0.1438661081246364,0.094083948618486,0.0950719763511267,0.0878287920792801,0.1078660723445492,0.1176587993459528
0.0666664371067109,0.0657209587727568,0.1105376356266865,0.0961747041102808,0.1151848545743745,0.1338180877549948,0.1009412893885002,0.1038726329970688,0.0768028197576409,0.1302805799019375
0.0641162730677023,0.085131875705186,0.1007752673972375,0.0903370625386468,0.1037634760189755,0.0925706663299894,0.1195671286820197,0.1181188667191838,0.0887084817703357,0.1369109017615183
0.0722725735461513,0.0699527738424561,0.1093523324829439,0.104757641505481,0.1060979282441479,0.0843956168246408,0.1564150674646607,0.0910673285771204,0.1054211578716838,0.1002675796306365
0.072744635614895,0.0802338810357868,0.0962773175911552,0.0866949599466334,0.0906344471948623,0.0955676458401847,0.0938002602439227,0.137246458416906,0.1464196360091808,0.1003807580960321
0.0596439134062386,0.0679039422259481,0.0795202447172753,0.0872813655318405,0.082624084050236,0.0846829350952329,0.1714661351943494,0.0982722039702167,0.0605299881835723,0.2080751876164949
0.0680502608615145,0.0753600222832814,0.0839911882820457,0.0848795702446145,0.0795529759141627,0.12193849035797,0.1223315199055673,0.1187484855780767,0.0774482960095289,0.1676991905534201
0.0684680505216288,0.0800319883535586,0.0745045670509406,0.0858063115020551,0.0759999740313634,0.1549365922004585,0.118343274600169,0.0921252496914916,0.1046724440027858,0.1451115480362627
0.0816965083016135,0.0926729148825365,0.0784259150955808,0.0789072999034833,0.0844349781164894,0.1627092799270813,0.1059928775680036,0.0885773448809243,0.0728563779287081,0.1537265033854469
0.0831162694325629,0.1064681677089159,0.0655388503496627,0.0834440650601383,0.1277233987009478,0.093008674913982,0.0866784370502704,0.1132452649865846,0.1002226563332339,0.1405542154547407
0.093167228647755,0.1142783589644588,0.0718714712980842,0.0874194729214415,0.0784067504129447,0.1244053123508987,0.1081645156695403,0.1077960755287155,0.0881720078614095,0.1263188063344973
0.0699527368068385,0.0941743257179,0.0721612189939645,0.076031783012838,0.0729502925606502,0.1348054489269558,0.1301646376717154,0.1068804850336863,0.0783594886279721,0.1645195826384003
0.0729462574128797,0.0955016969276794,0.0961758880406931,0.0812550702771595,0.0788979028599024,0.0879170027898122,0.1443983934899859,0.1335116147074213,0.1049281009773536,0.1044680725065898
0.0786684845934404,0.0929795488189744,0.0968138188233671,0.0956029114159188,0.0849263761352885,0.1058242822926815,0.1207562887005616,0.0947885112009545,0.0866534585271907,0.1429863194803013
0.0644077604326277,0.0694657131213935,0.062589500660515,0.0689540624461084,0.0670818381416257,0.2015349564782128,0.125573702091552,0.1171675432930206,0.0696179264668306,0.1536069968592975
0.0695656522856933,0.0850438832926171,0.0687812653990955,0.0653904225929451,0.0669571443385684,0.1785558759629989,0.1775396122995554,0.1163575624230541,0.0985410185747758,0.0732675628219736
0.0879984826909348,0.0966408902409622,0.070162916172895,0.0741725818661207,0.0786200755410719,0.0921693652320751,0.1559453976473119,0.1137068085275924,0.1235465765875307,0.1070369054834048
0.0664975689333057,0.0749077700188753,0.0686717640679412,0.0674472625914214,0.0689271492991934,0.1198009779635496,0.1470767650707231,0.1456362392100704,0.1163479924913636,0.1246865103445306
0.0667575374399833,0.0641342266941405,0.0984567919885871,0.0641992133404548,0.0720097014965521,0.0999161220180889,0.1313453387424774,0.124897028051776,0.0977519017440731,0.1805321384746988
0.0741191036332224,0.070000917873205,0.1131221111850453,0.072069691972754,0.0721987872935025,0.1093609972513463,0.1046598331659275,0.1084297872658277,0.0824965910033547,0.193542179345821
0.0622279212751108,0.056782675757842,0.1079278167761743,0.0593578899978142,0.058165561962859,0.1737520158722878,0.0754146978635261,0.1880938399677157,0.083424544627562,0.1348530358910708
0.0620144910234351,0.0567978816464988,0.0958626241808983,0.0536595688006813,0.0561966927917319,0.2016706970664826,0.1563279119624903,0.1246349732924336,0.1021522318539085,0.0906829273739069
0.0653917992755217,0.061144893499489,0.0945691857003624,0.0608700177952848,0.0590452556449744,0.2010705924064098,0.179783411559679,0.1003154502814575,0.0960818469719883,0.0817275468564598
0.0784933510333927,0.0727149840891856,0.1168406338056732,0.0733469727294918,0.0734847952848616,0.1017517830227931,0.1078748731719925,0.0973483330691354,0.1910803730681624,0.0870639007151003
0.0766849869183174,0.0727477824583053,0.1011302819146238,0.0715570211930756,0.071492790270831,0.0967205303299425,0.097931904008022,0.1742540320608591,0.1347719602808994,0.1027087105551159
0.0678392630495063,0.0671973717449863,0.0756066782162592,0.0676076833379703,0.0685390136005505,0.1499889990843018,0.1204492842925144,0.1532797642431492,0.1574589485668202,0.0720329938542696
0.0639385370521947,0.070063716820615,0.0739960575933148,0.0647654675132512,0.0640584712412634,0.1755627300668598,0.1904911542874957,0.1120851115715387,0.1053165215104588,0.0797222323337923
0.0702461178398709,0.0836800754195835,0.0803845416101554,0.065696193737467,0.0652112975103486,0.1112215055157827,0.1044987579051258,0.1196184012752173,0.1674319713427119,0.1320111378343297
0.0761098488280075,0.0889709663461482,0.0643099599634808,0.0619551521128889,0.0633158212981867,0.147987504991935,0.0855856613604408,0.1387234646255806,0.1306892532393526,0.1423523672251284
0.0627220837166608,0.0653217296751289,0.0803098552383282,0.0626893514492423,0.0639028943482655,0.2020424518684708,0.081943738942707,0.1273631592597967,0.1436611980680085,0.1100435374243598
0.0745286048188021,0.0827235801892101,0.0734712956155128,0.0645718295184077,0.063698201876618,0.1916807494796663,0.1053509136636723,0.1313106384265444,0.1496994873144893,0.0629646990879923
0.0677099100197024,0.0752817211657503,0.0853453753701002,0.0747107988915271,0.0681219363193456,0.1425052929562433,0.1325733509692532,0.1003477967516473,0.168596510104095,0.0848073074425726
0.0597126852638614,0.0593103205317989,0.0825740984077941,0.0636479551286894,0.0589599005493739,0.2028449803045476,0.1273841593775729,0.1221872990960058,0.1174711245038828,0.1059074768279694
0.063258625958499,0.0626909440937368,0.092054646061977,0.0630590681354524,0.0677873053476903,0.1487630112065396,0.1336883563470974,0.1695276325568829,0.1319435366873088,0.0672268735957694
0.0666297175257714,0.0718403519941957,0.0750680397789922,0.0660944323242606,0.0631446756839705,0.1198733396781211,0.2072768524247097,0.1203264594915804,0.120099218741466,0.0896469123479684
0.0651480469655335,0.0708349812509666,0.0850481316941738,0.0700796303902267,0.071079067524015,0.1537803153862857,0.1383579017096626,0.1162390854839083,0.1588684985287112,0.0705643410571174
0.0646431845108765,0.0646786133223501,0.081129328545753,0.0678962146421401,0.0651134432552369,0.1390842327291595,0.1206655688021798,0.1204549094249319,0.169864990651722,0.1064695141063277
0.0725175775145774,0.0710190909725869,0.1078661789698979,0.0824736787716997,0.0790411563807365,0.113006189211564,0.1356394188989935,0.0898688080271618,0.1547800074367845,0.0937878938060608
0.0679260773227676,0.068231281382268,0.0830657791251841,0.083500122250588,0.0808623764964984,0.1154649330848606,0.1044293914256817,0.1754016505900398,0.1487649717079826,0.0723534166044771
0.0582094308123732,0.0577165437877197,0.0724765414339543,0.0692895217581572,0.0656786427342502,0.1436452161232113,0.1455083735840899,0.1238029097583402,0.1425697612763742,0.1211030587234693
0.0601021459030088,0.0600216542619322,0.0773585388294465,0.0797420495104662,0.0844680303797672,0.1032409628952795,0.1543883009933038,0.1503715783350731,0.1678568477034907,0.0624498911796573
0.0641221680803061,0.0636690599210666,0.0668150743627443,0.0855391767905016,0.0866523793314091,0.093526564303886,0.1480028294011784,0.1337028870649397,0.1569187051189972,0.1010511556157899
0.0670784070420285,0.0645823322575,0.0645244238159037,0.0726392339098058,0.0860074584657243,0.1101951696701051,0.1260486586708622,0.1700380643046095,0.1424567146729678,0.0964295371811864
0.0544311567059222,0.0542771979614484,0.0691114596328114,0.0716410676089667,0.0754708909209096,0.1216173819420206,0.1628871772368092,0.1355032728839508,0.1371373917530482,0.1179230033463118
0.0734433587846241,0.0697786020450335,0.1141589401143683,0.0917553362379714,0.0846954760856571,0.1199435096901848,0.0891618266150486,0.1249975699378452,0.1513106636508467,0.080754716829323
0.0633002660065689,0.06067983474631,0.0865846554101452,0.0739028878219946,0.0702506228305845,0.0861512979210282,0.2242677634658118,0.1205349605580245,0.1445962914060743,0.0697314198256305
0.0709307328574604,0.0649375712097039,0.1184758660301125,0.0742877286274843,0.0710632448161674,0.1138542519457431,0.1284934540302393,0.1465328654891655,0.1519877074778608,0.059436577508209
0.0667575715954524,0.058849628106441,0.1240606878150286,0.0695097384245944,0.080041527740361,0.115285239232426,0.1473887181830404,0.1696433606378204,0.1151739123487278,0.0532896159089496
0.0709183506060483,0.0679674129066983,0.1036452711830701,0.1057807191259383,0.0770496149043496,0.1465733828672734,0.1391156054803706,0.0809709603089909,0.1523607441933064,0.0556179384160309
0.0823116745791694,0.0772519986910437,0.1164606505240306,0.0918411663805873,0.0960689973153847,0.1409762584970206,0.1102188656639582,0.0865320514702039,0.1345703160831388,0.0637680207863634
0.0772691653420475,0.0746200922993421,0.1012399474842645,0.0798845232428882,0.0974053505966751,0.1315083032156566,0.1354696143011984,0.0803941649339554,0.1573331831362903,0.0648756554393604
0.0704935311656742,0.069203688636914,0.0925381824799089,0.1020411423343311,0.0884204709396579,0.0902786190182475,0.1273812981674793,0.1258343697247332,0.1723371362312845,0.0614715612943163
0.0784324832270611,0.0776526032811193,0.0927625339230993,0.0922486158560551,0.0981186008995478,0.1300009271739464,0.098235506367528,0.1167070992099895,0.1571024960586644,0.058739133994569
0.0848842645944452,0.0875337056317859,0.0983478976415571,0.0886997885737579,0.1069459916517576,0.1007778457384365,0.1542022142123969,0.0759155552322604,0.144926794435694,0.0577659422795847
0.0919109675434126,0.0915843890324505,0.1255038404987817,0.0936624328707604,0.1030639842114024,0.1309485213673594,0.0659117325662443,0.0697305056592553,0.1674328937480705,0.060250732494195
0.0951121125193858,0.1022836326241061,0.1105645865910756,0.1017716558749103,0.0951948892122886,0.1052686145591223,0.0698997900486914,0.0813180766627816,0.1802499170392262,0.0583367248604183
0.0941911372983371,0.0965075000164589,0.1259730698158959,0.0917340705965792,0.090832929843577,0.0930968193937291,0.0984971304301347,0.0915275999353872,0.1581517276613116,0.0594880150013593
0.0910743184019679,0.1002852532817283,0.1072149318939909,0.0903707051281248,0.0937290511957226,0.0935329242634602,0.0931899575545143,0.1150973481332167,0.1606807531846841,0.0548247569550071
0.0954121904345335,0.1069314747090119,0.1099296703844253,0.1452860332330553,0.0933898002344713,0.0669051985947854,0.0806414567807042,0.0648905652378867,0.1691970281668283,0.0674165822165259
0.0901285601339699,0.1055487214460274,0.0978604384114184,0.1250613974030456,0.1287500787883575,0.0996816627723606,0.0686754846872531,0.0720733889092204,0.1505670488098378,0.0616532186312837
0.091131343567719,0.1024261673615897,0.1070535068777274,0.1337530317042177,0.1119662710012372,0.0710933032186381,0.0897272180504069,0.0836872381118642,0.154627280335809,0.0545346397631652
0.0825384073768192,0.0862457895089812,0.1029190076755479,0.1016763105998409,0.1478035352729076,0.1152694655330465,0.080909469337281,0.0737284404726415,0.1420938465778705,0.0668157276377095
0.083501193476758,0.0872641030070507,0.0995335612692569,0.1449481582327962,0.1248686187074653,0.069469046683457,0.0705533351303219,0.1039343451061737,0.1555311751530179,0.0603964632261632
0.0767622503543899,0.080932738046593,0.0843883624546961,0.0978324675689492,0.1161882246903254,0.0930034028363955,0.1688242054580891,0.1002948659570081,0.1361317369835253,0.0456417456434426
0.1007282457723674,0.1010758836289544,0.1149109308003388,0.1254839865081042,0.1401411546014545,0.0672985942350462,0.0690553219166763,0.0759770532692929,0.149176231344414,0.0561525979154968
0.0855619997127154,0.0910609226688732,0.0913989193453309,0.1311284061329374,0.1061165921643163,0.156226076889205,0.0767051938106061,0.060749834533169,0.1273717463128077,0.0736803084233634
0.0955662809515012,0.1019055790363056,0.0979440627371503,0.1177047255535801,0.1179178287958848,0.0868587615477003,0.0649503949871292,0.1235429215513456,0.1369441407573148,0.0566653040754762
0.1070062732415269,0.1098599980078504,0.1161063212566368,0.1753205985629117,0.1456332429952436,0.0649191087292905,0.060750686870309,0.0571787876844098,0.1176532583410358,0.0455717243043723
0.1075833598387875,0.1150299784147862,0.1175392597606096,0.1337085821641843,0.1604937668860496,0.0589966833172615,0.0542192690576321,0.0580920516473126,0.1397762693266132,0.054560779580268
0.0964586248174144,0.1073878049614891,0.0992757040154281,0.1883586961107099,0.0845695044707168,0.0943174798741818,0.0772027071172693,0.0610987410358699,0.1345297666081716,0.0568009709828475
0.0967019130674524,0.1093410881938732,0.093375293607798,0.1484244831519669,0.1555292027728713,0.0590782492588047,0.0645358532679835,0.0682892155988077,0.142831247571414,0.0618934535022586
0.1014391998293333,0.1116254720154944,0.1042046109231821,0.1539348214388856,0.1394975167400247,0.0683324034167043,0.0885494370390851,0.0639812095141074,0.121725717795461,0.0467096112813032
0.0917108447329787,0.1023382832247052,0.0840840347019521,0.2218924413435299,0.1486184709758116,0.0624742628209837,0.0614804856082551,0.0587050142432134,0.1118337915229335,0.0568623708192212
0.1023574807104886,0.1131161526154102,0.1034959243722713,0.1257891738957476,0.1482039625129011,0.063445054447297,0.0656702107469949,0.0567250897825872,0.1618175441670089,0.0593794067424213
0.0929253004668016,0.1036232740652497,0.0927709332440212,0.1764453607235527,0.1838545132955973,0.0557291068725876,0.0596838282105372,0.0514521111091653,0.1307565502512208,0.0527590217551494
0.105543768510468,0.1229713059571186,0.0923862081301586,0.130614171939099,0.1738495444586514,0.0559991114979573,0.0582335514058897,0.0696129257318947,0.1360414454638395,0.0547479668982018
0.1042395757012784,0.1217259984481057,0.0872866797443602,0.1552611076042128,0.1582056479865693,0.0588859771375725,0.0639257020273641,0.0644675479450295,0.1391128548937735,0.0468889085050716
0.1052153839191346,0.1305436083628513,0.0838896641563361,0.1136570886965323,0.1698796175488568,0.0504352235988191,0.0681643393707786,0.0708162231108284,0.1527837312208066,0.0546151200088039
0.0801409583970863,0.0971430391199285,0.0620877484497563,0.1599731262338123,0.3067559658881035,0.0478312324631306,0.0459789227291656,0.0453948190668768,0.1060995959883222,0.0485945916581149
0.0853643835478259,0.1045219726828846,0.0743226856485446,0.2435329643440125,0.1781370223541191,0.0451362964868137,0.0525160410538459,0.0481580196645495,0.1119148508665814,0.0563957633452128
0.0932090340293041,0.1119527482878313,0.0814920502860139,0.2103444917977061,0.1730674206607685,0.0551340035784058,0.0536353922915,0.0545051221174275,0.1208446240853148,0.0458151128598246
0.0907417242458647,0.1030002797565293,0.0868292959255649,0.151806922720923,0.231521402506145,0.0511762628807838,0.0505485121249323,0.050500988406815,0.1196914227811634,0.0641831886449957
0.1108089579253818,0.1284831702802073,0.1034201883257703,0.1077884648707257,0.2160816762752514,0.0562186500238529,0.0539535023546587,0.0491825000075362,0.1167227175423255,0.0573401723877487
0.1076721186948553,0.1186713683054871,0.1236565699232498,0.1012212642403689,0.1526752870717852,0.0701318504270205,0.0944184288427778,0.0552676399436043,0.1250473062369101,0.0512381663073073
0.091295790499955,0.09378423553446,0.1184578708013365,0.1740271899481875,0.211975644383361,0.0584167175367909,0.0467796844903791,0.0466994205320634,0.1051911836984042,0.0533722625694653
0.0975001656946998,0.1072994919809598,0.1176349473845068,0.1838194733961543,0.1992457837162319,0.0443589939635611,0.0532115378730788,0.0523606682844108,0.1013802494577974,0.0431886882428819
0.0971028899759118,0.1048065089464665,0.1315685099647227,0.0993622666283216,0.2206548896616769,0.055143947311753,0.0490332481280634,0.0546076141300643,0.1188336533551557,0.0688864718914133
0.0902985616868529,0.094771225576102,0.1187647085176294,0.1556451268284139,0.2163115514196293,0.0511707377021709,0.0548891704087553,0.0517419522740897,0.1179150727652798,0.0484918928150632
0.0877175458585174,0.0954534222580085,0.0982737118443828,0.2416507631522853,0.168384931653988,0.0565853132004873,0.0618380254271022,0.0548409128396952,0.0875684854665844,0.0476868882920854
0.0766944948395344,0.0823805736584718,0.0823086569404993,0.189503711322264,0.2824830956416221,0.0529474206673215,0.0492590021533646,0.0490977175812092,0.0878885264198288,0.0474368007695049
0.0643313412526113,0.0677601883369441,0.078838645030515,0.3905800523679666,0.1383802592676757,0.0464910803935571,0.0422382514145716,0.0471116528296488,0.0854470678548283,0.0388214612461905
0.0847330454289552,0.0814483194737526,0.106439404965214,0.1854640259365653,0.1795849124660017,0.0560452812333229,0.0580647933383428,0.0575631167508321,0.1216478330021426,0.0690092673974432
0.0739646680622864,0.068844807664251,0.1035452192257464,0.186592430322921,0.2488745208281311,0.053269386143492,0.0585440089402993,0.0523628514002448,0.0962467586735686,0.0577553487323754
0.0825207664239,0.0761504671797781,0.1187115530963503,0.2081767977367047,0.1386524293208944,0.0636449752922124,0.061942793611436,0.0621490060851316,0.1205066512621378,0.0675445599830184
0.069674491141319,0.0623247626756827,0.0974330885597213,0.1236660609440592,0.3095455568639507,0.0555074198387598,0.0600176302816088,0.0544231349797389,0.1152342631553201,0.0521735915527259
0.080397594271881,0.0740434976307327,0.1039396862231934,0.1575874133545305,0.1336769963668999,0.07213958673331,0.0681857970866637,0.0630929500982524,0.1374962633262345,0.1094402148995374
0.0811899688467353,0.0710646278057095,0.1089178886118729,0.1659630398255222,0.2005342341135173,0.0631008926995786,0.0607996741042424,0.0660280943824157,0.1200140636277726,0.0623875159743551
0.0857928073135109,0.0795449040676135,0.1042542533525471,0.1538009565969346,0.1310496235479105,0.07204975683355,0.0712050302608545,0.0776826328744688,0.1512610271786243,0.0733590079640787
0.0738648887860887,0.0672780331296438,0.0895464523257261,0.2257993121656109,0.1945653634130692,0.0570825124207092,0.0585941088997233,0.0545015791119565,0.1254590282262691,0.0533087215135817
0.0905238119233127,0.0832559815009372,0.0903027640517367,0.1732810062892885,0.147972086737182,0.0633560285218122,0.0679190744543112,0.065395517813203,0.1377561730251028,0.0802375556741836
0.0880150908511644,0.0868022369238179,0.0735749897079275,0.1376642756931008,0.1626211938823511,0.0699411561030859,0.0680881727449783,0.0670477793546805,0.1512275753795815,0.0950175293498497
0.06960623249699,0.0692480638996742,0.0579492316357116,0.1208486145479553,0.2751174799399521,0.06288638193817,0.0608402814952189,0.0628686774896894,0.1278558936380541,0.0927791429102744
0.0800829393409377,0.0788726532080602,0.069719649762382,0.1721534605951049,0.1504248494633037,0.0771604021378732,0.077602950036294,0.0730988781243512,0.1499754166781401,0.0709088006435494
0.0796167071242463,0.0796167071242463,0.0691842352811694,0.1577647202133055,0.143450541366399,0.0785851458094146,0.0740754747715145,0.0720031427849159,0.1768000351186157,0.0689032903962774
0.0615446747251184,0.0634133585516808,0.0570094803747575,0.1374702437466412,0.2728958594350567,0.0603493285307995,0.0597055273640324,0.0573845015519375,0.1419124746002061,0.0883145511116582
0.0770206297514404,0.0805055967756224,0.0667851141389666,0.1571978654808797,0.1871035580032303,0.0757653922969209,0.0689496491065466,0.0692398316239029,0.1512473771672108,0.0661849856457356
0.0715540854482943,0.0761772650898198,0.0746348299521508,0.1635843811233031,0.1613034361864077,0.073276202811484,0.0762235985894149,0.0729481064970764,0.1561617832607452,0.074136311031368
0.073097579051996,0.0756693344365254,0.079268366419593,0.1460773543817049,0.1493358129129325,0.0807626723297552,0.078078945647894,0.0816073114681505,0.162073830859395,0.0740287924815747
0.0839847904107187,0.0724597637588397,0.0853559592446881,0.1443804686203275,0.1722056043408261,0.0724986823081545,0.0740517270799654,0.0742687906226527,0.1389986538467554,0.0817955597567107
0.0981486245369246,0.0713702106383156,0.0885097050304118,0.1358860362288867,0.1370270935507159,0.0684262387257626,0.0673880040868876,0.0670986132369779,0.1764103613096249,0.0897351126460513
0.0959188000612617,0.0732562832747244,0.087231694182915,0.126151291669304,0.1374294911293251,0.0745920453061905,0.0731340938869079,0.0760953127883782,0.1803832915014917,0.0758076961889713
0.0990587859861987,0.0703543340112023,0.0906678919666696,0.1453532666427766,0.1348887033804782,0.0704913398415506,0.070913291537693,0.0712201190451038,0.1759748904642479,0.0710773771139603
0.0986689645999142,0.0718134332908241,0.0844134752278806,0.1269747637596688,0.1463469600736981,0.0735613601950742,0.0726532136090051,0.0724875981858102,0.1812285812423552,0.071851649805423
0.0990506234635761,0.0785290520776082,0.0789783175564971,0.1202316328321396,0.1244898577871084,0.0735412609375083,0.0735086653721925,0.0723268655108347,0.2011737422552625,0.078169982196928
0.116446242139665,0.0939174566929329,0.0886032613091623,0.1214494179016102,0.1304539454506409,0.0815057696630905,0.0810140205399546,0.0804154367097259,0.1222686326369745,0.083925816944825
0.0934280210479332,0.0794141628582499,0.0850071150977718,0.1273892061027559,0.1054037913906302,0.0797562940441719,0.0797525839747718,0.0818111534124737,0.1372417770058042,0.1307958950540446
0.0785312383752427,0.0825833383210948,0.0852708194971196,0.1229620551987789,0.12165047877004,0.0790410721525551,0.0844552621739529,0.0810615244181115,0.1374066579343416,0.1270375531474311
0.0708554557485168,0.0766749936611576,0.075248514071944,0.1371509918465001,0.1269542267143731,0.0707175714346707,0.0737719405568395,0.0731812267659102,0.1502898114580057,0.1451552677318887
0.0880530084391151,0.0848458268648391,0.0888945818746921,0.1055530349673617,0.1183894078050572,0.0818886053091107,0.0803696510466541,0.0823247419718046,0.1797343916384403,0.0899467500714272
0.0794600721025593,0.0885329504632116,0.0839037649411132,0.1107245336222384,0.1201277857403891,0.0794183369952781,0.0793386077068452,0.0809435555947816,0.1966442580240237,0.0809061347981988
0.0847328410581365,0.092144381546383,0.0988170788136216,0.1203996004088621,0.1197797501344053,0.0845977239271105,0.084303644645979,0.0840955675271436,0.1409939032506954,0.0901355086756066
0.0827929755457057,0.0914709440382886,0.0917086899474333,0.1206637872009406,0.1130798910327454,0.0859090994047108,0.0833205471285315,0.082786359508128,0.1631983989853077,0.0850693071962759
0.081149130537766,0.0862890885721795,0.0851352040356898,0.1104602732875162,0.1053153135451006,0.081335245487207,0.0808851127837143,0.0818263266765916,0.1892181196114756,0.098386185451125
0.0842137591103274,0.0833937387061796,0.0831436122786021,0.1009682025722629,0.122471306324397,0.0824046344934176,0.0819770152178326,0.0825837040173621,0.1615874934364723,0.1172565338313395
0.0755109384093351,0.0782299422686651,0.0763724474365051,0.1052695257272959,0.0957916221414266,0.0763236086839844,0.0755663753527539,0.0759152550575538,0.1460408758305571,0.1949794090810299
0.0908719997711198,0.0901550184433728,0.0880224655327302,0.1113070078721115,0.1092169216014392,0.0877323057036327,0.0877143018350105,0.0870830139457808,0.1318741133653437,0.1160228519168998
0.0824346505367664,0.0853238971571712,0.0826854467455042,0.094503761082127,0.0908124157344494,0.0976515495605443,0.0825556679639649,0.086462137450821,0.1953976639072836,0.1021728098494736
0.0909432674443437,0.079946633710556,0.0799730804253169,0.1077699311953632,0.0966205139693716,0.0816273781638802,0.0802930190625466,0.0800091606171355,0.1329167050290808,0.1699003103708852
0.0947557998283639,0.0852075219746958,0.0857147930252654,0.1063884481942495,0.1043456064533078,0.0854002687393873,0.085392138015187,0.0879564893897897,0.0863408939871489,0.1784980403803162
0.0958771251060483,0.0847868472350509,0.0859950914105637,0.1009932263646052,0.1023256425266211,0.0846491896296433,0.0928649030175992,0.08524465547808,0.1543890041642002,0.1128743150553925
0.0880776075930109,0.0900425829283905,0.0881234113247078,0.1079633907653931,0.0881191298581926,0.0926069897445673,0.0880246835092737,0.0880602012977535,0.1367545793536974,0.1322274236123129
0.0741098805260323,0.0771788051283706,0.0735448054538981,0.0831159946165324,0.0823958963028418,0.0820532426433165,0.0829276653637737,0.0749884260878956,0.1125424739809364,0.257142809885922
0.0905777762688955,0.0950028423386201,0.0903749960489989,0.1032069313904078,0.096632330557325,0.0910755786803228,0.1011187400429709,0.0906187896832862,0.1381850835857948,0.1032069313904078
0.0806255151685466,0.086857211170968,0.081305936043162,0.0842901508123417,0.0803279841227885,0.0838683318841234,0.08635644284492,0.0832223705391905,0.1564661056363309,0.1766799517660685
0.0813063486993995,0.0875413635661905,0.0789652103650403,0.0791816182778159,0.0788606028733713,0.0789542226473804,0.083149078443957,0.0820965294391032,0.0871138007019246,0.2628312249744446
0.0892408128579824,0.0957524944387319,0.0886883867444098,0.0891800053536387,0.0889461756940534,0.0958295182018364,0.0992492571945809,0.0924632890429841,0.1317174686416514,0.1289325918173669
0.0903730506594191,0.0959800705937388,0.0908584331198913,0.0906070204487039,0.0905284015770672,0.0902977761936866,0.0903021475595904,0.0997219367326612,0.1243000405117061,0.1370311225905088
0.0951477763438574,0.1012308407860024,0.0951865182372523,0.0959327191262566,0.0965522386421917,0.1036695627888249,0.1073220511986895,0.1012356505490989,0.0976558056552618,0.1060668366588561
0.0912495003350522,0.0949485826137065,0.1051257001115385,0.0897688104076714,0.08859663284408,0.0947327020829177,0.0876782650700065,0.0910497786262306,0.1044199915290329,0.1524300363671116
0.0785291077522898,0.0811973134348747,0.1024438059667651,0.0757427398264779,0.0770661160242473,0.078222349279558,0.0813874018145955,0.075422471910524,0.112706229400701,0.2372824645790845
0.0827734493484566,0.0836008042709319,0.1034809431608597,0.0845688985744533,0.0828692385070138,0.0952217504539491,0.0827152206080956,0.0907765355558467,0.089582373596699,0.2044107859117636
0.0879429029604509,0.0877437144981891,0.0930776083898506,0.0767552445631467,0.0787357885483786,0.0993058049488766,0.094549190395742,0.0903955187802792,0.0955101795650727,0.1959840473389452
0.0855535999143848,0.0781928336454673,0.0848080426192721,0.0776829603793011,0.0774574225341021,0.1030267891397874,0.094420704756791,0.0978923595885782,0.0771825650003206,0.2237827224109171
0.0822979162794977,0.0824007411738579,0.1012852857887121,0.0852809129323214,0.0870189179350433,0.0983734440209502,0.0943133928055057,0.097308789193311,0.0879006271044563,0.1838199727544696
