0.0797826908546201,0.0673363139483265,0.0888073626473582,0.1423054760268019,0.0798438972066332,0.0637428433176182,0.0981445311535602,0.0675489738431517,0.1977787952443646,0.1147091157487029
0.0612035694225433,0.0648683495850837,0.0612328449650335,0.1808067042276167,0.0750588290707724,0.064527621316719,0.1048676521663014,0.0648524573639086,0.2176754172179563,0.1049065546552336
0.0631676571626748,0.061524543019479,0.0621524548307533,0.1236408412717229,0.0728291388629523,0.0642449564054131,0.0919101625898489,0.061023504109284,0.2775789023648127,0.1219278393746285
0.0551296827166606,0.0561231856437889,0.0552694733173343,0.1135466966595424,0.1036999644865173,0.0581157440253347,0.0848087949335609,0.0614719897163604,0.350440055194678,0.0613944132983589
0.081534474549322,0.0693743594813905,0.0870849527727328,0.1826985022722379,0.1110745690657162,0.069996633182063,0.1120511534105043,0.0696610315716111,0.0800993919005618,0.1364249317844504
0.062461005943636,0.0629388899833098,0.0635661623323054,0.162764957798842,0.1372765148213125,0.0745067791898703,0.1064122120010593,0.0695316243021661,0.1341200897166153,0.1264217639018925
0.0651740607733492,0.0553238779408096,0.0602023849289428,0.1330566294472429,0.0727790077202154,0.0545673861039043,0.0782156903603706,0.0589706159931893,0.2295318227892822,0.1921785239352563
0.0678836156038262,0.0580102104236558,0.0732658753878765,0.1477776877774274,0.087385145607203,0.0596468374052261,0.1066938372347561,0.0617204576774636,0.2034072701559224,0.1342090627187704
0.0780297821531407,0.0620249735185797,0.0783109025206668,0.1757680301295867,0.0812229385336323,0.0626145087627872,0.0849564337200175,0.0643430776814024,0.1861747785548058,0.1265545744171922
0.0671934049702999,0.0511491868927667,0.0569597984163671,0.1826398632635413,0.1003596639404063,0.0494245611457401,0.076900343698185,0.047552994503097,0.2669832638312122,0.1008369193318843
0.0848975944930753,0.0586670919286777,0.0847950214029758,0.1516295753354311,0.1008176985098776,0.0600180552600239,0.093025572976664,0.0648134385912249,0.1713772509267602,0.1299587005678748
0.0766309810989664,0.0582595624726176,0.0757488485936785,0.1924054434147042,0.0706579194115189,0.0612858997011923,0.0817602912188532,0.0661294313313949,0.1876520772070455,0.1294695455425651
0.0674564108887097,0.0468998336799121,0.0764633041862261,0.20843129810461,0.1000831892315656,0.0505152723765314,0.0765567664341979,0.0507094849342593,0.2218776991291841,0.1010067410284961
0.0659506905695169,0.0566930533150997,0.0827022568711929,0.2397914933843744,0.0966947985594673,0.0607003021613037,0.0969375815631479,0.0587282407443061,0.1362241881703406,0.1055773946532182
0.0494231835418557,0.0445234038020481,0.0616290253065971,0.2234657174053209,0.0792412875028429,0.0472118828122038,0.0993507352796646,0.0501793066728828,0.2956416717954965,0.0493337858747527
0.0498435766221364,0.0500676377447792,0.0622324886283971,0.2090394154771706,0.085447353331276,0.0582012461949668,0.1019958860531447,0.05669300391145,0.2484405389102107,0.0780388531192978
0.0599719517837142,0.0556906234479519,0.0694792838608384,0.1466868452082652,0.10184429543441,0.0591477732208677,0.1136060560271848,0.0763171659602683,0.261290100760889,0.0559659042879078
0.0558054208098943,0.056934576282685,0.0576250265587479,0.167144318390057,0.1151837392336806,0.0663341087293108,0.1044877600994509,0.0819144557482211,0.2114330126838227,0.0831375814561015
0.0494792104082224,0.0481848441468181,0.0483070169388116,0.2931119376737847,0.1259652912750487,0.0576538284767572,0.1090621260776163,0.0592835022310799,0.136778352336719,0.0721738904281975
0.0648108105662522,0.0618210297805606,0.0628012457128804,0.2486980691878612,0.100783342113971,0.0716830567116053,0.114614086469647,0.0716830567116053,0.0949005508615536,0.1082047518751437
0.0553561924224742,0.0561743150470978,0.0540518397461847,0.1937886352728537,0.1204600428950798,0.0601492753362049,0.1238834486883858,0.0724614520200724,0.1457691597981919,0.1179056387656974
0.0486619831494285,0.0504427616996791,0.0478347585071199,0.164313844006431,0.0706842833730185,0.0588010916279183,0.1121073310866341,0.0592245458165545,0.2692910426355056,0.1186383580912557
0.049739026676213,0.0543143767214497,0.0482268598571902,0.2342586310013182,0.0986751960338598,0.064959612075375,0.1073470822894958,0.0607955218648537,0.2034296193411534,0.0782540741321325
0.0566067858830718,0.0674804063564531,0.0526479828327878,0.2943223901983015,0.1115432498287365,0.0650286169030044,0.0910127432942723,0.0643099151264215,0.0780816862800012,0.1189662232894146
0.0568843035116606,0.0748253172543497,0.0514290724408254,0.1436599327720714,0.123328831337499,0.0651694763206123,0.1042328513943045,0.0583152135319832,0.2191529352860863,0.1030020661435435
0.0524437088426956,0.0638395134457483,0.0481263142100992,0.2536571161723684,0.1198462382358445,0.0624103415404613,0.0968942743529194,0.0624826940878793,0.1249820121638507,0.1153177869412157
0.0526842149906192,0.065359173313788,0.0539167887100315,0.2178054381111296,0.1392209087560537,0.064110603719577,0.1516333331379321,0.0612389691298997,0.0933847076457772,0.1006458624780614
0.0479115651681751,0.0688067561823075,0.048077000478052,0.2409464647733011,0.0861839363831697,0.0617522954428563,0.1657744174785633,0.0571410609048955,0.088329121993351,0.1350773811891027
0.0578871580860555,0.0973798075546891,0.0523080584206685,0.2066305179653791,0.0741450881372549,0.0605550743774356,0.1400546760203562,0.0797295050355848,0.1200471413409391,0.111262973054682
0.0601298287274175,0.099731849790297,0.0544813715061488,0.2107158290273052,0.0732093572234843,0.0649008213343722,0.1536296879441131,0.0642559700938415,0.1069673416556648,0.1119779426899347
0.0623480306051936,0.1262734805898205,0.0443703554730962,0.2219631809982977,0.0627663553838074,0.0600732364442652,0.0819489837786195,0.0599387954330291,0.1574781777830123,0.122839403504478
0.0605871748160717,0.1186277645610183,0.0538819860662162,0.2229929181329077,0.0681366493032998,0.0827257204123147,0.1123158126222978,0.0652397912815641,0.0982742576543802,0.1172179251430203
0.0636358691825589,0.1327786863812597,0.0536795332696661,0.1231799383949218,0.0815902617511185,0.0698451240424625,0.142809372034655,0.0982880898759388,0.0886771254725857,0.1455159995880591
0.0675112507450538,0.1368105153862562,0.0466543685323495,0.1393522563603211,0.0663647763280066,0.0883832377621174,0.1464667561164744,0.0635966006581365,0.1355377204041592,0.1093225177004055
0.0672503994536313,0.1316485282038322,0.049310506276431,0.1880459625171368,0.0571610161710431,0.0559496726795225,0.1475202309544032,0.0689924697246587,0.1372262086920481,0.0968950053202477
0.0649161153374803,0.1222112070996377,0.0501475883525453,0.1644236595019142,0.1019103658972199,0.0704457009592947,0.1169966154845334,0.0608386444603741,0.1904400962041632,0.0576700066956006
0.0750324006434883,0.1379791049891649,0.053485039246503,0.1103030700848283,0.0705084805940817,0.0742162841516371,0.1577539861247362,0.0704648698201338,0.1299828535588196,0.1202739107790045
0.0708290142416139,0.1304386726882334,0.0505274689423548,0.1471635528102791,0.0708016578188019,0.0607843821261345,0.2570191051304662,0.0635346506337518,0.0867163562529338,0.06218513934851
0.0755579557248864,0.132165056556962,0.0551155788461822,0.1324942507258936,0.1162031397798686,0.1132443954500578,0.1389053758434383,0.0645830366764233,0.0857666854878371,0.0859645249011718
0.0904267301122283,0.1699609481266233,0.0591003723355511,0.1106298684557217,0.0922157538906668,0.0725553473268948,0.1192768153175012,0.0956010348779261,0.1238387762625498,0.0663943532869693
0.0919033447890735,0.1650763480765839,0.0614625752398819,0.1055363356703975,0.0603210462794078,0.1247079396957934,0.1524771046899705,0.070576134789515,0.0853917192526919,0.0825474515095976
0.0911566484044664,0.1522020099179961,0.0653019910055376,0.1234886447248219,0.0683901490589491,0.0731993358932052,0.1798128921977619,0.0683339472718928,0.0716444065093298,0.1064699750095514
0.0899580035653248,0.154953977069235,0.0667612423719081,0.094172654209995,0.0629135284728358,0.1089520115425853,0.1370061290147115,0.0805878467571912,0.1107957054604791,0.0938989015279214
0.0801822802640346,0.1279229893109706,0.0622268594742812,0.1001768438308528,0.0704445706985315,0.0725109027393943,0.1341310391994569,0.0840680385431364,0.1524083420238744,0.1159281339073107
0.0619932638283363,0.0965384617887276,0.0488431768755786,0.1241593441510921,0.0590448962663759,0.0813081536128718,0.1211236662326157,0.0963887202924524,0.1993420293758472,0.1112582875693154
0.0521976691195576,0.076790492651416,0.0435323853126745,0.0901661300320803,0.0506735649464436,0.0736579477110611,0.3276367599488459,0.0726480173477713,0.1366304969730459,0.076066535950854
0.0569870682550964,0.0856208935112954,0.0521995032491994,0.1139745560546161,0.0807753667879793,0.1220369103314648,0.1508785679217197,0.0879002196272568,0.1854981326672891,0.0641287815871937
0.0507643189294393,0.0760388727607328,0.0507073887820824,0.0785247980343005,0.051391629128675,0.1212038159954631,0.1808820196548733,0.0785845632018427,0.2060722258081811,0.1058303676980396
0.0604929824347953,0.0930374399816053,0.0754661550508882,0.0992839694883871,0.0627637329597505,0.0869456222627455,0.1236698518443935,0.0712930089565938,0.1816925624162598,0.1453546745967806
0.0477949522552925,0.0744382873508364,0.0627649631024754,0.0803905829895702,0.0448778252643023,0.0759686418724789,0.3034109446872958,0.0764783635642415,0.0979576171887788,0.1359178217184795
0.0500231692594304,0.0854098389349326,0.067734248756488,0.07839498735064,0.0500517760792066,0.0778612237534414,0.2085346915010761,0.0737554910661395,0.1938201135497298,0.1144144597425895
0.043705986041462,0.0670344399173203,0.0668989535563788,0.0603840781459525,0.042274125917195,0.1123628427281799,0.198125453706171,0.1439424112435921,0.1340522844756849,0.1312194242623607
0.0518462224908526,0.0856155555900046,0.0832315280736421,0.0889669649737436,0.0521056786504206,0.0884071251590418,0.1736000289842725,0.090510749292965,0.0904985698825355,0.1952175768957171
0.0505390317000609,0.0746062815103724,0.0818711316976447,0.0649698886071976,0.0509226006459332,0.0915023789414808,0.2267038560455158,0.076935522266146,0.1427947638508079,0.139154544728106
0.0508394621976746,0.0619366785370444,0.1202081146135989,0.066621709399954,0.0511458473120522,0.1798521564899703,0.1381296832791027,0.0880648444393662,0.118454563252116,0.1247469404721265
0.0598247734013665,0.0511844214036105,0.1366149691036285,0.0638041275671815,0.0502545727254063,0.0708609387225708,0.2930853140347524,0.0704375857275904,0.0808061867458666,0.1231271105614497
0.0567737909627106,0.0524290304266451,0.1327967434024801,0.0719470161560641,0.0474246014306612,0.1024411171222591,0.1513177317278638,0.1442821760807437,0.1510187440179922,0.0895690486661763
0.0586574119632712,0.0608139006210955,0.1430975156024193,0.0691227451366365,0.0535694284633716,0.1069488188961271,0.1713182541337818,0.1451864643530127,0.0815398368507428,0.1097456239723536
0.0485243268208669,0.0508519853640802,0.0989070542629708,0.0571704342023832,0.0450762308362347,0.1049021414376179,0.2706028522553103,0.0877156455724791,0.1584531300743115,0.0777961991676223
0.0568077356979451,0.0547272801796146,0.1015396946934283,0.0642881358758175,0.0496497345853831,0.0969887553543409,0.2592769414016971,0.0748917265187673,0.1237238525294638,0.1181061431564495
0.0561308073243323,0.0686993892496319,0.0958306443866622,0.0682010727845285,0.0581305437111023,0.1406444768701515,0.1913472595771129,0.084080640158706,0.1613486277809395,0.0755865381487459
0.0586977640501195,0.0720637692638937,0.0954209314326319,0.0735015659168459,0.0600951266094509,0.1197364921618963,0.1349371320299717,0.1124893087744678,0.1651388362638607,0.1079190734884503
0.0355844282045107,0.0407421281610231,0.0575775066230304,0.0417862868870689,0.0359044892927321,0.0661294336134753,0.3705582736680719,0.1263488139720579,0.1529998797663344,0.0723687598065603
0.0511017022638172,0.0481815333733173,0.0676049437471796,0.0588171183296639,0.0484574952839244,0.0998190426610651,0.2017209542390989,0.124156418626625,0.2020936822508591,0.0980471092174976
0.0560844738955482,0.0516657459044082,0.075168250499945,0.068048549649879,0.0526357037723087,0.1437705184867025,0.1636687319672961,0.1425455590760714,0.1048173440131058,0.1415951227272935
0.0626791934705421,0.0514362238880624,0.0843448235323533,0.0601877699382582,0.0519442597451585,0.100052678057301,0.3073693372408447,0.1041476623751367,0.1060299873156413,0.0718080644293175
0.0582872759878827,0.0530239619413514,0.0840211456600681,0.0537551383461897,0.0530243380054118,0.155487602797807,0.2255830181594236,0.1125936007020637,0.113048128226208,0.0911757901659424
0.0586980463884894,0.0607272824152558,0.1066019111177837,0.0690145976252589,0.0555426361084097,0.0961204759815834,0.2215158056840598,0.1337514145890133,0.1137863564365237,0.0842414736456638
0.0569382788488299,0.079702676450023,0.0865034917775151,0.0625907512869276,0.0571645094110806,0.2193829180013237,0.1931492033304564,0.0984207540786999,0.0688237979911494,0.0773236188159125
0.0579547295560369,0.0788401636540595,0.0935560728334052,0.0651804476516376,0.0596947034229288,0.148923382926841,0.1976798234365573,0.097136382147765,0.1233514534013045,0.0776828409611372
0.0483194057730735,0.0748207719661341,0.068348153912668,0.052449629717018,0.0461596124911178,0.2111028922941318,0.2705142204229497,0.0858880342936833,0.0802716670672167,0.0621256120553504
0.0610818022505587,0.1002932831667291,0.0748173129901979,0.0602453070833573,0.0686278718055597,0.0892536465617348,0.261967006475405,0.1272573120341964,0.0707330487152353,0.085723408909022
0.0583578658616588,0.1004098325318267,0.0720235423212076,0.0524524512948319,0.060096386142177,0.0977587633335766,0.3315409291061801,0.0866862322242327,0.0812251845717532,0.059448812605012
0.0579569076899358,0.0915731980401389,0.071287089971794,0.053488987860571,0.057927787231624,0.1053166244836864,0.3031825875184779,0.127083827130188,0.0567606550978835,0.0754223349679821
0.058122344633475,0.1084078952131486,0.0746439952221977,0.0570061493729719,0.0640012275683385,0.227755534398405,0.167854881915013,0.0922448467125409,0.0983347057484614,0.0516284192080047
0.0788448469157171,0.169311363281218,0.0676024212822897,0.0609811703123166,0.0757241598165524,0.0954361558555014,0.2196584073646086,0.0962117310568737,0.0689186475967813,0.0673110965094299
0.0788302987280733,0.15717153409556,0.0598003293328354,0.059756637253882,0.0598523820017191,0.0887614743084052,0.2046417640819993,0.1345774412583049,0.0662638924864053,0.0903442464442238
0.0811294493637009,0.1593907306484372,0.0620428482152953,0.0647391939220032,0.076334714077316,0.1268575771785265,0.1654394084749493,0.0845963288851771,0.0661335618387712,0.1133361873868701
0.0640265616419405,0.1207686838703687,0.0568002371680861,0.0521195847324506,0.0662992397089646,0.0917381371940117,0.2789744329382692,0.1374065882434171,0.0625602487044212,0.0693062857905833
0.0703496798859134,0.1207633764733843,0.0629597083477737,0.061479480726043,0.0751732393413267,0.1236376767453244,0.2262756478162096,0.1365612037701758,0.0602706638937431,0.0625293229914477
0.0712546307096765,0.1108426104834982,0.0617424878375459,0.0629267026174566,0.0819449287843126,0.1416725781583032,0.19530902571031,0.0959463024220856,0.0647345794477355,0.1136261538203027
0.0496267210399223,0.0675901328670325,0.0452852863028397,0.0477980051899778,0.0564582133771783,0.0859742025546015,0.298395379280406,0.1881042352047795,0.0749113586361361,0.0858564655407325
0.072326553316887,0.1034932630099836,0.0637764479276348,0.0651900238093327,0.0842294557559816,0.094270973875767,0.2019380165809726,0.1571027639293834,0.0650731668360318,0.0925993349488325
0.0587120162874993,0.0777560870707866,0.0541522757052581,0.0552417615883418,0.0829202209293529,0.0678947691417302,0.3529892650999074,0.0940766178179622,0.0543129787917349,0.1019440075596202
0.0658392172051933,0.0771607478146035,0.0646563057409745,0.0679599962954381,0.0830701048492728,0.1075115036216591,0.2280778543114976,0.1099199082504563,0.0981770376855756,0.0976273242160757
0.0639673902659607,0.0728455108832733,0.0724587627656767,0.0677867827651952,0.0872081943089593,0.0996078120239208,0.2141667664312051,0.1009381297580061,0.0741770417853377,0.1468436090032766
0.052518053822085,0.0651542106134436,0.0533799070138949,0.0527743143745082,0.0800860929924401,0.2134672827272278,0.2009963572172249,0.1282884612342761,0.0799898532124299,0.07334546678515
0.0642115310706051,0.0725446625873259,0.0628916152024514,0.0679688960050418,0.0973388081522996,0.1227564350236469,0.2184351476941257,0.1303750135421089,0.0660596277699603,0.0974182629433622
0.0694281840212636,0.0879445107328016,0.065729986919792,0.0684735327958517,0.115818211835481,0.1310736515868839,0.2047963395844896,0.1165433426744602,0.0658896309584273,0.0743026088810807
0.061778462937269,0.0811069064973912,0.0570166225601596,0.0616339627883382,0.110868285278392,0.0863814309874153,0.2326580752323319,0.0757235741094259,0.1002898255288487,0.1325428540722201
0.055666099002784,0.0702060151350499,0.0582451168567083,0.0596092833040515,0.0896927265320779,0.1116684069617128,0.2362980782762283,0.1200579279941412,0.1051640543798449,0.0933922915496179
0.0650795674209479,0.0807145059143492,0.0622816716462301,0.0811731220893696,0.1322196797312402,0.0946269568219983,0.1887562212243254,0.1208894533357736,0.0866506292348639,0.0876081925719178
0.0636922529733038,0.0785206403629956,0.0587782388584508,0.0662509317553142,0.1173205264334004,0.1532218110766526,0.1733210706053429,0.0885008686085028,0.114695291719672,0.0856983675979175
0.0671551399043452,0.0772689294016386,0.064251022333376,0.0693710779545013,0.1234763223948778,0.0741845867468812,0.2582580467559091,0.0954501163931595,0.0722476059145226,0.0983371521916855
0.0704665684620042,0.0938700434366596,0.0641143252967646,0.0667067422312937,0.140417589398811,0.0929146301936028,0.1794924851200162,0.1477424024827778,0.0677873380982372,0.0764878752708999
0.0711619773345486,0.0994803209044348,0.0642661303544279,0.0693428473141401,0.1033693236042798,0.1530380121032239,0.186512730403463,0.0898894604788047,0.066863508796826,0.0960756886970855
0.0725956697432969,0.1062146183832204,0.0636576345495183,0.0723419008632122,0.156646773121409,0.1079577880664058,0.1677204058166586,0.0970398998018587,0.0804159081198272,0.0754094015259273
0.0847963880400905,0.1320430822477407,0.0727956690470752,0.0838692842181202,0.1372252563359175,0.0791990160611267,0.1691686509173261,0.0831908136559215,0.0871512538077587,0.0705605856596756
0.0685051457311551,0.098069673820136,0.0603137945983705,0.0647602227125354,0.1418228515794707,0.1875572292605014,0.1028920648525668,0.0781111791182944,0.1146572369033668,0.0833106014158309
0.0793059978259197,0.1297129852382754,0.0680397525136821,0.0774354027338567,0.1711430186656954,0.0819316342063695,0.1409301212645808,0.0825648011540853,0.1022158096332827,0.0667204767556746
0.0645583883210729,0.0828737517730179,0.060341426260765,0.0818005429098176,0.2006192372533478,0.0806370865470472,0.166785480211454,0.1332891357193123,0.0700436706789101,0.0590512803168551
0.0724503979869362,0.0908924104266045,0.0685281555565527,0.089334299985399,0.1123939428266008,0.0864432757650902,0.1828191732162097,0.0721972053487332,0.1514028766956654,0.073538262183971
0.0759307741595611,0.1031624689054343,0.071119839685929,0.0797749223086247,0.1420703276449986,0.0767330513098949,0.1425987647434317,0.1506651594923545,0.0921087721048547,0.0658359196363093
0.0533019087503272,0.0608241209147951,0.0559903535412084,0.0533820353012874,0.0910005866222148,0.1013193702510594,0.3700474292681422,0.0910575072046038,0.066129887769965,0.0569468003701621
0.0659911940846717,0.0743680195210299,0.0687738565337086,0.1397740620710908,0.1651062844406081,0.0744219035275077,0.1580232526995542,0.0941577772961138,0.0723120851283674,0.0870715646895432
0.0739960910617705,0.0817652202371331,0.0756528679131938,0.0862526675771434,0.2398267881784304,0.0791217050622646,0.1443914820139314,0.0767635084494049,0.0791704916488996,0.0630591778492784
0.0799406554417901,0.0986299134548807,0.080571035081802,0.1286982392089684,0.1417372069457699,0.0829424974126962,0.1460968525838243,0.0876680083646929,0.0850112167332178,0.0687043747639058
0.0862862226047162,0.1112054332700483,0.0820532362575824,0.1032167166138744,0.2054167636224544,0.07277068109996,0.122026823020146,0.0623868013480768,0.0923271158341216,0.062310206321434
0.0788581936448197,0.1005045784662186,0.077267379302327,0.1241305615615453,0.1133672168924167,0.0932569825122353,0.1388339875308576,0.0670447539441732,0.1473596878306587,0.0593766583073104
0.0820933664076186,0.1100071335486113,0.0747805559840718,0.1039676430931486,0.2401892824271724,0.0705862998187588,0.1228788648773135,0.0636731996300413,0.0793113114226455,0.0525123427833147
0.076919876814605,0.1035533044842567,0.0700110278183775,0.0657970666245266,0.2775773840409079,0.0643250617149203,0.1066128785595954,0.0669037049874062,0.1168705123440764,0.0514291826043984
0.0839806910698896,0.1066480805073233,0.0817990712672168,0.0686268212082607,0.1637254471155328,0.0603128845555332,0.207055011283662,0.0630428627736852,0.1014349727563441,0.0633741574553058
0.0752269113093858,0.0804947411685543,0.0777559459021488,0.0713121828742142,0.1936270104518067,0.0868031166250224,0.1397519259632678,0.0710756165987738,0.1339615353763711,0.0699910137230063
0.0791786127479219,0.0891227350837504,0.0800142750647126,0.1617780517029291,0.1478065067232772,0.0598289929040197,0.1142464887889929,0.0544501785722424,0.0793285599442349,0.1342455984608876
0.0923017565807577,0.1050610791963663,0.0980310826566585,0.1039116416670615,0.1735352272605986,0.0701834703484497,0.105017573539855,0.0722824358921915,0.1118691639169091,0.0678065689330529
0.0963270877607841,0.0984461800679999,0.1266912441518163,0.1346228097770613,0.1359030367846214,0.0559511999582087,0.1066328955836706,0.0561680975184182,0.1080827642245392,0.0811746841661238
0.1067161221792442,0.1254024516964395,0.1160259699645325,0.0703948760525027,0.2118071378641341,0.0699675022756174,0.1049188451196423,0.0637256833606692,0.075776594654912,0.0552648168245351
0.1066901070041564,0.1183864892891036,0.1293157352955634,0.1071673913077284,0.1665301608582203,0.0649902772703035,0.1079509453382849,0.0620387871531354,0.0776709722336925,0.059259134242144
0.0813078585661259,0.0915802425807299,0.1004763486641318,0.1047771973711037,0.3103377673239906,0.0470274925722083,0.0716639431790505,0.0465304672817815,0.0655325177111672,0.0807661647440615
0.104811197445662,0.1113294915259283,0.1347413890736417,0.0736191007076047,0.2106372232358188,0.0678473018409572,0.0963154651860744,0.0606757080924056,0.0875528079790466,0.0524703149053057
0.1007211651455148,0.1084460932956912,0.1360492124100678,0.1076033075373201,0.1893480284749293,0.0679861904688838,0.1148883843920933,0.0612052151873414,0.0577874179694817,0.055964985111059
0.0982456579855929,0.1069581928144337,0.1209940774997433,0.0952602417769464,0.2306962636432324,0.0607169449402334,0.0974765356282631,0.057359961843056,0.0642278636174652,0.0680642602439105
0.1100445350873497,0.1270630500354464,0.1288791838283377,0.0792904764847733,0.1402394407534039,0.0578156977829751,0.0951458024689409,0.0558548816389209,0.0527432515372839,0.1529236803755773
0.1014645904557911,0.1163980124326264,0.1170542315899026,0.0749535084421638,0.2900624784077024,0.0671582820511789,0.0793552314969786,0.0533531898522805,0.0522321376440205,0.0479683376208647
0.1150382498542522,0.1369444203390714,0.1149206056429457,0.1035508414393001,0.168827912655278,0.0613623180125925,0.0914520651427866,0.055388965305866,0.0739231455478237,0.0785914760528777
0.095416170487444,0.1163141426778131,0.0904990662621226,0.1106175899199349,0.2518738624467277,0.0541890296913135,0.1017335655802062,0.0552472546543326,0.0753929237081097,0.0487163945649682
0.0897297831312757,0.1142901423506097,0.0799785210676358,0.0987287185136543,0.1794682435344786,0.0591986596984388,0.0872747885185371,0.0585555490589782,0.0535594583432085,0.1792161357759221
0.1058150322856046,0.1468151617176818,0.1000722382051584,0.1282592981606062,0.1462413475928945,0.055393493310596,0.0998670822275569,0.0555625004477003,0.0522212151232194,0.1097526309218702
0.0932798320801238,0.1322944230001389,0.087381695563006,0.1074653462343921,0.194281810026967,0.0486994452698607,0.0753440696154809,0.0516333750024789,0.0751772378225472,0.1344427653782659
0.1051916489531517,0.1589698338345647,0.0935999867328101,0.1047168727766619,0.1511597751337161,0.0693164011757065,0.0795723024832259,0.0624882950741146,0.0729004589799397,0.102084424848085
0.0861150958420974,0.1068835868451557,0.0910160940495983,0.0737887907083625,0.2736127633474967,0.0495400108049085,0.0959323742388807,0.0500828976931543,0.0562703983519719,0.1167579881117417
0.0942706939738598,0.1102637513109132,0.0981648667518031,0.1249467955771813,0.1364471799460705,0.0723824209423863,0.1166898049162158,0.0698615614557656,0.0918857266048115,0.0850871985116691
0.0810919073830108,0.1001694412580751,0.0840050407044812,0.1176290212255628,0.1792272295689734,0.0613338095307532,0.0916374642339277,0.0585421689059092,0.1029261687411872,0.1234377484408274
0.0794876240840663,0.093095818357802,0.0761315026788957,0.1305427911085243,0.2073405820973261,0.0740175907603933,0.1111151917859422,0.0625600834287702,0.0898258865234247,0.0758829291661505
0.0876688637395807,0.1140650266373104,0.0765087887930997,0.0765796419484931,0.1120630964075613,0.0599357549268384,0.0936491940428885,0.0652224298675371,0.1144980886890309,0.1998091149393948
0.0873807205217049,0.109076670398121,0.0765093063470036,0.0916344823093806,0.1454629618525103,0.0651659056099603,0.1037049342732447,0.0631629181554631,0.0892268028502536,0.1686752976738899
0.0913440260547048,0.1185561585142964,0.0799446331786794,0.0705307988135207,0.1742940191071237,0.05897944830083,0.084741127878723,0.0555103386947849,0.0965785618268912,0.1695208876227844
0.0962389614686154,0.1339239005409307,0.0826381783607369,0.1107744963086973,0.1521081754286625,0.0757976370331446,0.0849298151077565,0.0780873949845118,0.0722269554129227,0.1132744853441528
0.0883419731814358,0.1093154877352111,0.0791244640806653,0.1142084124777377,0.1507201877196584,0.0746347615464491,0.1520510547958495,0.0724989357949303,0.0713809895051472,0.0877237331528606
0.0855236705591814,0.1130289564270188,0.0741842029495239,0.0960177052711345,0.1886804428334218,0.0802092279536639,0.1365528176254668,0.0730316115646186,0.0706762358445781,0.0820951289612996
0.0968258258169349,0.121130666956152,0.0820375915111913,0.0949041451978353,0.1641612142655628,0.0813677894761632,0.1150814230846237,0.08149584195426,0.078540742847763,0.084454758878514
0.0738505092139555,0.0933592573608193,0.0617885176770462,0.0814786818509169,0.2062076205799077,0.0648836123866929,0.087363842535202,0.0619902531780935,0.0604567413545721,0.2086209638542409
0.0334162327439825,0.0330753428388251,0.0325111683185483,0.0414295399257605,0.0822564661915521,0.0344446592824742,0.048752803857827,0.0348723427803195,0.3296207220280123,0.3296207220280123
0.0282592350302999,0.0281835223296975,0.032714145227395,0.0411824808079622,0.1019464231572077,0.0317080558619172,0.0462763837112831,0.0302275821725189,0.3297510858488318,0.3297510858488318
0.0335557116028357,0.0327109378490002,0.0386252751634821,0.0362636399889435,0.0691526676195807,0.0341294661767807,0.0421045134260792,0.0334636431905242,0.3348206776786455,0.3451734672994883
0.0388104986687679,0.0356136100522993,0.043787595848439,0.0403056916065273,0.0612464614837996,0.0378312117138231,0.0484191451579918,0.0364819621398463,0.3208056037486925,0.3366982195748222
0.0308354816905258,0.0300697840485946,0.0300456403423627,0.0351680137285762,0.0551939797685692,0.0309079785754738,0.0392722753910573,0.0312948475630368,0.3348065241577939,0.3824054747296766
0.0344757746567364,0.0340206704325959,0.0366185365527858,0.040341879207073,0.0672703841287506,0.0368235896466884,0.044766513694548,0.0369804421583369,0.3310747743087668,0.3376274352088107
0.035636798862615,0.0349959271617178,0.0345661724523866,0.0401529987376495,0.068668299501744,0.0351222252820342,0.0435099389209962,0.0355018861335221,0.3189767782992322,0.3528689746432124
0.0337552744096595,0.032200560016644,0.0328452610942868,0.0424693017342819,0.0753316877094067,0.0333224616335333,0.0500948462437736,0.0329070871622231,0.3080132231329691,0.3590602968585752
0.0731370667011754,0.0698727810234887,0.0731717765699745,0.0790900917019167,0.1585481063927604,0.0707623308105322,0.0938504483364279,0.0730939225843567,0.0985792130394804,0.2098942628298913
0.0731321361581845,0.0685928962025176,0.0746635275554052,0.0799912180144076,0.1091955588432255,0.0717018439571643,0.0900927659123667,0.0695341556219946,0.1125884440447654,0.2505074536801282
0.0749810844380335,0.0670830724270859,0.0789404708603341,0.0718157048849085,0.1148996434328852,0.0691259645478673,0.0833394215481051,0.0679251018954896,0.085119521386095,0.2867700145695154
0.0818077891156849,0.0750614307883037,0.0869563911043928,0.0817696467452609,0.1166629478605787,0.0784219691544031,0.1049435684971972,0.0774006117448666,0.0908365593341311,0.2061390856444071
0.0776977823466314,0.0709141816858084,0.0777760959468107,0.0784893040179592,0.1200020406769265,0.0715976809322318,0.09371585065934,0.0709953543517783,0.0806129913796772,0.2581987179927384
0.0843098915538539,0.08489504692009,0.0851958526423244,0.0790166382959006,0.1104853671985788,0.0692184371784832,0.1000909717453097,0.0699544860174763,0.069074940731383,0.2477583677066752
0.0875944974850158,0.0868757274683024,0.0924135305073683,0.0715149855848131,0.1154967089471066,0.0714558494210803,0.0929797524967953,0.071597491703957,0.1035617302937682,0.2065097260817059
0.0848210994557733,0.0811777840707724,0.0915107159140136,0.0703225447719309,0.08655740004515,0.0687063636567348,0.0807507958814138,0.0690847851972861,0.1133033545035097,0.2537651564936683
0.1049413314637062,0.1100226889812947,0.1103734420103999,0.0820873362599928,0.1154687630906091,0.0799939057126324,0.1006552279041667,0.0833819471315791,0.091938379801264,0.1211369776328458
0.0928101775072195,0.1018401882685103,0.0968406625613572,0.0711782871561301,0.1049821218324986,0.0680441739505855,0.0774776189477177,0.0688859001818114,0.0782089682331407,0.2397319013512482
0.106087620658436,0.1182450722859931,0.1100912358957356,0.0731242437899677,0.1096468484363769,0.0719342842368419,0.0847639052222804,0.0719755466762311,0.1224471685502475,0.1316840742376415
0.1107259564111634,0.115816564655948,0.1253168982501981,0.0771921855327954,0.0947662376674699,0.0774333329416705,0.0825346398389065,0.0789281639459791,0.119225550816001,0.1180604699287981
0.0911963198735348,0.0867779799555207,0.1072426680697372,0.0756039590471091,0.0987785173547375,0.0732195975611061,0.0806248417201534,0.0725869738923673,0.0814444526244369,0.2325246898908393
0.0879796665249567,0.0885608982531046,0.1057581477675952,0.068148242049091,0.0823072705548303,0.0758703678047007,0.0672217065789523,0.0682635562812335,0.0965670040645242,0.2593231401113109
0.1120412954595877,0.0961058892702683,0.1637856002496693,0.0783647335353168,0.0976679417993331,0.0811723205117633,0.0775987407139714,0.0778627660232084,0.0781838568577931,0.1372168555679118
0.1048597374011901,0.0950965143512923,0.1505517234834602,0.0850789010547657,0.096260984193866,0.0802340950448837,0.0827309379731863,0.0798589787544367,0.1091424629038629,0.1161856648275355
0.0851810393871961,0.0717823252200906,0.1161764373978916,0.0695359955543753,0.081784014754498,0.0685210923433299,0.0685445179685367,0.0685512995712466,0.0979360336633291,0.2719872441296181
0.0897894129311748,0.0802974933129921,0.1255330522238756,0.079548884551112,0.0942957222988315,0.0806707792175013,0.0794774058583874,0.080686944430294,0.1088529452065529,0.1808473599578407
0.0901355325525778,0.072712398086578,0.133386967582682,0.0804599689539199,0.0778392945118886,0.073529086340966,0.075030199967419,0.0727425343218964,0.1316392819917462,0.1925247356798337
0.0924138422692188,0.0751011012825268,0.1439538050427999,0.0726147553643282,0.0726365798368249,0.075006650678163,0.0725835713875803,0.0728574832803007,0.0978961264193562,0.224936084428434
0.0900192335274188,0.0732794392957784,0.1477879038851115,0.0681876325851327,0.06811008008794,0.0681596812612224,0.0681734003707278,0.0694025049581912,0.0921578870887888,0.2547222369298597
0.1216268818939717,0.1067570480227885,0.176733527594183,0.080831997600582,0.0788204094962632,0.0822686553433828,0.0787976290600359,0.0892606654642798,0.0831167223970777,0.101786463116065
0.1122293535906728,0.0899639551364366,0.1846123043367473,0.0868587915588037,0.0862261710739251,0.0863154647072313,0.0862611173327439,0.0862225766727985,0.0886442063623918,0.0926660592158097
0.0912147749272358,0.0740511666992362,0.1718552197281639,0.0640752142732219,0.0627669210012567,0.0674181222901654,0.0620742323932051,0.0620886938133504,0.0907963084148676,0.2536593464503403
0.102304503055876,0.085138252592276,0.1865625246424848,0.0599054979429268,0.0605605652818115,0.0649462871952015,0.0586836129074396,0.0630664574449938,0.0607617916174009,0.2580705073111233
0.1288567190281487,0.0926002279190005,0.2435622230388934,0.0630042791191787,0.0629802931156173,0.06304252689242,0.0632917069315569,0.0662487444511157,0.0892255591323695,0.1271877203626192
0.1246387190790598,0.0850099662812498,0.2544572205004149,0.0696128796413537,0.0647208407474901,0.0783845154070728,0.0638563948670102,0.0636605513902575,0.0751825929108341,0.120476319166123
0.1174960227281618,0.0822360985067109,0.2419744207105239,0.0739649310414247,0.062150815608351,0.0780209042864336,0.0621510862741487,0.0695109256002734,0.0910527862325588,0.1214420090024451
0.1302778989827531,0.0997088669226593,0.2516400638659898,0.0678056878152328,0.0637174422458594,0.0759876619145789,0.0636055504168899,0.0740980680535024,0.0895628427575015,0.0835959170159385
0.1325813820364784,0.0968126716968246,0.2470587828033672,0.0692308481598925,0.0605663767070029,0.069851816002855,0.059960020365289,0.0609875489121841,0.0582134050625003,0.1447371482452084
0.1314020098968689,0.0970860068250692,0.2525484617033292,0.0718283107252733,0.0636799305016683,0.0657812581797151,0.0656119238242176,0.0652857007270819,0.0778597712604378,0.1089166263471516
0.1153622239539523,0.0931503945467571,0.2129563786019294,0.082165042020069,0.064352907123052,0.0721341703772725,0.0629896557261928,0.077854812369494,0.071692094075407,0.1473423211968268
0.1285477292987757,0.1014665295135531,0.2241446109287209,0.0808415831973585,0.0691870818478405,0.0775184932641006,0.0646469955937876,0.0682979031313154,0.0640239751542254,0.1213250980611045
0.1161180817192701,0.0953225366919792,0.2155852472362098,0.0923776999014129,0.062374280449304,0.0711821621761915,0.058452818593625,0.0738687137785736,0.0617787688982273,0.152939690546905
0.1211203458018814,0.1038062814026721,0.2128012401548515,0.0893283766838358,0.066602995962254,0.0743256008279848,0.0608839721376399,0.0696773612962371,0.0755235282843932,0.1259302974395327
0.1092193988121895,0.0921205959569678,0.1976644487633293,0.0915341032543275,0.0646665732999679,0.0746141395502189,0.0672035970747797,0.072042474600755,0.0785452529983966,0.1523894156799805
0.1097247837071695,0.0926447894544806,0.1929793985590458,0.0880648539735994,0.0714801190775763,0.073627994623282,0.0635523608871825,0.0759672918808216,0.0645272833254593,0.167431124502313
0.1096062063092944,0.1017177585659696,0.1605373240577802,0.1045614081073122,0.0812632175181034,0.1001028902151547,0.0781505640401395,0.1112804625037525,0.077313345247808,0.0754668234238777
0.0842186614057992,0.0756065223471791,0.1242539545524661,0.095921704927526,0.0693285702768802,0.0819921401110493,0.0656800237085987,0.1017259623131059,0.0750337305173345,0.2262387298306327
0.1009470855382451,0.0975576778158234,0.1402800552956021,0.1222508061949692,0.084060028863722,0.0980282389423145,0.0775990472795323,0.1002919022907479,0.0746866042569975,0.10429855351127
0.0824252291316326,0.0770814573159115,0.1214029699614883,0.130561203970285,0.0817767170928335,0.0875806664835316,0.0724945213123693,0.0958070022436958,0.0713080875518838,0.1795621449263661
0.0825341980657072,0.0810585082520143,0.1262014236302302,0.1092370876891076,0.0880912182742558,0.0938496140641202,0.0719785869741395,0.0946793930175604,0.0910255869117662,0.1613443831109864
0.0755187673371095,0.075293662399417,0.1014048458140259,0.1197087472742839,0.072914994862584,0.1008543430095098,0.0699439980385428,0.0885044475961833,0.0666968286829117,0.2291593649760696
0.0745008479724683,0.0767884506765202,0.1005317982173272,0.099090659767505,0.076003184301232,0.0929032012711242,0.0656605382291976,0.0940615235163493,0.0787144540732441,0.2417453419661557
0.0844825643750129,0.091388498436221,0.1175381774568778,0.1210062321843222,0.0755004432068738,0.0827969271042615,0.0652576747246371,0.1001911146047355,0.0743213916988099,0.1875169761991501
0.0754423638065817,0.0810046365774081,0.10803570559557,0.1109751276119335,0.0747043367420632,0.104750845892143,0.0670634361155913,0.0852978035078333,0.0840742595333824,0.2086514846085239
0.0731692958246068,0.0751034376676927,0.0992222281678783,0.1225898429314171,0.0881732572020927,0.0887221268477856,0.0677232254077562,0.0863774348489417,0.0640361022534516,0.2348830488391368
0.0791722768462581,0.0892714274339567,0.0964340763652117,0.1833558307578649,0.0878323938523416,0.1039094197377184,0.0698979618616866,0.108647317035845,0.0686724484261359,0.112806847673458
0.0904166711500908,0.1035665269065985,0.1123032083068113,0.1237656521008705,0.0930570783075211,0.0877969572420392,0.0639490082483803,0.0877618886611663,0.0639320344254701,0.1734509746418967
0.0819379273469485,0.0944664213268272,0.1127810106766671,0.1721554309476733,0.0814487808965712,0.0840656658953995,0.0664052591092248,0.1095327542896366,0.0904798052963793,0.106726944205567
0.0787305516524127,0.0992983031904489,0.1027849635477986,0.1792125513075402,0.0917733295332587,0.0812311142335832,0.0601465841224819,0.0807139471828534,0.0674721551908342,0.1586365000306005
0.0873670824460817,0.1130711924327523,0.1133954674898633,0.1281855690506681,0.1029282631132826,0.0967188888164054,0.0616495423851803,0.1140241015452107,0.0630390566853998,0.119620836026746
0.086138723209112,0.113786625979541,0.113339273491663,0.1318891449006355,0.0821334014644589,0.0881871546664438,0.0593104988230691,0.0825148095363965,0.0554640659268246,0.1872363019939685
0.0943898362363261,0.1173207593515604,0.1202768703489522,0.1411421799355814,0.0818582786665731,0.1064939004209143,0.0710081906967324,0.0947144967359353,0.0768237006471425,0.0959717869511858
0.0793342182701255,0.1011991543926481,0.09171852243863,0.2022462388998166,0.0759797607833904,0.0928607287728346,0.0640064710505332,0.0981453225341368,0.0727834005949405,0.1217261822542616
0.0944502331271275,0.1274228829571905,0.107749710373644,0.1214966956026102,0.1237062496665049,0.1104850043443188,0.0744807183749172,0.1031936295448772,0.0752651233972977,0.0617497526026152
0.0946633354822014,0.1378119783665808,0.1014437874874974,0.141290422373016,0.0742566467188871,0.0876412404807567,0.0648507546553749,0.1121292422817959,0.0608545050341663,0.1250580871112149
0.0855252108913554,0.1558529713543622,0.0759663101031301,0.1466703194181274,0.1261150235875621,0.088650555626007,0.062879942578847,0.1072487463319346,0.0568713962332383,0.0942195238678019
0.0865854352071685,0.1561492559527132,0.0798201676024981,0.1141107036206728,0.1087642650501798,0.0795880989988821,0.0605840079498489,0.1344991296840944,0.0750210223096013,0.1048779136164554
0.0970684977962445,0.1716302441936024,0.0859624692854671,0.1583906963267211,0.082546484464432,0.098604734667517,0.0619849779317229,0.0948909624667702,0.0584592085415361,0.0904617243176824
0.0795143142031158,0.1370809128787713,0.0678047324418494,0.2593532784986011,0.0867774791660339,0.0896259631202993,0.0517241946894928,0.0936139857039324,0.0439928146887417,0.0905123246028208
