0.0275750849030603,0.0508688353096761,0.0748257066136233,0.241106937290556,0.256194620850476,0.061154161910411,0.0543994576100303,0.0438470226474559,0.1378425312166254,0.0521856416377556
0.0298122026396619,0.051390459299193,0.0754509110054537,0.2416369211760778,0.2531373849087428,0.0608664649290838,0.0539394674986085,0.0462245234540765,0.1339536772244727,0.0535879878544447
0.0280603360381485,0.0527051196014161,0.0681205878563537,0.2384546656685205,0.2518739953055958,0.0583278003195771,0.0500723441453834,0.0493041088830091,0.1525161005993455,0.0505649415724192
0.0242521186056796,0.0519073064413465,0.057199307360867,0.234427254944201,0.25113685510791,0.0560490062282798,0.0487822057525001,0.0511726696372345,0.1795316582007323,0.0455416177114921
0.0212242223376236,0.0473250700621005,0.0497529998955731,0.2341471041658335,0.2507935970420976,0.054132740843936,0.047080255633022,0.0526481805784203,0.2003269229439737,0.0425689064880106
0.0188855697101891,0.0410943436909955,0.0427498193635783,0.2336949332048154,0.2497668263547329,0.0513234655639937,0.0462033137678078,0.0548740742326217,0.2213053833758521,0.0401022707264122
0.0174163638427862,0.0352851783511522,0.0367769708886707,0.2384443807641252,0.255032809796175,0.049019306793032,0.0467341630540698,0.056246894759866,0.2270304411287357,0.0380134906128051
0.0164700044970832,0.0312944237568172,0.0321529309276043,0.2422659709522739,0.2586743892398238,0.0467960485135034,0.0467707527603738,0.0587576853838017,0.2304123710665548,0.0364054228939545
0.0159226050158323,0.0286925238552289,0.0287621203746895,0.2459991276223667,0.2627488861631606,0.0447161620904356,0.0471073290429583,0.0598787922265783,0.2313653616141764,0.034807091986638
0.0154061581624702,0.0267994623915242,0.025977429615101,0.2479846569187534,0.2651531151539074,0.043355306035312,0.0463744552362422,0.0598907428729199,0.2359488732688385,0.0331098003372373
0.0154229076876057,0.0255228051259142,0.0237956130981569,0.2489107640452593,0.2669655889535346,0.0417260757585203,0.0464673190950738,0.0606696954902197,0.238855311204911,0.0316639195333035
0.0155765686629436,0.0246658369780732,0.0220700363960286,0.2482994774564897,0.26726383667366,0.0405114607009069,0.0470406390438053,0.0626275052650236,0.2415113913691666,0.0304332474465603
0.0160332209520376,0.0240866777574677,0.0208477794931531,0.2463248234820804,0.26659876093543,0.0397728757714288,0.0474032994364826,0.0652417556675219,0.2439850281491358,0.0297057783480509
0.0168591048415553,0.0234327553842024,0.0200721508790895,0.2437408653665464,0.2653773452307281,0.0393142539196051,0.0474931017672326,0.0667291912401137,0.2479412323864302,0.0290399989774253
0.0183178750088701,0.0227449179625618,0.0198847203099184,0.2417308230123479,0.2644728697848143,0.0391371822408498,0.0475582438957883,0.0675486949344729,0.2500327402981208,0.0285719325452993
0.019545961878559,0.0221706606999037,0.0197890711875192,0.2397207714804512,0.2632573410107678,0.038894296022432,0.0473880116989034,0.0675582274740495,0.2535570351576133,0.0281186233829576
0.0210676850963367,0.0216636565007944,0.0201498846328208,0.2377531378377312,0.2616982211911456,0.0387431660920856,0.0467430254485705,0.067830392216151,0.2566596042603547,0.0276912267172744
0.0226893289590669,0.02128481045572,0.0208239110411356,0.2359226610396313,0.2603641371282928,0.0386551335043244,0.0458432009134221,0.0682542079611782,0.2588395837797217,0.0273230252108624
0.0242660366221257,0.0210205404979576,0.0217651854281368,0.2340514548276195,0.2592299390352965,0.0385563766027512,0.0448673594072617,0.068821188403717,0.2604473385087088,0.0269745806598614
0.0259331931034458,0.020902585797405,0.0230075685597267,0.2324376331812578,0.2584065019110818,0.0384924483320502,0.0442010521645752,0.0696413505094172,0.2603162516510594,0.0266614147834958
0.0278805301123906,0.0206429448991744,0.0244802631672952,0.2309689343045715,0.2577542681951825,0.0385307885301917,0.0438825064686347,0.0704261697822097,0.2590160463870222,0.0264175481469028
0.0301117308961173,0.02037980785998,0.0263077995373019,0.2296314350736623,0.2567804914670533,0.0385864856441421,0.0438957324836496,0.0716678396930374,0.2564603820925727,0.0261782952461156
0.0328730384700669,0.0202320358859611,0.0284814153539735,0.2283748692606008,0.2559185650975009,0.0383781325064929,0.0441224521763893,0.0729544449666859,0.2527597153935071,0.0259053308825066
0.0359256812685044,0.0201991836250288,0.0308016591607893,0.2275922470962441,0.2556393080203611,0.0379112943668433,0.0444931338873605,0.0740499394212108,0.2476864894475495,0.025701063699837
0.0390244044996517,0.0202922252247654,0.0331737800498911,0.226799255631228,0.2553169705153267,0.0375097677385919,0.0449301993892718,0.0742683741968992,0.2431079856537645,0.0255770370943658
0.041889096202023,0.0205105516610089,0.0354237871936772,0.2261372941531932,0.2551920632347733,0.03707320939187,0.0455134070964914,0.0744813800325636,0.2383570549784024,0.0254221560497729
0.044549916966818,0.0208089527148659,0.0376096404646268,0.2255975411196714,0.255490818980315,0.0366862098779015,0.0462120926513388,0.074350025940079,0.2333301517447484,0.0253646495334128
0.0471327736094488,0.0212982178304994,0.0395534109221948,0.2253430262342281,0.2556738335657849,0.0364505074736749,0.0469844198192939,0.0742835425865946,0.2278643694649775,0.0254158984870714
0.0494901332056016,0.0217508333323894,0.0414859865447199,0.2251458741819937,0.2557676345112696,0.03635073027742,0.0476780900897017,0.0741373748776744,0.2227866255554456,0.0254067174175349
0.0518922589176016,0.0222964331552557,0.0433471617496556,0.2250737823512146,0.2558248045544301,0.0363040933021227,0.0484452873609062,0.073617517340629,0.2177369945782082,0.0254616666837027
0.0543848184350824,0.0228808675784417,0.0452978211101096,0.2248166119838056,0.2557831562595256,0.0362804842433396,0.0488045650267543,0.0732523862775014,0.2129024306125181,0.0255968584666185
0.0566521250589489,0.0232518549982608,0.0472831821241114,0.2245987838337926,0.255935161807079,0.0362676792819153,0.0491495165558865,0.0729623053926646,0.2081652239653245,0.025734166975676
0.0587594872717606,0.0236857480281762,0.0491821815037844,0.2240697136370151,0.25579709273109,0.0363831567883007,0.0495724704957186,0.0728938676149115,0.203642873283515,0.0260134086393529
0.0607168358243239,0.0240979404270438,0.0508902555679327,0.2234928910854086,0.2556155455365257,0.0364601250333308,0.0498711778206603,0.0729120341258266,0.1994514035981328,0.0264917909744045
0.06265605954759,0.0246101262319389,0.0525323849006102,0.2227083985048158,0.2551800079486096,0.0365785545274773,0.0500148032966139,0.0730563705849401,0.195636711734729,0.027026582716229
0.0645722150255194,0.0250836358889008,0.0543010158721396,0.2217995962421184,0.2545916722983757,0.0367238510182352,0.0501957431092282,0.0735084859387815,0.1917892354649087,0.0274345491353147
0.0664897928164911,0.0255944431040625,0.0560858299758556,0.2209072666135964,0.2538111819588506,0.0368068595397079,0.0503990233687082,0.0739880537030067,0.1880820486623199,0.0278355002508929
0.0681825143409021,0.0261432090263394,0.0578278549784146,0.2200253965327127,0.2529749557100101,0.0369431585935668,0.0506597480542813,0.0743653549679822,0.1846766249813025,0.0282011828079479
0.069724394620897,0.0266802453260991,0.0594827930255279,0.2191747770472957,0.2521378870256219,0.037033655331378,0.050941117753259,0.0746741170045367,0.1814960121570163,0.0286550007017944
0.0712151865615005,0.0272328599920979,0.0610571232532068,0.2184295077889004,0.2512634252049644,0.03715322377786,0.0509233162924199,0.0747865694240732,0.1786490488600127,0.0292897388383518
0.0727224803111082,0.0276638736643173,0.0625691314639866,0.2175039645712811,0.2502031736372818,0.0373154186409781,0.0509637004110319,0.0748831498772243,0.1760942878582087,0.0300808195579298
0.0742360809778914,0.0279217605125697,0.0641319494110166,0.2165155260824588,0.2489671148189537,0.0374856703876556,0.0510508960171272,0.0749759678037154,0.1737418235925858,0.0309732103893318
0.0755638879051794,0.0281815671913787,0.065544140333081,0.2155441961826667,0.2476433959310137,0.0376743805675679,0.0511836244748866,0.0751240681555359,0.1716464546041539,0.0318942846477957
0.0766708072427204,0.0285334347479155,0.066810869453048,0.2146006729407091,0.2463991895670318,0.0378765710961392,0.0512112881446117,0.0753099808650319,0.1697199116942491,0.0328672742417525
0.0776286821091079,0.0289733506668261,0.0679843807636216,0.2135079453055064,0.2451040012043753,0.038124835624633,0.0512677847674165,0.0755477721113773,0.1679732910311508,0.0338879564091415
0.078428413489113,0.0294804962821131,0.0690107939437908,0.2124652996226997,0.2438606030640364,0.0383896589725062,0.0512144362899565,0.0757178246982081,0.1664559960060473,0.0349764776246282
0.0791726634707452,0.0299381834554774,0.0699569566616204,0.2113648776864854,0.2425974505010115,0.0386501011250595,0.0512316424173088,0.0758827559290838,0.1650898332159101,0.0361155355303377
0.0797598276710605,0.0305323425727536,0.0707826092826126,0.2102775956800053,0.241359084523624,0.0389516566261708,0.0512945086919874,0.075989429984299,0.1638515457552147,0.037201399205249
0.080286488061825,0.0309645795137674,0.0714257739556021,0.2090661455860578,0.2400792011994511,0.0392224437388861,0.0513992577280052,0.0760677228883272,0.1628523155105874,0.0386360718104031
0.0807482897916495,0.0314040511418404,0.0720299777610825,0.2078440074675006,0.2388631456746612,0.0395170724119611,0.0515571545651181,0.0760900816726958,0.1618990129135873,0.0400472065927499
0.0812468254273781,0.0319735404835223,0.0727717832997205,0.2066192063370097,0.2376486801946798,0.0398682388173235,0.0517280148785138,0.0761057663587051,0.1608957637430896,0.0411421804528367
0.0819086826188266,0.0325039678679642,0.0736856726487935,0.205324003815529,0.2364037062013216,0.0401867001064125,0.0519682634852532,0.0760827985098819,0.1598580488326996,0.0420781559060303
0.0827463899647001,0.0328832320463808,0.0747089084228108,0.2040731374006227,0.2350965251178973,0.0404765845755911,0.0521528885982029,0.0760595993067883,0.1588532531273634,0.042949481432288
0.0836858517830929,0.0330902424492955,0.0756808377031059,0.2027228927512482,0.2337000900673046,0.0407702454142646,0.052341154130715,0.0760422582422683,0.1578906174332791,0.0440758100180066
0.0847293614375638,0.0332629221487934,0.0767070865521902,0.2013457571051597,0.2322082900689842,0.0410179085692475,0.0525262065471069,0.0760149499146615,0.1569830925579688,0.0452044250908407
0.0856756020859595,0.0334917828895782,0.0776410292027716,0.2000206998746614,0.2307104628071052,0.0412580646477464,0.0527248906441786,0.0759836135530732,0.1561257934570188,0.0463680608303601
0.0865228225130828,0.0337376460724757,0.0784666608642751,0.198722325777782,0.2292304674028513,0.0414851789575001,0.0529437258427285,0.0759578919418308,0.1553038965697033,0.0476293840501589
0.0872938904643411,0.0339744218881855,0.0791409624503835,0.1975232645872595,0.2277732950421052,0.04170379125287,0.053153358173483,0.0759430797094756,0.1545735521256168,0.0489203842986018
0.087921293311207,0.0343583767359911,0.0797734942976841,0.1963977969528711,0.2264036455331111,0.041918163770847,0.053354486387552,0.0759939784823602,0.1539163047220819,0.0499624597985478
0.0885449771048039,0.034707337146834,0.0803680529229487,0.1953089926602785,0.2250746640910115,0.0421002910700172,0.0535725285611387,0.0760718927997394,0.1533029571709133,0.0509483064644985
0.089919211887908,0.0348429483294692,0.0810126553061345,0.1936515738729299,0.2234185876977809,0.0420474196110264,0.0537383406940321,0.0765861792381024,0.1529442188903501,0.0518388644644113
0.0912597543876722,0.0349462648187091,0.0815849258255982,0.1919678801651471,0.2218610192342338,0.0419527661442565,0.0538997921522456,0.0770508049598671,0.1527552198595983,0.0527215724447735
0.0927216870144553,0.0349909025130404,0.0824169154472684,0.1903753012556776,0.2203056575721617,0.0418949073103574,0.054187098200409,0.0774284922327627,0.1518278832462753,0.0538511551996522
0.0946882062568305,0.0349726495951355,0.0836162585584432,0.1886800594408897,0.2185518392994957,0.0417960336892915,0.054382892575587,0.07781411323718,0.1499038836059041,0.0555940637332444
0.0970654137656439,0.0351377896249429,0.0851044320831748,0.1868192932483096,0.2166537389344598,0.0416842601419989,0.0546066242905713,0.0781564249801967,0.1474319235588592,0.057340099363783
0.0998257473181404,0.0355682005818006,0.0869766299745876,0.1848667121720357,0.2147286842346944,0.0416528263501805,0.0548254543475556,0.0783914512549444,0.1439820187798716,0.0591822749780536
0.1029373276646977,0.0362088058565736,0.0892280716877945,0.1821974719017309,0.2119648703982821,0.0416579343338012,0.0549465129412822,0.0786173554454541,0.1411133702056108,0.0611282795565472
0.1062315772118919,0.0368700851975126,0.0916742970920926,0.179368861152679,0.2090836895977122,0.0417541466901714,0.0551382737855954,0.0785912433880526,0.1381019039519929,0.0631859219239714
0.1095951364406419,0.0375532245270456,0.0942219296775385,0.1763339869123222,0.2059183242414148,0.0419387070694678,0.0552720843217806,0.0786768752839321,0.1352068844092687,0.0652828471081548
0.1130955872315473,0.0382731337727401,0.0968422540808814,0.1733206502936102,0.202729067137901,0.0420516915500482,0.0556670621739228,0.0788996246840766,0.1313939757188151,0.0677269533479134
0.116474642437652,0.0390219958274803,0.0994799139972311,0.1704289552341841,0.1995373245778162,0.0422380474465522,0.0559981597743429,0.0790448021026469,0.1276521401083815,0.0701240184850522
0.1197832081070258,0.0396668019420924,0.1021674788953884,0.1678558223874915,0.1966230415909373,0.0424265886035977,0.0563121860989626,0.0789462707210189,0.1237914244052769,0.0724271772394223
0.1229786695552775,0.0402938441415449,0.1048595921492055,0.1656404710264045,0.1939185274548661,0.0425896201322559,0.0567231465054674,0.0786938007991701,0.1197227679806088,0.0745795602462815
0.1261723471436407,0.0410174719322346,0.1077040034283277,0.1635820795326211,0.1913268081113329,0.0427286897371555,0.0571783984629099,0.078711520884672,0.1149010202692874,0.0766776604887492
0.1291469517056369,0.0418654852403016,0.1105662987782972,0.1613919703336977,0.1885837965637998,0.0428241038575159,0.0576866828073758,0.0789762503965794,0.1103537614697925,0.0786046988377798
0.1322206615794633,0.0427241272103343,0.113538567860965,0.159244113379288,0.185910236069225,0.0429779273706406,0.0582930950673665,0.0795221063567588,0.1048840542093917,0.0806851108871762
0.1352067686958551,0.0437215386726998,0.1164964326872877,0.1571363180892728,0.1834240257389784,0.0431144567854244,0.0590745553537291,0.0799482215033231,0.0990413772706025,0.082836305193252
0.1380158171824313,0.0447710307444236,0.1193380190280601,0.1551081462834179,0.180929188934994,0.0432467073205991,0.060048073018126,0.0802712466631847,0.0933061790402379,0.0849655917747562
0.14071412225381,0.0458888652331675,0.1219906492993368,0.1532252449887076,0.17839694781564,0.0433963273358499,0.0611879426251743,0.0805204805902783,0.0874826958387348,0.0871967240093267
0.1433414318661974,0.0470953707440805,0.1245366572100906,0.151234080740984,0.1756150776216089,0.043521907326322,0.0624060742857579,0.0806441074966433,0.082143759198772,0.0894615334993475
0.1456532114107274,0.0484428214457858,0.1269172878844457,0.1493627600352105,0.1728331919247631,0.0436147820668567,0.0635232659462799,0.0807595306166461,0.077404929938488,0.0914882187203748
0.1476964056487173,0.0499806215644906,0.1290480950200917,0.1474123873401507,0.1701612035917025,0.0437198481297573,0.0645609603862164,0.0805578018495783,0.0732776933916368,0.0935849830669938
0.149303986961525,0.0516200546900035,0.1309287880186176,0.1453276766474702,0.167322134097544,0.0439960507681067,0.0655563952384965,0.0803058847282919,0.0699897385580677,0.0956492902809541
0.1506553505939486,0.053218388571056,0.1324525818934027,0.1426897748043798,0.1638922874779736,0.0445188658010591,0.0663507714385137,0.0800491196184512,0.0682443488510496,0.0979285109389702
0.1515283217791556,0.0547674233960112,0.1335889717796691,0.1400110117256419,0.1604393420950417,0.0450228731434923,0.067067574690024,0.0803125682520744,0.0671490976280234,0.1001128154994076
0.1520299211446155,0.0562106555402361,0.1345382988467736,0.1370556173851946,0.1565698518288092,0.0455660985825237,0.067717171250264,0.0806243411926543,0.067308316595919,0.1023797276212938
0.1520273097250158,0.0574826774334659,0.1352000801275322,0.1340358732467303,0.152366806404725,0.0461723367281196,0.0680382764056452,0.0811503917453164,0.0690276328565936,0.1044986153149079
0.1516517089090382,0.0585335017428642,0.1358869571576936,0.1308944511032544,0.1483237384283256,0.0467671785229485,0.0682967764953734,0.0817077882931208,0.0715135955309284,0.1064243038042844
0.1510642838101344,0.0596694944634387,0.1360986935548636,0.1274039390854106,0.1440161839699838,0.0471397214955292,0.0684177601176536,0.0822290561135677,0.0754539821819339,0.1085068851951147
0.1499176131252228,0.0605307014339483,0.1362308526689261,0.1239055429912668,0.1397834708575124,0.0475471498463955,0.0685085900146601,0.0832721950513401,0.0798811654298605,0.1104227185683132
0.1481313840136133,0.0612275488345687,0.1359592536387099,0.1204867233294737,0.1354950242510938,0.0480141412396792,0.0689718121798962,0.0842388967581286,0.0853381934533252,0.1121370222887944
0.1462316588284358,0.0619661129925071,0.1356748954330877,0.1173342468542214,0.1312884009897291,0.0486708982571373,0.0695183871818203,0.0852274022016719,0.0904761373510159,0.1136118598975094
0.1441580281578225,0.0623716463364517,0.1353286849234925,0.1141726622166369,0.1270132448411415,0.0494731024294943,0.0701112115685004,0.0860714929494907,0.0964468952203101,0.1148530313436677
0.1421224901267305,0.0626782565050446,0.1350959095403364,0.1109471166009466,0.1226123762703604,0.0503744310120167,0.0708565557263427,0.0868636320532409,0.1025864593489398,0.115862772802926
0.1397686437581137,0.0627555793338919,0.134637446327638,0.1076719654798744,0.11825552349479,0.0514468956127505,0.0717607602421728,0.0874925056080562,0.109582397793787,0.1166282823357127
0.1382870384586701,0.0625259604594501,0.1346707072668576,0.1047157376746347,0.1141528232590924,0.0531571496831644,0.0729614730002448,0.0877612631054182,0.1144610585566312,0.1173067885225351
0.1371323855468435,0.0622663212912998,0.1347286885867469,0.1017459240763084,0.110144760997042,0.0553637736754593,0.0741741351253836,0.0880769738298382,0.1185959983104165,0.1177710385472921
0.1362962723119752,0.0619322750397815,0.1346950484882257,0.0987745743440766,0.1062545052818659,0.0577415609080141,0.0753608628863151,0.0883849516035232,0.1225002769967185,0.1180596721260809
0.1358033687466948,0.061575439314136,0.1346946860813236,0.0957454289189814,0.1023248176693371,0.0602604634808961,0.0764260442749516,0.0887104971573286,0.1264537000564176,0.1180055542864731
0.1355303302315285,0.0612277048150479,0.1346540199517356,0.0927664058155319,0.0986703320849751,0.0626845549768526,0.0780079179088203,0.0891261374363222,0.1297825308387676,0.1175500659269353
0.135610401057394,0.0611133765731766,0.1344950629874474,0.0899894136062378,0.0953067486318903,0.0652054523250262,0.0797331063898115,0.0896952530610393,0.1322973180927404,0.1165538672617619
0.136232538541069,0.0615637841127824,0.1341494149399564,0.0871536967478671,0.0920709199882343,0.0679511543818536,0.0816112272383491,0.0899687293326077,0.1344007994039759,0.114897735299893
0.1372696830433058,0.0623833966819816,0.1337370580840693,0.0842770942300115,0.0890300313024188,0.0708622726997295,0.0834218287319708,0.0902955336096074,0.1358726565841294,0.1128504450194636
0.1389864149866035,0.0640620960593427,0.1331933657495196,0.0814902316955701,0.0859658734736615,0.0736698125522518,0.0852274461031164,0.0907038765389747,0.1363026893779331,0.11039819344986
0.1409385710398273,0.0661719593251802,0.132416376971352,0.0790314835092366,0.0831182491304203,0.0765258738696357,0.0866975530489535,0.0911787962458281,0.1361799104034972,0.1077412264430747
0.1430851896421082,0.0683091413345304,0.1317869421725623,0.0767524807351845,0.0805427249436994,0.0792336524734901,0.0882786788159787,0.0914976255718109,0.1354491579967471,0.1050644063010575
0.1453331134920276,0.0706989072509906,0.1311378796608084,0.0746252466280431,0.0781453663156433,0.0818159095401521,0.0897547738817544,0.0917054921261342,0.1345236917231524,0.1022596193686363
0.147647544915096,0.0727262678878017,0.1305368949267187,0.0726092128258488,0.0758781816742129,0.084226183691494,0.0912786371438243,0.0919419517857941,0.1336492471007629,0.0995058780359659
0.1500032507839441,0.0761484785304661,0.1296025754856219,0.0709061349851451,0.0737893194845947,0.0866429661158434,0.0930002270891829,0.092276040710192,0.1312881254554753,0.0963428813472691
0.1517384233442457,0.0786099604913297,0.1286113284917495,0.0693970816270573,0.0718450847763159,0.088914531332057,0.0950581111231569,0.0927501715106358,0.1296256526272274,0.0934496546641277
0.1531962358620748,0.0807073586270075,0.1273653549395257,0.0680887222742909,0.0701206141564415,0.0909713422586076,0.0969829562984075,0.0931109035352616,0.1283673487557024,0.0910891632807355
0.1539274930041599,0.0819484581313962,0.1259306691057224,0.0669637090939246,0.0685341565971655,0.0931590292911771,0.0988262691776382,0.0935068865831643,0.1281937109290221,0.0890096180748028
0.1537078618904168,0.0826266183964282,0.1241579642448834,0.0658400641501157,0.0670962885272543,0.0953191140390857,0.1008617843239823,0.0940524227272832,0.1291940404988744,0.0871438411899415
0.1530683552211989,0.0833744837827551,0.1223145642577192,0.0648328890989898,0.0657577064342581,0.097671524179172,0.102853427249185,0.0945181757313644,0.1306773833515768,0.0849314906821336
0.1522075701179966,0.0842257330412767,0.1203131513623726,0.0639663809976817,0.0646515158203443,0.0998851175152373,0.1049103231502794,0.0948783176386527,0.1322057835627414,0.0827561067818506
0.1510800477473543,0.0847229570733081,0.118250225166006,0.0630694804125495,0.063663452911663,0.1020859936414426,0.1070018353663312,0.0953965355543121,0.1341630994491527,0.080566372666385
0.1501563933991556,0.0852368108607839,0.1164051489903407,0.0622747758489883,0.0628262511080534,0.1037504369453,0.1089737228522716,0.0957934376340534,0.1363325742305485,0.0782504481190793
0.1492179489636078,0.0858212177133424,0.1146896904890061,0.0615018808699924,0.0621116230256412,0.1053433612939904,0.1112236883500417,0.096334884625347,0.1378135540189024,0.0759421506387734
0.1483548621537075,0.0860932546769203,0.1130212832614854,0.0607928509287791,0.0614274212146935,0.1068029290939032,0.1133530386440446,0.0970715338933045,0.1391609042635979,0.0739219218582785
0.1475670100393407,0.0864551213587504,0.1114370571699891,0.0600690378309312,0.0607590887172933,0.1083463705668582,0.1156056976928411,0.0979745162228309,0.1398345558291916,0.0719515445607645
0.1468966283415046,0.0866717138215076,0.1099049037093224,0.059334549066847,0.0600019147284143,0.1100526802238273,0.1178775162211249,0.0991433861188135,0.1400161108761778,0.0701005968813395
0.14641907676266,0.0870907928160664,0.1085444489021766,0.0586747435080014,0.0592932982274067,0.1115692572706754,0.120317089793895,0.1002774737849377,0.1395359310367044,0.0682778878864365
0.1459407314437487,0.0875572245627642,0.1072581036975438,0.0580899404134194,0.0585915982554782,0.1133025692144054,0.1226668453592856,0.1013752386505794,0.1387935682576348,0.0664241801341838
0.1450238387490492,0.0879023600889434,0.10617575878262,0.0575306603132037,0.0579527657211627,0.1151627211287231,0.1249411069002445,0.1024449054558391,0.1387913391454391,0.0640745437038702
0.1437845888689626,0.088306806068345,0.1049821449155617,0.0568871998856182,0.0573513269792045,0.1172253093476591,0.1271282643882268,0.1034447231980733,0.1390219807200174,0.061867655617468
0.1423836565199873,0.0887287534084482,0.1038106499321782,0.0562640756569391,0.0567690695975142,0.1191238790328649,0.129276320091787,0.1045101826424513,0.1394071083293652,0.0597263047776312
0.1404276843284056,0.0891795664331644,0.1024328162807907,0.0557186157761929,0.0562877648714495,0.1210183576787238,0.1314233137154093,0.1054956047241956,0.1403441494787123,0.0576721267021358
0.1380404707826542,0.0896936786965084,0.1008127970191629,0.0552762743343329,0.0558947178681922,0.1227386075503408,0.1332889555267794,0.1065380533250496,0.1419930297061473,0.0557234151800211
0.1355593112109371,0.0901101589765182,0.0990869284555124,0.0549278056495055,0.0555601982310017,0.1244983267520035,0.1352073444313772,0.1074725417629002,0.1437681269401846,0.0538092575792576
0.1331598620746722,0.0906165866655799,0.0974789967855366,0.0547263258750005,0.0552983939722072,0.1262023177589686,0.1365526339919786,0.1083808981741626,0.1458000648648383,0.0517839198262524
0.130878167146849,0.0910837191643186,0.0959369316977015,0.0544752401149053,0.0550338134331627,0.1278183076316741,0.1379103830798897,0.1092410937308656,0.1476878341470323,0.049934509842802
0.128737259579625,0.0915893585470279,0.0944183129802834,0.0543646669764247,0.0548158587162262,0.1291629975497268,0.1392115025918384,0.1098255092081604,0.1495041355188234,0.0483703983210783
0.1266195622285683,0.0918371580354317,0.0927835171789289,0.0546356393376867,0.0548551023940998,0.1304324294241704,0.1399291103626594,0.1101093508208779,0.1516536845110196,0.0471444456958015
0.1247221517218072,0.092068756549456,0.0911871354733915,0.055012009867625,0.0549251961268795,0.1317146214577031,0.140753138524211,0.1103413440239233,0.1529973221047752,0.0462783241395011
0.1229820526495151,0.0920822581491853,0.0895007589829076,0.0556694341133924,0.0552060194453878,0.1326117560719757,0.1414390715838532,0.1104357246318088,0.1542624117841788,0.045810512577096
0.121113484679799,0.0922576270201575,0.087944703095136,0.0560968320230613,0.0553310415170972,0.1337524684276199,0.1422420212356136,0.1105995614348517,0.1553509949608697,0.0453112655951246
0.1193126770787813,0.0924100250614079,0.0867148108431912,0.0562336990650312,0.0551904662404366,0.1348346488980875,0.14314028360073,0.1108209371606996,0.1564635716215663,0.0448788804194422
0.1178465497109618,0.0924765833638417,0.0857594925330059,0.05623102968147,0.0549551734611471,0.1357459234527321,0.1439512930906287,0.1109641013330135,0.1575063883827387,0.0445634649798842
0.1169607682563688,0.0920604396843186,0.0853632699431257,0.0561011050104943,0.0546181355320727,0.1370097230061727,0.1450718446647856,0.1111201144459004,0.1574611312160505,0.0442334682301788
0.1163056751984572,0.0913899751221591,0.085146930703521,0.0560559003288069,0.0543812769189752,0.1380658293818507,0.1461227183915038,0.1112032978175427,0.1573306310051265,0.0439977651215765
0.1157110869819366,0.0907025176812162,0.0850353587941036,0.0560046198446877,0.0541326848351242,0.1389567650088438,0.1467803837408191,0.1112645309504736,0.1573346260861673,0.0440774260662074
0.1151492120206428,0.0898926580835248,0.0850555747721663,0.0560490432225399,0.0539717503103637,0.1397164747611725,0.1471510439659565,0.1111442378068688,0.1576035812406699,0.0442664238057452
0.1147805867250937,0.0888282224127388,0.0852976223637652,0.0562474361985408,0.0538860479848662,0.1405756503174754,0.1470788646859237,0.110959130033092,0.157718654473653,0.0446277847945817
0.1147492574388154,0.0875328186052804,0.0862437031263281,0.0565533740930586,0.0539033131853963,0.141155612316767,0.1469479005642663,0.1107783663769477,0.1573471638699451,0.0447884904130232
0.1157838472816905,0.0864343271456755,0.0880621281263946,0.0565310367533868,0.0536299455738345,0.1415988479265962,0.1468759567980994,0.1104581097716442,0.1557716006906847,0.044854199921927
0.117420567200905,0.0855887772335245,0.0903351348495669,0.0563171849958942,0.0532638405708438,0.1420003314159298,0.1466463835794851,0.1101720750715467,0.1534430715664815,0.0448126335058616
0.1194280558510401,0.0849760962878651,0.0927874751625107,0.0561019211428209,0.0528745693367325,0.1421996419933559,0.1465536727610366,0.1096329376885657,0.1507321106156773,0.0447135191505323
0.1219752765022759,0.0849729588395688,0.0953511294953808,0.0556627977831924,0.0522878717351074,0.1422847045158738,0.1462816150284221,0.1089199906355117,0.1477393622344272,0.0445242932204762
0.1244730284746586,0.0851236147467084,0.0978626174385048,0.0556230231938685,0.0520568696854047,0.1422450621998225,0.1462683131192901,0.1083860239813417,0.1438322844037578,0.044129162746969
0.1273308468665989,0.0859838790248188,0.1001904634632519,0.0553963131702307,0.0517026381776261,0.1419469123655126,0.1461048001257603,0.1076211904824364,0.1399821018625242,0.0437408544516589
0.1303519933995952,0.0870279622244376,0.1024823278077591,0.0552363616567801,0.0514373968718242,0.1416688566243234,0.1458431911299407,0.1068036030826378,0.1357249956941119,0.0434233114990883
0.133284547749764,0.0882695766296138,0.104366456560501,0.0550216526419449,0.0510942209790611,0.141242290584269,0.1456063586889598,0.1058153597476139,0.1320221003757984,0.0432774360330449
0.1360988093285762,0.0897156742535902,0.1059351038428305,0.0550078269629153,0.050868320745435,0.1408148978506939,0.1453451690507101,0.1049047538970828,0.1280892433433625,0.0432202007154216
0.1386598811252044,0.0912735793429228,0.1071570312669244,0.0551427014488889,0.050937827388437,0.1404491955669702,0.1449907698407648,0.1040391390753811,0.1241775684044324,0.0431723065307325
0.1413424812748761,0.093393029649751,0.1082141423559481,0.0554187935837451,0.051098250700025,0.1398699976278474,0.1445409805132037,0.1032566648918366,0.1198541696100103,0.0430114897834374
0.1431752023393086,0.0954413833360615,0.1087240061782717,0.0556753638955382,0.0512956988456074,0.1390212551669531,0.1439425496717797,0.1025767639488108,0.1170691165400291,0.0430786600683405
0.1446858397528219,0.0976326702096386,0.1090606461492675,0.0559095745767679,0.0514031900172521,0.1379686382539575,0.1434432918954027,0.1017757974608297,0.1149086912975903,0.0432116603771792
0.1459739513146471,0.0996603993500408,0.1093733790536077,0.0563201986583475,0.0517244848237723,0.1367956368120682,0.1429725410032822,0.1009495704258853,0.1127477004917657,0.0434821380572949
0.1466841879279563,0.1012524042237749,0.1094275104940966,0.057159279573864,0.05254086935407,0.1357148191978022,0.1426184793953729,0.1002273231188807,0.1104745334414835,0.0439005932634085
0.1470096128506359,0.1028211963627464,0.1092248343002316,0.0580590206856847,0.0533557517153332,0.1346067507614737,0.1422474016213247,0.0997046446094222,0.1085930147201085,0.0443777723637387
0.1467876275489159,0.1041339603171701,0.1089126431893064,0.059383794057018,0.0546329056965777,0.1334997506871721,0.141741931403291,0.0990163877987113,0.1069436357237545,0.044947363568767
0.1462428396635302,0.105348018513422,0.1085717752848129,0.0607803810875872,0.0558630603240313,0.1323822654995972,0.1411358771547772,0.098538265819681,0.1055040897796069,0.0456334268635974
0.1455748926235092,0.106162759458759,0.1084434859116784,0.0624531574980091,0.0572921758274761,0.1311243547821884,0.1404918729798262,0.0978262669596498,0.1042847188558333,0.0463463150936629
0.1445641150892938,0.1062447425305121,0.108382924664779,0.0641753203543603,0.0589425208585429,0.1300107251785365,0.139917563457048,0.0970866180419516,0.1035685203676288,0.0471069494478735
0.1431653728767447,0.1055720083348484,0.1083303291147474,0.0661785050022131,0.060939154124453,0.1288614742888691,0.1395981011917803,0.0963622645103956,0.1031772912081032,0.0478154993382922
0.1415558281663533,0.1044147709838095,0.1083052495256597,0.068326471532717,0.0630282493487093,0.1277920027193628,0.1392815473584886,0.09576204217175,0.1030552042253662,0.0484786339581562
0.1399218378249082,0.1030954495338089,0.1084230012120618,0.0704017122121376,0.0650553372874825,0.126759545997749,0.1390613873322594,0.0950529108768585,0.1030689771477756,0.0491598405652488
0.1383525633260987,0.1018386044256743,0.1086463705982938,0.0723480509292648,0.0669949482358849,0.1256555550521007,0.1386661270580218,0.0944423874764539,0.1031393241811595,0.0499160687072437
0.1366822396403976,0.0994856574659698,0.109385038193834,0.0744221800759557,0.0690476235016442,0.1245717485512595,0.1380506159673311,0.0938244483306522,0.1040923592285917,0.050438089034447
0.1356103861736823,0.097581340677018,0.1104744939470536,0.0765820023518173,0.07118896631094,0.1232155859984038,0.1367518399808389,0.0931210178341555,0.1046141981147695,0.0508601686013266
0.1345778339249745,0.0954296932973757,0.1117763152672525,0.0789938588477234,0.0735612695429892,0.1215311187359549,0.1353516418196864,0.0925515874551024,0.1050639826863879,0.0511626984125035
0.1338828453852192,0.0938438384991572,0.1130711401699588,0.0815174989901323,0.0760823514783739,0.119626223273705,0.1337342140068878,0.0919906526587398,0.1048079114672268,0.0514433240605228
0.1338801481429969,0.0928313972000744,0.1147492094561993,0.0839082595405695,0.0784479008432486,0.1176417712890763,0.1318477759818427,0.0913423325291454,0.1037744079325281,0.0515767970742378
0.1344318343223425,0.0922017334984072,0.1167928411681877,0.0861848572874237,0.0807921874030719,0.1155199451405102,0.129882764692547,0.090413283873409,0.1021339959121383,0.0516465566918908
0.1353029114003444,0.0916191340257963,0.1191797633661595,0.0882359176515407,0.0829734740662659,0.1135355819117197,0.1277082163676595,0.0896182654673901,0.1002758029375838,0.0515509327955084
0.1367702911220005,0.0915065899621936,0.1218416916546386,0.0900289409105234,0.0848645537800769,0.1114160488256497,0.1253454502605017,0.0888112648959797,0.0979975561117725,0.0514176124666826
0.1383312354610195,0.0915546004732523,0.1245180835611891,0.0916029975857221,0.0865905707100102,0.1095302145701892,0.1230595765967366,0.0879525191100889,0.0956173953832211,0.0512428065386449
0.1398150028509713,0.0915728543845004,0.12701218334949,0.093364926615494,0.0885969406265412,0.1075836738990398,0.120428376007413,0.0868358354651684,0.093768699586086,0.0510215072054388
0.1410699714917564,0.0914481924403912,0.1292678662862471,0.0951992932653519,0.0906639781590693,0.105796570806726,0.1179406103067989,0.0854745847285116,0.0922547925699025,0.0508841399354578
0.1423452758503639,0.0915566089135781,0.1314548418376442,0.0969248755991045,0.0926024818062016,0.1040465268991673,0.1153655827505354,0.0837508380607457,0.0911337829289602,0.0508191853439767
0.1435724110840432,0.0918349032071004,0.1336417992675023,0.0985938896841589,0.0945428707990405,0.1021753513001626,0.1127089662810036,0.0818639681267902,0.090376675001185,0.0506891652393546
0.1446649279141466,0.0920906798700161,0.1356377994479829,0.10025238218914,0.0964527918201251,0.1004962543480021,0.1098287232190504,0.0800358113325661,0.0900268734568066,0.0505137563925868
0.1457568131717214,0.0924968095577743,0.1375704745704949,0.1018744801054938,0.0983526296776384,0.0986166295122973,0.1069176407053086,0.0784115322302232,0.0897491850934782,0.0502538053660808
0.1472385913520708,0.0933804049632003,0.1394139977244157,0.103152555375631,0.1000591681258651,0.0968038991447155,0.1042641976658634,0.0769114552227139,0.0887216702098727,0.0500540602062681
0.1490213593648299,0.0947927980166902,0.1412851896505746,0.1043825227400778,0.1015715752061802,0.0948703290409555,0.1016081293924786,0.0754807788075533,0.0871531702190124,0.0498341475523719
0.1508514737651487,0.0962824283462371,0.1431175699035173,0.1054764861143631,0.1030456050492559,0.0930076959949049,0.0989141946526874,0.0741536828845336,0.0856505292172143,0.0495003340629874
0.152867982260482,0.0974348925442623,0.1449658752227389,0.1065984720232556,0.1043566954811908,0.0914509294308393,0.0963409802051384,0.0729474791658971,0.0839798866762254,0.0490568069809598
0.1551858528522276,0.0985972903173123,0.1468329629533689,0.1076213742867664,0.1055611714841224,0.0900581452875288,0.0939805603436183,0.0720054224467441,0.0816752092850923,0.0484820107343603
0.1574862651681431,0.0996683097397343,0.1487209968346099,0.1083504731813654,0.1064932083082696,0.0887385991327705,0.0916936834322239,0.071463586005298,0.0794193287150097,0.0479655494738593
0.1595154119262235,0.100294272513378,0.1504765655816677,0.1091087918184143,0.1074286376306811,0.0878295633757963,0.090074992834091,0.0711063930391358,0.0768248415931925,0.0473405296788417
0.161152928863916,0.1004296565334505,0.151957910034832,0.1101669328538189,0.1086906815890644,0.0871408117071883,0.0884218344564858,0.0708139859545963,0.0744523927257236,0.0467728652724708
0.1625349399451505,0.1004106702531966,0.1532031724084984,0.1111425984662922,0.1099684002803007,0.0868592973762169,0.0868249467245963,0.070710462679163,0.0721116910929671,0.0462338207652759
0.1640947298081334,0.1007420938195941,0.1545791850889566,0.1120264110778683,0.1110475261645603,0.0863539404706073,0.0855439879959433,0.0704178767265483,0.0695730723250612,0.045621176514476
0.1655065122335967,0.1012202327822571,0.15573462334742,0.1130147646448905,0.1123989087411941,0.0856047600844477,0.0841852660959268,0.0699696534980691,0.0674074206061659,0.0449578579578742
0.166809248261006,0.1020192718459736,0.1568216593151816,0.1136446197699103,0.113608741445694,0.0852720006442368,0.0828814003658866,0.0694480471698532,0.065252296841322,0.0442427143328665
0.1680788209613577,0.1025584925566333,0.1577689087639406,0.1144706846432767,0.1149403231797915,0.0848217316714774,0.0815297421542562,0.06901743326449,0.0632861500608943,0.0435277127358959
0.1693698838752967,0.1030095281148367,0.1586039939479182,0.1154533996103844,0.1163575654856947,0.0842359171251531,0.0801110679890706,0.0686186665307052,0.0612903579413914,0.0429496193716274
0.1701432036795946,0.1030699051881528,0.1590850888176813,0.1165778722016302,0.1181159002104476,0.0838632693325533,0.0788569071641034,0.0686020616309901,0.0593141579021358,0.0423716338648536
0.1702816401029472,0.1032386101210512,0.1590749332022255,0.1177715009049027,0.1198552726630421,0.0833117055951926,0.0774938518932843,0.0687904281799828,0.0583503547510193,0.0418317025785659
0.170547542900966,0.1038067209342018,0.1592213744990935,0.1186681225969753,0.121307851833509,0.0830641482858705,0.0761112476576442,0.0686048029495269,0.0573623584148167,0.0413058299196721
0.1708557249640656,0.10448255764563,0.1593466332797262,0.119463839309258,0.1226756988477223,0.0827647587097191,0.0750606238923258,0.0685306524204475,0.056131829791596,0.0406876811318499
0.171158343408413,0.1049576865760696,0.1594504269068782,0.1203786253089789,0.1242160004020044,0.0826044050968415,0.0741522363784302,0.0684580606595281,0.054620738888903,0.0400034763663559
0.171424210632224,0.1054754231232131,0.1595173752945007,0.1210098676245882,0.1255290864221426,0.0825293081355846,0.0735405473164052,0.0685679084936453,0.0530532933724775,0.0393529795776798
0.1712608709037913,0.1059673180251638,0.1591696152381369,0.1220668716350418,0.1272509797079681,0.0826140703368599,0.0729446966666228,0.0687099379592572,0.0513363303065511,0.0386793092131279
0.1705041899203265,0.1062948262035792,0.1583656449871152,0.1237014929172661,0.1294931272256877,0.0826201085074413,0.0722565307608619,0.0686924050527668,0.0500387775705512,0.0380328968469872
0.1697551437027566,0.1066241280014448,0.1574722635577321,0.1253618636569481,0.131717480710354,0.0828149031762811,0.0715847487088357,0.0684928070015952,0.0487715204143485,0.0374051410623499
0.1689630903002551,0.1068146681101267,0.1564557823112062,0.1270361592977633,0.1340600680975142,0.0831343877658295,0.0709669990726568,0.0683381304916509,0.0474819391379318,0.0367487754077814
0.1680028104657202,0.106592163513701,0.1554710883198163,0.128670179282786,0.1365738996926853,0.0835033465624325,0.0702338613512056,0.0681341899867603,0.0466445110968415,0.0361739497208312
0.1668267527194522,0.1058465625593191,0.1545212902780846,0.1301146286494948,0.1390188591964925,0.0844143399258339,0.0696593683426661,0.06808558403763,0.0458758788717609,0.0356367354121071
0.1657449428450262,0.1047181893776407,0.153949923884097,0.1317561298200488,0.1417970042785038,0.0851311683215826,0.0688966519300028,0.0677947880128351,0.0451260746197803,0.0350851269033814
0.1646154206244199,0.1034291250087146,0.1533993055121505,0.1335601025219524,0.1446660121663562,0.0857538856341356,0.0682238128940148,0.0674870398487434,0.0443785141055858,0.0344867816768881
