0.0782357019015883,0.0557304259343333,0.1922525814555706,0.0504955019695283,0.0414373757905424,0.0950724007198317,0.1046200046608585,0.1152938605325202,0.1697934464850715,0.0970687005243873
0.0796654702020435,0.0559408826980364,0.1963715572042492,0.0484199980409745,0.0425971898614553,0.0939428165858207,0.1018605920996735,0.1169914713086137,0.1707339024914498,0.0934761194820888
0.0734581879949126,0.056577346248866,0.1873652122671657,0.0476931217033575,0.0445360587444923,0.0933355328107532,0.1042565177601491,0.1203276671618139,0.1787976688611599,0.0936526864212689
0.0722038190848898,0.0560975446690118,0.1851786352489129,0.0464320260954542,0.046785929379319,0.0934641121318616,0.1023948718593163,0.1207079710999206,0.1854219155643208,0.0913131748407838
0.0696447655615771,0.0555014824312188,0.182026503557346,0.045386042178488,0.0495853557691183,0.0926692769214908,0.1003096056183981,0.1202642396895631,0.1955505372132115,0.0890621910330823
0.0672150286400271,0.055778846525328,0.1754585180262854,0.0455098375240415,0.0518754146269213,0.0930573463137984,0.0997863393536691,0.1189158443447163,0.2049202720906154,0.0874825525277773
0.0652793985831493,0.0577598960376318,0.1690534633897858,0.0459061672298703,0.0534628217484398,0.0930791344384713,0.0977056992019296,0.1167424397450527,0.2141563226599291,0.0868546569385126
0.0632520631609869,0.0631661702415267,0.1598156006737102,0.0457036925874656,0.0539720549178878,0.0923873066940325,0.0956133871044146,0.1153128545965457,0.2253485339230782,0.0854283360729643
0.0626703516889484,0.0702149254514409,0.1511585543999969,0.0450344550943252,0.0540179190707035,0.0905503285514894,0.0946396065103469,0.1143299997580975,0.2339773548722847,0.0834065045749759
0.0627311514155016,0.076086838738843,0.1442094033027761,0.0449770080362693,0.0538449166251458,0.0892116117717273,0.0935355516680459,0.11259575042592,0.2412904023220282,0.0815173656664264
0.0631513291245546,0.0810547992603179,0.138818872593587,0.0444619696268134,0.0543063801983956,0.0873279792504372,0.0933287246229541,0.1109471483119017,0.2471278772018107,0.0794749197819989
0.063355120310015,0.0844288582863788,0.1356910914693397,0.0438970996020334,0.0545831375032546,0.0857566940327572,0.092862961324892,0.1101430837992207,0.251750699759256,0.0775312538857242
0.0635337401013768,0.0886597248037084,0.1331342255493807,0.0436097377557307,0.0548140600266732,0.0854058923887117,0.0927128573893868,0.1094653810501323,0.2536225155653824,0.0750418653424724
0.0636514122734135,0.0959742715076388,0.1290592398668398,0.0431192917678917,0.0544621151583614,0.0840757833855583,0.0920114979663159,0.1098138755558706,0.2555023285838256,0.0723301839074689
0.0642266695912963,0.1031037555959286,0.126666351966536,0.0427239986948634,0.0542494426646883,0.0834260715055785,0.0919991129854356,0.1106891085634212,0.2525737835175637,0.0703417048879132
0.0656968679466865,0.1130249984255848,0.1228400842125955,0.0421465617018812,0.0535902117540723,0.082069587239356,0.0918529021139076,0.111610026649292,0.248898503765283,0.0682702561647639
0.0679780791025627,0.1248651266478365,0.1183316104298822,0.0412365352873786,0.0525556412885274,0.0808450378530817,0.0914580214075666,0.111734053313116,0.2448795137889717,0.0661163808548148
0.0703449190162357,0.1348190064231396,0.1143309770857323,0.0400697214877241,0.051549607177036,0.079498410114725,0.0913563183683347,0.112251407780387,0.2410375566821553,0.0647420758385686
0.0717989572623233,0.1414721593113304,0.1115955632761353,0.0390309850365406,0.050769030629276,0.0791019163737801,0.0916975826234049,0.1130450103343764,0.2376279210001126,0.0638608741269504
0.0726747156418283,0.1465848574508408,0.1095578608286338,0.0386558273316186,0.0502061675952254,0.0788350513900588,0.0925428062344185,0.1140702430134103,0.2334848122684189,0.0633876582199197
0.0731618130122145,0.1505229681738892,0.107866062371758,0.0384899209709567,0.0496588843559483,0.0785853843263173,0.0937143644097248,0.1149323954684008,0.2299899435990961,0.0630782632861926
0.0730462427221849,0.1515414849400771,0.1078271801164296,0.0386998525516049,0.0494608958940276,0.0783405714509377,0.0950530164732228,0.1163086829216096,0.2263436286631766,0.0633784442413205
0.072938101655467,0.1526142608247284,0.1075726942422805,0.0387533765193235,0.0491853340475319,0.0781345682262827,0.0963201073018403,0.1175632975599648,0.2228692835354288,0.0640489760618464
0.0729500448450396,0.1528839668502025,0.1080218541834871,0.0388434419484206,0.0491080928512007,0.0782482089512568,0.0972390873043268,0.117657994830053,0.2201995334761815,0.0648477747346007
0.0729110497743127,0.1535245864710941,0.1081139035183697,0.0388179948833416,0.0489933247996766,0.0784672080617325,0.09811600152472,0.1176282662224233,0.2176158899114868,0.0658117748076903
0.072835557846943,0.1556247474660389,0.1069944785598609,0.0387490484396362,0.0488539818672935,0.0785391320930016,0.0993295218618784,0.1171947834992338,0.2153175005968677,0.0665612477441794
0.0727574764658169,0.1568355625211631,0.1060398276585595,0.0389075476560141,0.0488382962124241,0.078936984148907,0.1001078189850721,0.1170458835954388,0.2130851873059867,0.0674454154256429
0.072540878677657,0.1568059573605512,0.1055782038229094,0.0391750756715651,0.0491640681312148,0.0795562569011802,0.1006906960830811,0.1167502756872559,0.2112228102657586,0.0685157773739478
0.0723196791597646,0.1571224622354089,0.1048177771535431,0.0393384519357639,0.0493080891030907,0.0802472232726516,0.1017783376571823,0.116147673529222,0.2096459245548804,0.069274381373675
0.0719056471682767,0.1568918686757312,0.1041741585632948,0.039686766572704,0.0496529642832215,0.0809301485056503,0.1028133214581048,0.1155429732660708,0.2082931104509365,0.0701090410312594
0.0715611300592164,0.1566247454463182,0.1038888022916412,0.0400417465982691,0.0500674003549322,0.0819480162450808,0.1039415650176625,0.1150432618282901,0.2058081210869813,0.071075211046888
0.0712737836431788,0.1558034048763573,0.1039473868777351,0.0409826569976672,0.0507145531033188,0.0829481276249572,0.1049397265832576,0.1145738648071221,0.2029399029436331,0.0718765925181131
0.0705593203643629,0.155557827715617,0.1030968273681568,0.0419028787467067,0.0513364949131233,0.0838116465175642,0.1061840831498117,0.1145499920417082,0.2004279791399518,0.0725729500183938
0.0696272479851094,0.1547504571685868,0.102148245464603,0.0432559488560846,0.0523828703367469,0.0848157979554137,0.107154075240715,0.1145278423889258,0.1981262563773366,0.0732112582019383
0.0687864639979124,0.1536893206858627,0.1012416250327201,0.0446249047871894,0.053558814178485,0.085909812270425,0.1080355160317076,0.1145570459595863,0.1959700005710226,0.0736264964606131
0.0681268068680016,0.1520723388096457,0.1004748241163876,0.0463341822799773,0.0547875490483606,0.0868915426382423,0.1089067338211431,0.1142062938931075,0.1940162845370289,0.0741834439637056
0.0672900443486959,0.1509622161873614,0.0990828109269597,0.0481003703727881,0.0559477646259085,0.0880535942783249,0.1099470136599066,0.1140952505335982,0.1919063184195505,0.074614616622572
0.0664668815306145,0.149836971918308,0.0973948221971867,0.0499956012071059,0.057146523934255,0.0891366616588982,0.1110414330755897,0.1141950169629472,0.1898872399528288,0.0748988475380345
0.0657926700654644,0.1488906052453897,0.0955954640693019,0.0519593246184289,0.0584029686504472,0.0903269319879791,0.1122502669134177,0.1138976954741042,0.187697867829734,0.0751862051216047
0.0650454382406187,0.1475202483206355,0.0938253842508198,0.054155848060812,0.0598556762057657,0.0916745388139011,0.1129194559788432,0.1135498457012464,0.1857699424853275,0.0756836219179998
0.0644544625184228,0.146222590881008,0.0919494595732688,0.0561149969264282,0.0612905216792879,0.0925865607278314,0.1139426522992657,0.1134211844697643,0.1838491396240861,0.0761684312766826
0.0638419407365157,0.1448195423211185,0.089998418921069,0.0582536254033274,0.0628875878588992,0.0934874127883964,0.1147351664301029,0.1134527355317373,0.1819431075431504,0.0765804624418292
0.0636765226275857,0.1442649902831591,0.0880572470712099,0.0601707999496824,0.064309821638139,0.0937704225029106,0.1151520935838686,0.1134925555478535,0.1800275021011315,0.0770780446707024
0.0639185539189154,0.144514805153812,0.0861391950147907,0.0618238651500479,0.0654423928042751,0.0937400250857216,0.115670369655595,0.1134885465565738,0.1778624593487831,0.077399787287848
0.0639873738837067,0.1443701880364565,0.0842544644769733,0.0636800227882502,0.0667016194172082,0.0938356471992954,0.1160198310772448,0.1135262557572196,0.1759033528942683,0.0777212444458615
0.0636882232379681,0.1433587164173624,0.0825902087609581,0.066055120797698,0.06840932186437,0.0937920430822892,0.116459474031715,0.1135691057184703,0.1742382055881219,0.0778395804776258
0.0633053114224897,0.1420620727079261,0.0810593687365771,0.0688111070873125,0.0704156593967917,0.0938462898236931,0.1169096739097213,0.1133996199818904,0.1725978999526133,0.0775929969576593
0.0629845491097535,0.1408734608799137,0.0796322430195804,0.07131368347144,0.0723309129789874,0.093790039497191,0.1172672029968031,0.1134384227912668,0.1710249605637052,0.0773445246681218
0.0626453192975881,0.139457391267681,0.0783814176058837,0.0738127759249766,0.0741507936611927,0.0939657137860604,0.1173081254200097,0.1137457663562504,0.1696850406024744,0.076847656054717
0.0622433722269001,0.1376591025560529,0.0772877404678451,0.0769457184451535,0.0764559789768701,0.0940422898353901,0.1171642333664028,0.1139032808640187,0.1681200595282053,0.0761782237100832
0.0617752705969976,0.1356261207142765,0.0762120710789761,0.0804380181253014,0.0788644157904996,0.0940902311474843,0.1170406129232904,0.1140798736497155,0.1663571879500041,0.0755161980005019
0.0612918052727119,0.1338282678169184,0.075109293740015,0.0834908111957603,0.0809147661060971,0.0942207565413554,0.1168522220835412,0.1143971803546547,0.1647868606954036,0.0751080361706794
0.0610113078894622,0.1327996696906103,0.0740007231129631,0.0855880893620952,0.0820968619520335,0.0943532515382062,0.1165818845073119,0.114950960066779,0.1636728571897891,0.0749443946679324
0.0609462619082545,0.131977173275453,0.0729320046808934,0.0877122771587013,0.0832830060632827,0.0942983017945755,0.1163169965225278,0.1154581297200141,0.1623992331145247,0.0746766157390092
0.0608754416413229,0.1309615315875905,0.0717870012503533,0.0904369858013167,0.0851410927340616,0.0942953495002885,0.1160179099042829,0.1154505412583435,0.1607531570339873,0.0742809892657873
0.0608084375270695,0.1298159870404089,0.0704860021223107,0.0938339679490573,0.087491139079858,0.0938739191771141,0.1157306935194192,0.1151614144117542,0.1591030068052545,0.0736954323452613
0.0607583448828367,0.1286705616437365,0.0690876607116322,0.0973091399639369,0.0898447512378865,0.0932241998236445,0.115315695414066,0.1146747211397671,0.1581365415450215,0.072978383615208
0.0610253994811055,0.1281851374390828,0.0678355057831836,0.1001847308209031,0.0919592725309662,0.0925634148903515,0.114627919212522,0.1143614142372609,0.1568336090996051,0.0724235964829713
0.0617551991068747,0.1285339813307461,0.0666555141892062,0.102523427843898,0.0936145121133653,0.0917040498528542,0.1137774301730052,0.1137044695656274,0.1559846577202866,0.0717467580823548
0.0625514550063112,0.1291191391978825,0.0654408669164135,0.1050134676757003,0.0954374752009009,0.0907287544590847,0.1126748861016442,0.112701589259176,0.1554561679016123,0.0708761982597993
0.0635354452260723,0.1315774183462713,0.0625482442239849,0.1077973833151799,0.0978042532557729,0.0895329942601956,0.111621750723892,0.1113254378977513,0.154755339773558,0.0695017329562624
0.0646145877530222,0.1343352062614345,0.0596096655426248,0.110702645966646,0.100079037111798,0.0882824395851228,0.110291709795937,0.1096235964164355,0.1543283813696702,0.0681327301766961
0.0655736023163141,0.1363643591077107,0.05712655893031,0.1138468016464831,0.1024508041950254,0.0869523645360928,0.1088150874152897,0.1077441056438093,0.1544764853367048,0.0666498308521225
0.066364011779178,0.138317917097032,0.0545001016425915,0.1173414241676094,0.1052323065072951,0.0854021846451501,0.1072674250863307,0.1051849075253112,0.1552240412175448,0.0651656803123274
0.067349327875189,0.1405285313901607,0.0521593233536422,0.1204889663601946,0.1078830643456785,0.084041767592575,0.1059407906875027,0.1025995529901178,0.1553975816995237,0.0636110936863092
0.0681340259492,0.1422326554579197,0.0501886110556249,0.123716511474956,0.1105948790161654,0.0824450753318909,0.1045411628681411,0.100163205589114,0.1559860340902369,0.0619978391481724
0.0691800802495742,0.1442400082254883,0.0485716342669338,0.1268663950242996,0.1132907741507794,0.0809386830521012,0.1032489911835948,0.0978671836964338,0.155618397344985,0.0601778527877785
0.0706543344281699,0.1466663503887645,0.0474194122234686,0.1299140485723409,0.1160589363172523,0.0794589919727207,0.1015007283888786,0.0953009813410927,0.154715516208814,0.0583107001410393
0.0720535403293278,0.1491727824596428,0.0464061536737648,0.133162921130885,0.1190293305641555,0.0781979028547356,0.099469638719966,0.0929001867483923,0.1530008435114842,0.0566066999907394
0.0736620090287437,0.1522385074032901,0.0454541442387342,0.1357814343195165,0.1217957860671998,0.0768889286916666,0.0972215042807959,0.0904146704109467,0.1517530200120298,0.0547899955307436
0.0755609456645623,0.1557249304331505,0.0446460581369394,0.1379555440287892,0.1241300102634775,0.0755902160070174,0.0948461680889697,0.0880662412922789,0.1504681699904413,0.0530117160786154
0.0782780641841613,0.1606272415394062,0.0440428504533214,0.1391942074928626,0.125698165215052,0.0739635409056755,0.0923809465013542,0.0855947211470541,0.1490481220687302,0.0511721404772212
0.0818326597547712,0.1668553410811624,0.0438288049985231,0.1396653997058667,0.1266580913354638,0.0720102983232248,0.089763625485956,0.0833940152277473,0.1465465424150892,0.0494452216576271
0.0866428047809052,0.1749982548373139,0.0444010428679803,0.1388539235107582,0.1262544842871925,0.0703091894643781,0.0870527386249866,0.0811181747126584,0.1424997618398629,0.047869625059966
0.0910256782750358,0.1828630300653865,0.0447817235326998,0.1381313670764815,0.1257786707774339,0.0687756778045813,0.0845576334124779,0.0787017098567877,0.138865696928407,0.0465188122572254
0.0953025135770714,0.1908417193198101,0.0453335204929428,0.1370749171653845,0.1250901242900788,0.0674088261859289,0.0822049760690923,0.0764764280746317,0.1348799347938386,0.0453870400182088
0.099181592342154,0.19811065072941,0.0459442612353946,0.1362278268256127,0.1246222406422081,0.0660845004992215,0.0799231357338486,0.0744154099176588,0.1311127980540196,0.0443775840078761
0.1023521272244301,0.2043179164632083,0.0463916437437191,0.1357097238807842,0.1244712027212535,0.0650785431683562,0.0779445770253585,0.0725503023612054,0.127773778682453,0.0434101847169966
0.1043274608721306,0.2078676427896265,0.0464247672177302,0.1362041947851176,0.1252343146093266,0.0642699087423565,0.0763372251836695,0.0710338539700078,0.1256831716287281,0.0426174601893704
0.1053854460007789,0.2091330083528093,0.0462508445340604,0.1376796144693542,0.1270037420591747,0.0635500121500583,0.0750112169925084,0.0694431893994141,0.124587875186133,0.0419550508440163
0.1052122415571718,0.2076446176587878,0.0458458745759031,0.1402855237214637,0.1298943647932486,0.063009680787866,0.0738292590178279,0.0680375598675364,0.1247872710109078,0.0414536069978097
0.1047255618177671,0.2058010550442213,0.0452681389852864,0.1429682140109078,0.1326752849837036,0.0626893507657137,0.0728117181556874,0.0668344152369341,0.1251801595096894,0.041046101478794
0.1044443280983504,0.2043368050710495,0.0448629607866117,0.1454308414983961,0.1351050303419851,0.0625611571021867,0.0719683450770229,0.0658932698553062,0.124685037205363,0.0407122249525758
0.1039469090794187,0.2025593503203316,0.0443758842507572,0.1481928103238994,0.1376044265663318,0.0623637228602475,0.0712103388455979,0.0652453072889047,0.1239952990963838,0.0405059513571099
0.1032918663502685,0.2003720756508497,0.0439136103262532,0.1511866188502082,0.1404794005255864,0.062073904667604,0.0704400134677781,0.064616005354985,0.1233537242366565,0.0402727805589288
0.1026727920923757,0.1978831258579206,0.043636013460745,0.1542414899440041,0.1433459362047343,0.0618356114489213,0.0696599564372187,0.0640357628285126,0.1226287412396489,0.04006057047517
0.1023268889196465,0.1959336221763168,0.043336144512408,0.1568728785645446,0.1457862106537892,0.0616076670905468,0.0690748919767791,0.0635155018021631,0.1217273644319587,0.0398188298612125
0.1018769651075791,0.1939928108226073,0.0428628764446102,0.1598318434141662,0.1486349864405572,0.0612878226726803,0.0685043973314766,0.063003104742808,0.1204394874319891,0.0395657055810061
0.1018006266041714,0.1930798040396885,0.0425750559477523,0.1618546383824393,0.1507593982455563,0.0609459319656687,0.0678796748073596,0.0626135303252016,0.1192000240603802,0.0392913156113657
0.1020724147559831,0.1927750711715929,0.042415515955654,0.1634133135161662,0.1523556554182709,0.0606971664105153,0.0672695494742679,0.0621822772328979,0.1178547183390053,0.0389643177153271
0.1024529476374837,0.1926325048386475,0.0422901116913285,0.1647742207873219,0.1536424896325118,0.0602916237892463,0.066631719824784,0.0618403736197369,0.116818094145817,0.0386259140229032
0.1029208302460319,0.1925773518843339,0.0421332015352908,0.1660559662947245,0.1548774418109066,0.059775469638564,0.0659126706027776,0.061529799837463,0.1159008195108714,0.0383164486289154
0.1036778519785252,0.1926931301883937,0.0422830520974366,0.1668076316425205,0.1555378907878644,0.0593591697933407,0.0651829074559748,0.0612779569708261,0.1150711344134166,0.0381092746616618
0.1044200422544102,0.1927848200700816,0.0424399439491845,0.1675505890392301,0.1561995182594941,0.0589688781783027,0.0644863534971667,0.0609963410167782,0.1142555310337718,0.0378979826916157
0.1050021052555339,0.1926175970149952,0.042579577260913,0.1684151798854557,0.156888098966898,0.0586380085836639,0.063906525101785,0.0607294258574122,0.1134287128770167,0.0377947691864331
0.1054051611233347,0.1922832128967398,0.0426862527226605,0.1693268370569929,0.1575546144418285,0.0583618182715741,0.0634105471779981,0.0605823773388489,0.1127003755704726,0.0376888033897231
0.1059608419817657,0.1920060953722804,0.0430041456528101,0.1701063384435693,0.158189323423662,0.0579951559292625,0.0628474399108357,0.0604399396642626,0.1118651308413087,0.0375855887704835
0.1060463798007792,0.1911675535915501,0.0431623043206484,0.1717287180684376,0.1599017035080666,0.0574674791260539,0.0621578272540828,0.0598639058033105,0.1111420258800532,0.0373621026373398
0.1056507524771777,0.1898651555806451,0.0431609353290077,0.1739791684840569,0.1622223101888021,0.0568188285513905,0.0613511154830993,0.0592791968112833,0.1105470061241907,0.0371255309607571
0.1053138872506088,0.1889385192422853,0.0431423658039414,0.1757857244058884,0.1644055964901035,0.056229556329096,0.0607313909833376,0.0588242917928945,0.1098482680024351,0.0367803996899003
0.1048438184610114,0.1879958154136883,0.0431698991501985,0.1775703767438744,0.1664549203836776,0.0558225324805629,0.0600524060822207,0.0583507552983453,0.109281416037413,0.0364580599395778
0.1044802479702287,0.187199696885908,0.0432804970019025,0.1788485011035133,0.1679964397915378,0.0554642558942609,0.0594101067317196,0.0580106457096482,0.1091300333650862,0.0361795755368361
0.1039936718926357,0.1862349355109407,0.0434224460856385,0.1800261453680473,0.1696208844313196,0.0552745000136689,0.0588436708555573,0.0576458630988712,0.1090297594217284,0.035908123312304
0.1032801751032774,0.1847719696757014,0.0435847161168889,0.1816243581859228,0.171584994634116,0.0551138387640127,0.0581372823364573,0.0571461313321345,0.1092197548432852,0.0355367789989895
0.1027489068059924,0.1835981686027472,0.04380184704388,0.1828566098348563,0.1730176649737915,0.0549040240211715,0.0575414109133897,0.056748951996068,0.1095814886033732,0.0352009271955823
0.1023636557508036,0.1826745869199252,0.0441146156679702,0.1838525647987408,0.1742092025053195,0.054759900207443,0.0568861756050445,0.0565442222942465,0.1095964473729598,0.0349986288684597
0.1019541785802638,0.1816553437948255,0.0444969535683013,0.1849702709533789,0.1754505527538085,0.0545337055295091,0.0561783829221002,0.0563087853212276,0.1095382064253303,0.0349136201422329
0.1016121856922965,0.1807329609404876,0.0450273551335746,0.1860202456764198,0.1767210220517876,0.0544185398144601,0.0556177126584839,0.0561301915039975,0.1088462709274229,0.0348735155921057
0.1012184420678788,0.1798295331097039,0.0455444596362438,0.1870745437177309,0.1781174061135378,0.0542234559464055,0.0551955030028172,0.0557700980118131,0.1081084596360697,0.0349180987488986
0.1008088716364925,0.1790393306480925,0.0460365577535305,0.1880685607121629,0.1795526755465545,0.0540691939426613,0.054752272405035,0.0553759727520862,0.1072686848389836,0.0350278797555634
0.1004330643447949,0.178405771051647,0.0465467838398823,0.1888736864692507,0.1810255594106105,0.0539000861861834,0.054353228387479,0.0548488162008516,0.1064427753962428,0.0351702287042735
0.0999694785901612,0.1776870805998685,0.0469466292457351,0.1899111023225976,0.1826342477866112,0.0537196323766276,0.0539179420631763,0.0542847298478955,0.1056365809359534,0.0352925762226467
0.0995200228039509,0.1767839422536313,0.0474930587678801,0.1908958698515662,0.1841737425458792,0.0536047683255115,0.0536050923529704,0.0537853354374189,0.1047567726177241,0.0353813950347955
0.0991147947050543,0.1758208885771288,0.0481722752710652,0.1918242578955906,0.1853597744161784,0.0535302990408964,0.0533187529878332,0.0533294379321684,0.1040063805502488,0.035523138615214
0.0987917576857816,0.1748656066727177,0.0489698641548873,0.1926283167211546,0.1865263960977755,0.0533990700452718,0.0529489932396919,0.0529171044327948,0.1032878892743718,0.0356650016669791
0.0985179541249988,0.1740269681410703,0.0498280484223825,0.1931400847949266,0.1875852825025985,0.0533616878511005,0.0525243670986723,0.0525661312717845,0.1025834046671353,0.0358660711167919
0.098154676498834,0.1731740443045992,0.0505908400329681,0.1938670827535238,0.1889479241435676,0.0533808429709578,0.0520675784189844,0.0521744905069882,0.1015389152298352,0.0361036051312307
0.0974793732707991,0.1719421858858982,0.0510938350556356,0.1950199278842029,0.1906249616156747,0.0534251898889557,0.0517697467329554,0.0516795362842888,0.1006438320272269,0.0363214113458814
0.0965346179385279,0.1704093629165447,0.0513045675267263,0.1963809359734775,0.192566132953415,0.0535573433372906,0.0515265957978733,0.0513010623294502,0.0998806561771449,0.0365387250410864
0.0956024898467283,0.1689945095450461,0.0513600873605688,0.1976034340662179,0.1943512953274124,0.0536674997620213,0.0513866532394827,0.0510689916127749,0.0991456384691835,0.0368194007621062
0.0946960871982165,0.1676058608064098,0.0514053831204647,0.1987600155543896,0.1959295207758666,0.0539402688260379,0.0512064339750987,0.0509850797136627,0.0982992322765906,0.0371721177447916
0.0937196682419062,0.1659914677839312,0.0513787233673505,0.2001003969577877,0.1978638329514924,0.0541739689476718,0.0510708772256966,0.0509314149355725,0.0972367658922631,0.0375328836878448
0.0930804516254854,0.1649806748024615,0.0514004007035122,0.2010358995378084,0.1994702792836425,0.0544610004211237,0.0509508807401881,0.0509481083879354,0.0957229480069864,0.0379493564823524
0.09279762932214,0.1645597520885703,0.0514409468030509,0.2015576650019444,0.2005570211531369,0.0547916659361876,0.0508989443833366,0.0513376441067238,0.0936542000926519,0.0384045311037237
0.0924945740232348,0.1640664712441537,0.0516104335085591,0.2018761921702295,0.2013054911790101,0.0552068572388448,0.0509197071865508,0.0517931730503806,0.0917484529570076,0.0389786474334474
0.0923719109604703,0.1640028828054429,0.0519758011201572,0.2019955875592064,0.2017490777035951,0.0556525502477211,0.0508916248555958,0.0522057787379844,0.0895697062250612,0.0395850797761164
0.0922935267368,0.1639193321834562,0.0522839702217651,0.2020726281480447,0.2020719340480167,0.0560799327515233,0.050804776653327,0.0525755725001762,0.0876462328758162,0.0402520938723556
0.0920229398910929,0.1631927823573268,0.0526411783518486,0.20237520719917,0.2025852869553321,0.056561443012288,0.0508747937788565,0.0530352874322048,0.0857023163238024,0.0410087646892714
0.0915420298448789,0.1619472027251999,0.0532128225388179,0.2027195631569244,0.2029999665271357,0.057059556673103,0.0510667973190718,0.0534018107132487,0.0842836863724126,0.0417665641202927
0.0906919679777972,0.1598363409774791,0.053948631189969,0.2037130425348658,0.2038349458834605,0.0575642374430942,0.0513802735588621,0.053864243963777,0.0825603319409158,0.0426059845207395
0.0896040983508186,0.1572341730151606,0.0548651310256292,0.2049265473657989,0.2049144646787912,0.0580931175955247,0.0518303358901094,0.0543280503997507,0.0807197518559986,0.0434843298132307
0.0880438593688996,0.1537083718038762,0.0557782940370532,0.2067501983683026,0.206568686138209,0.0586490915708009,0.0523539472150927,0.0548344256323952,0.0788541581555138,0.0444589677004855
0.0857554461821733,0.1486308058861227,0.0566385299737048,0.2091663017620667,0.2088908653172476,0.059483077384279,0.0530305133645819,0.0553503999364741,0.0775835951112866,0.0454704650724871
0.082157905281219,0.1409723719436362,0.0570750098840866,0.2131188669318948,0.2127200670012715,0.0603770622367523,0.0539806017603957,0.0558482450123923,0.0772484082106707,0.0465014617278884
0.0783256495154822,0.1325616883740645,0.0574809765945085,0.2172636838158919,0.21684796270751,0.0613237430283531,0.0549032336535446,0.0566109541219977,0.0772724624999253,0.0474096456787232
0.0740275959042335,0.1228093725643226,0.0577767046551861,0.2225418698505231,0.2219154804906324,0.0622319248593283,0.0557180369912656,0.0571777976186483,0.0776424762245819,0.0481587408310798
0.0696736733442591,0.1126972341213025,0.0580364550799786,0.2279060044604031,0.2270814272707942,0.0630201110514931,0.0567584682450205,0.0578180521314685,0.0781193670664538,0.0488892072184294
0.0656918159167545,0.1031384036548307,0.058526708914092,0.2326923007210282,0.2315021435191065,0.0636904714096435,0.0577896149728116,0.0585600610827391,0.0787705611982363,0.0496379186001601
0.0628625475461277,0.0961712584321194,0.0592904611484094,0.2360315808907567,0.2345313495084386,0.0641520129159513,0.05874395095133,0.059179220763271,0.0787257296186011,0.0503118882142107
0.0608739141907614,0.0914976279542579,0.060236592689454,0.2379736769965648,0.2364374987102726,0.0645905953881264,0.05941445027587,0.0600073793323428,0.0781802806826791,0.050787983768734
0.0600620878129946,0.0895760801249603,0.0614847553951902,0.2383250793076258,0.2370032193140747,0.0649255651148435,0.0601062752597927,0.0608586678368214,0.0765081339572892,0.0511501358653309
0.0597202031610738,0.0886720829734729,0.0627041238158754,0.2381375799101548,0.2371369443154695,0.0651855846051341,0.0607106439743052,0.0615748972242842,0.0748286942169006,0.0513292457921369
0.0592319305609152,0.0877316531827308,0.063636002728866,0.2381405671495757,0.2373751738053144,0.0652875767690695,0.0611697252971654,0.0620240590273303,0.0740685116515967,0.0513347998161621
0.058987132379745,0.0873620958327096,0.0645080826288873,0.2377290777575509,0.2371713360763815,0.0654444430600064,0.0617835110932177,0.0625603914382293,0.0732744777839283,0.0511794519379936
0.0590537508234831,0.0872471627058251,0.0658074223490709,0.2364626379092535,0.2361250267674846,0.0657366192362672,0.0627775964771966,0.0632827473489955,0.0724211088017051,0.0510859275692908
0.0592119301316974,0.087225645683196,0.0672526309754781,0.2348993299591597,0.2350062489499919,0.0661244779630955,0.0636043666803835,0.064087399763751,0.0716295060249284,0.0509584638568113
0.0592214496707615,0.0870281311806747,0.0686627386748085,0.2334090859552133,0.233912881015232,0.0664797354807387,0.0644099292115875,0.064923340834478,0.0711943163805968,0.0507583915843374
0.059365140391727,0.0869407219939657,0.0700887154215815,0.2309189460686185,0.2317035887980997,0.0671905226220258,0.0657829423658176,0.0664943686167582,0.0710901028894681,0.0504249508203046
0.0591506057986996,0.0857907498731832,0.0713426890928704,0.2289577701156829,0.2297662160335877,0.0680616453961885,0.0672777258234945,0.0685217592795508,0.0710123406058153,0.0501184979692445
0.0584727965531943,0.083935752964776,0.0722493857714577,0.2269452575971886,0.2277982203232275,0.0690608711231986,0.0695364097879952,0.0712808809852768,0.0709301654564244,0.0497902594255592
0.0574227601060369,0.0815005982300207,0.0727970807619723,0.2240575057748288,0.2252033579844182,0.0707332056949758,0.0732245220318393,0.0752349524720077,0.0705640748937316,0.049261942038485
0.0561874410001291,0.0789606711322847,0.0730573571000449,0.2209250480893381,0.2223717807373454,0.0726227307288709,0.0773472170469959,0.0796781126277009,0.0701775110463737,0.0486721304792583
0.0546851949145579,0.0760923702371877,0.0729229549947856,0.2176901619380652,0.2194170140930471,0.0749081914311791,0.0820904624279539,0.0847243696346948,0.069626381071248,0.0478428992457009
0.0532283895581192,0.073401565497901,0.0726584714776483,0.2139212203831829,0.2160285473654389,0.0774621512429222,0.0873107895205806,0.0899595685102754,0.0690716321012925,0.046957664331157
0.0517927150972233,0.0709419500702412,0.0721601657164321,0.2090974588688904,0.2118686322398265,0.0808025377568942,0.0930651483094285,0.096132790178649,0.0683115669944708,0.0458270347566084
0.0505010233659801,0.0688509408983743,0.0715906464046645,0.203857102317286,0.2074191670911734,0.0845388368080317,0.0989721631046378,0.1025147949347423,0.0671761246554336,0.0445792004085098
0.0492304386541974,0.0667323923925499,0.071019780179,0.1992329245263616,0.2034143499954874,0.0880425701569374,0.1042546742987403,0.1081407186944973,0.0664431657392537,0.0434889853519547
0.0484587092984813,0.0651240122037314,0.0707209910228544,0.1938331798125846,0.1984036609663103,0.091591504154851,0.1095979002808451,0.1141559910518791,0.065490939401569,0.0426231117959874
0.0481170120731148,0.0639135166459082,0.0705757205366406,0.1875674429451129,0.1925474229352031,0.0952495939236512,0.1151297237574158,0.1207201205732478,0.0644068801510808,0.0417725664478275
0.0478773938135036,0.0627250346289752,0.0707621882042983,0.1821319641202268,0.1870923963261885,0.0982477455474009,0.1200158086310791,0.1265235011115795,0.0634881834266612,0.0411357841793842
0.0477937876054732,0.0615927535821198,0.0710999703785958,0.1766802067929596,0.1816996157151796,0.1011912736103208,0.1248179976242891,0.1319892818477215,0.0625100987515091,0.0406250140812298
0.047718327185168,0.0604259706616412,0.0715834519182143,0.1719672627906834,0.1770870254140431,0.1038756717024459,0.1293590839844763,0.1365621913315483,0.0611684289814909,0.0402525860197821
0.0477001628532589,0.0592833767504943,0.0722526528582814,0.1675585206249231,0.1726219919027835,0.1061307878560744,0.1336771101863511,0.1408863248700045,0.0598294414694565,0.0400596306179475
0.0476936762605237,0.0582564667602242,0.0729491729095797,0.1627748498619675,0.1678141272157684,0.1084655631267785,0.1380662305145875,0.1455026435991126,0.0581734185408746,0.0403038512002337
0.0475111840753268,0.0571989983470778,0.0736416305722186,0.1585212797759326,0.1636709196597687,0.1106518259001971,0.1418604544881911,0.1497903383196893,0.0564002914623276,0.0407530773889891
0.0472637089773659,0.0563183244033347,0.0741009075981918,0.1545412244689394,0.1598362682501648,0.1125220053432657,0.1455495984157479,0.153449171545661,0.0550377466329774,0.0413810443541355
0.0470291392448323,0.0556854550499975,0.074420431076595,0.1505859631368857,0.1561735272152326,0.1142420430331543,0.1488869888859655,0.1566363425810948,0.0539175733356767,0.0424225364303866
0.046666878492444,0.0551201541368853,0.0742496983167123,0.1469454953320635,0.1526296590132606,0.1156730942489475,0.1518431370841403,0.1595785337794927,0.0534900523335107,0.0438032972523948
0.046252906569857,0.0545767682588032,0.0737267049089186,0.1432367128804692,0.1488880582631967,0.1172485855364362,0.1548870928597866,0.1625613691995794,0.0532015965175214,0.0454202049953035
0.0459260765855741,0.05405128829419,0.0731627609767031,0.1393914152839922,0.144985660127545,0.1186424338990866,0.1576299625190625,0.1657370527301122,0.0532109428304097,0.0472624067432064
0.0455674634984641,0.0535009951891224,0.0723774761018593,0.1355540700346133,0.1409410094112399,0.1200629939396424,0.1605800042386511,0.1689807761054042,0.0533048263945661,0.0491303850763448
0.0452251737824951,0.052894881007823,0.0715396738739922,0.1313618562403324,0.136531340277359,0.1215995125996372,0.16360113296639,0.1723840745852582,0.0534583320690016,0.0514040225876569
0.0449387509334203,0.0524221089719196,0.070615587752627,0.1278001256065225,0.1327254517654951,0.1226858469780801,0.1657726567552707,0.1748397970998494,0.0538598378966129,0.0543398362301754
0.0446322379662334,0.0520318012351527,0.0695330732412564,0.1242765696918684,0.1292462916274502,0.1235897525386099,0.1677307986165268,0.1767806261596586,0.0544344069693674,0.0577444419438854
0.0442339776360156,0.0517142268934549,0.0683631797603,0.1206143692775805,0.1254484292211507,0.1243802044293125,0.1697829985429191,0.1789738282184194,0.0550901401792623,0.0613986458316317
0.0439128061348567,0.0514346426727794,0.0671836581262496,0.1171497275258857,0.1217016592030693,0.1251945908142483,0.1715236280261087,0.1811050550048482,0.0556334755257804,0.0651607569562605
0.0437792133714024,0.0511736017990875,0.0661986413215118,0.1135414583118012,0.1176693696522089,0.1260315983474388,0.1730701308310069,0.1831249576918671,0.0563754765011253,0.0690355521626702
0.0438394199592834,0.0509560941587516,0.0655178304560706,0.1095291665905932,0.1133487953001019,0.1267952794966715,0.1747056690280972,0.1853783716039031,0.0570589541845114,0.0728704192121687
0.0441220675029424,0.0508064300421296,0.065220141304955,0.1056783745636573,0.1091143406928782,0.1273277675128441,0.1761506779857936,0.1872036542143426,0.0574871831002904,0.0768893630703453
0.0444015075912653,0.0504855538221287,0.0650716163282783,0.101953774438968,0.105000509529463,0.1279041109370781,0.1775289721210395,0.1889624877420497,0.0577455258156092,0.0809459416643407
0.0445768244279205,0.0499602444429639,0.0649227432630888,0.098804743362427,0.1015088942395086,0.1282974896020809,0.1787612491838436,0.1903767994086157,0.0577781777198828,0.0850128343399392
0.0446834974036808,0.0494386291490556,0.0648825620398557,0.0953738916867733,0.0976280837605651,0.1287879734565211,0.1802211269612189,0.1923352384507408,0.0577083364395324,0.0889406606423693
0.0445603611213181,0.0486243063146753,0.064947611603022,0.0923534400087235,0.0941524976823586,0.1292654097878816,0.181554374401108,0.1942096860857904,0.0575320351360055,0.0928002778494753
0.0440599523093224,0.0472369774107744,0.0650684390333724,0.0897579648512939,0.0911629669193149,0.1299117723387223,0.1828390160996378,0.1957556240300777,0.0574991307679067,0.0967081562299775
0.0435495022884947,0.0459795605248285,0.0649606208694415,0.0876517243868192,0.0886873809520795,0.1305456247686514,0.1838250169839744,0.1972882176588207,0.0573319190007124,0.1001804325566458
0.0430006027600946,0.0446295168718271,0.0646028042665761,0.0858730883212306,0.0867336316037327,0.1312077981219388,0.1846261998519343,0.198646661276958,0.0572094095932769,0.1034702873229854
0.0422118845194552,0.0427845497781075,0.0643108074619774,0.0841630931367181,0.0849995386735567,0.1317823327973184,0.1857090965472095,0.2002879715586189,0.0570236768494611,0.1067270486681977
0.041404861194773,0.0411562541709572,0.0639869929760077,0.0825194218192243,0.08336891784436,0.1323983929833372,0.1864256581986152,0.2018912753124571,0.0568073525347351,0.1100408729562074
0.0408432281763237,0.0399795217684203,0.0634657106696078,0.0810649417900558,0.0820542541997412,0.1328173719127668,0.1869392452979484,0.2032168918085477,0.0563563733066743,0.1132624610606441
0.0405122020120632,0.0392279863928482,0.0628401321612875,0.0794456359024756,0.0805980787183169,0.1329690272663102,0.1872121553638733,0.2044069287150948,0.0558406765176118,0.1169471769408894
0.0401920534511225,0.038668901714982,0.0620486974759302,0.0780793613664845,0.0793303696934437,0.1330502682402754,0.1870951440265104,0.2051144207831017,0.0554526764528125,0.1209681067861472
0.0398132402314175,0.0381255996122476,0.0610598624077754,0.0769193070209501,0.0782338335039516,0.1333460797081758,0.1868557425178865,0.2054180662275448,0.0550792612666274,0.1251490074942807
0.0395281200263868,0.0376770619054186,0.059851808881365,0.075722021549017,0.0770084038996555,0.1334125619254465,0.1865404707603279,0.205477286547633,0.0548815701034627,0.1299006943921909
0.0394293069208736,0.0373980676120482,0.0586966876316452,0.0740073933082431,0.0753577209719726,0.1333581456243932,0.1861469371661533,0.2054533497904444,0.0547990069556351,0.1353533840095351
0.0393353516529784,0.037186533677768,0.0576207833550165,0.0720621119668027,0.0734559125709998,0.1332477085837822,0.1858051713887529,0.2053836085290816,0.0547639799089015,0.141138838356898
0.0393626792400163,0.0369048057009537,0.0567119413878234,0.0693410169217496,0.0708165324942431,0.1331745734451321,0.1855886234380569,0.2054055153633758,0.0548230389971834,0.1478712730024761
0.039379413231212,0.0365321547297761,0.0558976497115726,0.0666418449309192,0.0681502857658166,0.1330733900390864,0.1850880310708632,0.2052990599891326,0.0548064333611953,0.1551317371614728
0.0394455303020588,0.03608986541508,0.0550716727539748,0.0645249140929279,0.0661741186435619,0.1327519785313468,0.1841448040407678,0.2047192632049733,0.0546906819265538,0.1623871710798514
0.0396270588495436,0.0355069647840656,0.0543521356655111,0.0628136095094301,0.0646075050708255,0.1322190929359259,0.1827988466697648,0.2037879414490167,0.0546661639893346,0.1696206810677483
0.0398807621791596,0.0348818458275296,0.0536253641196877,0.0612630012428352,0.0629332262556616,0.1315502441603838,0.1815630373501483,0.2027075862302393,0.0544545120236838,0.1771404206019041
0.0403036434795117,0.0342949470020733,0.0529190260755576,0.0599932593798678,0.0613752265611694,0.1307913736970794,0.180156128846561,0.2015027356588912,0.0543237219750256,0.1843399373155642
0.0409042730294566,0.0337458415033677,0.0523161310536193,0.0586363209213419,0.0597876341399707,0.1299454322390224,0.178528469869602,0.2001144015875713,0.0546951689786676,0.1913263266687637
0.0416402945761376,0.0332026929766651,0.0518521224001163,0.0570285549827872,0.0581157478860967,0.1289881966511271,0.1768167505868189,0.1987476171849561,0.0551526711516651,0.1984553515950914
0.0421501359181064,0.0327573975683068,0.0513660099482931,0.0554257986862037,0.0566156504140092,0.1280075094258568,0.174992685605218,0.1972783902229086,0.0558381778000203,0.2055682444026169
0.0424893968572113,0.0324065714098245,0.0506023253505995,0.0541978847308863,0.0554204996009663,0.1270642226038647,0.1729568218834593,0.1956795639253334,0.056500348934046,0.2126823646954237
0.0426472029344902,0.0321128809765787,0.049786266363638,0.0530383713161343,0.0542606090779565,0.1261905873689386,0.1710841935104496,0.1942438816320172,0.0574698832080902,0.219166123603401
0.04267266670348,0.031842639891877,0.0489839616137484,0.0519585186743915,0.0532454442790941,0.1255197703427457,0.1692991207002028,0.1929121936761443,0.0584741105491535,0.2250915735609405
0.0426642730036276,0.0316190793228886,0.0482429839397268,0.0512419090510024,0.0525747111636442,0.1246843185690766,0.167247927158624,0.1911962568342755,0.0595901783262879,0.2309383626227017
0.0425556138980731,0.0314257497672746,0.0474748634859232,0.0507946906122748,0.0521890161776511,0.1236083686027438,0.1650725978679735,0.1890670445504702,0.0609207757093811,0.2368912793201667
0.0424771576802934,0.0313205726597184,0.0468006425559916,0.0504594930191897,0.0518720507743816,0.1225095970953015,0.1625747177322211,0.1866795345187893,0.0623507423095304,0.2429554916465785
0.0424257489847915,0.031357419305797,0.0461908419424296,0.0503851475477714,0.0517319414077582,0.1210336530194754,0.1593302900069502,0.1836181623901329,0.0642084781782114,0.2497183172087255
