0.1538446512791121,0.1061118080909738,0.1159324365249234,0.0470515325776808,0.0482843176626624,0.1691448518009946,0.1474426916245414,0.1274125569657376,0.0449910628182418,0.0397840906485192
0.1564038012023089,0.1084711616140665,0.1173949754287081,0.0484080115606276,0.0505937917740067,0.1681030971962172,0.1408287180263984,0.1261228139330701,0.0451984306130618,0.0384751986447852
0.1563378328239547,0.1085563606266724,0.117341443278773,0.0499910905225213,0.0546477171927475,0.1668544389518326,0.1386279656899816,0.1212856503879299,0.0469029543358481,0.0394545461828384
0.1572771194528357,0.1103025745466698,0.1173067194093344,0.0514309869866139,0.0574073171483448,0.1659642674565739,0.1340136117442507,0.1176525361304126,0.0481590628719505,0.0404858042459983
0.1569494281359909,0.1108633320676703,0.1164358027714643,0.0547370667120383,0.0612538411524589,0.1641587962982538,0.1311936664255196,0.1131115306158589,0.0496600267673464,0.0416365090462723
0.1577198288136942,0.1151194413183595,0.1150648630676102,0.0572726789099876,0.0638888578046336,0.1611617905541142,0.128341504352384,0.1093501207225498,0.0500014708260547,0.0420794436234639
0.1583394689177636,0.1197004539946598,0.1132647409806302,0.0588945009864493,0.0655706518202865,0.1581455507625989,0.126468879063527,0.1075446690921486,0.0499955525115706,0.0420755318632679
0.159419318897051,0.124773673758355,0.1117584285269783,0.060433666073007,0.0676152962282496,0.1546600246834857,0.1241003480855871,0.105793147275181,0.0493180546469942,0.0421280418180923
0.1623061582769102,0.133275547682537,0.1110118151167454,0.0611955395825577,0.0682803718304182,0.1500227058494625,0.1212795647411762,0.1032266821520593,0.0478458423263998,0.0415557724348183
0.1648214792287828,0.1406622906874193,0.1104149369978733,0.0622607436139302,0.0690323443407583,0.146030636431947,0.1190226930129127,0.0999106767487524,0.0466793363782582,0.0411648625525394
0.167825479210824,0.1492092726440181,0.109838941578166,0.0630579687858045,0.0700724699319287,0.1416277400310575,0.1161666463076661,0.0967772322277204,0.0453324065215895,0.0400918427545302
0.1712117437053887,0.1586847204789334,0.109402533203568,0.0632734206357184,0.070071894448893,0.137515427975067,0.1131636853108452,0.0938224600355053,0.0439012173737056,0.0389528968258308
0.1732532586704231,0.1660064799932026,0.1085711574427064,0.0638311673813599,0.0704614827439384,0.1343275797915357,0.1107914312650988,0.0921403359747389,0.0426608537377696,0.0379562529928114
0.1740321228029274,0.1705974956269317,0.1075219300752279,0.0648139785440269,0.0716326984736892,0.132180140087453,0.1088444616971857,0.0916396780569966,0.041581860689386,0.0371556339398508
0.174178650350569,0.173728964507565,0.1064178522182233,0.0661890723547948,0.072641986584638,0.1305669309628093,0.1072465152713893,0.091939670690565,0.0406276246614657,0.0364627323917357
0.1736503658081464,0.1753391893312875,0.1051983168222202,0.067677085274013,0.07359946113113,0.1297565237350381,0.1062130840402939,0.092611118295725,0.0400045310859986,0.0359503244699703
0.1735033675617431,0.1774258903192713,0.1043001409618433,0.0686300828617628,0.0740642487909452,0.1288010780097587,0.1052228508441292,0.0929679832145688,0.0395753146520489,0.0355090427778168
0.1737249646464302,0.1797763695764515,0.1037544142047422,0.069665120911406,0.074502917388343,0.1275390267823354,0.1035203771117417,0.0932263722268086,0.0391980668505021,0.0350923702951819
0.1737690945363262,0.1816635307910753,0.1032690998916932,0.0707174936912415,0.0749154353727627,0.1261516258003611,0.1020566384562568,0.0937113442183583,0.0389854058251105,0.0347603314108123
0.1741828625106813,0.18379353714176,0.1030491054936455,0.0714983286139749,0.0751513049274415,0.1251545943966444,0.1002468502067582,0.09383500989353,0.0387658777454266,0.0343225290641806
0.1745443150419396,0.185471543936232,0.1030070677214499,0.0721981311160308,0.0752454524227906,0.1243406970041015,0.0987313819806795,0.093833942730337,0.038682369626113,0.0339450984144005
0.1745428922788381,0.1865034659770857,0.1028700728836027,0.0727334307814914,0.0755420736862685,0.1235544031686036,0.0976998421890729,0.0941372862276884,0.0387043959356531,0.0337121368657921
0.1741029970469972,0.1865789597266267,0.102658450265062,0.0733229229054121,0.0761373862761449,0.1230870817481564,0.0971507666532119,0.0944771752277769,0.0388783039437654,0.0336059562009507
0.1736674195274883,0.1863577716856709,0.102576488979828,0.0741566864847482,0.0769469099416327,0.1224342336405119,0.0965323166565662,0.0945396514164238,0.0392126643518926,0.0335758573093359
0.1736772056861201,0.1865008183600698,0.1027283729326286,0.0749897452963755,0.0776207936670373,0.1214987781913194,0.0957561749597995,0.0943295918850258,0.0393419118102731,0.0335566072054494
0.1737973324019512,0.1866110955690307,0.1029682111257258,0.0758755235486661,0.078471910196188,0.1206499123046021,0.0948948892518694,0.0941030333611478,0.0391534612608517,0.0334746309740702
0.1742481882624655,0.1868145394222824,0.1034157905955552,0.0770769231181987,0.0795551139889463,0.1194795622409143,0.0935927108926413,0.0934241493149688,0.0390185204240128,0.0333745017341272
0.1748078734021926,0.1869752096530999,0.1039048799317381,0.0782857358383159,0.0810053707090021,0.1182388612790853,0.092203860172154,0.0923984389463311,0.038877523979255,0.033302246082962
0.1756627235521678,0.1872729727224438,0.1045579036554195,0.0793946293133926,0.0824286927793713,0.1167251734673542,0.0907705477738554,0.0911853491222797,0.0387906722463071,0.0332113353615658
0.1764701242366812,0.1873712217426673,0.1051956280863215,0.0804534712955407,0.0840311421620856,0.1153785739672016,0.0891808486740614,0.0900593761897482,0.0387596239798676,0.0330999896600028
0.1770119204191378,0.1871914864852322,0.1057008199223341,0.0817207405264062,0.0857324621080955,0.1140715995122911,0.0877266832003702,0.0890160218009323,0.0387614249565207,0.0330668410628686
0.1773665558557646,0.1870043288433644,0.1060618628262877,0.0830879680229882,0.0874572008071956,0.1128178427727247,0.0865164762464833,0.0877867972961119,0.0387983946319563,0.0331025726913152
0.177172716385896,0.1862162672046942,0.106150720961833,0.0848576784718426,0.0895652710215121,0.1116270367400374,0.0854795485524281,0.0868492823239908,0.038918109381974,0.0331633689499776
0.1769770766746382,0.1856710462775069,0.1061911898721391,0.086320789370874,0.0913158088752578,0.1104312127505893,0.0846106979300586,0.0860999420562381,0.0391165643419513,0.0332656718449106
0.1762666181918974,0.1844604735374836,0.1060175105817309,0.0880453171845838,0.0932848278758105,0.1095312712984334,0.0838213943898567,0.0855568377144621,0.0395543744728691,0.0334613747469973
0.1753839556963435,0.1832214573153614,0.1057260291194169,0.08991185245656,0.0952816194691474,0.1086971649513243,0.0832317114416006,0.0850058794115515,0.0398732864753999,0.0336670436573744
0.1745988302709193,0.1822889620870339,0.1053581558359848,0.0915846714948659,0.0970764958720043,0.1079207832002501,0.0827221096273942,0.084466215507257,0.0401434949955658,0.0338402811027614
0.1737045551407596,0.1813239517061642,0.1048943350818536,0.0933467931964111,0.0990965526357796,0.107143330944597,0.0821856317040798,0.0838517988193425,0.0404309861243986,0.0340220646406099
0.1728737729146447,0.1804415089384514,0.1044334012194219,0.0950384527170406,0.1009332932696715,0.1064900544027461,0.08172160328375,0.0832120750433157,0.040680814485407,0.0341750237195037
0.1721247798566853,0.1796294719311893,0.1039653357466088,0.0967305223795666,0.102661290555772,0.1057826404325858,0.0812468584629083,0.0825342444686749,0.0410351296283965,0.034289726531527
0.1711077304821356,0.1785625731976936,0.1033119239580176,0.0984845441062844,0.1044970923810005,0.105238598547767,0.0807691276551392,0.0820145355721069,0.0416674618974622,0.0343464121962763
0.1700318518930716,0.1775625803391166,0.1025612420233693,0.1000668616064714,0.1060081167913122,0.1048590011306582,0.0804999121076992,0.0815637788641097,0.0424254344722501,0.0344212207657898
0.1686672757051846,0.1763126548369364,0.1016334727591126,0.1013287712527897,0.1072820975652121,0.1047516081581859,0.0805424961682156,0.0813490175626886,0.0435910299408337,0.0345415760446508
0.1671679709709717,0.1749741710754157,0.1006144689461153,0.1025583258402524,0.1086895061990063,0.1047100130728167,0.0803902759869504,0.0812696478783173,0.0449473615283079,0.0346782584956204
0.1658651689368261,0.173888137789295,0.0996863070011699,0.1037059745174211,0.1099835898473705,0.1045849082719817,0.0802956463435038,0.0810992384694676,0.0460971663311721,0.0347938624855277
0.1646126733328838,0.1727849684246029,0.0987905807047981,0.10491447628712,0.1113507798426158,0.1045220428644815,0.0801594223791087,0.0811119306144279,0.0470284247658422,0.0347247007778245
0.1636384366877383,0.1719286735737073,0.0980809049957751,0.1060526909976953,0.1126914478107512,0.1043025476985218,0.0799142183045694,0.0810236040089079,0.0477505740346203,0.034616901881389
0.1626216650194658,0.1708432414065932,0.0974578397210581,0.1073293864789359,0.1138915682860325,0.1040347440902984,0.0796438865684174,0.0809250110372816,0.048692501067402,0.0345601563181643
0.1612812440870501,0.1693750021654767,0.0967654972648841,0.1084943855167991,0.1149583155208835,0.1039292272235589,0.0795542863403319,0.0809168357938781,0.0501874332751916,0.0345377728055735
0.159671837008382,0.1676416466490781,0.0959905929854609,0.1095581282726388,0.1158225939874861,0.1039486626060457,0.079481847359652,0.0810041503415754,0.0523369181200852,0.0345436226632071
0.1581915719416781,0.1658760226775149,0.0954157364997516,0.1107126253314653,0.1166642357811451,0.1038361093033731,0.0793001649535373,0.0809795721401063,0.0544968340293799,0.0345271273356488
0.1568936483420448,0.1641211926759113,0.0950454578972941,0.1117074555529417,0.1173749929607532,0.1036610246349877,0.0790708382589908,0.0810748504633829,0.0565643811364546,0.0344861580708268
0.1557717160138372,0.1624004319688166,0.0948282712773036,0.1124661186192313,0.1179555667857349,0.1036433924885659,0.0788187907700239,0.0811618869462823,0.0584949340097944,0.0344588911139817
0.1548167250695838,0.160552606598523,0.094822933230958,0.1131887251431244,0.1185624208066613,0.1035255222424485,0.0784724912266636,0.0813138217051647,0.0603300307884513,0.0344147231819769
0.1543266195604913,0.1585867081168489,0.0951902629630308,0.1140195266512277,0.119232006792024,0.1033181762488171,0.0780612489132173,0.0814025675297363,0.0616141853684605,0.0342486978496923
0.1543065802516099,0.15670886210884,0.0959292159649487,0.114846098918961,0.1199889757053854,0.1029459153804412,0.0775295661214057,0.0812844101864333,0.0624351076666136,0.0340252676889051
0.1548848696532535,0.1551438829460391,0.0970436621585074,0.1156204248999601,0.1207222049525267,0.1023155816873876,0.0768172602824426,0.081169347065946,0.0625117223379863,0.0337710440095014
0.1557575981648717,0.1537093679341925,0.0983821031800997,0.1165584789543449,0.1217047614895338,0.1015478241335868,0.0759235687594201,0.0809293435321606,0.0619937917706455,0.0334931620747146
0.1569633499140352,0.1526814291664867,0.0998530241285395,0.1175833394080457,0.1226652951436066,0.1005142529583803,0.0748910174067536,0.0804571725229272,0.0612142808966649,0.0331768384481635
0.1584237304155232,0.1521353150859078,0.1013442038457701,0.1184658200739691,0.1233237074830742,0.09936114924099,0.0738588505801766,0.0797914065042119,0.0604077025471389,0.0328881142168791
0.1596247963385246,0.1520001355054024,0.1025100574504891,0.1204360129447794,0.1251542055286461,0.0973514297759525,0.0718482945891177,0.0785629630364018,0.059972001819813,0.0325401030045462
0.1606420555954295,0.1516957864685353,0.1036110773040062,0.1222126325903636,0.1268368647377415,0.0954796150339771,0.070223470647661,0.0774586523031313,0.0595422167886574,0.0322976285242026
0.1613808415916819,0.1511215889461175,0.1046823842670111,0.1239815623789894,0.1284017244226185,0.0938896144576208,0.0686704763916859,0.0765831803495624,0.0593029435835564,0.0319856836048878
0.1619861545860098,0.150396951283051,0.1057698240870815,0.1257841841870614,0.1299726180694976,0.0923163264772477,0.0673549402799975,0.0757850809137624,0.0589579189431791,0.031676001166871
0.1623677435626814,0.1494533913380479,0.1068688029785945,0.1275474865297476,0.1317023295266934,0.0908122476577939,0.0661361498942125,0.0751071832777925,0.0586432447878636,0.0313614204403577
0.1626532724963313,0.1482724974987453,0.1080012347965103,0.1293946584162619,0.1335617744185319,0.0893656406919054,0.0648687192220279,0.0745471986088886,0.058246922565509,0.0310880812790961
0.162967257479692,0.1469975077690249,0.1093376506201906,0.1314198203836689,0.1356496499201866,0.0877840999616341,0.0634583901942662,0.0737093084810168,0.0578735985589676,0.0308027166251744
0.1632883745736264,0.1454615718848071,0.1107661196784226,0.1334151712029699,0.1378439846502273,0.0862983061420128,0.0620787696901522,0.0727453893292971,0.0576140394580656,0.0304882733842533
0.1634899247667617,0.1433431480622828,0.112261896410666,0.1353806576328035,0.1401371017647128,0.0849942547008911,0.0607438847952134,0.0718811733325379,0.057531353622036,0.0302366049059381
0.1634085056467021,0.1409988401012005,0.1136021747131954,0.1372835803615021,0.1423504416289151,0.0839049464906132,0.0594590727150136,0.0713085538923101,0.0576833678277907,0.0300005166166067
0.16328545996343,0.138307583449156,0.1149788911182542,0.1392310398378011,0.1445864604951934,0.0829090930675997,0.0581922266050958,0.0707478593855631,0.0578975322074491,0.0298638538643063
0.1631129124691406,0.1352469632696369,0.1164002686112577,0.1413085860646617,0.1469930354227832,0.0819156401851731,0.0569703038712279,0.0701861642715954,0.0581040890184736,0.0297620368098912
0.163131626307629,0.1323449840592581,0.117800979518111,0.1432264774797563,0.1494397969762237,0.0808734072743118,0.0557789659913661,0.0694025405247894,0.0583213696762674,0.0296798521861194
0.16360459940139,0.1301202709647921,0.1192126463137235,0.1448856011665151,0.1515182504345704,0.0797964011125791,0.0545717892510355,0.0683569128900363,0.0583482013813637,0.029585327077824
0.1643437346828714,0.1282696683339156,0.1207114229101748,0.1462066644004826,0.1534459715598039,0.0786150030965154,0.053318601422432,0.0671410680243968,0.0584358100768081,0.0295120554864228
0.165403912301674,0.1269164270928552,0.1223087962699047,0.1473824968674515,0.1552389630845992,0.0771339345829887,0.0519757910800425,0.0657850851472147,0.058416323948722,0.0294382696183667
0.1662908050443366,0.1252290987442886,0.1239045058515487,0.1485946360623686,0.157116355934789,0.0757308708326063,0.0506950320588767,0.0645467150177253,0.0584942351373522,0.0293977453099135
0.1669235679609309,0.1232106245968313,0.125385650515467,0.1497650708443111,0.158982495332892,0.0745373854508004,0.049733369194856,0.0634274628541703,0.0586796325026196,0.0293547407409061
0.1672439037379607,0.1209284649855367,0.1266776499402291,0.1510657810382907,0.1610852347631588,0.0735562180113012,0.0487692990219638,0.062303592860041,0.0589814639089606,0.0293883917263077
0.1671356100903105,0.1183302359427051,0.1277253679918293,0.1525571715026736,0.1633204740040283,0.0725650093077308,0.0481007261900588,0.06138306339481,0.0593787207190208,0.0295036208505413
0.1668947287540453,0.1157980745502201,0.1286395116349949,0.1540908734212258,0.1655504619987052,0.0716153122353795,0.0474327774465658,0.0604858407179649,0.0598187226601161,0.0296736965744445
0.1665261979939834,0.1134021205663425,0.1294372205730539,0.1557435806560496,0.167764085751867,0.0707885089367276,0.0466960870500009,0.0595023832093226,0.0602741944542451,0.0298656208020165
0.1661433545664672,0.1114128528550137,0.1301344389082398,0.157279966392553,0.1697624503913354,0.0700174730178194,0.045874251213163,0.0585565889445887,0.06073122080913,0.0300874028952424
0.165599243164486,0.1096107062351706,0.1305931062165561,0.1586266438380258,0.1716314846974206,0.0694593209807485,0.0451762222011858,0.057807489925239,0.0611607780743599,0.0303350046603017
0.1647100157818329,0.1076211330454302,0.1308082254640543,0.1599538405205961,0.1735397104923237,0.0691316313099103,0.0446120245541148,0.0571874117046571,0.0618253449943155,0.0306106621261909
0.1637022558633978,0.1056279684494755,0.1309200629653741,0.1611741204980089,0.1753740545635648,0.0687583688468917,0.0441373071258103,0.0566204209293495,0.062747802874132,0.0309376378773465
0.1625673439830375,0.1035433832610611,0.1309954700448746,0.1622302809514659,0.1770059717441761,0.0685125286096552,0.0439270758438851,0.0563102438014801,0.0636151785685518,0.0312925231850825
0.1613288652142362,0.1013483812407467,0.1311080579446014,0.1633001003259936,0.1785030161053206,0.0682670758898162,0.0437972810131219,0.0561700373701924,0.0645361817800414,0.0316410031091069
0.1599177965224354,0.0990875226823095,0.1311643910704109,0.1643769415516081,0.1799051952733559,0.068191803434121,0.0438153104958786,0.0562452677352007,0.0653176353140094,0.0319781359137529
0.1585257547198217,0.0970003882955277,0.1312257073028993,0.1654337431655622,0.1810765267625045,0.0680286447302419,0.0439668427265795,0.0563100135762998,0.066057818328272,0.0323745603852704
0.157205705650413,0.0951580627264863,0.1312632116870386,0.1662626794693848,0.1819841200462206,0.0679946984762943,0.0441528076387496,0.0563696225719929,0.0668368381774856,0.0327722535488092
0.1560158817542588,0.0934283049891656,0.1313835029841439,0.1668539709225209,0.1826626154444519,0.068030839699201,0.0443284511691598,0.0566123907759216,0.0675728313552422,0.0331112108987055
0.1552379287501164,0.0922384288008582,0.1316863358513404,0.1669779577783219,0.1827668592919627,0.0681306046646394,0.0445266497378618,0.0567943648896068,0.0682283997628492,0.0334124704651162
0.154673302541247,0.0910017767014085,0.1320840543710036,0.1669917360938378,0.1827589353078576,0.068405235944707,0.0447320424984371,0.0569631190941823,0.0687607337252619,0.0336290637146462
0.1546631863008732,0.0903557442732535,0.1326800554368725,0.166521891820279,0.1822024717544255,0.0686970510894093,0.0450001596773822,0.0570857418193413,0.0690521943131603,0.0337415035075248
0.154790993973716,0.0898741446896645,0.1333848519921312,0.1657476160393536,0.1814673285798977,0.0690357899494497,0.0451943853352939,0.0572664046495569,0.0693677999882802,0.0338706847951148
0.1548882038515975,0.0891488985223506,0.134263340726608,0.1650452087183462,0.1807652595450795,0.0693516052764586,0.0453293807666206,0.0574777681992064,0.0696990725525136,0.0340312618336127
0.1551819595855591,0.0884349727329971,0.1352791881373915,0.1641606106359248,0.1797567881071692,0.0696844394057303,0.0455150702794942,0.0577532277617596,0.0700406922854001,0.0341930510609019
0.155567880331797,0.0877015577077612,0.1364320919374349,0.1631765136433851,0.1786866063196693,0.0699430709047444,0.0457085700161444,0.0581012147286367,0.0703189952527777,0.0343634991499155
0.1560360720956183,0.0868785100790623,0.1377337276563774,0.1621184438919502,0.1775978817914244,0.0702217127779151,0.0459054506094608,0.0584211092463751,0.0705153182150283,0.03457177362899
0.156712483836746,0.0862874087792687,0.1392428211821449,0.161016710749013,0.1763993771675391,0.0703456903201992,0.0461423765588437,0.0585719933479636,0.0704392231033863,0.0348419149470244
0.1573988613742957,0.0857952015789261,0.140807421403494,0.1599576767953582,0.1753738623661618,0.0704282386421978,0.0462150877570665,0.0586565215768605,0.07023649974563,0.0351306287520687
0.1584384124183183,0.0855785408020915,0.1425449692792307,0.1591028930939023,0.1745042345840984,0.0702938728306305,0.0460154344022834,0.0585644436379219,0.0696164885541355,0.035340710389379
0.1594544000643358,0.0855873744193519,0.1442738546574539,0.1582939189028592,0.173484723575162,0.0700744328182575,0.0460416614479546,0.0584106746354918,0.0688340072715409,0.0355449521995118
0.1602129239740723,0.0854633849227282,0.1458499798125115,0.1575425980444958,0.1724957704683236,0.0699461052671534,0.0460666089487923,0.0584145314889063,0.0682184605345116,0.0357896365303524
0.1609459001172262,0.0852792695851193,0.147477346693943,0.1567873492250689,0.1714894739297501,0.0697786897672669,0.0460619244364875,0.05823793734263,0.0677523017540431,0.0361898071402288
0.1613484751923192,0.0846740722896633,0.1488736434368995,0.1560982743444052,0.1704884976999313,0.069827261994224,0.0462208572202329,0.0581857687950562,0.0675835439620091,0.0366996050569367
0.1618587207744398,0.0841850061726073,0.150253785462281,0.155240980312772,0.1696381559323579,0.0698801530469728,0.0464357383508029,0.0580194300683277,0.0673436735736014,0.0371443562974221
0.1627294505149904,0.0841516600494882,0.1517458296761684,0.1544819677314813,0.1689037626270707,0.0697226785399951,0.0464618122418081,0.0577046371179693,0.0665602979736587,0.0375379035188579
0.1639916254632204,0.084506579188148,0.1534466492475016,0.1537383632207176,0.168311817671918,0.0694335340132016,0.0464513159532277,0.0572613805950928,0.0649651619421454,0.0378935726962101
0.1651976582127781,0.08497254693948,0.1550315647796173,0.1528481552235558,0.1677389653958712,0.0692469266496699,0.0465529618629288,0.0568891627369995,0.0632387715864292,0.0382832866039403
0.1662571788577662,0.0854592465700152,0.1563883333881831,0.1521203648038065,0.167332965938955,0.0691192781026748,0.0467767000795566,0.0564070790224331,0.0614285435927784,0.0387103096349866
0.1671486525611917,0.0860163853729489,0.1575204345273556,0.1516289919386756,0.1670202102432191,0.0688225550999957,0.0470959298116355,0.0559276782034841,0.0596754888330791,0.0391436733994613
0.1678973815632115,0.0868794799571421,0.1584419713481719,0.1511498402252058,0.1666279376956994,0.0686401805940986,0.0475731536327737,0.0553237482186049,0.0578999265088536,0.039566380247178
0.1681257932235983,0.08798133886241,0.1590287865387948,0.1505280091212,0.1661565941106188,0.0684577139264102,0.0480724596381254,0.0547790287461129,0.0567115967585974,0.0401586790649542
0.1677235053218738,0.0891792887148702,0.1592518040329577,0.1498230869304115,0.1655094325807389,0.068432102535624,0.0486960386773559,0.0544162013268031,0.0561062294243477,0.0408623104457112
0.1664640204923411,0.0898702721225063,0.1589956739097961,0.1492246894443877,0.1649579902177324,0.0687181712234218,0.0496458999856976,0.0540171140160693,0.0564598508361098,0.041646317742485
0.1647074563894834,0.0903036595413086,0.1585662488954205,0.1484352852184877,0.1641353708317665,0.0690889671770545,0.050868198167039,0.0536968916579503,0.0576677009990716,0.0425302211127872
0.1622094178748663,0.090208551012826,0.1581036598401727,0.1475320911881211,0.1633817729200103,0.0698422232636348,0.0522537933475227,0.0536550852209511,0.0593167268254255,0.0434966784966256
0.1588850136097504,0.0899244287978169,0.1575192083146451,0.1466575440435429,0.1629270970219364,0.0707740009740361,0.0536666866374444,0.0540310746733425,0.0611377254355823,0.0444772204818309
0.1558137712555617,0.0904756837595084,0.1567315449116169,0.145787907192414,0.1624204094758753,0.0714357675707252,0.0547767660042263,0.0543267076132933,0.0628832750670775,0.0453481671394163
0.1527255690240694,0.0916267609939356,0.1555726042478428,0.1449764657414619,0.1618543206594719,0.0720945651367862,0.055710725301713,0.0545599208902304,0.0647203626785355,0.0461587053154554
0.1500410915167239,0.0937787334731407,0.1541048796078078,0.143937232201017,0.1611048121054497,0.0725063082253585,0.0567474342667344,0.0548550682477873,0.0659946257963912,0.0469298145488984
0.1474642110863528,0.096090975227079,0.1525047659753265,0.1427289568135272,0.1602644551161713,0.0730557376155876,0.0577564158130298,0.0551886343668542,0.0673012235618483,0.0476446244133301
0.1453916537882016,0.0988223389075625,0.1509264232891299,0.1411482392353381,0.1587460915136628,0.0737979645077609,0.0587648346804626,0.0556879734627561,0.0683411492732027,0.0483733313308273
0.1433125231637306,0.1013901934094805,0.1493567030443763,0.1394772955104395,0.1570809211212874,0.0746326330189554,0.0599448576622725,0.0560893708686046,0.0696576854721705,0.0490578167173706
0.1411678650924207,0.1039076168104917,0.1474733699897383,0.1375592142120242,0.155087538846192,0.0758281547051563,0.061367481241962,0.0568554450742657,0.0709842702374237,0.0497690437787952
0.1388013825124104,0.1061649860689602,0.1455355512185931,0.1356657306821403,0.1528105011378374,0.0771452244812865,0.0629641880463703,0.0579083492699657,0.0724253639946318,0.0505787225760381
0.1360322859847301,0.1082182031927017,0.1433706465113651,0.1339933942514711,0.150626715960269,0.0784788789141548,0.0647810738120688,0.0591293624143222,0.0738525532412534,0.0515168857056394
0.133659269005824,0.1102438893889955,0.1415323276944493,0.1322907842409019,0.1485375936501799,0.0795507931490277,0.0665911852875189,0.0602226064915932,0.0748928669668449,0.0524786841123773
0.1308740468519533,0.1120457144399705,0.1394967843607126,0.1306784171185427,0.1464409544438637,0.0808015198764323,0.0686314721079952,0.0613832739628184,0.0760903031127811,0.0535575137123528
0.1276828106605004,0.1133654944917399,0.1372709649261247,0.1291996631789847,0.1444553203927606,0.0822524900649052,0.0707848681797458,0.0626899518412579,0.07761453009299,0.054683906158097
0.1243012709880129,0.1141097030438137,0.1353489898554385,0.1278804974352255,0.142233513001455,0.0838750127539001,0.072947916948929,0.0642620870600012,0.0791684869949457,0.0558725219050492
0.1202127565255338,0.1139081233069391,0.1335585832555256,0.1266390016095995,0.1402242421659381,0.0855979253570199,0.0753642242362515,0.066149700568911,0.0812171567904582,0.057128286170219
0.1156403022727946,0.1130668261313819,0.1316270687405032,0.1257869507825635,0.1384516894393715,0.0875408556583397,0.0779894440888796,0.0681946360360677,0.0833100124069148,0.0583922144292006
0.1105177443961259,0.1114774431552662,0.1295839752520066,0.1250230533394238,0.1368154702567044,0.0899299780666153,0.0808272151752312,0.0704723908651489,0.0856718048297336,0.0596809246493483
0.1055232936696257,0.1101648520314952,0.1272270002534183,0.1245705290673614,0.1352919347499217,0.09248875155407,0.0836654936939816,0.0726412935885328,0.0875250783904581,0.0609017729863404
0.1008840638409722,0.1091997304830942,0.1248382261589269,0.124111089581593,0.1337547657393641,0.094828257725931,0.0864857201303199,0.0747252252846347,0.0890375248215854,0.0621353962184064
0.0972327710862629,0.1090250856776176,0.1228630665428212,0.1234348845178849,0.1317375960997221,0.0967901337836074,0.089172869296321,0.0765428873152796,0.0900879750331133,0.0631127306318741
0.0943505423706031,0.1094161539201813,0.1213058630140177,0.1224241597346566,0.1295019248071684,0.0985608219325303,0.0914957643019176,0.0781589446444398,0.0908105939412434,0.0639752313174696
0.0918961053392886,0.1100997700827605,0.1199252588851386,0.121260563775747,0.1272265838804854,0.100182298520827,0.0937260211906053,0.0798429483531824,0.0912039815212646,0.0646364684347003
0.0903397850401075,0.1109121519224409,0.1188322257833909,0.1199924514136854,0.1248242696141833,0.1016090330101782,0.0957244029863082,0.0813908447214368,0.0913041176910676,0.0650707178010214
0.0896066229036592,0.1117290322677697,0.1179785820934456,0.1188818852806822,0.1225649405910501,0.1026177355121838,0.0974829253864699,0.0826042529409823,0.0913283667326322,0.0652056562748154
0.0894211260346604,0.1127479189470491,0.1176561599702149,0.1177583502896215,0.1202884185349111,0.1032501570511729,0.0989628582730108,0.0834451459436505,0.0912924545751228,0.0651774103641979
0.0898829489910516,0.113650136726427,0.1177501216186974,0.1168306366036005,0.1182811242181807,0.1035951404595147,0.1001092207741354,0.0841527649213268,0.0908424788643192,0.0649054268063138
0.0905828859007574,0.1143451177320572,0.1179872934924332,0.1162100852025472,0.1163805200903051,0.1039051993313069,0.1010436505987021,0.0847279354136214,0.0902305971182748,0.0645867151035307
0.0911418614655066,0.1145530565610927,0.11787740933984,0.1158203737338432,0.1149403882987215,0.1043302992260659,0.1019416293291968,0.0852211169851646,0.0898822788501214,0.0642915861939555
0.0914664676815892,0.1144820663495693,0.1173844058727431,0.115653675310211,0.1137063545481715,0.1048009895863589,0.1028758488918503,0.0857397017980058,0.0898582135919464,0.0640322763530268
0.091724744988309,0.114288583766194,0.116840319672944,0.1155856689970562,0.1127076959499602,0.1054254925069396,0.1035416957490288,0.0859512915148421,0.0900228217274768,0.0639116851106852
0.0919753812184612,0.1137277260663912,0.1163194804051413,0.1156721295603445,0.1119745201764117,0.1061755852543689,0.1041645608953855,0.0861148581689899,0.0901532978353077,0.063722460402626
0.0924143455574673,0.1130274869760003,0.1159740168308824,0.115758387925104,0.1115629949628572,0.1068102032590523,0.104685344582805,0.0863412476584694,0.0899802323529087,0.0634457398779033
0.0927809897876203,0.1122536145340714,0.1155598986933098,0.1159381802897662,0.1112638923149807,0.1073965914735426,0.1049462965916743,0.0864806274705318,0.0901238168425128,0.0632560919854752
0.0930319306991059,0.1114139977450639,0.1152728771590919,0.1161207333640198,0.1112187778027322,0.1079076236784944,0.1050271392543308,0.0865634369253075,0.0904313812282926,0.0630121021270942
0.0927999334410441,0.110811402606117,0.114577648785891,0.1163354593740578,0.1112288637652863,0.1082914843633292,0.105038413580741,0.086381173924992,0.0916279445117717,0.0629076756303514
0.0921905136186643,0.1102689162507984,0.1134394875378775,0.1166139261328131,0.1114608412346331,0.1085488792644323,0.1051210957511738,0.0862398513846199,0.0931590926425943,0.0629573961660094
0.091733282007495,0.1098215448368145,0.1125272656672977,0.1168734689242688,0.1116190611904316,0.1086840333043435,0.1051234267811196,0.0860887519636069,0.0946233596034413,0.0629058057048458
0.0911663412541541,0.1096945351733503,0.1112170889002744,0.1172124969734001,0.1118965051875658,0.1084646373883378,0.1050377238324387,0.0855238424166619,0.0969254208337394,0.0628614080237845
0.0903621676260316,0.1095906442166752,0.1097113062993599,0.1177334056334617,0.1124045651601135,0.1082102427707125,0.1050048236468506,0.0850417744198149,0.0989772495145876,0.0629638206961211
0.0892717443528005,0.109463654791351,0.1078367269051399,0.1183982169194573,0.1131577115512518,0.1080413689320622,0.1049771193137932,0.0846531774096905,0.1009093471626322,0.0632909326455394
0.087894187530535,0.1094339472152814,0.1057068744737314,0.1192157306808192,0.1140942453092182,0.10779892861597,0.1048268123788083,0.0844669467931189,0.1029776476842459,0.0635846793019566
0.0866674795655457,0.1092561770869088,0.1035922418932993,0.1199874015304342,0.1150281349897088,0.1074769024659445,0.1044936741284582,0.0844140047242967,0.1050826149249856,0.0640013686740632
0.0855893959063897,0.1091461133339577,0.1016168448080554,0.1205955696227199,0.1157104224033144,0.1074142545632142,0.1045319748342955,0.0844791482706372,0.1065631434750855,0.0643531327659262
0.0843067938241732,0.1095159298178021,0.0996338493351449,0.1213001427713529,0.1162820863053853,0.1073089133957746,0.1046296394958938,0.0844991028518107,0.1077293345491337,0.0647942076370833
0.0834148749788838,0.1100236268016166,0.0979421128818806,0.121925633115971,0.1167675977705317,0.1070488686405115,0.1045734914663701,0.0843624680245084,0.1087383203177872,0.0652030059854719
0.082988877734413,0.110462856318172,0.0966532986563029,0.1224020867819998,0.1172025354154207,0.106689550485806,0.1043314540056303,0.0842201700013618,0.1094504381135658,0.0655987324708315
0.0826684793198083,0.111062496610064,0.0953952803424737,0.1227267331159954,0.1174762392535662,0.106254727826929,0.1041481542152589,0.084057170935436,0.1101951474136045,0.0660155709503512
0.0825164398544755,0.1120787076878109,0.0942504802038813,0.1230125067004066,0.1177902459588403,0.1057925039395205,0.1039549076590732,0.0837975088358738,0.1105867561864924,0.0662199429571168
0.0823499312527658,0.1130719720141895,0.0931750322073401,0.1233641251259435,0.1181208997157821,0.1057199631971921,0.1038304219206594,0.0838272391872263,0.1103075500246875,0.0662328653377333
0.0823249254679422,0.1137139774570219,0.0923147715218778,0.12360013714544,0.1183482621833784,0.1058685719213585,0.1038121208823207,0.0840176068862814,0.1097594821051439,0.066240144412775
0.0822910552385093,0.1140728121248929,0.0914228420635302,0.1238810025782834,0.1185851280242856,0.1061159856227249,0.1038758712981136,0.0842759844860784,0.1091944518111183,0.066284866736011
0.0821499498691448,0.1143910862312609,0.0904031584152238,0.1242381574654521,0.1189293043799407,0.1063801544943385,0.1038629135932971,0.0846049804073,0.1086463691193737,0.0663939260082239
0.0819460169077321,0.1149743864107944,0.0894367323685619,0.1245535095890212,0.1192137859261925,0.1066284481786653,0.1037496514941576,0.084931025232143,0.1080406686877255,0.0665257751885706
0.0815899112807635,0.1158290783150121,0.0883773431605761,0.124882650152249,0.1196426115963007,0.1067492801657832,0.1035410361037433,0.0852181076591915,0.1075112165190304,0.0666587650309405
0.0810296371897873,0.1165932844781146,0.0871363779530448,0.1252768028775871,0.1201659118685724,0.1069551193351234,0.1032498778588225,0.0855582912804074,0.1070708202606927,0.0669638768814556
0.0804333407365642,0.1168943131273957,0.0858475510221103,0.1256802131333429,0.1207491910042387,0.1073397012869938,0.1031983447457069,0.0858262611320917,0.1066188581626741,0.0674122256324855
0.0798096946211771,0.1168403201482724,0.0843889743124033,0.1263255432844106,0.1216083755721601,0.107569920074879,0.1032113491035552,0.0861334363549009,0.1061909632433345,0.0679214232684959
0.0792901551536295,0.1170769591885099,0.0830622220726515,0.1266813589601675,0.1220923873480468,0.1078099042638326,0.1032109840758625,0.0864427796308183,0.1058476642544378,0.0684855850356047
0.0788470439959165,0.1172087385312877,0.0817302848063677,0.1270035349114907,0.1225872411736978,0.1081496100010003,0.1031715220956561,0.0867165411586696,0.1054461240271012,0.0691393592823418
0.0786062744211331,0.1171644080597253,0.0802752119296223,0.1271519144607807,0.122974248347239,0.108493875403659,0.1030904505672341,0.0870747921687845,0.1052362946949257,0.0699325299303761
0.0787416976733546,0.1160659817879132,0.0789282416294375,0.1273225092956084,0.1233641071002685,0.1089490192029352,0.1031752195171096,0.0874160167439967,0.1052384569432846,0.0707987500894872
0.0789758556475589,0.1146917568658072,0.0777937222606542,0.1274605187503039,0.1236639050328802,0.1093252913677606,0.1034808393552105,0.0875022364673726,0.1052710578735602,0.0718348163622003
0.0792825131440524,0.1126455181751781,0.0772816393304777,0.1275808742440631,0.1241210172055003,0.109439905552304,0.1037839797466289,0.087656347601243,0.1053182036115592,0.072890001372216
0.0796153941395675,0.110061095919131,0.0770490568548434,0.1277608222214448,0.1246025480371121,0.1095403729148602,0.1039985903381746,0.0878347196082603,0.1055768177078911,0.0739605822418631
0.0798424212336356,0.1075048746920241,0.076848745733581,0.1277728489809725,0.1248620324803692,0.1095838079118087,0.1043297935639364,0.0880293825462801,0.1061627797127137,0.075063313127775
0.0800789600713224,0.1051915588694402,0.0765711000626111,0.1277241560205076,0.1250107089297312,0.1095928196870182,0.1045866187174383,0.0883208879208436,0.1067403649369032,0.0761828247672357
0.0803242631370783,0.1027680717087667,0.076430333511296,0.1275360047155591,0.1250139292467773,0.1098416900311701,0.1049860653114304,0.088524040527657,0.107144594443038,0.0774310073502215
0.0804807132609665,0.1003935812461498,0.0763720142447593,0.1273817100523563,0.1251207108862061,0.1100302620985728,0.105247069076073,0.0886148570053598,0.1076103053777122,0.0787487767347895
0.0806607617235014,0.0984888465499027,0.0762035340816141,0.1273556383594427,0.1252408717612284,0.1100075143216111,0.1054082847862209,0.0888719717324575,0.1075663531992379,0.0801962234676709
0.0808867985098753,0.0968430938349178,0.0760781662544754,0.1271044187577906,0.1250919530959641,0.1100757696509675,0.1054917952077161,0.0890845546264759,0.1076315729918125,0.0817118770528205
0.0811174912196679,0.0957240929989991,0.075787580522875,0.1268324601495947,0.1248316583362255,0.1101404775370404,0.1055416933105672,0.0891581407294569,0.1076366885183758,0.0832297166599426
0.0813943052993389,0.0946419203987355,0.0757943900753506,0.1264105259098838,0.1243709369068916,0.1101313620958541,0.1055257163874823,0.0893084702219591,0.1075471065855386,0.084875266101643
0.0816781811155921,0.0940373111797865,0.0759903678537123,0.1255574011959574,0.1235158050023329,0.1101064599886517,0.105416220569652,0.0894873950858637,0.1076002297740127,0.0866106282170449
0.0817600635660249,0.0940966723625763,0.0759666685135716,0.1245963889390913,0.1224612769128282,0.1099520350761516,0.104983487566807,0.0894228856116308,0.1084037081359151,0.0883568132979543
0.0816690946177663,0.094657703170121,0.0757396261396527,0.1234996013035854,0.121212241005773,0.1095885324197773,0.104375573207861,0.0891380160033433,0.1099500954127314,0.0901695167019113
0.0814783390489611,0.0956801769829583,0.0758422771253835,0.1224279066760965,0.119996407147939,0.1092375110295541,0.1036449353705726,0.0889388635068526,0.1107305041318062,0.0920230789623488
0.081047018181792,0.09717729896198,0.0758077484073145,0.1214628504903273,0.1188836740718184,0.1088368903332636,0.1027331243285584,0.0886020398154518,0.1117178460107618,0.0937315093811817
0.0804129822154545,0.0986603114552549,0.0758899535748704,0.120785296508104,0.1180297505433993,0.1082839279138953,0.1017383416652315,0.0883626351611607,0.1125432972838501,0.095293503661231
0.0794931512744593,0.1004551421007823,0.0761152250169471,0.1200987295909796,0.1172268329751264,0.1077249082590865,0.1006614133855239,0.0881831072761282,0.1131913803726735,0.0968501097307551
0.0784751916617242,0.1024549918122449,0.0763812275332105,0.1189144913991248,0.1160345241652457,0.1071900819408523,0.0996996808530578,0.0881806289164239,0.1142479179261105,0.0984212637744658
0.0773864539541778,0.104424626330378,0.0767747711559411,0.1176866111401654,0.1148001663999151,0.106699701871458,0.0987388368015971,0.0882041559437819,0.1154142770970217,0.0998703992880234
0.0761889377768886,0.1064760561262938,0.0770157998442841,0.1165546352085557,0.1136953538704091,0.1061315213775679,0.097788881172053,0.0883427020014925,0.1168867961224788,0.1009193164824557
0.0747294566338499,0.1090844171458368,0.0772502837448024,0.1150721296925919,0.1123466450128112,0.1051796180167806,0.0968589643411093,0.0885776247365192,0.1192829858761778,0.1016178747820511
0.0729554598483956,0.1125808191726386,0.0774088694782284,0.113332272815218,0.1107262306462308,0.1042342784672142,0.0960202647613626,0.0893109325716112,0.1214983419837992,0.1019325302379266
0.0712356625324569,0.1157542330013603,0.0773860908061247,0.1116683288200964,0.1091614153256001,0.1036090680218221,0.0952995896219652,0.0905993843385365,0.1235966123366397,0.1016896151781281
0.069276330693025,0.1192914856835989,0.077180477316034,0.1097962218236016,0.1074144848882845,0.1029235673590117,0.0947119783972566,0.0914210179342879,0.1266251169523724,0.1013593189353926
0.0674716427611375,0.1222836150815318,0.0772332345706175,0.1083562241326386,0.1060482769321775,0.1022995470791866,0.094407164687045,0.0923757134886078,0.1283130624141857,0.1012115188358262
0.0654274772163482,0.1265977171677376,0.0768110612087615,0.1062145183344248,0.1041538758828747,0.101770094725358,0.0939299362160893,0.0936418253532924,0.1307941385423116,0.1006593553359198
0.0634423082371183,0.1315309939642915,0.0762413769240625,0.1039933677323279,0.1020383935200762,0.1013736532347814,0.0932039007567123,0.0944733072251105,0.1338879261946594,0.0998147721941889
0.0618441256844813,0.1353778032002219,0.0762069205786399,0.10205979680497,0.1003806243966027,0.1008686173407297,0.0929413968712346,0.0956313904149484,0.1353043050696407,0.0993850196219842
0.0602227063808687,0.1389056235446122,0.0761146758098086,0.1003903888595631,0.0989944649840334,0.1003306332450015,0.092744519960433,0.0969029487788211,0.1364189008953347,0.098975137525093
0.0587313887538163,0.1418147637421189,0.0761016812742568,0.0989831461020666,0.0977776910520781,0.0997022147569148,0.0927796774422072,0.0981452011057576,0.1372250597414595,0.0987391760129734
