0.0292128377680679,0.0473150999464155,0.0446958123673069,0.0759424822299673,0.0861995004593205,0.0521559380307217,0.0608137700805291,0.0493981586923081,0.5364619686745852,0.0178044317414262
0.0297256723616961,0.0471592697180494,0.0437330446809756,0.0748496444672253,0.0850829302985007,0.0519918546730929,0.0609570164135307,0.0488104718669715,0.5399876224828043,0.0177024730278764
0.0301928907374572,0.0465652907653537,0.0444268173036359,0.0754746780970282,0.0850734614451487,0.0522120415679545,0.0612097256249378,0.0481722843789057,0.5390081847459732,0.0176646253243315
0.0307064998822807,0.0462363154685855,0.0462132667399418,0.0789663834107258,0.0874714176584772,0.0546278212942405,0.0630802317039215,0.0487369114322822,0.526212189775771,0.0177489626242209
0.0307515987542607,0.0444688304706749,0.0487098703091891,0.0819233582985685,0.0895771192153715,0.0562091592497355,0.0654914655002201,0.0493299424740372,0.5153950641174081,0.018143591600733
0.0301417836389852,0.0421928469563269,0.0503990120625756,0.0844238459683894,0.0917932932289895,0.0581834429959191,0.0675523034316799,0.0506320480146996,0.5059033397808494,0.018778083911557
0.0297590477692755,0.0403145433939323,0.0515939732483519,0.0871595508811081,0.0939058423481712,0.0601110901451213,0.0692460581497392,0.0515619484189779,0.4968719412662204,0.0194760043688303
0.0293869518658811,0.038937275230033,0.0524373795764311,0.0880935281269532,0.0951211925778568,0.0600180794693917,0.0703025363287775,0.0522097595629817,0.493579872276034,0.0199134249752329
0.0295630933429278,0.0396087534388223,0.0530472552368909,0.0875461181759696,0.0952950511154737,0.0587562185335027,0.0706582947904483,0.0525154956865725,0.4927006025598038,0.0203091171090586
0.0301224706017548,0.0417765665424575,0.0536401649837582,0.0863034206334844,0.0946091668012001,0.0568276132396143,0.0705073015366291,0.0528164237284146,0.4929253999843839,0.0204714719377498
0.0312459457038053,0.0442327797523233,0.0548102770235636,0.085726887159708,0.0941637358543543,0.0550250261420385,0.0700194120680251,0.0528576539493859,0.4910764738772106,0.0208418084590027
0.0325812428575363,0.0466886542138213,0.0565413611739289,0.086047385772213,0.0943496506931239,0.0539510480607901,0.0700952851076074,0.0533880134353658,0.4852921018755178,0.0210652567994453
0.0342187959014528,0.0489628359059388,0.0584667079900392,0.0863573400698229,0.0945734556154918,0.0528136052427842,0.0703127826111437,0.0538378676481627,0.4791632408528236,0.0212933681516295
0.0363832476910047,0.0514724594386902,0.0615556551833106,0.0876765293079788,0.0953064186207906,0.052465683369527,0.0711365863705767,0.054529363188292,0.468046461862538,0.021427594956441
0.0383034434824218,0.0537826192979041,0.0646786160540327,0.0891798390436472,0.0962262027576682,0.0524748515464774,0.0720808888030691,0.0553106525901924,0.4562829829967079,0.0216799034168714
0.0398669529856831,0.055241678324712,0.0680455119344833,0.0910957841334134,0.0969930815909206,0.0528386578968001,0.0732294197683128,0.0562614393045923,0.4443840171614374,0.0220434568884512
0.0409317999037706,0.0558548515396857,0.0712005905311494,0.0926917827664188,0.098514540844757,0.0530971374727697,0.0743845711760566,0.0567191289164839,0.4338222656166521,0.0227833312208805
0.0414706287951332,0.0557860027225094,0.0742096817719082,0.0944342956273446,0.0999091140011763,0.0537378848844432,0.0757729467930648,0.0568752686603964,0.4238642352340325,0.0239399414984414
0.0417041814303922,0.0558557918694794,0.0769443161898916,0.0957311479924913,0.1014002711743561,0.0543710609966087,0.0764855877222562,0.0567813753311559,0.4150983410154489,0.0256279262662189
0.0416993382771364,0.0560809933012195,0.0792684339180847,0.0971018655902082,0.1026778485858636,0.0549514384997787,0.0773583562466259,0.0567456688911952,0.4069393063479202,0.027176750330133
0.0417652069292845,0.0562394126125789,0.0812072852528842,0.0980248600120919,0.1039338042469196,0.0547775321995927,0.0777119751385168,0.0564373239506338,0.4012429810048269,0.0286596186407316
0.041702719814232,0.0563767975039464,0.0825745145441913,0.0987973583170421,0.1050111359443072,0.0544310093193402,0.0780089785709904,0.0564363890895526,0.3970262952170556,0.0296348016673239
0.0417542783072204,0.0565974307303119,0.0835696534716078,0.0993014314836801,0.1056753813498898,0.0539023157924208,0.0780029329551386,0.0567079902820315,0.3940181435384206,0.0304704420772171
0.0418574208835854,0.056884504194097,0.0843299874555908,0.0994896445914777,0.1060332871304626,0.053297079669952,0.077055127093972,0.0568895320806677,0.3929276413359558,0.0312357755521561
0.0424833039175759,0.0573362183548875,0.0856232421400597,0.0995555944696196,0.1064776371579971,0.0526486651369547,0.0763200686243698,0.056879317054173,0.3907158340720316,0.031960119060192
0.0431233890414978,0.0579875829844597,0.0860264162792755,0.0991976592062134,0.1063094859581958,0.0517208848416329,0.0751697040095914,0.0567960240328154,0.391352066212332,0.0323167874218715
0.0437139539658761,0.0580425196109448,0.0855585224525002,0.0985269356629856,0.1056893390277473,0.0502748087726511,0.0740397509875082,0.0569783053984409,0.3947282509148346,0.0324476131944898
0.0440201572161756,0.0566563430189256,0.0839631501984868,0.0968178287934309,0.1038546670113668,0.048827649487519,0.0722059956553029,0.0574864898306674,0.4039467846449123,0.0322209341313799
0.0444900103831917,0.0555685718565439,0.0828679639780347,0.0953689486779724,0.1022876778171587,0.0476284910109415,0.0707595844929798,0.0581341916229612,0.410705479803976,0.0321890803445464
0.0444672637283213,0.0540847566580835,0.08082219227143,0.0934602410138167,0.1001722475102405,0.0466764555663538,0.0690450365929434,0.0591227738911254,0.4203667593063467,0.031782273449881
0.0442529083157561,0.0526625425779616,0.07876522263235,0.0915556818777208,0.0980219451401009,0.046237046195237,0.0675209321216464,0.0605840956348386,0.4289662058100592,0.0314334196831129
0.0437885812824457,0.0513011681412461,0.0766071765493632,0.0894648436919684,0.0955909619502454,0.0463600116716763,0.0661134927660183,0.0620623223513927,0.4377523895962322,0.0309590519884549
0.0436067826214018,0.0502343936761393,0.0749518089689154,0.0875204957296782,0.0933441746634813,0.0464162990120955,0.0648687011638438,0.0635881082835275,0.4447236935207367,0.0307455423494283
0.043390244276006,0.0492989148812733,0.0733153683209401,0.0854727877412228,0.0910538451968205,0.0469296965665862,0.0637831800665023,0.0651904816184847,0.4509945620065782,0.030570919315037
0.043154320567207,0.0484524571192754,0.0717055377581786,0.0832341140008509,0.0886960451721285,0.0476021095418098,0.0627960134612018,0.0669947544077346,0.4569904581918649,0.0303741897694023
0.0427452238102061,0.0476984518041862,0.0700708873846509,0.081172078326458,0.086413702863734,0.0482837755432543,0.0616641830658748,0.0688578336936613,0.4629817620617303,0.0301121014361122
0.0420239329776964,0.0470349489345297,0.067974289542007,0.0781581254353034,0.0832942649413968,0.0492161012820868,0.0603843369417367,0.0704800448007924,0.4718077916952509,0.029626163439351
0.0412864792597213,0.0466042426936096,0.0660130785551796,0.0752250701665005,0.0802475684490277,0.0504071356474706,0.0592514443846885,0.0720969186868297,0.4797166210636519,0.0291514410837485
0.0404771622076368,0.04654464065255,0.0638224812306209,0.0721571895191756,0.0769822177106421,0.0516617046599321,0.0582499788342877,0.0735264416813204,0.4881540564518671,0.0284241270427017
0.0396812682100246,0.0465887337121958,0.0613888146215893,0.0689589453547326,0.0736085009398188,0.0530016845508775,0.0573660401807984,0.0750718647960593,0.4966871315097499,0.0276470161152133
0.0392812558664972,0.046768790412549,0.0595973395605737,0.0666088160800117,0.0711377588347658,0.0542583161703534,0.0568450065974106,0.076451018329553,0.5019172859088524,0.0271344122307307
0.0388957174816426,0.0469589346150549,0.0577339758733916,0.0643987035187194,0.0687858952681708,0.0556676109469082,0.0562003530283372,0.077969855158427,0.5066872685780691,0.0267016855228048
0.0384485715537752,0.0471707895994699,0.0559533842965504,0.0625036772166933,0.0667801558623862,0.0571681505820158,0.0556460552318314,0.0792785069037855,0.5106041983046927,0.026446510440526
0.0379320439468195,0.0474394168279862,0.0542511829339244,0.0607682761306863,0.0649516744303452,0.0590393952808109,0.0553519224031536,0.0808882522242445,0.5132692435461192,0.0261085922678063
0.037441273783554,0.0476576630614611,0.0528047417576372,0.0593591035693093,0.0634933498756537,0.0607564993699659,0.0552475552806257,0.0823632630353374,0.515156675555374,0.0257198747031071
0.036991649477059,0.0478125058938601,0.051575524495746,0.0581868985972332,0.0622822199775163,0.0623251725035365,0.055354727441726,0.0839128750106829,0.5161660114244592,0.0253924151703026
0.0365443746982633,0.0479084947454196,0.0504143585177015,0.0571486557607337,0.0611834955107427,0.0638909829117581,0.0554453454896789,0.085238303774765,0.5171670266881353,0.0250589618950161
0.0360277349070414,0.0478374376072259,0.0491450436265743,0.0559142419209907,0.0599278673877792,0.0657807269970546,0.0555581733572789,0.0863766360354952,0.5187684581758553,0.0246636799770311
0.0354387729994038,0.0474774347677649,0.0478868584504805,0.0547413246972871,0.0586388363119196,0.067719890476405,0.0557038616616215,0.0874696123704033,0.520699705178502,0.0242237030786606
0.0346581051590692,0.0468269044568853,0.0466765746924752,0.0535267293693711,0.0572872780339275,0.0696806916521415,0.0558457539208654,0.0883725583641675,0.5233217961949709,0.0238036081487093
0.0339161406887631,0.0462509886106332,0.0456690812221111,0.0526248975131027,0.0562587016715584,0.0712526299639869,0.0560373845363886,0.0892961263295861,0.5252255302973156,0.0234685191592405
0.0331002111089334,0.0456561282452514,0.044719126866962,0.051776218203912,0.0552842472661308,0.0727501686735754,0.0561742393482619,0.0901931271658562,0.5272036552600939,0.023142877853805
0.0322414648437085,0.0448347100562579,0.0437207074896142,0.0507721473762926,0.0541502756103622,0.0742124362749669,0.0561548616332735,0.091091204627602,0.5300870502964479,0.0227351417843658
0.0314517896426004,0.0440261343131312,0.0428334859474216,0.0498484579770134,0.0531071933091988,0.0755735488823892,0.0561526629082124,0.0918289143218406,0.5328131022637346,0.0223647104274513
0.0307947296933423,0.0432908968820521,0.0421100715637635,0.0489319237472579,0.0521123175835212,0.0767943922374477,0.0562714051549714,0.0925347352180895,0.5350892588958424,0.0220702690167953
0.0301884681453709,0.0424855103904294,0.0414508837054969,0.0479798213081657,0.0510760923489659,0.0780060399158503,0.0564986955022737,0.0932044639305168,0.5373243826751655,0.0217856420709421
0.0297266595509401,0.0418551806090258,0.0409487349881199,0.0472315575104849,0.0502247316936055,0.0793297752278618,0.0568319938280445,0.0935132067022957,0.538732176087947,0.0216059837949257
0.0293449545537187,0.0412853613286727,0.0405221955880179,0.0464562384069188,0.0493570672806563,0.0806210080878225,0.0572019455897907,0.0939703127985357,0.5397765568471479,0.0214643595120413
0.0289751668501476,0.0406489731431276,0.040140690414156,0.045653348283054,0.048422681175941,0.0818190689133436,0.0575094441661635,0.0945285621620666,0.5410427314201983,0.0212593334652058
0.0287132086203134,0.0401602052242524,0.0398622236618641,0.0449452228533523,0.0476263044935746,0.0830873756604003,0.0579337452303994,0.0948546871893406,0.5416658669749495,0.0211511600850224
0.0284863577630114,0.0397498581510725,0.039638646225105,0.0439799293477695,0.0464977444454358,0.0847368410653441,0.0583811071012275,0.0956940674082201,0.5416525093209907,0.0211829391653735
0.0282442177233204,0.0394151877461163,0.0394276216617422,0.043073678864659,0.0454181565643877,0.0863068911212231,0.0587672885907782,0.0965820321461085,0.5414810183859853,0.0212839071893026
0.0280897052311675,0.039217141297173,0.0392192226269956,0.0422595887107425,0.0444752936894739,0.0877239200760599,0.0588903489444444,0.0973879380349018,0.5412575195137138,0.0214793218690071
0.028058033488523,0.0390216367777288,0.0390313324468789,0.041488756231929,0.0436172500271467,0.0889908027317943,0.0589983816888348,0.0981230516650013,0.5409961768843895,0.0216745780515042
0.0280615485234877,0.0388638761751202,0.0387314832529592,0.0406838997427339,0.0427331739687871,0.0902359006102867,0.0589992719934729,0.0986822335940276,0.5411981330258391,0.0218104791070757
0.028257145262739,0.0387018651521877,0.0384995540610507,0.039987352973613,0.0419547958088977,0.0911871156322578,0.058888682780291,0.0991490574522696,0.5413711466170733,0.0220032842534553
0.0285854612157813,0.0385208942798974,0.0383130354948576,0.0393143817931056,0.0412300371446828,0.0920540771194873,0.0587903287000178,0.0995670092712917,0.541444419368367,0.022180355606388
0.0289206867248314,0.0383506644520459,0.0381073189173557,0.038689975556157,0.0404801896613687,0.0931019014290392,0.0586554936123787,0.1000067170563403,0.541333586558405,0.0223534660259955
0.0293766378123113,0.0380804943841694,0.0379477133302515,0.0382435419658918,0.039856208497085,0.0940473222356896,0.0585326883818026,0.1002849550342576,0.5410547350048456,0.0225757033476435
0.0298639178346168,0.0377640889623295,0.0377627473501932,0.0379223338280572,0.0393614458184771,0.0949511607784794,0.0584035926865852,0.1004608549774943,0.5406894239400215,0.0228204338177169
0.0304932709001238,0.0377221714433072,0.037547819920804,0.0376372368774013,0.0389615787147912,0.095590108318678,0.0582226063227995,0.1007029071663999,0.5399928421844956,0.0231294581451811
0.0311002197622422,0.037738448973683,0.0372492471464081,0.0372419334500953,0.0384752084672839,0.0962398478369952,0.0580520384732384,0.1010311344939796,0.5394415821661769,0.0234303392238897
0.0316557511418751,0.0378170101867801,0.0369174567966803,0.0369090569032938,0.0380288228426028,0.0969008456311307,0.0579037947027858,0.1013111228714698,0.5388112601564572,0.0237448787609207
0.0320719409213804,0.0377483674484388,0.0364307550398027,0.0364932490101248,0.0375764778786423,0.0974848661731193,0.057698644589999,0.1014828669624975,0.5389392921267131,0.0240735398432905
0.0324430452383365,0.0376403084488781,0.0358982560372395,0.0360762370703071,0.0371738011086613,0.0980529608955088,0.0575844730218888,0.1015983642842322,0.5391097826766768,0.0244227712122915
0.0328983054234689,0.0377887488381875,0.0353042018605066,0.0356736642981886,0.0368832200346023,0.0983752192414108,0.0573371856856298,0.101570368913642,0.5393666292065815,0.0248024564918142
0.0333889060178565,0.0382125298360712,0.0347045781978221,0.0353628044076304,0.0365453289553958,0.0985957354402557,0.0570499786949534,0.1015880510452614,0.5393416453639883,0.0252104420348045
0.0338749284795887,0.0388900296905942,0.0340666596982354,0.0349726810864125,0.0361928405809968,0.0986991896830962,0.0567166521042945,0.1016781490865669,0.5392777635382486,0.0256311060460091
0.0343780433568118,0.0397385249130515,0.0334275074989554,0.0346400250022764,0.0358046288884271,0.098731489337356,0.056428381244387,0.1018063125618173,0.5390441598740051,0.0260009273169545
0.0349751426992225,0.0408258274084976,0.0328204136922986,0.0342383869464879,0.0353921878784312,0.0986748755025592,0.0561011676559017,0.1018635121332588,0.5388857419818781,0.0262227440955031
0.0356159569460851,0.0422516632677769,0.0322272934244916,0.0339084325702903,0.034976490635864,0.0987227186455533,0.0558097685695742,0.1019953751720626,0.5380692213071165,0.026423079455219
0.0362615000560594,0.0439053933550145,0.031713353969127,0.0335518604194835,0.0345192351520185,0.0987854527986827,0.0555569678986166,0.102074355941081,0.5369800555224596,0.0266518248814848
0.0368733694861858,0.0455463955059497,0.0312153379322928,0.0331663173795666,0.0340571494711373,0.0989410709582531,0.0554000407807779,0.1021736831653992,0.535710143423478,0.0269164918909791
0.0374130575636627,0.0468108304702672,0.0307903218937624,0.0328800616511845,0.033656604571824,0.0991972274036159,0.0553890907984325,0.1022690018217807,0.5344469115750979,0.0271468922443785
0.0378100749858244,0.0478820580645442,0.0303244310052475,0.0326739065848729,0.0333006634560299,0.099514691830811,0.0553553785618574,0.1023898154586952,0.5333797511799492,0.0273692288661649
0.0381489918149697,0.048650924809762,0.0300052898846365,0.0324119580007158,0.0329593904094528,0.1000354286483912,0.0554259454017959,0.1026082702568112,0.5321042325399274,0.0276495682275137
0.0384417544140143,0.0493501986368356,0.0298238856353443,0.0321711862832839,0.0326358636193786,0.1007327597145283,0.0554988043308823,0.1028531763236667,0.5305263927873423,0.0279659782486705
0.0387436427421379,0.0501861790858596,0.0298214139391647,0.0319957215261876,0.032457815477282,0.1016481396971711,0.0557557412106199,0.1031566192138881,0.527871810142511,0.028362916959081
0.0389324182355654,0.050755879596917,0.029812588232598,0.0318660917620012,0.0323201432998718,0.1026820211413844,0.0560442138386283,0.1035364203425476,0.5254548834331203,0.0285953401112297
0.0391728356403647,0.0513506234425055,0.0300032164656642,0.0316777077075101,0.032165674779757,0.1039073022054673,0.0565901434658648,0.1041292556024596,0.5220851377345713,0.0289181029496465
0.0394157255393873,0.051927559086093,0.0303381676966216,0.0314455097176869,0.0320042760048536,0.1052669423098963,0.0573504390364136,0.1049547905108018,0.5181006429241594,0.029195947167847
0.0397044197923117,0.0525008526514339,0.0307437660402063,0.0312555991306053,0.0318735466477503,0.1067793129214493,0.058340874203128,0.1062555726557665,0.5130447059315693,0.0295013500194904
0.039960894849698,0.0530531614221406,0.0311612255830569,0.0311745216112975,0.0318509153126328,0.1082074260750266,0.0593164916073682,0.1073621119874404,0.5081772227727743,0.0297360287722305
0.0402997021393844,0.0537104765229819,0.0316727612014487,0.0311545233356982,0.0318854600071991,0.1093500337487283,0.0600602226214775,0.1081516670712781,0.5037291459432094,0.0299860074022043
0.0407335195792821,0.0543986899360742,0.0323219350947814,0.0312367992181144,0.0319175069945423,0.1102343517498862,0.0606906262369536,0.1086624865527895,0.4995656221681988,0.0302384624629194
0.0412310205119678,0.0550897520188731,0.0329516017743333,0.0313132560104207,0.0319524698425251,0.1112026174219884,0.0615182104545875,0.1092574811126774,0.4949799159152907,0.0305036749308036
0.041876183540841,0.055804521106591,0.0337437047940246,0.0317164881082629,0.0322268447550649,0.1123098278722088,0.0625264088059263,0.1101757219256742,0.4887843550994273,0.0308359439853489
0.0425959999481755,0.0564929833124612,0.034618761558881,0.0322248128917349,0.0325333105421809,0.11324447828658,0.063476735832328,0.1110164840209195,0.4826099109223829,0.0311865226776152
0.0434453789412093,0.0570683052245486,0.0356953572325161,0.0328488969352231,0.0329676268363392,0.1144355055260815,0.0646239491642584,0.1121009813624197,0.4751528944088392,0.0316611043616944
0.044487645618352,0.0576566878824332,0.0371356485106924,0.0335663719190892,0.0335195130546987,0.1155770816610397,0.0657362412041737,0.1130124789107429,0.4670585462954559,0.0322497849362931
0.0454108470819849,0.0581155901010545,0.0385362642524961,0.0341391262650557,0.0339281807380977,0.1165620352491648,0.0666504227214691,0.1138919608795015,0.4599845675268781,0.0327810051771257
0.0463857369594645,0.0586076742375507,0.0401444327956315,0.0347695413264043,0.0344229408969607,0.1174271670295455,0.067677089056911,0.1146237311329332,0.4526159982512491,0.0333256883060208
0.0474071933117351,0.0591520333981597,0.0417217979221101,0.0354156729875092,0.0348839053685882,0.1181031784105858,0.0685962664120313,0.11518847987994,0.4456756430503099,0.0338558292515335
0.0483477209152205,0.0597109807464876,0.0431606312084215,0.0361803752577933,0.0354077833456709,0.1184019077701671,0.0693914014318923,0.1152601616034256,0.4396730628228269,0.0344659748904229
0.049216412632448,0.0602366197594604,0.0444778920655789,0.0369655705482445,0.0359675830897238,0.1185580583399208,0.0700404325905338,0.1152510547465493,0.4340725169347726,0.0352138592849318
0.0499971792830677,0.060768729586234,0.0455188820555366,0.0380998880799879,0.036992151888294,0.1185312075305562,0.070327424939842,0.114751945060036,0.4290236031877829,0.0359889883806768
0.0507267936967328,0.0612188852854161,0.0464243795121074,0.0393547636931158,0.0381106985747128,0.1184394259061944,0.0706424102530167,0.1144560669787118,0.4236331235780733,0.0369934525137759
0.0516283888052163,0.0618901397807942,0.0474125102079165,0.0410404696752394,0.0396069570448923,0.1180192594910935,0.0709424854262222,0.11442784263159,0.4168189469687319,0.0382129999599787
0.0529137084567117,0.0628742322712814,0.048480579819052,0.0433596975413312,0.0419399159796759,0.1172368293451202,0.0710508185818565,0.1138316940892551,0.4085574996228146,0.0397550242843831
0.0548634375339634,0.0643307905201891,0.0496995786100922,0.0460808964242644,0.0447302264953562,0.1162388238718038,0.0711353566073969,0.1132368969170126,0.3981110696284564,0.0415729233827297
0.0571073081270078,0.0656858926732811,0.0510617631062498,0.0489147899172701,0.047849334536654,0.1152034272088818,0.0710936472491258,0.1121427014479481,0.3875040314648501,0.0434371042598106
0.0596051636273401,0.0669716053823823,0.052763783859908,0.0518046146932915,0.0511953248861078,0.1142988398094457,0.0711585703345693,0.1109167090343605,0.3761062603806561,0.0451791279828281
0.0627339375524124,0.0685975181901932,0.0551262436098779,0.0550156714153029,0.0550130348140823,0.1133223672531267,0.0714914129745295,0.10967106449455,0.3619145679836362,0.0471141817029672
0.0660432840060781,0.0703534371460797,0.0576949341993272,0.0583373559568548,0.058977363771893,0.1122250992473621,0.0718218994477259,0.1085159609994387,0.3469101320192948,0.049120533196406
0.0694680414312157,0.0721496135453721,0.0604863853774566,0.0617840709409676,0.0629934843524119,0.111128011927639,0.0719659471104064,0.1073235806588008,0.3317006669522143,0.0510001976937603
0.0732254475589933,0.0741148080491288,0.0637748151798604,0.0658224022070107,0.0677746746549236,0.1098848920692586,0.0717688162204606,0.1059897343382016,0.3147493078352757,0.0528951018769001
0.0768030764324915,0.0758391041682489,0.0670898006318436,0.0696712373007905,0.0726094360353187,0.1081664824403253,0.0713390655340293,0.1050501786472365,0.2986949336204523,0.0547366851790683
0.0801133304508339,0.0774015290405258,0.0702025939663651,0.0740032287686076,0.077926169224104,0.1063410459460342,0.0709648346885562,0.1038213247368476,0.2825724229509815,0.0566535202167197
0.0834986206842637,0.0792479369275252,0.0732285712219732,0.0788411251009147,0.0836281466201557,0.1047583263961409,0.0707986659721527,0.1024947151136482,0.2648472771989765,0.0586566147535305
0.0867270652575678,0.0809192966096623,0.0760904233740302,0.0836176819424524,0.0892033141014723,0.1028972441579635,0.0703909306168343,0.101498132523804,0.2481431736332195,0.0605127377719933
0.0900610378182149,0.0823745497641181,0.0790523747766039,0.0881242938978301,0.0947958780002323,0.1005654634346161,0.0697232655109252,0.1002332768121791,0.2326316179046529,0.0624382420693779
0.0934834450542525,0.083742324257159,0.0824021216165095,0.0926777333534118,0.1004080573426141,0.0981667659891129,0.0691874323638159,0.0987709097527124,0.2170955202484617,0.0640656900104551
0.0966465261418118,0.0848302484055741,0.085889432191608,0.0969024212081206,0.1057368998394792,0.095706467817914,0.0689869395869492,0.0973094228216463,0.2024508580776167,0.0655407838975917
0.0994439729816647,0.0859456228664835,0.0894066899470606,0.1006445210912992,0.1105683932815848,0.0930928330562495,0.0686671709338616,0.0957080810028676,0.1897848569764413,0.0667378578506445
0.1025195931851114,0.0873409552044468,0.0934181912239445,0.1044998158016629,0.1156143357816104,0.090313776262258,0.0683614147840006,0.0941981870202611,0.1751260754809023,0.0686076552437853
0.1049997841520259,0.0887367291684666,0.0973954972489064,0.1077885102094159,0.1198446511551752,0.0879379843856764,0.0681163883522629,0.0927314924154281,0.1621622841902339,0.0702866787102698
0.1071009309133812,0.0903421173869728,0.1011679698893091,0.1107061225512611,0.1235848826396789,0.0856479852476208,0.0678606830455701,0.0912285660297843,0.1499533083528081,0.0724074339313619
0.108785286042116,0.0917518982346535,0.105023132405922,0.1140473428413258,0.1279290484834348,0.0834664007623301,0.0676578656579998,0.0897825555078249,0.1374171658628784,0.0741393041891275
0.1097325111856176,0.0927843580446864,0.1085859642562863,0.1170043448405718,0.1318417395052776,0.0817415065868057,0.0675381472517424,0.0890035868568009,0.1261360775292467,0.0756317639304663
0.1101448277353747,0.0934526833674051,0.111579861605752,0.1200186666277614,0.1358048620466716,0.0804366120601365,0.0676518517108265,0.0886506377676743,0.1154463694829669,0.0768136275828193
0.1097805158033641,0.0932050843575329,0.1138814283076293,0.1223794280456547,0.1390848282069725,0.0797869436631176,0.0680228087520979,0.0883974261783058,0.1076644130358253,0.0777971236368183
0.1093010386329595,0.0930532824336633,0.1155168842641512,0.1250776952616675,0.1428037416117077,0.0789560915410854,0.0683466820777276,0.0878646236377459,0.1006973232089833,0.078382637317558
0.1084765429639059,0.0924870616106222,0.1169051730842557,0.1273891272509173,0.1459786115238511,0.0781825170149085,0.0686869070182299,0.0874764696878195,0.09523862150959,0.0791789683231018
0.1075818415357366,0.0921268182588614,0.1183847490924192,0.1295621973755826,0.1488532572664819,0.077446295807371,0.0690641431345061,0.0872011322801703,0.0894348937197133,0.0803446715162966
0.1066845134807539,0.0918785814760241,0.1194050050497925,0.1314672811091067,0.1514211361254587,0.0767731060205606,0.0691909141603328,0.0870602328285311,0.0843640364739498,0.0817551932625711
0.1056113871248775,0.0912465282113296,0.1198400582059806,0.1331841106226906,0.1537795080346823,0.0765252436729921,0.0695237208526688,0.0870272954095135,0.0799049627968296,0.0833571850554887
0.1044633974667392,0.0900755279879694,0.1199494616050036,0.1343582590364869,0.1554220072883116,0.0766180752512275,0.0699257923723049,0.0870474816928902,0.0769489215057608,0.0851910757803578
0.1036586649724049,0.088685660891729,0.1198450162182824,0.1354913032894834,0.1568114435511184,0.0768307748837395,0.0703863752318162,0.0870602543889974,0.0746148112667465,0.0866156952927534
0.1031959420374398,0.0873580156699982,0.1194827931909712,0.1364248560020214,0.1580083736762106,0.077150397803064,0.070826800743848,0.0869638655632363,0.0729974445774723,0.0875915107228535
0.1025076429550906,0.0851676338039065,0.1190506910950388,0.1373398767471575,0.158965411048157,0.0777631337168472,0.0713498323449173,0.0870412923229193,0.0717172659478868,0.089097220005243
0.1012994290167839,0.0817262446896442,0.1186822878439031,0.1379930392839837,0.1597694596309667,0.0784428162476951,0.0720096327209132,0.0872113287992457,0.0714062803574413,0.09145948139663
0.1000830395891283,0.0776975406299147,0.1183997578206658,0.1385999700006627,0.1605831366866286,0.0791018857364932,0.0724492536740887,0.0874244623281454,0.071387648523134,0.0942733049983747
0.0987569325415692,0.07357389475957,0.1183046147749512,0.139215468056562,0.1613226616182392,0.0795974719091586,0.0728441291405863,0.0874853330107674,0.0713975061149178,0.097501988060932
0.0978159277008704,0.0704321065996982,0.1179238630391387,0.139660354633356,0.1619031000267728,0.0799870911623462,0.0732838484087874,0.0876615962118726,0.0712274909343322,0.1001046212701051
0.0969293746882562,0.0678585165784352,0.117465316617455,0.1399736590781213,0.1623096764437891,0.0802623075939521,0.0737892273859563,0.0878135826438692,0.0714787803897331,0.1021195585677395
0.0957849296424662,0.0654509607165697,0.1172413379267504,0.1401223668688423,0.1625400688618115,0.0802920624056363,0.0742625343806218,0.0879380961305274,0.0719807134377188,0.1043869296163911
0.0946090510366524,0.0633354682838876,0.1173326282847049,0.1399307233076133,0.1625028571117486,0.0803915253988026,0.0746868038516026,0.0879792910524713,0.0721136225017572,0.1071180291581279
0.0935001956109436,0.0617037799012962,0.1174280147618682,0.1396963725521049,0.1623256787776722,0.0805110771420215,0.0750573492368046,0.0878860777569525,0.0722964071140488,0.1095950471336951
0.0925137705881422,0.0606341663189275,0.1179601674546001,0.1392844922354672,0.1619047403279714,0.0801280111245748,0.0752336683308718,0.0874873680136581,0.0727308164383521,0.1121227991548848
0.0917621469169749,0.05978472572737,0.1191984372920279,0.1387619512993159,0.1612736744636722,0.079371982939474,0.0749332432224922,0.0866095445187091,0.0731750868232809,0.1151292067841779
0.0913181467969464,0.0591645311936982,0.1207353660329426,0.138505746313828,0.1609209530046023,0.0781317936527513,0.0741991008333549,0.0849871323923308,0.0738624659533738,0.1181747638136809
0.0912904659996352,0.058666105480149,0.1231517840780142,0.138410441341254,0.1608835696088861,0.0762055502764632,0.0728282260466911,0.082217265113694,0.0748585108796301,0.1214880811630746
0.0912413073195187,0.058119852765782,0.1258772888484538,0.1380713870944442,0.1606727885759511,0.0743910365658994,0.0713770692299765,0.0795575760311106,0.076174379634517,0.1245173139218274
0.0910675038061662,0.0573874384790441,0.1285223735081509,0.1374590610697077,0.1600298557544857,0.0729683125591242,0.0702634433475864,0.0774678540995022,0.0774240093614784,0.1274101480022518
0.0907409895987995,0.0567258895607319,0.1309935408325427,0.1364983488460691,0.1591598946669729,0.0720155972629686,0.0693254487002227,0.0758041837237776,0.0783496162318126,0.1303864905636458
0.0903150479607319,0.0565066605864276,0.1332638002418847,0.1356551809732081,0.1584190097383535,0.0710618331703692,0.0682788983981657,0.0740055259725969,0.0794844630767103,0.1330095798691221
0.0900102659073413,0.0567326144958691,0.1353674781692455,0.134931820186248,0.1579050147738742,0.0699413804163115,0.0670211477319191,0.0719190393384705,0.080394931974726,0.1357763069935719
0.0895921157892513,0.0574866854057683,0.1366746283576653,0.1340949202653399,0.1574574926409558,0.0690473552036091,0.0659238478590053,0.0700441997823001,0.0814162411370353,0.1382625135466604
0.0891909636670196,0.0594912812402796,0.1372371790642299,0.133434245136388,0.1572145167232854,0.0678973296590803,0.0646614437190209,0.0679791226177552,0.0825206819307314,0.1403732362297962
0.0885596788069193,0.062049428213179,0.1371444258091344,0.1327408536921671,0.1568808986658195,0.0670451103383975,0.0636003119784888,0.0662925525693295,0.0835810452036338,0.1421056947105281
0.087939935547142,0.0644297159160948,0.1372799489773303,0.1321739326382481,0.1566730349662811,0.0661876297494739,0.062781792228419,0.0646100792456018,0.0843172337966444,0.1436066969223608
0.0873171365093684,0.0679497865004329,0.136885027016769,0.1315271003022226,0.1562703561383375,0.0654035260235375,0.0619967477068369,0.0630490427377994,0.0851356152984601,0.1444656617538399
0.0866918963844226,0.0702688125322541,0.1371400085106631,0.1306879167379976,0.1557432970150229,0.0648359818739375,0.0614777773389415,0.0620765490223696,0.0857188927445525,0.1453588678274648
0.0862799687837365,0.0724388406623418,0.1379539647014483,0.1296270342402132,0.1550519587237095,0.0643405424198289,0.0609582195949595,0.0614732374734363,0.0859338749998285,0.1459423583881628
0.0859458049494302,0.073431957811189,0.1398755985504929,0.1285004381509387,0.154264965389317,0.0639770573918511,0.0604696648051927,0.060921328257733,0.0861000087942054,0.1465131758873542
0.0857238512354978,0.0741900541571023,0.1426524057205676,0.1268363292304252,0.1527361554512294,0.0637749022204555,0.0602577381612078,0.0607325913906467,0.0860359624553884,0.1470600099652185
0.0855188335945111,0.0760471995087656,0.1454496000787296,0.1249580148851967,0.1510347851849002,0.0635682279638682,0.0600393127250826,0.0603732586228463,0.0859949954324981,0.1470157719913768
0.0852189612030714,0.0776909506632774,0.1487950454290143,0.1228753798739356,0.1491806434889933,0.0635664536396211,0.0598659545890726,0.0598425963953731,0.0860597567919314,0.1469042579135123
0.0847399976279025,0.0786052720519985,0.1532845187821106,0.120259482172537,0.1466782504624917,0.0639424849973525,0.0599500303646236,0.0599565595438387,0.085976693733063,0.1466067102518876
0.0839894368404016,0.0789335595532011,0.1584431292348531,0.1174765449044588,0.1440038946235051,0.0644885174711083,0.0601237238678093,0.0601192329866554,0.0862224900600647,0.1461994704457374
0.0830992967287032,0.0791891319733176,0.1639327333620507,0.1146344807843549,0.141056606905644,0.06501689913528,0.06040709078541,0.0605932676275122,0.0863231684491816,0.1457473242363048
0.0820651058026234,0.0802080620888447,0.1687282930592656,0.1118988185154591,0.1380535898119472,0.0652205218737434,0.0606752325691344,0.0611955947900813,0.0864017546203794,0.145553026856231
0.0807137066186603,0.0813103449212647,0.1734519401716041,0.1094114118923117,0.1351811398370192,0.0653551808650635,0.0608736054467433,0.0615513906731793,0.0865896959699977,0.1455615835917874
0.0794151035762485,0.0819926742617005,0.1784211476392623,0.1068809051783612,0.1322306777827398,0.0656405517288484,0.0612151098105168,0.0617518320227853,0.0868054258468304,0.1456465721402631
0.0777660839314546,0.0833147726616117,0.1826546828748215,0.1044837014476762,0.1294696267389584,0.0659886604604882,0.0616700751092895,0.0618834413036064,0.0869521540263841,0.145816801433188
0.0758908237664754,0.0851487150704687,0.1864451616512999,0.1017653436737732,0.1262268716188704,0.0664086402211099,0.0626087702069441,0.062053214680375,0.0872228299040552,0.1462296291940131
0.0740648298521269,0.0873803948588077,0.1899727142786498,0.0990351467811799,0.1227456673170757,0.0669377730612577,0.0636034361677704,0.0621795934585529,0.0875062681469028,0.1465741760649733
0.0725555139772537,0.0909962012665435,0.1930815758418699,0.0959227498337749,0.1189613158590566,0.0675191897962181,0.0642663105254128,0.0623930371387805,0.087656325665519,0.1466477800827893
0.0713963378707092,0.095018656063616,0.1960527118309145,0.0926088058693753,0.1151950146446021,0.0677786438629494,0.0648390593310384,0.0626328845477215,0.0876088097187392,0.1468690762475049
0.0702078460733507,0.0996811506412019,0.1984627899532376,0.0893771841934761,0.1115860587774209,0.0679510519103537,0.0655640064129327,0.0628696163078349,0.0872601278847375,0.1470401678325963
0.0687333010412356,0.1049698604513842,0.2000664286282403,0.0862514687956379,0.1077233762667835,0.068472836612573,0.0665289344959668,0.0633627968983985,0.0870398287365598,0.1468511680603363
0.0672222631148349,0.1109857153183396,0.2009806915697463,0.0831290930973222,0.1039222768429869,0.0691401927378137,0.0673705444778912,0.0639643961245943,0.0865695071836907,0.1467153195198805
0.065569212596985,0.1176750769079115,0.2012048487571807,0.0799466272943011,0.0999731903737545,0.0700159950327646,0.0682951056245195,0.0647005543053785,0.0862388335745335,0.1463805555197542
0.0638363057904351,0.1258244592497124,0.200410842363699,0.0768153191756191,0.0961391363601413,0.0707970175820851,0.0690110021937682,0.0654427417431137,0.0857412763291552,0.1459818991993468
0.0619866939815645,0.1344681240028622,0.1994544535808896,0.0737576853441421,0.092370955842909,0.0716565847470085,0.0698018155847907,0.0660771945977818,0.0853831152713499,0.1450433770337646
0.0602060142490246,0.1419375048422587,0.198799483167196,0.0709422252977493,0.0889889077387394,0.0724669764726502,0.0707438323827365,0.0668137841272039,0.085038746153707,0.1440625255557818
0.058450445241218,0.1490653364961029,0.1979580988752845,0.06835848945667,0.0858439015583936,0.0733020487856824,0.0718457190466865,0.0677857727887364,0.0849687003388364,0.1424214873994414
0.0572986753343053,0.157322388050839,0.1962745049001185,0.0654474298452576,0.0821473612621323,0.0739522520962804,0.0732213859856464,0.0688501258318759,0.0844015897239185,0.1410842869567141
0.0562523533530995,0.1645152126799762,0.19458590642561,0.0626719834068351,0.0787067183041468,0.0748395279667827,0.074894766215721,0.0699651489839183,0.0837421954456165,0.139826187205441
0.0557144012678476,0.1737433492000465,0.1921737572982064,0.0595883158314192,0.0748677242110746,0.0754002253248879,0.0763559774154334,0.0709121357628921,0.0827462508546869,0.1384978628207437
0.0550874901148613,0.1818149850305746,0.189908575265872,0.0568185786077509,0.0711962414176239,0.0762207049542492,0.0782482125986134,0.0719365657630807,0.0818503193908428,0.136918326843884
0.0545460699249763,0.1900505108171052,0.1877713579820409,0.0537605775168346,0.0671411148928797,0.0770766248055156,0.0801591354081713,0.0729389174442578,0.0809859994064532,0.1355696917892499
0.0542852173340724,0.1992265968073514,0.1852206969079318,0.0508277679949778,0.0633809187291543,0.0777798704387839,0.0818240954934453,0.0738273574291286,0.0800070499180727,0.133620428934709
0.0543480535924089,0.2094167273811215,0.1823109667301205,0.048121265466757,0.0600271001642755,0.0781296695893534,0.0830152204973947,0.074489350802045,0.0788217191940418,0.1313199265702595
0.0543087829001871,0.2179702409005233,0.1800899283168744,0.0456702549958982,0.0568983371338895,0.078748396258894,0.0847892534560416,0.0752349874356846,0.0775413080353018,0.1287485105546329
0.0542096082116958,0.2265623230511153,0.1783856637323182,0.043126561117877,0.0536370114576264,0.0794666927096308,0.0865033779801463,0.0758056635178363,0.0763797733591639,0.1259233248506523
0.0540897507004342,0.2349864994432014,0.1768700130453957,0.0408171291035635,0.0507127870572598,0.0802224123045996,0.0882240876768455,0.0762150939367597,0.0751947401052377,0.1226674866148972
0.0538670263005537,0.2460900143148768,0.1745696731448646,0.038422757581719,0.0478879241327837,0.0805201526572372,0.0891300262541256,0.0762310092242375,0.0740481361975918,0.1192332801803543
0.0532373242982515,0.2567496826327599,0.1725475465491073,0.0360740404478869,0.0451271356627873,0.0806941220755828,0.09000347837336,0.0762352564759834,0.0731180301483544,0.1162133833244025
0.0525197416415421,0.2676309585691852,0.1704666223340401,0.0338919940839791,0.0426624489340515,0.0806976129851016,0.0906950739612683,0.0763200250489183,0.0721840616867454,0.1129314607437784
0.0520033338051078,0.2792355713835084,0.1682747205003615,0.0320253989072904,0.0404324143090575,0.0804808952098944,0.0911719524932302,0.0761861415199249,0.0712146216835171,0.1089749501768527
0.0512103460194058,0.2920635218516498,0.1657009905461445,0.0304354075325372,0.0384461028679876,0.0800964445345387,0.0914309470577045,0.0758296806836638,0.0702081310715286,0.1045784278237353
0.0508505570097691,0.3031607083717915,0.1634365181643653,0.029052751123414,0.0367819244717964,0.0798329657172322,0.0919290154485422,0.0756350598534136,0.0692401435780216,0.100080356250678
0.0502053099485226,0.3134554512181196,0.1612736145038168,0.0277275033710191,0.0351657093350502,0.0796278149829726,0.0924796428833367,0.0753655934692984,0.0684513126377697,0.0962480476392452
0.0496401709565971,0.3227423408866096,0.1592276574989785,0.0265119622645653,0.03369817355018,0.0795012748173247,0.0930449561334125,0.0752630636266377,0.0673200206008416,0.0930503796541213
0.0492661126822122,0.3321954074277903,0.1567991281370468,0.0255569585499832,0.0324568840068649,0.0793669877182948,0.093510006950431,0.0752237953669778,0.0659830734981284,0.0896416456516626
0.0488451217111289,0.3422377046376079,0.154028481416304,0.024996335080343,0.0315551603785646,0.0789639600416076,0.0937265483647932,0.0750128720193608,0.0647801258668251,0.0858536904729844
0.0483726264096441,0.3520767300448355,0.151181115843116,0.0246130630953461,0.0308117895007895,0.0783200749783964,0.0939955322466783,0.0749489752653673,0.0634417245847516,0.0822383680207258
0.0480452747813694,0.3611178221516805,0.1480510744873381,0.024394430370727,0.03023819582882,0.0777994860203302,0.0943650896406374,0.075053610189566,0.06200360515098,0.0789314113683192
0.0477723250813319,0.3692160716395984,0.1445645044350589,0.0244712825028153,0.0300265577732597,0.0775542412836956,0.095035503644161,0.0753402703177,0.0606517509296073,0.0753674923826323
0.0477458851582744,0.3751578002783896,0.1413267133083447,0.024581779448965,0.0298264182166846,0.0777110843931773,0.0961732790497646,0.0758257574749714,0.0594411795338935,0.0722101031274646
