0.1076665992722525,0.0651823395260817,0.1025569217179486,0.1703723838260656,0.1727419127178086,0.0878849575600414,0.1108352056632139,0.0500417025889389,0.079665235624287,0.0530527414888998
0.1161838912811913,0.0654904855026932,0.1056333576226297,0.1615185581848031,0.1589209614948199,0.0885821567353979,0.1110836456418516,0.0517246059528667,0.0853751856459908,0.0554871519231727
0.1234391588079135,0.0668809656668418,0.1058289591425281,0.1542002404793943,0.1519225059639675,0.0893301880325625,0.1101709227303893,0.0528675105316929,0.086574064503119,0.0587854841269137
0.1359621246613866,0.0718740538483735,0.1080319617418539,0.1441595420042485,0.1423371792099278,0.0885757696037461,0.1087388600547132,0.0527602572160586,0.0837244258142074,0.0638358258308804
0.1411793173401687,0.0751770146323504,0.10691413918747,0.137358059170172,0.1372069545189876,0.0903421426306622,0.1087889879920094,0.0533349063328386,0.0828507695350516,0.0668477086455736
0.1434030291274349,0.0772109174611122,0.1037958256406358,0.1322226703779432,0.133459821469405,0.0918094623333698,0.1100451925184827,0.0547252364583655,0.0828339775772144,0.0704938670211713
0.1431892462562764,0.0778703751606835,0.099823380754222,0.1286984719921087,0.1308453378062455,0.0945665457731668,0.1120771458148399,0.0561693902107835,0.0836278714949451,0.0731322347215922
0.1412936821029814,0.0783707184426627,0.0954009871926561,0.1261681212472752,0.1291714707041266,0.0978051342489882,0.115021230476473,0.0578958655563173,0.0848908992451269,0.0739818907679369
0.1380912419765985,0.0784946460484704,0.0910346214424678,0.1253825782614699,0.1288531105686613,0.1006116895429074,0.1171694692316184,0.0596640150300957,0.086593634091216,0.0741049937907429
0.1355381750126644,0.077862371533408,0.0873073744174398,0.1251465897218449,0.1285257373059302,0.1030814373757095,0.1200247248847927,0.0609272636213513,0.087517840931338,0.0740684851794687
0.1331367527856698,0.0766740763711882,0.0845096826473491,0.1253755083274134,0.1283121218532316,0.1054149775209695,0.1227188644552406,0.0618268301848906,0.0883276149763735,0.073703570861369
0.1313982766568484,0.0759270425788479,0.0822435496082493,0.1248216218099677,0.1269880937366034,0.1075580081248436,0.1252465097436347,0.063317881471566,0.0890111220670561,0.0734878941858544
0.1304465493263016,0.0757000197492616,0.0802454261296676,0.1238433296846443,0.1250511577686983,0.1092254330152443,0.1269591863118356,0.0651463925700811,0.0900529837189952,0.0733295217085144
0.129975794433915,0.0749360807040963,0.079241487085269,0.1224269726942139,0.1234216210581329,0.1106164269812864,0.1285592886713116,0.066741962223866,0.0909146257735018,0.0731657403574384
0.129787257373185,0.0742107062439215,0.0788741260636264,0.121156841648294,0.1221017180364105,0.1117850123442169,0.1293170318358952,0.0680939429428574,0.0915755738210994,0.0730977896733309
0.1298970957842577,0.0735341505954517,0.0788931029602122,0.1196238010830235,0.1205726955840429,0.1129960242418851,0.1295410917066883,0.0700949445806882,0.0922175068963752,0.0726295865500179
0.1294268681448027,0.0728007501950336,0.0807552044593538,0.1176487289259197,0.1190996393036056,0.1140406510487588,0.1293980027482763,0.0717080472944867,0.092848108488045,0.0722739993742081
0.1284014098172968,0.0723496086307861,0.0838179199792477,0.1158194281361337,0.1176693273013828,0.1144258136730344,0.1287946146465979,0.0732683227451441,0.0936275430726308,0.0718260119801195
0.1264525201761635,0.0724616067786497,0.0879142138337653,0.1140644478965907,0.1160277775316634,0.1143998843567771,0.1285307014070423,0.0745106730193141,0.0939261238088037,0.0717120511735233
0.1246445336501373,0.0733560637771417,0.0919086222986507,0.1123538354951933,0.1143697332898655,0.1142798968826249,0.1277376489612944,0.075578509735469,0.0943802255376975,0.0713909303541302
0.1228809779877643,0.0750366389096791,0.0955751064171156,0.1101942310836173,0.1127330636265827,0.1138941231943217,0.1266408140603387,0.0769174863343186,0.0948363626431593,0.0712911957252116
0.120859529141378,0.0771474926229558,0.0991559220917452,0.1082406158698677,0.11113155923242,0.1130627283563772,0.1252117723663144,0.0784637036665769,0.0950881874387606,0.071638489195625
0.1187327211972965,0.0801882201790589,0.1024300020363992,0.1063897545892939,0.1092469016530137,0.1122969631242608,0.1237188097403277,0.0798590112069052,0.0952752725003529,0.0718623437550294
0.1161585741666375,0.0848861936400592,0.1054600365519652,0.1043155933959925,0.1070667961005048,0.1113268732051405,0.1220476997506884,0.0813081347652564,0.0953778163801078,0.0720522820255515
0.1135139338983768,0.0909177238437796,0.108120491464723,0.1021971127190783,0.1046790912405174,0.1101638742861439,0.1201500076272943,0.082454140417918,0.095725640252065,0.0720779842320065
0.1109887902305349,0.0972403523548513,0.1105025999203779,0.0999666443577659,0.1022327832755584,0.1089245206456691,0.1182991357181976,0.0835811844617702,0.0960205620974382,0.0722434269197586
0.1087133037591794,0.1043493858049359,0.1127132209576919,0.0976979340392987,0.0996585964908344,0.107641100859743,0.1161723186890548,0.0842667468386575,0.0962794235973321,0.0725079689452129
0.1066407430089081,0.1113936679229013,0.1147987109778476,0.0954811836584426,0.0972057965749132,0.1063959947012091,0.114005027767045,0.084812323714006,0.0964641847512187,0.0728023669054675
0.1049955073193369,0.1171815721169669,0.1168293180995921,0.0935163084890786,0.0950248734946026,0.1053756749874814,0.1122067204598659,0.0850860543795864,0.0967403791840396,0.0730435914514091
0.1036811756918245,0.1220362234563186,0.118629824100159,0.0917972352460494,0.0930751254047136,0.1043476431043285,0.1107464786881652,0.0854634905160141,0.0968942935560062,0.0733285102183726
0.1022833846014958,0.1272352219743197,0.1202178825176021,0.0899615943960907,0.0910920632288958,0.1034013509943707,0.10930754158505,0.0859006725741373,0.0971973121151651,0.073402975994839
0.1011060363462754,0.132682606564799,0.1218405813796694,0.0879862277394043,0.0891150477895669,0.1023444051087961,0.1077924572356112,0.0862874889626329,0.0974353416693635,0.0734098071858535
0.1002089511017366,0.1370679881815643,0.1233183283720307,0.0861078971828496,0.0874138938710262,0.1015110666414258,0.106258346963734,0.0866455072191379,0.097890682573574,0.0735773378748756
0.099493508086286,0.140873673404068,0.1246444859570812,0.084341204272996,0.0858936514960879,0.1006902427648793,0.1048381514045474,0.0870748940107702,0.09848943357058,0.0736607550146442
0.0989844352790971,0.1442769112704306,0.1260334531062359,0.0826528087802464,0.0845865463408792,0.099947275083546,0.1034412941918651,0.0870256424048966,0.0992509217247068,0.0738007118000027
0.0989830371819628,0.1464225119574562,0.1271112395560911,0.0812960971909087,0.0835410637653162,0.0993992771900336,0.1023771058582083,0.0870094100188209,0.0996376514678522,0.0742226057951861
0.099080395609975,0.1484221094185892,0.1281327070759401,0.0800470882420325,0.0824818518383898,0.0988576590598118,0.1014274412520467,0.0867131917398946,0.1001895338018699,0.0746480219432173
0.0991736885735527,0.1503972179765099,0.1292931100637263,0.0787565503911353,0.0813729315246414,0.0982019252183513,0.1005004983407057,0.0863414408683695,0.1008982381965663,0.0750643988281532
0.099342361512937,0.1520223659042508,0.1304592634754984,0.0775092084720748,0.0803520051234239,0.0975103202192187,0.0995281393090817,0.0859087374167912,0.1018531377689934,0.075514460779386
0.0993731540719674,0.1535337605028965,0.1319582734774455,0.0763636293986288,0.0793502744926469,0.0968194394140648,0.0987135021760126,0.0853407412256723,0.1025190687713774,0.0760281564508961
0.0993003291129393,0.1547871256127197,0.1336305357712169,0.0753483580735543,0.0784555005666898,0.0962219885778053,0.0980125207237055,0.0845645039478582,0.1031848288611672,0.0764943087339
0.0993399741275928,0.1557905783845555,0.1351389574756629,0.0744798608401875,0.0775760614868144,0.0956492688823552,0.0973858558888181,0.0838747690189714,0.1039220316785491,0.0768426421979983
0.0994361854817016,0.1567215626546233,0.1365657697221107,0.0735297481785734,0.0766587180681599,0.0951732737866877,0.096880710502597,0.0832821239610293,0.1047191565963829,0.0770327510295949
0.0998146085008081,0.1572897716263239,0.1376703795576553,0.0725612879841025,0.0758415184346258,0.0948081719952976,0.0965831182655745,0.0827824317732959,0.1054381637044243,0.0772105481393006
0.100371699103778,0.1573740778427049,0.1384467070164508,0.0717673252689719,0.0750313829571881,0.0946409261270374,0.0964100236123,0.082443044791077,0.1061143937974345,0.077400419464411
0.1009741451617631,0.1570972351369684,0.139183558272816,0.0709553336004575,0.0741911571467746,0.0946450299811572,0.096348365621454,0.0821207490270931,0.1068621722930531,0.0776222537397669
0.1016810588815651,0.1566621317155491,0.1397906564131863,0.0701701962861216,0.0733354720941437,0.0946989652453546,0.0964043044563967,0.0819569007888904,0.1074209542618076,0.0778793598382355
0.1024353234201727,0.1560763963552557,0.1399575153600384,0.0694746866388105,0.0725030149746695,0.0948742406041205,0.0966909047309655,0.0820048408896393,0.1078023659929707,0.0781807110145459
0.1030268386921039,0.1555200660686783,0.1399819469788139,0.0688969786920751,0.0717093978555237,0.0948866507835953,0.0971859582490724,0.08223471309307,0.1080827000030272,0.0784747495651673
0.1033372147828726,0.1548714327308844,0.1395389361650624,0.0685801619858157,0.0710611600916793,0.0950977162674238,0.0977101762651826,0.0826259725310713,0.1083077978126486,0.0788694313484081
0.1035236173483619,0.1541509635805424,0.1389373380249934,0.0682105976764691,0.0704824702177737,0.0954547199467413,0.0983195212784359,0.0831370165371009,0.1085821192940856,0.079201636076474
0.1035170932496956,0.1533802786733994,0.1382356234370808,0.0678349821019684,0.0699848312093005,0.0959444455067606,0.0991480187199594,0.0838345072053338,0.108734061687479,0.0793861581899422
0.1035496744578795,0.1527323690262192,0.1375820306543146,0.0673846936854062,0.0695119160291166,0.0963253060273416,0.0999953003707636,0.0843684609995606,0.1090238260552209,0.079526422675037
0.1036994425110008,0.1521510987923355,0.1370762214177489,0.0668921262676399,0.0690084167936357,0.0965967957529148,0.1007574128058898,0.0849028561817442,0.1093348375517935,0.07958079190611
0.1039465924750396,0.1516592729416044,0.1366968743031368,0.0664203112096778,0.0685691465832948,0.0968578770621469,0.1011109836475763,0.0852452664067346,0.1098398539075544,0.0796538214440075
0.1040843582076594,0.1512469994938131,0.1362599925642644,0.0659302946563337,0.0681488807631531,0.0969166480893678,0.1016211443278316,0.0857237820572194,0.1103685887265048,0.0796993110945814
0.1041375063819202,0.1508358386620434,0.1357484801392349,0.0654297201875136,0.0676938006321481,0.0970396859144161,0.102111824309557,0.0863272014875486,0.1110084305425171,0.0796675117237932
0.1043801778243413,0.1502546481210874,0.1352713559500643,0.0647677995500302,0.0671102779982637,0.0972096067640741,0.1025621191359845,0.0870439057676293,0.1117809119016967,0.0796191969675077
0.1045078971640576,0.1496877304258883,0.1346024777294408,0.0641625676586633,0.0665854405039843,0.0974053845153836,0.1033032563209611,0.0875457666505723,0.1125699782145015,0.0796295007972054
0.1043080777475272,0.1492516909211678,0.1337167199509676,0.0637093056928441,0.0661647194166071,0.0974750154474071,0.1040643126034176,0.0881888056857133,0.1134289868048183,0.0796923657101483
0.1037809147657582,0.150688800372123,0.1334043738232448,0.060926074655534,0.0634382548120101,0.0979286465557151,0.1046539713825144,0.0897231228217265,0.1149699895310923,0.0804858512607269
0.1027837242538819,0.151956489465844,0.1329558750466596,0.058581671014013,0.0613627856019718,0.0983484275811865,0.1052868259037324,0.0912663863166333,0.1161965350696837,0.0812612797266693
0.1014578221341698,0.1532015145099638,0.1326598730423966,0.0566252095199111,0.0595004517414973,0.0988650875175002,0.1057135244451856,0.0926359652913365,0.1174387160945182,0.0819018356836139
0.0993558686656859,0.1541988427104829,0.1322897556446552,0.0552861466714863,0.0581252783234856,0.0992696897368432,0.1061956063784585,0.0940140835112588,0.1191310088187856,0.0821337195187528
0.0975566689435183,0.1549878794153674,0.132166935111639,0.0541924831912042,0.0567939135624273,0.0994113723254311,0.1065088040555059,0.0952984553934997,0.1208469879128755,0.0822365000682744
0.0959715847064036,0.1557089724416018,0.1323601084309533,0.0532517573257426,0.0555485619920115,0.0994063011407101,0.1066656925563381,0.0965575662388227,0.1225849152231436,0.0819445399238885
0.0946877990688133,0.1562361784932077,0.1327502047843802,0.0524963630793079,0.0545023570262692,0.0990300865066565,0.1067991379602017,0.0975105356107695,0.1242251751823736,0.0817621622675402
0.0938190987889921,0.1566011321682868,0.133380167270125,0.0518731148223937,0.0535598377023282,0.0984305172627552,0.1066626560771897,0.0983058884819672,0.1257497101990096,0.0816178772064137
0.0932148366680238,0.1566994627755774,0.1341013397575734,0.0513142598764725,0.0526243351962779,0.0978857334889574,0.1066286940911043,0.0991089098527842,0.1269455251157733,0.0814769031568856
0.0925813596088408,0.1567861003864398,0.1347556281384708,0.0508276652760311,0.0518561090502992,0.0973185401205766,0.1064130031676259,0.1000394978290865,0.1281963105168532,0.0812257858851945
0.0918745954852229,0.1569353107643358,0.1353134705312239,0.0503998632159554,0.0511168953100852,0.0967088522764607,0.1060329464553502,0.1010330046873556,0.1294156027903078,0.0811694584631057
0.0912170064795113,0.1570371868994605,0.1359583945808397,0.0502393139738311,0.050684197626434,0.0959612933945788,0.1055749730699308,0.1018239506216928,0.1304464634220788,0.0810572199110431
0.0902801490114339,0.1567992215335856,0.1366103986426927,0.0503378705989444,0.0506012213829003,0.0952033916932897,0.1053930967060761,0.1024261035918545,0.1312688788129642,0.0810796680056562
0.089302983611235,0.1567184493181992,0.1371023576720913,0.0504561612929544,0.0504959865405201,0.094441410846699,0.1052500513306764,0.1028425297316844,0.1322594407882033,0.0811306288471398
0.088218774066312,0.1564361065989231,0.1374611979976719,0.0510182970583185,0.0505503207642128,0.0938253418618693,0.1053343421849134,0.1032678862456851,0.1328177482766226,0.0810699849249041
0.086960046501418,0.1560055246919395,0.1376323971556224,0.0519786434119024,0.0509099962315906,0.0931803534509976,0.1055263319450193,0.1033923021833114,0.1333982220949761,0.0810161823127038
0.0858516537982734,0.1556405352215328,0.1372016044337919,0.0532681687635465,0.0513153133172921,0.0925964560240066,0.1057036296024778,0.1035066974659461,0.1339788981092079,0.0809370432434493
0.0846429515466228,0.1551401233462707,0.1361517274370159,0.0549648590486204,0.0521287150802882,0.0923596487025424,0.1060723376462946,0.103497074899105,0.134093007945137,0.0809495543276553
0.0835150775083546,0.1545823106146088,0.1343975161193298,0.0572058788369403,0.0534730713547904,0.0918543722769075,0.1060761084247149,0.1037148920571617,0.1343682075118475,0.0808125652749068
0.0824131889627137,0.1541486056450624,0.1322820415634487,0.0599213204803162,0.055072708039307,0.0915604178142466,0.1059804223400898,0.103556599930844,0.1342806026634556,0.0807840925400929
0.0814446795819505,0.154022188086928,0.1298204208006565,0.0629235508427644,0.0568536580394358,0.0912396206658773,0.1059719585646357,0.1031473036109397,0.1339995923566712,0.0805770274297584
0.0806137862469499,0.1541431887754787,0.126867022278425,0.0664381578857962,0.0590781515101463,0.0910180947804001,0.1058435708542473,0.1024685340624079,0.1335687569372369,0.0799607366486177
0.0801508292095734,0.1548209923548232,0.123576973233695,0.0697336798923046,0.0613892348905402,0.090561770192195,0.1056800835411833,0.101688343563262,0.1330452574398141,0.0793528356624321
0.079948955235457,0.1548634695542245,0.1201402554924269,0.0735063028243337,0.0640795293657669,0.0900086784799807,0.1054969487032076,0.1009449644114897,0.132489509272275,0.0785213866407858
0.079971294141511,0.1546758011020553,0.1166564628132907,0.0774030800071832,0.0670309008019937,0.0894592650274862,0.1052039068766338,0.1001598785141801,0.1317006403751494,0.07773877032059
0.0804101341039707,0.1554304462397279,0.113022891572439,0.0808539519292375,0.0696678539000898,0.0888943396899101,0.1048423151635261,0.0993101354851794,0.1306555009142844,0.0769124309818463
0.0808925347534779,0.1558518836368185,0.10941381808295,0.0840971884404509,0.0722254943349542,0.0884470372027484,0.1047820729025167,0.0986530492100494,0.1296054478643047,0.0760314735520809
0.081276382101673,0.1556081081246633,0.1059513869892994,0.0873211253107724,0.0748922140167853,0.0881327021902218,0.1050253279558945,0.0981175170594531,0.1286823043154938,0.0749929319162213
0.0814681574350405,0.1551587635247645,0.1027378777275625,0.0904605549815496,0.0774604979286362,0.0878517634087854,0.1052331016455695,0.0977202395617955,0.1277854595468947,0.0741235842199865
0.081577209085669,0.1544179475352683,0.0999525624063476,0.0933878671841867,0.0798046951326827,0.0873024715125262,0.105536168962071,0.0974246023205804,0.1271999643634893,0.0733965114778334
0.0817342664232077,0.1524044668071738,0.0974999861558406,0.0965954609940676,0.0822007423806863,0.0867099993215568,0.1059098990676791,0.0973093960771049,0.1267276018748471,0.0729081808785228
0.081870370517805,0.1497953907519273,0.0950641871216511,0.0998756558135735,0.0847003162389462,0.0861995298975008,0.1063895295840682,0.0971957708878375,0.1262900034537796,0.0726192457136224
0.0819099799820069,0.1472953101679658,0.0928718665027759,0.1031034368171472,0.0870117764843662,0.0857253112046084,0.106977514635635,0.0971200269460213,0.1257329941153278,0.0722517831248847
0.0818944896721776,0.144797848224342,0.0905936279560176,0.1067670818104905,0.0896419145759492,0.085252317510136,0.1074436041187858,0.0968252661004069,0.1249467787775004,0.0718370712349831
0.0817608485670962,0.1421627574971419,0.0881685504194412,0.1108778272587818,0.0926667974153028,0.0847391246436539,0.1076253744782757,0.0967810105593502,0.1239505504730283,0.0712671586688045
0.0813946816447394,0.1403872000819203,0.0858021011456179,0.1147416374674182,0.0956862513535571,0.0841947701021029,0.1076061275777705,0.0965553068865508,0.1231042161033451,0.0705277076179812
0.0809851894997362,0.1385201650372491,0.0834763248546137,0.1185809536781255,0.0987811684799608,0.0837299796388806,0.1075926412035007,0.0965115208798986,0.1221182346383777,0.0697038220707838
0.0807081009144844,0.1366963311612153,0.0811772042620646,0.1219977367475632,0.1016444527379301,0.0833455225284285,0.1076669598423276,0.0965566093938525,0.1212182819868226,0.068988800406529
0.0803785815505775,0.1347488123346859,0.0789254745467456,0.1256350474781368,0.1046786330425591,0.0830924384563815,0.1076662044981102,0.096674595548033,0.1200059456700599,0.0681942668560307
0.0801925604059718,0.1329905334768958,0.0764325602061652,0.1291151488719034,0.1076478164127631,0.0826779921425993,0.1075649550208074,0.0967627365106675,0.1191614666660684,0.0674542302675657
0.0800883042073035,0.1315340271272917,0.0738630390807047,0.1322526638938804,0.1100504106298034,0.0823321491000771,0.1075537488427423,0.096997446545471,0.1184591237025084,0.0668690868516839
0.0795963973759737,0.1301440708491588,0.071193166514366,0.1353085938844765,0.1127849940758996,0.0819932265968936,0.1075799601719347,0.0974211254726494,0.1177205920722216,0.0662578729679621
0.0787537018650264,0.1283598342178808,0.0683244212819637,0.1390312867314455,0.1161950437336943,0.0816412162182894,0.1075496149995165,0.0977896763559377,0.1167589709450316,0.0655962336328404
0.0774913933216017,0.1263881443658403,0.0656671536228362,0.1430445977398595,0.1199444978815603,0.08127660094571,0.1073247380548882,0.0981746171472295,0.1158335548832906,0.0648547020189195
0.0758544576003437,0.124321720278189,0.0631693270047006,0.1476078413126085,0.1245255717058598,0.0807543829847105,0.1068833952703587,0.098199055441998,0.1147949239962874,0.063889324386832
0.0740090012423738,0.1222769499376197,0.0606542555911648,0.1524954764724333,0.1294790224237576,0.0800782644806677,0.1064017335207168,0.0981760406708222,0.1136417753147144,0.0627874803277807
0.0721431489768635,0.1203134553904314,0.0583949264358836,0.1574436916513953,0.1343974121672567,0.0793193774460847,0.1057480982127984,0.0980074721338428,0.1126601184360298,0.0615722991316391
0.0701913473496699,0.118364611950916,0.0565426374883601,0.1624641603391961,0.139688666822059,0.0783647218185438,0.1048045756463799,0.0974428243006647,0.1118117819131257,0.0603246723535142
0.068727382675401,0.1167732898340521,0.0551896447775041,0.166818022361104,0.1444874502399892,0.077455077098178,0.1037093812416685,0.096712662907608,0.1108280832118272,0.0592990056352792
0.0676910035995607,0.1154449738844161,0.0544441775779043,0.1707252828115831,0.1487877491826872,0.0763551513398992,0.1025187273929045,0.0957211544274953,0.1099509846225221,0.0583607951438225
0.0668514250548396,0.114298620989258,0.0539315765678886,0.1740918408338891,0.1527059642771231,0.0751538883203235,0.1013796461508824,0.0946285568208403,0.1092925665855526,0.0576659143823505
0.0661979141591982,0.1132297088333411,0.0535961327005829,0.1772358386411049,0.1560927214076888,0.0738891971461503,0.1000724521095023,0.0933446946691789,0.1091212069677883,0.0572201333485426
0.0653801607691719,0.1120193874858632,0.0531699398248067,0.180328805763955,0.1593373753691903,0.0727137059675576,0.0987494786580808,0.0921730726826919,0.1089848227131205,0.0571432507487704
0.0645048219102879,0.1107868213594664,0.0527531791114219,0.1833199780703846,0.1623922558627429,0.0715127415375395,0.0973860818369666,0.090963816553285,0.1090020041260841,0.0573782996151385
0.0633872816742808,0.109364594001061,0.0521523219446748,0.186364650400382,0.1653043696872859,0.0704095883537867,0.0964878776002595,0.0900026031328963,0.1087629224065333,0.0577637907822661
0.0623242321236413,0.1079721488329933,0.0515850591256419,0.1892755111107998,0.1680898958342924,0.0695019175100162,0.0954684671745938,0.0889987882743131,0.1084409057062286,0.0583430742910187
0.0612087433898326,0.1064868005131966,0.0509600295332393,0.1923728142850325,0.1711137833568906,0.0684532687192066,0.0944110733678776,0.0878537259567615,0.1079988288176204,0.0591409320440019
0.060004231307173,0.10517164825306,0.0503629374060179,0.1956871954427161,0.1744213077887359,0.0672691153069635,0.0933567255561496,0.0865737070015492,0.1072016299343466,0.0599515019870507
0.0588853782566295,0.1039252650353238,0.0498598922123769,0.19918385919757,0.1776415838998608,0.0661174143488648,0.0917810045854389,0.0853434200161456,0.1060895324745568,0.0611726499571112
0.0578913989366766,0.102696196604543,0.0493649533380777,0.2026751646052551,0.1807254133202795,0.0650958958718172,0.090137831735015,0.0839351669874728,0.1045115122910959,0.0629664662937774
0.0571898651337516,0.1014692073134829,0.0490752600771582,0.2061281294544868,0.1834003192628334,0.0639609228134514,0.0884774978303145,0.0825529836487748,0.1030596018483423,0.0646862126015625
0.0565487198503383,0.1004343985069079,0.0487129583970487,0.2092866783299721,0.1859759827643061,0.0628836781987616,0.0868811644043566,0.0811158988032454,0.1017408373780942,0.0664196833512655
0.0558866938649492,0.0993869968840051,0.0482202092095887,0.2121174229781966,0.1883171599222961,0.0617725691326732,0.0856719386884297,0.0798673013253897,0.1005569693890789,0.068202738589829
0.0549987291754819,0.0983403467769808,0.0473849442603377,0.2148217061761051,0.1906464229603685,0.060874099661992,0.0846116482615846,0.0786968505558519,0.099252086332561,0.0703731658233197
0.0538455281944403,0.0969496866307741,0.0462108044754759,0.2183899344394674,0.1938231301152767,0.0599348500973294,0.0836566314580452,0.0773944027676988,0.0974143809332148,0.0723806508730583
0.0527305785166442,0.0956429622207556,0.0450535281656896,0.2216802395134137,0.1970105542633115,0.0591110321741495,0.0826881403370114,0.0761266649888347,0.0955226755498827,0.0744336242552688
0.0517456512145335,0.0945412019965111,0.0439926055937814,0.2246569524989582,0.1998429675458529,0.0584685896785424,0.0816864485313775,0.0749646042349492,0.0936571488695429,0.0764438298210774
0.0507482215464693,0.0933711347580924,0.0428833666771126,0.2275161367510781,0.202678291186089,0.057895605810821,0.080664442811369,0.0738948213846095,0.0917149414022684,0.0786330376573698
0.0498178611964779,0.0922568436035339,0.0418274718320368,0.2304582741373707,0.2055824110234161,0.0572136317761339,0.0795239928903378,0.07263550496308,0.0900458020472559,0.0806382065157809
0.0490056324399234,0.0912056260708661,0.0409557845810045,0.2329813532525923,0.2079079531605749,0.0566473345755282,0.0783540450695019,0.0714932845065509,0.0885928478343799,0.0828561384946131
0.0483153502740043,0.0901772571724481,0.0401099900806731,0.2352766957209117,0.2102928676723017,0.0561043946814619,0.0772568264226575,0.0703195657620052,0.0871963700716569,0.0849506821275283
0.0475706999040514,0.0891122111629972,0.0391691844970352,0.2375589948279672,0.2125386027458751,0.0556928394903743,0.076102398675028,0.0692239261246954,0.0858553080592768,0.0871758344984589
0.0470127642559419,0.0882772040011271,0.0382916462059606,0.2394353897980791,0.2144321704378016,0.0553688768473292,0.0751192869067997,0.0681668385076307,0.0845893264815097,0.0893064965436976
0.0466291858228286,0.0877004624549647,0.0374221024090107,0.2411841533102504,0.2161266705110494,0.0551041031303685,0.07418854513965,0.0671922118247016,0.0830816651936876,0.0913709001894975
0.0463056411265549,0.0872320131657901,0.0365274833510311,0.2426753894838773,0.217929142581679,0.0547459783143579,0.0733873538844472,0.0662762039383914,0.0817066184602317,0.0932141756797885
0.0463930708048645,0.0872132133257908,0.0358421789650128,0.2436802086122383,0.2191670830496117,0.0544353121194795,0.0725941335284358,0.0653390465704986,0.0802258568803353,0.0951098961300225
0.0468557853962008,0.0876009779680197,0.0354516330930199,0.2438537831659057,0.2198590039110363,0.0540799412286703,0.071846542237923,0.0644007876471377,0.0789322957242667,0.0971192496142413
0.0475845014864225,0.0879364524352585,0.0353157255742515,0.2436943443465529,0.2200285985219949,0.0536356424974697,0.0710482397648751,0.0635705597906382,0.0784923906841075,0.0986935448850061
0.0485366153791603,0.0883398183351444,0.0354114561819995,0.2434396413920203,0.2201490352448512,0.0534551699720834,0.0703181805343704,0.0626840033576848,0.0779463343218716,0.0997197452675594
0.0494203756917527,0.0884923960176109,0.0356571904311987,0.2432994927599692,0.2203378648832281,0.0530862641116799,0.0697402802860564,0.062064522104485,0.0774709305801037,0.1004306831208351
0.0505606607111785,0.0889449450079463,0.0361880769010576,0.2425939206232416,0.2201851999112933,0.0528423311681504,0.0690641710107569,0.0615432655943087,0.0770888874718589,0.1009885415872914
0.0516956824680767,0.0892745910397132,0.0368131021462206,0.2421709725247895,0.2201270753741627,0.052439779216862,0.0684206813964967,0.0611785356402895,0.0766748834076214,0.1012046967729978
0.0525543906780537,0.0889829460172476,0.0375686140349976,0.2417672712842045,0.2199833555552435,0.0523249831540381,0.0680047479720072,0.0609237485311419,0.0763805358187233,0.1015094069416848
0.0532375047932723,0.0886522594301781,0.0382819997206866,0.241319631057313,0.2199182029290372,0.0523710213017763,0.0676839067036204,0.060522111859374,0.0760521868040117,0.101961175388159
0.0538047484745685,0.0880901300153528,0.0390176784685669,0.2410225231613276,0.2198268020679848,0.0525493742145522,0.0674989635735508,0.0601894002978768,0.0758787417219652,0.1021216379917576
0.0543850420689957,0.0873524885844901,0.0399178085152298,0.2406255086565303,0.2196514769006056,0.0527476525161632,0.0674526040436385,0.059901621507204,0.0758503275237945,0.1021154696709102
0.0545539401078683,0.0856660872375441,0.0407498994400532,0.2410776743715365,0.2201815561167346,0.0529689133320168,0.0673716565397004,0.05957148905921,0.0758442982808876,0.1020144855020633
0.0545740348865925,0.0838345631627225,0.0415521972785491,0.2418844453612189,0.2207650836207417,0.0532267962658419,0.0672076202794356,0.0592580095235399,0.075862150115542,0.1018350994934831
0.0545865436227846,0.0822608220917275,0.0423101154304776,0.2426512996075622,0.2211181848855536,0.0535192457971809,0.067007360561352,0.0589554070253914,0.0759703783456375,0.1016206426200543
0.0546498120502735,0.0814385856621621,0.0428790428220738,0.2430005318684704,0.2209338930310494,0.0541603218567881,0.066798045424106,0.0586513019529774,0.0760831551387775,0.1014053101810992
0.0548987857018962,0.0820075225879611,0.0432352633877828,0.2424708079348799,0.220171999899169,0.0548258782640151,0.0666718044282326,0.0583225746033619,0.0761287514420607,0.1012666117384674
0.0552611155420799,0.0832166309189993,0.0435832275913126,0.241520479266384,0.218982128774958,0.0555543892520152,0.0665984728494458,0.0579357082491761,0.0762555081805984,0.1010923393629005
0.055671958475637,0.0848992397246233,0.0437832959923077,0.2405212012175564,0.2177268650490709,0.0561610332418904,0.0664479272425221,0.0576559476649261,0.0763359434978712,0.1007965878815222
0.0560857543941912,0.0866696474712127,0.0440067056251442,0.239358699590523,0.2164935245762072,0.0566522519704068,0.0663162523424024,0.057428371337631,0.0764441036797966,0.1005446890004638
0.056300719897549,0.0881169235509392,0.0442588413474913,0.2381336225451952,0.2153510237148679,0.0572263496546126,0.0664574119793744,0.0571346533221439,0.0765957164579847,0.1004247375178539
0.0562384693799328,0.0887111601501699,0.0446322175840151,0.2374433393579131,0.2147475781181371,0.0577752165061642,0.0665674448181536,0.0568986842544861,0.076730843060885,0.1002550467581817
0.0559990507399883,0.0890677569578775,0.0449891397875632,0.2373643125558736,0.214661111855945,0.0582184812430857,0.0664919147431843,0.0566200645801242,0.0766067432019129,0.099981424322526
0.0556223316718826,0.0891485818232789,0.045298223187588,0.2378031716501657,0.2150346489150793,0.0585131028275323,0.066260007144315,0.056362086267892,0.0763920617108836,0.0995657847895187
0.055202993581754,0.0891868150053659,0.045585591362196,0.2380497577082378,0.215220876080358,0.0588984799023893,0.0662466457826135,0.0560377420032125,0.0763100301342249,0.0992610684278311
0.0546755237101953,0.088925568243144,0.0459085760482062,0.2387675848046339,0.2155699993035953,0.0593667816306416,0.06621901482035,0.055825542627741,0.0760554196989452,0.0986859891007883
0.0540408981878824,0.0883162017099734,0.0462619494357983,0.2400798247818128,0.2166746251536687,0.0596859472025451,0.0659144489052605,0.0555399039854434,0.0756223471157514,0.0978638535101882
0.0534975980360907,0.0874038062587997,0.0468550840427002,0.2416445130816325,0.217972026206984,0.0599290453864554,0.0654997091526836,0.0549902264991871,0.0751395788080479,0.0970684125158282
0.0530805003849601,0.0865361169069241,0.0476440899531616,0.2431632387970699,0.2190236260793721,0.0600994982129038,0.0649937176957956,0.0544259162913964,0.0747052076536572,0.0963280880132469
0.0529134894593924,0.0859173973603213,0.0485465938664377,0.2444459394420941,0.219765962202276,0.0601700353846385,0.0645293555120993,0.053822472135096,0.0742444524123869,0.0956443022138182
0.0530054722109921,0.0857073170295895,0.0495993452854287,0.2448477385967643,0.2196778402450479,0.060342276741703,0.0642598836616942,0.0534405156679903,0.0738952215495532,0.0952243889998374
0.0532512057644899,0.0857316949446762,0.0507307098703334,0.2445716520183136,0.2191687009362432,0.0605679906194504,0.0641235066632822,0.0531362569824668,0.0737324582480112,0.0949858239413602
0.0535102148896169,0.0858053083655626,0.0517670809707676,0.2441150969695464,0.218689940216273,0.0608092287964823,0.0640335626622931,0.0528235121161801,0.0736903809231362,0.0947556740787928
0.0538342032435836,0.0860166663629629,0.0527350618286109,0.2438267233804827,0.2182805809612463,0.0609707167652814,0.0639488456120082,0.0524925947360889,0.0733308867878238,0.0945637203105772
0.0539688429572383,0.0860716335708678,0.053468988988679,0.2438472321213271,0.218183099353288,0.0611920676761056,0.0638694461079936,0.052202173170109,0.0730202897003282,0.0941762263427579
0.0539520335048754,0.0860446401586812,0.0539763299736226,0.2440014484061802,0.2185153707702142,0.0614402239439058,0.0638117191980824,0.0519533261901657,0.0726799826597916,0.0936249251832164
0.0538572055154389,0.0859873456976282,0.0543788070792309,0.2441351790352703,0.218800423965309,0.0616881336161664,0.0637585028084273,0.0517611402113503,0.0727365730873002,0.0928966889726643
0.0538091800701778,0.0859387915596123,0.0547305019091267,0.2443088002730916,0.2194373629327249,0.061830022923831,0.0635142189338579,0.0516326494625206,0.0726883814544045,0.092110090469495
0.0540102281533142,0.0859907520384618,0.0551786879379737,0.2444441990442618,0.2195822597494654,0.0618677755511486,0.0632049107199012,0.0517959461311051,0.0727080927455667,0.0912171479176852
0.0542731875592127,0.0859912880910409,0.0555852028271613,0.2446918137917372,0.2196977137520671,0.062007235314365,0.0629489234733238,0.0521084134448805,0.0724577272379802,0.0902384944971492
0.0546053124431064,0.0859392137136526,0.0561065136995169,0.2449644096631209,0.2199570285594657,0.0620995213366906,0.0626171142707923,0.0523161121640998,0.072254240266997,0.0891405338715201
0.0550340741790993,0.0859067596365493,0.0568464823061559,0.244920913947689,0.2197772958538963,0.0622523873033419,0.0623911812938064,0.0526629890558993,0.0721992683829648,0.088008648029594
0.0555020991175895,0.0856916344550089,0.0577341739936282,0.2444676713239516,0.219047967143195,0.0626252829745643,0.0623341986193425,0.0532176499201843,0.0726550178850561,0.0867243045565164
0.0559643323758911,0.0855003973781087,0.0585990480308912,0.2437460428666243,0.2181903532875434,0.0632674048733044,0.0624748490208401,0.0540037744609797,0.0728056840473732,0.0854481136475201
0.0564768247126433,0.0852169928699964,0.0595335219976091,0.2423180111309215,0.2170330751401527,0.0641449931170078,0.0628779771122045,0.0553323651444388,0.0731902163354044,0.0838760224287342
0.0570306792511249,0.0849154442763227,0.0603773123907178,0.2407497628748588,0.2158682405627147,0.0650450489875056,0.0633998700866681,0.056685525608417,0.0740449964411343,0.0818831195096803
0.0575649975500344,0.0848146241585484,0.0611977625924115,0.2395074048609577,0.2151730753171498,0.0657446638234741,0.0638477865034964,0.057814357191036,0.0743776837973318,0.0799576441947203
0.0577611801950236,0.0847036081694019,0.0616675574374331,0.2382962354429366,0.2143418483599441,0.0665627937674179,0.0644192152014918,0.0592787217660512,0.0750105265990753,0.0779583130503944
0.0581147267287676,0.0846802763571418,0.0622982613812689,0.2370580495710136,0.2136515787367245,0.0672329892403749,0.0648195529165244,0.0605633995356278,0.0755905295085444,0.0759906360131924
0.0586890037282467,0.0847637982545938,0.063235333923665,0.2356040953160692,0.2128215324063604,0.0677925056637348,0.0651939549334465,0.0619283226798054,0.0761005348174119,0.0738709182658393
0.0594940429883203,0.0851140852511129,0.0644974125175456,0.2334293989023927,0.2113389781517042,0.0684562604638586,0.0655108366366863,0.0636441325831228,0.0765593994847753,0.0719554530096139
0.0603746489976703,0.0855642879462084,0.0658184148214193,0.2314632489829345,0.20983219577025,0.0690118228666742,0.0656574343090915,0.0650986297557452,0.0771043799491603,0.0700749365899348
0.0612037244640165,0.0860149821580852,0.0671461469577588,0.229617772469971,0.2084710240735827,0.0692928695121674,0.065797480843437,0.0666848128157396,0.077650949796493,0.0681202368978032
0.0621438141478736,0.0866546519396894,0.0686262004946057,0.2278431661966753,0.2070107574010841,0.0696236504716377,0.0659991816339118,0.0676889339506088,0.0782724961993926,0.0661371475535335
0.0631739925734099,0.0874056344859474,0.0702267282881787,0.2258034915811782,0.2053249403838775,0.0699940580608446,0.0662719862320575,0.0688104802535271,0.0786757957350171,0.0643128923949285
0.0641015513077582,0.0880908568780991,0.0718102008010068,0.2239411517869254,0.2039989417848784,0.0703819315358954,0.0665996939195681,0.0697857432618515,0.0788661779882191,0.0624237507247294
0.0650338842918507,0.0887796144168298,0.073433988775629,0.2221058685886074,0.2026001909036218,0.070797562367629,0.0667332497043654,0.0707853647244869,0.0791072461213968,0.060623030094468
0.0660007337905747,0.0895005632659932,0.0750799183342769,0.2201700449891105,0.2012922782259489,0.0711975153242098,0.0669394830783334,0.0716210476993214,0.0794760047116475,0.0587224105694176
0.0670150717562237,0.0902267892532637,0.0767303800350377,0.2182605620297326,0.2000188106522592,0.0715338866267155,0.06700253938857,0.072508016829412,0.0798580176199949,0.0568459257975719
0.0679799632558563,0.0908337282931328,0.0784264718506929,0.2164275712559154,0.1987895888413179,0.0718876914660099,0.0671695523591517,0.0732886556483034,0.0802905113656832,0.0549062656526507
0.0689221565989452,0.0915142115379103,0.0801986583760659,0.214480967902135,0.1973086680460918,0.0721986979054517,0.0674999610926748,0.0738654069789328,0.0808620331735161,0.0531492383769098
0.0696163953181059,0.091931743321568,0.0818803228728367,0.2128054316084286,0.1960521723562974,0.0724202109898405,0.067984015871892,0.0744464057850988,0.0814901716349014,0.0513731302295779
0.0699804448017327,0.0920370523390923,0.0833542765706718,0.2116341160521444,0.1951554834522446,0.0725889853303609,0.0686439929142436,0.0751494627983386,0.0819751863857503,0.049480999343886
0.0703613983470206,0.0922212647541971,0.0848549935621188,0.2104061891263483,0.1942760721719962,0.0727472612035852,0.0694287163413699,0.0759853742259717,0.0819286790849916,0.0477900511707697
0.0707231423205193,0.0923646278882261,0.086446279814382,0.2087602188999129,0.1931299704047732,0.0729059950123146,0.0703444616922615,0.0768419151204698,0.0819259563756163,0.0465574324597838
0.0711448726618829,0.0924835609770265,0.0881395285993772,0.2067358431919969,0.1917695088968019,0.0731380053946723,0.0711953161976422,0.0775735912130901,0.0823261951359418,0.0454935777197083
0.0712754335187117,0.0919535285327276,0.0897725982939639,0.2052546970512868,0.1905500727510855,0.0733306090824066,0.0720327912196831,0.078320778578093,0.0829372838583184,0.0445722071017407
0.0713906560170283,0.0911498325525542,0.0915690738267299,0.2034656166995487,0.1891373384744507,0.0737663751285437,0.0727105468607219,0.0791946015294881,0.0834851931166546,0.0441307657821622
0.0715630772151929,0.0902057303958366,0.093326884853842,0.2019625393619898,0.1879034608838793,0.0740460608145721,0.0731618392038868,0.0799545741466852,0.0841114062158803,0.0437644268960004
0.0718040793584896,0.0891189242107116,0.0950573632841287,0.2003535023163407,0.1864926698314366,0.0742250561100095,0.0736105090185797,0.0806414217585016,0.0852571090433443,0.0434393650561187
0.0720304469473109,0.0878732643641012,0.0966711806927653,0.1986075653449675,0.1850060286330551,0.0743136760378554,0.0739554806011312,0.0812486666826773,0.0868227886254627,0.0434709020582374
0.0719183250716868,0.0859108918054962,0.0979674761244707,0.1972776942921046,0.1837538073358421,0.074440097419216,0.0740301451361703,0.0817660401791211,0.0892818310812332,0.043653691542136
0.0721645219446058,0.0846666131677546,0.0993153395439715,0.1952927314698743,0.1819554288315512,0.0745313342694674,0.0741260676105787,0.0822960502985159,0.0916728440659744,0.0439790687851006
0.0726279522028938,0.0838269489055988,0.1005230438901639,0.1928814462869301,0.17996371770077,0.0745668590508022,0.0741922896834282,0.0827896470189691,0.094054213436161,0.0445738818115997
0.0731394872509796,0.0831700100346928,0.1015737968287372,0.1903378061051448,0.1780844618248715,0.0744713700783445,0.0743016330688125,0.0832658171560289,0.0965708233063534,0.0450847943332834
0.0735363838540078,0.0821608297234286,0.102462791538016,0.1879864602493486,0.1766239631888929,0.0741917161020468,0.0742814073496454,0.0836220615533355,0.0997563218635108,0.0453780645649696
0.0737204311000096,0.0803360573705492,0.1033182940842941,0.1862816764202258,0.1756260930867796,0.0738126235936139,0.07405396846045,0.0837229532288064,0.1036351282420026,0.0454927744004513
