0.2541315150541034,0.1706279762073905,0.1499807754638242,0.0520677064754534,0.0556421975996628,0.0475818146481424,0.0384822926717098,0.0441317979216705,0.167104202811958,0.020249721138614
0.2553276475622315,0.1714345013813898,0.151437644726681,0.0510913324251941,0.0542976408705545,0.049032518620484,0.0411901364617163,0.0473325964033832,0.1583551655765983,0.0205008159638574
0.2553880687882887,0.1737945889182211,0.1516772407165356,0.0500354098989579,0.054477691643231,0.0506418679051987,0.0433340579910642,0.0501229314875922,0.1502950407073455,0.0202331019351968
0.2572024842232675,0.176659759340073,0.1525929091320023,0.0490465444943908,0.0533455063922108,0.0524613942149886,0.0459565606917332,0.0532749455957951,0.1403425864983657,0.0191173094083526
0.256486010846024,0.1728344391805321,0.1540654932304792,0.0479561040463756,0.0527037552390837,0.0548157601962924,0.0487335478574969,0.0565035518196995,0.1370114665677081,0.0188898710070371
0.2559642811722518,0.1680279497898657,0.1560720533059689,0.0466415867109425,0.0521621325248576,0.0557223591320941,0.0511619583593961,0.0587153528981234,0.1362610877312766,0.0192712383656256
0.255327348375687,0.1616167263813713,0.1582666156075782,0.044960073082531,0.0509970415913266,0.0558860440238267,0.0528565056984469,0.0598398054496361,0.1400243677583447,0.020225472021431
0.2525678164140074,0.1549044549881881,0.1595040618212816,0.0433532083790678,0.0500980560504395,0.0565592520447825,0.0544567450490335,0.0609373906240514,0.1458502020618969,0.0217688125572191
0.246616429270246,0.1476402925097308,0.1590314039855203,0.0420560815741715,0.0491723399721622,0.0575748938739088,0.0558787959243005,0.0615842177093291,0.1562917224029224,0.0241538227674818
0.2409755341486555,0.1420928308802791,0.1579624343519966,0.0407757300211469,0.0483630124897212,0.0585082959538301,0.0571903184831481,0.0627895143508876,0.1648893649360409,0.0264529643738436
0.2349934632191743,0.1386296144883215,0.1562637096819284,0.0400369349689807,0.0479132138402657,0.0593162917275445,0.0583532613034452,0.0643467948214141,0.1712993418952221,0.028847374042977
0.2309984069693982,0.1350261101695714,0.1551762602191746,0.0391911930568361,0.0473534307148433,0.0595920285307976,0.0592808847168672,0.0661800137202767,0.1763405004566005,0.0308611714346701
0.2269673729100047,0.1319346838784614,0.1538705876002415,0.0385697722139503,0.0470307828288214,0.0596306994321336,0.0603835868240856,0.0680269850266956,0.180925883886683,0.0326596453877206
0.2228676854761082,0.1293206283690663,0.1523445757505255,0.0380963689026365,0.0468063401136374,0.0593600558531628,0.0614741207420493,0.0697370542945669,0.1854697205892536,0.0345234498975704
0.2184125637410018,0.1277596197202893,0.1503254889193959,0.0378484262197083,0.0465985827119532,0.0592501041924074,0.0623917686061446,0.0714263206268654,0.1896560836597979,0.0363310415907635
0.2117298527822979,0.1274659010501326,0.1467022467491105,0.0375820271834378,0.0461488754313074,0.0593900701946546,0.0636126182988793,0.0732692986115277,0.1951687622315266,0.0389303474551981
0.2062941867835744,0.1277626436619177,0.143640249051227,0.0373744346987941,0.0459903754006461,0.059558098495811,0.0646330943719325,0.075384258057522,0.1981921267861424,0.0411705326802213
0.2017733797796737,0.1283679705222942,0.1410089097361246,0.0370705984991397,0.0459231403199194,0.0598378105007885,0.0655245342628297,0.0773905965796479,0.1996878934226755,0.0434151663643964
0.1980714806553206,0.1289479850778362,0.1387133500974353,0.0367828566730998,0.0459719831440612,0.060382644447722,0.0663304720964084,0.0791969048127715,0.2004379577683229,0.0451643652142168
0.1945282065161898,0.1296122919029464,0.1364845071670662,0.0365435938014621,0.0460682971197728,0.0610618013127897,0.0669720472116118,0.0810398702310607,0.2009597069537359,0.0467296777702854
0.1911340685239757,0.1305708452209362,0.1343863869142088,0.0362790946534339,0.0462461617261233,0.0614902167578664,0.0674441378484809,0.0827698366176035,0.2013745237578858,0.0483047279661313
0.1876094550724245,0.1316510326755498,0.1322937729760433,0.036139424540087,0.0465763351748673,0.0619235651018321,0.0677454739609048,0.0843132699782128,0.2017776219040401,0.0499700486024262
0.1842444557327104,0.1326302801677878,0.1304504187636163,0.0361130588491438,0.0469884715264867,0.0625812396917881,0.0680235207683273,0.0857538637458733,0.201475325495776,0.05173936524463
0.1811070546479408,0.1339731758827839,0.128812955633059,0.0361049006893771,0.0475911226890998,0.0632461364602083,0.0682017408943001,0.0870068135167888,0.2007316576246442,0.053224441947688
0.1783509864136144,0.134284768690207,0.1274875098787044,0.0361855498847426,0.048060621301436,0.063866398152108,0.0683008586910974,0.0883788481198359,0.2001559818612441,0.0549284769926822
0.1760096879302887,0.133802444716006,0.1264691276102195,0.0362962945265675,0.0484813222166226,0.0646360052468697,0.0681604335177712,0.0898627828299593,0.1994992868131901,0.0567826145779798
0.1738383362233327,0.1329517266051599,0.1255326970497976,0.0364414761618099,0.0489604207257492,0.0652168500630871,0.0680481047839323,0.0913764016772666,0.1990994466614031,0.0585345400337555
0.1715983967760685,0.1324441917881088,0.1245149979732914,0.0365322725304301,0.049450095312202,0.0656577064274511,0.0679797718599139,0.0926168143134911,0.1987611186762591,0.0604446343279077
0.1699046109057884,0.1313259652392419,0.1239154098983995,0.0365031999759259,0.0496946275956381,0.0662618142476357,0.0679747060145314,0.0937708018515493,0.1982701374957421,0.0623787267605231
0.16820932258204,0.1305377907727428,0.1232342586012376,0.036443028092997,0.0498645377421236,0.0667086904228036,0.068050541783846,0.0946260715102636,0.198024213455928,0.0643015450208498
0.1671218108113235,0.1291530359486989,0.1230497334624886,0.0362410469786445,0.0499387972580126,0.0671303735358349,0.0681285454479413,0.0954398277453634,0.1976120258531118,0.0661848029432903
0.16610401821126,0.1279778196941734,0.1229276088358534,0.0360299715671338,0.0500175384055356,0.0674468018885622,0.0682970740016579,0.096106010096885,0.1971716652848851,0.0679214919986423
0.1654871708186507,0.1266807592266655,0.1235939120006387,0.0357673010141138,0.049934472791887,0.0678090220209032,0.0686292783937294,0.0965712099836177,0.1957704156665519,0.0697564580677156
0.164861504042725,0.1254509388649684,0.1250531898487301,0.0357186741034916,0.0497393322382759,0.0681945791040417,0.0689668472771017,0.097151195704639,0.1934490581625867,0.071414680637799
0.16397524730034,0.1244271711030976,0.1265297149184788,0.035651400406995,0.0495576810734023,0.0686497876196168,0.0691886117989535,0.097681521289744,0.1913026736791902,0.0730361907944308
0.1630145628762476,0.1236869036497369,0.1277829100261498,0.0356519045643496,0.0493455187860198,0.0691139203888536,0.0693300956948497,0.0982155335660962,0.1893035339116159,0.0745551165202203
0.1620921896797457,0.1232142431874451,0.1287359249789696,0.0356146527652629,0.0491118461849871,0.0698047574517053,0.0695121182386727,0.0987550255757326,0.1872514603829653,0.0759077815385421
0.161254383798467,0.1229102358219899,0.1295953348877308,0.0355231478047949,0.0489076982976143,0.0703693538255548,0.0698065642195868,0.0992246537697695,0.1852668522795492,0.0771417752788571
0.1605620288129567,0.1226046467869869,0.1305145165384766,0.0353843484134211,0.0487676857756609,0.0707489355696117,0.0701384715792277,0.0994414822600041,0.1835298852800283,0.0783079989674262
0.1600048547243188,0.1223212608633631,0.1315087978617888,0.0353583238697672,0.0486342444364464,0.0709259236877465,0.0705073369026778,0.0994349058205762,0.1819997934111547,0.0793045584058439
0.1592435756600558,0.122166062768842,0.1323469433326156,0.0353433493927571,0.0484696638796806,0.0710423076436752,0.0709632681255384,0.0992840414707618,0.1808027615228324,0.0803380261868097
0.1586871718593535,0.1220389840087501,0.133082929729629,0.0353371485245801,0.0482464928791272,0.0709458806609409,0.0714204324254206,0.0991915663878605,0.1797800429530492,0.0812693505547363
0.1579901299188483,0.1223926365054487,0.1329114720101994,0.0352441141497036,0.0481306954517577,0.0708955595266181,0.0720232026997625,0.0991956618209145,0.1788999361261815,0.0823165917738716
0.1571267097929543,0.1228828808205963,0.1323660497903995,0.0352747194131586,0.0479729826473288,0.0708394736304563,0.0727166230130861,0.0991963607308739,0.178475756468364,0.0831484436759496
0.1558808345970697,0.1235855057424839,0.1313335224906805,0.0353295389778163,0.0478140814399876,0.0708373421405908,0.0732222832534645,0.0992961758354075,0.1786007046469993,0.0841000108585296
0.154464547155728,0.1243198854151003,0.1301109732650015,0.0354151807725352,0.0475845315858911,0.070837453896212,0.0738550826269745,0.0995622758835686,0.1787354748957547,0.0851145944861222
0.1529804253166922,0.1249353304836624,0.1287912362400803,0.0354448699897595,0.047359918688149,0.0708603395304215,0.0746788283918851,0.0997183903040172,0.1791257368304956,0.0861049242075962
0.1515586204427665,0.1252952319087205,0.1275025801090044,0.0354427183888344,0.0470556358574225,0.0710131957867209,0.0757512504126784,0.0999324995102967,0.1793371727034058,0.0871110948627947
0.1507145023992583,0.1250259149904924,0.1264978321787767,0.0354171701794925,0.0467467004890979,0.0713376579641704,0.0769203207411778,0.1000746934874965,0.1793343962663354,0.0879308112862491
0.1499499806240214,0.124526136483124,0.1255263682524313,0.035376501240282,0.0464080582305817,0.0717332062465143,0.0780272219491784,0.1002585387912381,0.1796536904669456,0.0885402976981601
0.1493681025099048,0.1240577601474751,0.1247034009914982,0.0352498687510569,0.046041130029883,0.0720899135431844,0.0790408821956198,0.1005810084855782,0.1797815506036109,0.0890863827245922
0.1484730231978458,0.1236402964548519,0.1237471963472802,0.0351558419482581,0.0456031325553928,0.0724716964980883,0.0800947789620425,0.1008492878290066,0.1804399288056138,0.0895248173839747
0.1474895824250913,0.1232601354401616,0.1227683459030889,0.0350654217586321,0.0451110664744191,0.07284791085524,0.0811426058815759,0.1010291385692643,0.1813875258657993,0.0898982668090495
0.1466060479964413,0.1229266966008338,0.1218663986801822,0.0349479556185148,0.0446524527296204,0.073214938418329,0.082202665264682,0.101381006220445,0.1818759147253734,0.0903259237278625
0.1460318273062067,0.1225238801777511,0.1211928229695866,0.0347157837832552,0.0442152323922621,0.0736630286686922,0.0831645737585303,0.1018577494892227,0.1818913817314384,0.0907437197053136
0.1456022468207798,0.1221790976628629,0.1206489752765487,0.0344736528759729,0.0438222160410836,0.0742601368145192,0.0840291668820766,0.102360460460777,0.1815649136552079,0.0910591334924107
0.1448099860141967,0.1217737116963593,0.1199275056898386,0.034241047932616,0.0435282115351931,0.0747517204003939,0.0849154277413808,0.1029339336747285,0.1816359504614373,0.0914825048360768
0.143747176021508,0.1213737598522141,0.1190380002700905,0.0340596132242732,0.0432383457933859,0.0751769715311027,0.0858968648752923,0.1034746811060512,0.1819902904674564,0.0920042968408425
0.1427132725417791,0.1211359405212454,0.1181779807660529,0.034060754623655,0.0430129271031864,0.0756089531814902,0.0864869064293062,0.1037231071005621,0.1823972821285541,0.0926828755863685
0.1417888029440259,0.1205826870201499,0.117390160028926,0.0342378022863982,0.0429187126344463,0.0758881798167458,0.086996332010603,0.1038791127024214,0.1828649744904362,0.0934532360480273
0.1364605059634267,0.1178055154208182,0.1154425656263576,0.0338799635846847,0.0423699294835256,0.0772896468333506,0.0894979774279502,0.1065282522395041,0.1835940927839625,0.0971315506181525
0.1314876553633264,0.115188256523668,0.1135154196085211,0.0335282375344106,0.0418932797585585,0.0787071876947789,0.0918009240336379,0.1084440237657821,0.1847902763513216,0.1006447393473301
0.1269614517398034,0.1125116802513185,0.1117182615683921,0.0333139952261572,0.0413808501025036,0.0800301285331552,0.0940753551934837,0.1097229450180299,0.1862320727721273,0.1040532595760251
0.1223984913338174,0.1100541866984994,0.1097713734024722,0.033081063837461,0.0410510348693487,0.081262286690504,0.0962003891784341,0.1106530690038383,0.1881160605656309,0.1074120444006984
0.1181771570409995,0.1090983261274231,0.1076505497487964,0.0329684871532389,0.0407552519502282,0.0819788570349368,0.0980024319685999,0.1114829202437514,0.1894581295821917,0.1104278891303023
0.113865800372894,0.1084589663822059,0.1055245642819146,0.0327944243447524,0.0404343353883635,0.0830604810609513,0.1002212551153429,0.1125571140821181,0.1899588193135855,0.1131242396380805
0.1098771340054532,0.1080075684699952,0.1034609871432195,0.0327363171986773,0.0403172309116364,0.0846097868287578,0.1025372515243386,0.1137936754420337,0.1891883633044843,0.1154716851513418
0.1066891961957984,0.1080268719061591,0.1014574384075652,0.0327664787489633,0.040235602644078,0.0859393884349487,0.1048632921860213,0.115137933384334,0.1875327546770076,0.1173510433948103
0.1049975513267547,0.1083417416159106,0.0999667671897721,0.0327877774181297,0.0402308590643789,0.0871047202328776,0.1071050038264916,0.1167450581405019,0.184103877216006,0.1186166439486233
0.1036275561814371,0.1087246938692541,0.0986657554452934,0.0329086160893354,0.0403369973057322,0.0880169842296245,0.1092481606709984,0.1180770371130283,0.1806928338935464,0.1197013651809711
0.1025213149554783,0.109027845995813,0.0974048719287453,0.0331374798174855,0.040576738275124,0.0888833578087543,0.1109349092381808,0.1190472006294211,0.1777650876455557,0.1207011936844773
0.1003910842564177,0.109917133094271,0.0955914242069026,0.0337433404472645,0.0410581357032521,0.0900887852328335,0.1121257125250691,0.1197356536738924,0.1753090410246578,0.1220396898142852
0.0984323485030592,0.1108264265880232,0.093826012327868,0.0345247286065518,0.0416153732497935,0.091578346407017,0.1132389521119568,0.12011740103449,0.1725106387463094,0.123329772403627
0.096762984695968,0.1117633432971024,0.0922224047254604,0.0353603028235431,0.042185940822571,0.0933562434056691,0.1139875941258204,0.120436506288264,0.1694507376473216,0.1244739421468231
0.0957207130975426,0.1122966650254581,0.0910021335621859,0.0361962372070846,0.0427830377405557,0.0949175907506577,0.1150525918636981,0.1206720430393167,0.1661637631684291,0.1251952245235157
0.0960599616619126,0.1123438377985448,0.0906561594691789,0.037160678175807,0.0435266451074763,0.0961452189609668,0.1158859015126582,0.1207193184673389,0.1621685797451384,0.125333699079345
0.0963382772538143,0.1120791820679418,0.0902987340689102,0.0380602454528215,0.0441414966084028,0.0972184787891829,0.1168166887717828,0.1205062158944341,0.1593243499702026,0.1252163311008454
0.0965353938753378,0.111509993041283,0.0898633882292794,0.0391534129208741,0.0448177221447824,0.0981859188863717,0.1178002644337744,0.1201551512474401,0.1571632730271226,0.12481548217209
0.0967678460675199,0.1109478048976074,0.0894726542452303,0.0400356578411277,0.0452335880929064,0.099121184665006,0.118690678976633,0.1199279427502019,0.1553338881732628,0.1244687542688781
0.0970550729208124,0.1104028154531705,0.0891565529234392,0.0408854849610273,0.0456019262922784,0.0999782970273186,0.1193732386554211,0.1197436990702824,0.1534919305462028,0.1243109821284286
0.0976157804894965,0.1096629874527428,0.0888952589674283,0.0418144712661589,0.045877883573099,0.1009855126219314,0.1201745009465048,0.119370089393103,0.1516769785535714,0.1239265367144032
0.0984950543339686,0.1087757673957635,0.0886742517081186,0.0428776296595417,0.0460939435242002,0.1019422078446722,0.1211130605117639,0.11900747406717,0.1497029779893973,0.123317632943934
0.098884777550468,0.1077709884774205,0.0881343593653386,0.0443929137753324,0.0465881836721248,0.1025321736797786,0.121839445936801,0.1187418320963476,0.1483206985730072,0.122794626852001
0.0990274603585132,0.1064137158949673,0.0874327399900885,0.0464957617631884,0.0473720068888461,0.1028224547388433,0.1222902361399043,0.1184490650346806,0.1472654514094883,0.1224311077602212
0.0988281957058873,0.1053647069706186,0.0865371870309075,0.0490234408516205,0.0486524226488438,0.1030245971998021,0.1227060779980368,0.117969637445299,0.1460258730504882,0.1218678610773682
0.0984478134113469,0.1043163371443477,0.08556835189478,0.0523157994817022,0.0505366090118033,0.1029577512819288,0.1229293465789861,0.1171697336423857,0.1448533265153784,0.1209049310163745
0.0981759510687896,0.1035100154975288,0.0846662351224003,0.0550411184670927,0.0523533805865609,0.1030254012547032,0.1233213358550529,0.1163891272722789,0.1435395534845094,0.1199778813702588
0.0980616324607517,0.1023799923104191,0.0839120086259894,0.0580559730521379,0.0542964166066002,0.1030378614616971,0.1237491222038718,0.1155385104624339,0.1422061941119547,0.1187622886834829
0.09772340945331,0.1017832623746793,0.0828980079836508,0.0610931978717682,0.0562122347653939,0.1028673626783169,0.1242129083315047,0.1145566665171817,0.1410964737754828,0.1175564762281797
0.0976191523610228,0.1014195970496451,0.082015435476639,0.0631352246093537,0.0575030564575664,0.1029330696505229,0.1247887918515523,0.1139792734017808,0.1401171934787146,0.116489205642737
0.0970588832963102,0.1016953150008156,0.0807327235165244,0.0653003200337081,0.0586897413176987,0.1029153764718002,0.1253486395321957,0.1134109031231185,0.1393952445675214,0.1154528531198874
0.0966372977374518,0.1017625497459716,0.0794809048837378,0.0677862730532051,0.0600299118005217,0.1029247343599573,0.1257773886110435,0.1128010534202256,0.1382857710399894,0.1145141153275272
0.0960606643973135,0.1022894589356802,0.0777485468018933,0.0698786768745,0.0611125999452014,0.1028616696710855,0.125980547515046,0.1122968569652435,0.1381323035662464,0.1136386753074213
0.0957782857002541,0.1027810324712365,0.0755452273074577,0.0713734870206424,0.0620137692394287,0.102610399724697,0.1262377603296598,0.111799943530464,0.1388530878194434,0.1130070068363122
0.096181712751885,0.1026967865682212,0.0734844621620521,0.0729130763767595,0.062819745506007,0.1022329240104735,0.1264583341527656,0.1113490178709025,0.1394343881336109,0.1124295524468754
0.0966540882324615,0.1025265224346703,0.0715221424204528,0.0745073473203903,0.0635874258204236,0.1018102184035714,0.1266655837421042,0.110871965325896,0.1399289367343938,0.1119257695451407
0.0970393428462116,0.1024376714975117,0.0697654596036963,0.0758402226229723,0.0643276351481638,0.1012797142092911,0.1268094947016405,0.1104083031934023,0.1406747259444195,0.1114174302121331
0.0968119365169882,0.102913535622321,0.0678137961461889,0.0770946895936846,0.0651241685031381,0.1007499050731155,0.126785886250803,0.1099895521699726,0.1416125291628452,0.1111040009403281
0.096321721555503,0.1036534133209844,0.0657355056883911,0.0783041302993558,0.0658083426647365,0.1003978368462184,0.1266513132129618,0.1098009848026297,0.1425639650442954,0.1107627865442627
0.0952799002558514,0.1044006930673235,0.0634261383010731,0.0794939800336817,0.0666021256222683,0.1003601435812875,0.1264691998329081,0.1097878895407239,0.1434965899235,0.1106833398206876
0.0942141881474847,0.1045475847496023,0.0612101605408167,0.0806014332890857,0.0674585619893593,0.1005723861433213,0.1264344456198493,0.1100335537359443,0.1443175845809487,0.1106101011828424
0.0928648481570679,0.1043603747878732,0.0590041746590902,0.0818824566732412,0.0684152079832197,0.1010208779907484,0.1265774504569166,0.1101632720388428,0.1452167682863284,0.1104945689459009
0.0916684355546837,0.1035474981765274,0.0576762406133152,0.0832026327572031,0.0692748921526482,0.1014875389210025,0.1265367947318938,0.1101584225907035,0.1462595286961603,0.1101880157850981
0.090471434937932,0.1023523430128451,0.0565724150487374,0.0845538827619227,0.0703322495867696,0.1018930919303095,0.1261077299924499,0.1100025453245855,0.147882005038155,0.1098323023455817
0.0896011631076509,0.1009256235993729,0.0559388258429973,0.0860273177394853,0.0716734474528709,0.102175697623189,0.1258030690319201,0.1095912154899814,0.14903170595284,0.1092319341390516
0.0888341311845712,0.099409868634286,0.0555110906208629,0.0873144009248519,0.0730383473282232,0.1022065664875111,0.1251419365861664,0.1088747677689183,0.1512808802326371,0.1083880102114368
0.0882634490223977,0.0980920763784526,0.0553072055030172,0.0883305119672998,0.0740818128705972,0.1021466585233255,0.1242947901730444,0.1084736619591526,0.1533241342473319,0.1076856993349138
0.0876695599864332,0.0969551068215184,0.0551424083753408,0.089410861758695,0.0753955864336368,0.1019184715394007,0.1231841164566974,0.107997683985602,0.1555193130386061,0.1068068915836587
0.0866265797489077,0.0963940028048801,0.0547762051614427,0.0903505824736422,0.0764798187338756,0.1016795503331761,0.122122925372163,0.1078714467633319,0.1574270256639418,0.1062718629242393
0.0852999757414254,0.0957712039722642,0.0542314822708126,0.091438739926085,0.0777090567602206,0.1011626311086724,0.1210610895514384,0.1076107491016115,0.1602278690801613,0.1054872024669238
0.0837634052819665,0.095003818191013,0.0535111769975475,0.0926143322262975,0.0788996062708024,0.1005255704178193,0.1199358206870164,0.1071776677328385,0.1640163008356931,0.1045523013386741
0.0827737458167491,0.0944553940174775,0.0529511800957187,0.0936923628503367,0.0800010247280236,0.0999430655663553,0.1188730937690053,0.1068400153511252,0.1665801098840889,0.1038900079007839
0.0820341109639467,0.0943316467324777,0.0523765546479814,0.0945673281685843,0.0810472210632615,0.0992946387882577,0.1176090744862177,0.1065157720783535,0.1690634049477041,0.1031602481028665
0.0813504323537369,0.0945592497636907,0.051704283156383,0.0953013412013139,0.0819233789650767,0.0983378346281942,0.1159370162867585,0.1056814448600638,0.1727746470579857,0.1024303717064894
0.0804054306453948,0.0953024726573372,0.050674254810928,0.0961762861454359,0.0828384413029563,0.0971156297681301,0.114185839126738,0.1045544831114075,0.1770201193427933,0.1017270430686422
0.0794116311848057,0.0964931281013857,0.0494813502960617,0.0971646304049686,0.0836183078242519,0.0957949001541316,0.1125184950367395,0.1033795659763168,0.1810567904073008,0.1010812005938676
0.0793199143180555,0.0992199680726872,0.0484484017958281,0.0975122072439376,0.0839518463122895,0.0943704570683746,0.1106247953141097,0.1017671038393238,0.1846558760214285,0.1001294299939141
0.0797256506565544,0.1029971929120295,0.0474197338820347,0.0974770737652925,0.0839850526705685,0.0926541258644263,0.1081303084474314,0.0996065793720843,0.189109645084602,0.0988946373251139
0.0802957496208784,0.1074427317378266,0.0463131458839149,0.0970744126396808,0.0837231330080503,0.0906327971730116,0.1057305389522985,0.0974128776396024,0.1938970277864045,0.0974775855387528
0.0809020291379117,0.112914796316838,0.0452213166044977,0.0964847972219513,0.0833837813868233,0.0889781781946205,0.1036634719726856,0.0957017174977553,0.1970006963252658,0.0957492153223447
0.0808346928146174,0.1174964481443741,0.0439689471687466,0.095862373929797,0.0830495529014435,0.0872836022937784,0.1015087207347226,0.0938001148054795,0.2023648524045256,0.0938306947835074
0.0799258821420535,0.1204441034875084,0.0425761355319442,0.0961007900663966,0.0832866274562867,0.0853598035143182,0.0991343332192514,0.0921741501273578,0.2095172088918619,0.0914809655443897
0.0789799062305307,0.1240583519289159,0.0411225801084817,0.0963725269093682,0.083458970048323,0.0833957339639575,0.0965470019283073,0.0908727619100555,0.2162048945589509,0.0889872723948806
0.0779147953808445,0.1269305428452972,0.0398516637615913,0.0969295690747369,0.0838534747605488,0.0814990574788644,0.0938681569287774,0.0894497638205066,0.2231372610429612,0.086565714888043
0.077108564879841,0.1296698373077394,0.0387400135510125,0.0976965185230901,0.0843807519982659,0.080069193061207,0.0915088561764643,0.0880763526298596,0.2284125024138052,0.0843374094412402
0.0764656714001679,0.1330800148520458,0.0374386635787429,0.0986724781790649,0.0849382731802864,0.0784916943671546,0.08875293748439,0.0865603361884598,0.2330933399399344,0.082506590812648
0.0755789824168639,0.1372437138586219,0.0357323507236113,0.0995644693863896,0.0857199553090321,0.0764624891574825,0.0858337900929805,0.0849368987553103,0.2382103212304599,0.0807170290525573
0.0752436300370863,0.1430641627291311,0.0340510153214341,0.0999131188737733,0.0859493170945618,0.0744428612900562,0.0828542362431792,0.0828745636723329,0.2425100589807066,0.0790970357414776
0.0753100072479624,0.1509826966679996,0.032281266466407,0.0998068003888116,0.0859468080933433,0.0722649974564956,0.0798655492271239,0.0804166675825086,0.2454815403869157,0.0776436664666284
0.0756820429993576,0.1594188670067019,0.0307500296675877,0.0996837818550091,0.0856936025433257,0.0704325687658642,0.0770899061865848,0.0781108292095179,0.2469166510163989,0.0762217207342932
0.0768558729444261,0.1688706442407552,0.0294921657476405,0.0991322586606996,0.0851882962191424,0.0683916064130213,0.0743095350323337,0.0757048289454537,0.2477137815902147,0.0743410101914564
0.0785882786967984,0.178943601157359,0.0285396567934324,0.0983522767085004,0.0845643636146037,0.0663267690528777,0.0720168330558058,0.0734178891669201,0.2468696941461128,0.0723806375932229
0.0806672353262702,0.1901697675862221,0.0276233769114099,0.0973731768050939,0.0837251936098912,0.0640681395961755,0.069546051047707,0.0711166751941473,0.2452300674247367,0.0704803164844705
0.0830740069360715,0.2020849100617512,0.026711953547268,0.0962725110182086,0.0830216939810021,0.0615203530899208,0.067131360976411,0.0686075872947519,0.2430198300330485,0.0685557930482241
0.0853535984009091,0.2140688146378425,0.025841738992742,0.095298091964123,0.0824525984664376,0.0592341081166722,0.0645010664286222,0.0661700671381011,0.2402674461983323,0.0668124696433779
0.0875738310736948,0.2257382342650005,0.0250597639665811,0.094233376104426,0.0820158400822465,0.0571232998019664,0.0619612609187115,0.063895053268933,0.2370166620532041,0.0653826784528772
0.0897299560684609,0.2369752651161488,0.0243607165224497,0.0929711656437392,0.0811919144676658,0.0552825211241978,0.0596480364570796,0.0618170278986939,0.2337389560077807,0.0642844406818537
0.0914815717368874,0.2466107154037195,0.0237964898867514,0.0917840913833411,0.0806953870145126,0.0536867944444295,0.0576411989142306,0.0600291954691969,0.2309135566211339,0.0633609991142297
0.093331609059307,0.2560430873411921,0.0233518976686978,0.0904916140797551,0.0800469133079372,0.0521085424079522,0.0557409494831613,0.0582579549899851,0.2279836588560495,0.0626437727947325
0.0957540420050961,0.2662586393417601,0.0229898312376501,0.0888195523033779,0.0790116346557356,0.050468266024266,0.0539797201589094,0.0563556848620213,0.2243857425235132,0.061976886876792
0.0982755655265911,0.2763409411510809,0.0227095404334127,0.0872597493690864,0.0782809811771224,0.0488727228774869,0.0520527158612054,0.0544721978203555,0.2205397824042651,0.0611958033688604
0.1011223583840698,0.2868896913168955,0.0225812865107082,0.0856839967531749,0.0776305913425527,0.0472858980508719,0.0500770663503896,0.0525961657840732,0.2156654193823254,0.0604675261147338
0.1047891684107504,0.2982816116949328,0.0227598805141415,0.0834149235211441,0.0762334821334596,0.0457995345577748,0.0482260606735197,0.050673705738042,0.2101001970222244,0.0597214357241323
0.1084379823742954,0.3087247053279972,0.0230791866703382,0.0810844256232627,0.0747418425394748,0.0444702933757384,0.0466503057662496,0.0488772959634847,0.204880530392951,0.0590534319566314
0.1120830671717314,0.3186774531317807,0.0234864161257129,0.0787591627493236,0.0732873803153435,0.0432062630532015,0.045106417972334,0.0471794921761999,0.1997318803445034,0.0584824669505689
0.1160638485800286,0.3287322766893973,0.0240539204177858,0.0763786694468967,0.0718563930573048,0.0419366647760506,0.0436986345224985,0.0454749367225343,0.1938637757589376,0.0579408800195282
0.1205766586787748,0.3388187026067317,0.0249124375835197,0.0739577389165966,0.0700063579982192,0.0406205871669271,0.04218336188259,0.043782847547928,0.1878306772826608,0.0573106303272901
0.1257878740916355,0.3494064866419334,0.0260452453094456,0.0709997531571311,0.0676915573949474,0.0392920063338748,0.0405209206529172,0.042119110944112,0.181164563861278,0.0569724816042532
0.1309570332209579,0.3591003985501989,0.0273288095732981,0.0680245319993502,0.0654191988318322,0.0380206439872977,0.0390028626057129,0.0407046779207738,0.17454080931167,0.0569010339907191
0.1357810484712778,0.3676357456175309,0.028659147466455,0.0655761340963161,0.0634416454047174,0.0368069016765634,0.0376381214097388,0.0393774755408551,0.1683313753907197,0.0567524049179011
0.1402015875249608,0.3749435985444911,0.0299617373136531,0.0634086634449595,0.0616880091971628,0.0358014189669994,0.0364358565130986,0.0381975555869997,0.1627462531912965,0.0566153197086887
0.1440890649345426,0.3813639547367016,0.0310970457024394,0.0613894721436268,0.0600889454590686,0.0349228707004124,0.0353761206023355,0.0371655102706451,0.1578709116121252,0.0566361038306226
0.1475454490815474,0.3862538579206418,0.0322400312997564,0.0598619247718949,0.0589634534295806,0.0343219158947714,0.0345365907891355,0.0362594810462953,0.1537158664108163,0.0563014293482752
0.1507259304089808,0.3897961458367153,0.0334652111930703,0.0588512815825899,0.0582855969551393,0.0338238182474751,0.0338114453872359,0.0354182445806514,0.1499700618350337,0.0558522639660079
0.153469152491971,0.3923739897059112,0.034641373288074,0.058415060576007,0.0581315199685725,0.0333818987506014,0.0331585896140518,0.0346798332615332,0.1465832128208442,0.0551653695154953
0.1558304466091805,0.3943379547827918,0.0356775553811954,0.0580321993061404,0.0580183410662147,0.0330814625790651,0.0327058865615652,0.0341311429573914,0.1436258155032648,0.0545591952463875
0.1578966519379604,0.395477622401495,0.036639924943977,0.0578085921843474,0.0580913639104255,0.0328787340586589,0.032347373596524,0.0336645035801269,0.1410152863656038,0.0541799470142009
0.1597144215297714,0.3958925952311701,0.0375370987392043,0.0576489656555173,0.0581038789901576,0.0328256281062582,0.032086821573961,0.0333152373366579,0.1389840202617289,0.0538913325689936
0.1615105521064027,0.3958932383470498,0.0384717129978853,0.0575310751577169,0.058274095227443,0.0328309775829263,0.0318700926705394,0.0330113589946686,0.1370251961393749,0.0535817007694993
0.1633221932943398,0.3957750327802346,0.0394153935502253,0.0574673818402982,0.0585122852485033,0.0327795409122713,0.031685995553982,0.0327296292178918,0.13522821231076,0.0530843352850731
0.1649362132597243,0.3956029139754729,0.0402344894150942,0.0574154372659351,0.0587179177429124,0.0327195707615856,0.0314981365525131,0.0324863912101592,0.1336602775756362,0.0527286522346149
0.1665152597972148,0.3957102625476248,0.0409622517248131,0.0572902954670516,0.058938584370067,0.0326369623230113,0.0312218464667407,0.0322795207304447,0.1320748300075224,0.0523701865592206
0.1680670350217529,0.3959691122984622,0.0416100867054227,0.0572641848089291,0.0591772251936408,0.0325151630759694,0.0309626999319353,0.0321447944679903,0.1303138928528672,0.0519758056368024
0.169534041921376,0.3962909886326556,0.042218108659356,0.0573524234278581,0.0595936399287923,0.032380503351748,0.0307288677395913,0.0319968178287176,0.1282853294020225,0.0516192791017081
0.1707274043469318,0.3967193967861477,0.0426871881734811,0.057332691616789,0.0598482627242628,0.0322244805817559,0.030660380957505,0.0319398180304766,0.1264868034887246,0.0513735732877946
0.1718845043398904,0.39729092398471,0.0430759101743788,0.057399195763848,0.0602194359823864,0.0320973277870445,0.0305978286806332,0.0319075239285641,0.1243366779165338,0.0511906714359208
0.1728557414697658,0.3974739408988033,0.0433669432126501,0.057665731256151,0.0608237300998047,0.0320708433072075,0.0305457222323745,0.0317913482023925,0.1225251289691399,0.0508808703456635
0.173637498619578,0.3976928762114039,0.043536199815203,0.0578676220922765,0.0613459079996151,0.0320923946995768,0.0305713742652165,0.0316917742769651,0.1208118243442795,0.0507525276698777
0.1740495944665809,0.3973028277962266,0.0436757287987929,0.0583253096986869,0.0621529361255618,0.0321440703582956,0.0306723775281359,0.0315643446174836,0.1194843907892403,0.0506284198150243
0.1743749563104562,0.3969819928318724,0.0438214512261529,0.0588034988446923,0.0628522689142351,0.0322523544417276,0.030803008368892,0.0314153469411632,0.1180731160607681,0.0506220060540988
0.1746960270997927,0.3968054933313965,0.0439971117436149,0.0592707514420171,0.0636209459783924,0.0323366336282481,0.0308842240130339,0.0312496849956976,0.1165202535312332,0.0506188742306549
0.1748047992504892,0.3963196589002112,0.0441450126407462,0.0598255930678711,0.0645442037852005,0.0324162872485392,0.0309924159162615,0.0311599402444942,0.1151477838546115,0.0506443050856788
0.1747070486860722,0.3953070404100003,0.0442844082034551,0.0606459836089637,0.0656182777392389,0.0325007548512246,0.0311660725837238,0.0310977646620129,0.114080666203444,0.0505919830459907
0.174522428794043,0.3941981998607599,0.0444639393872576,0.0616073035178851,0.0668165092357053,0.0325565487552835,0.0314028643111206,0.0311284371775806,0.1128258862478936,0.0504778827066132
0.174311377809764,0.3930726207978226,0.0446491560582002,0.0626561618086397,0.0680695332688166,0.0326319198279791,0.0315907657577466,0.0311337339759858,0.1116048454052811,0.0502798852839188
0.1739543477248963,0.3916348188696164,0.0448389148833862,0.0638436017608269,0.0694844144174515,0.0326075064549921,0.0317038412649262,0.0310505198360805,0.1108361125732862,0.0500459222087057
0.17338422736124,0.3897279843159904,0.045029234664187,0.0653272733308565,0.0710562502011723,0.0325871578210727,0.0318067564323991,0.0310148642625178,0.1102566896124019,0.0498095619923426
0.1728678303589472,0.387918701385086,0.0452321978343305,0.0669417749563017,0.0727592559650582,0.0326303569164862,0.0319691480668056,0.0310921681521624,0.109051465236479,0.0495371011225283
0.172487674968279,0.3863887029982213,0.0454671620509194,0.0684207441399088,0.0743474197920776,0.0327214299461631,0.0321510384268943,0.0312410185752502,0.1075218197608057,0.0492529893356604
0.1720562885861642,0.3846634142424596,0.0456716125082625,0.0697606774540828,0.0758311345202732,0.0328865418017641,0.0323767185752789,0.031439621974754,0.1062492602206815,0.0490647301104528
0.1717536171449133,0.3833004102621294,0.0458659533441951,0.0709488002962253,0.0771268532182799,0.0331759597222631,0.0327586203832382,0.0317489706099396,0.1043749713384286,0.0489458436745538
0.1717292573585621,0.3825366681779086,0.0461602075500593,0.0720342297852552,0.0783408533911557,0.0334385676413479,0.0331157182540531,0.0320888166784196,0.1016100676328698,0.048945613524522
0.1716771976206884,0.3814344712005671,0.0465307415085868,0.0731511745284207,0.079579625510343,0.0336720089220571,0.0334324042133011,0.0324397097751323,0.0991065115286505,0.0489761551863927
0.1717544002467257,0.3803298362327946,0.0471639319788287,0.0741281444701941,0.0807288235307155,0.0338792477264916,0.0338061407784034,0.0327984500399097,0.0964023011571646,0.0490087238328983
0.1719326534689237,0.3787709659085091,0.0480655764753219,0.0748989542583045,0.081654004418945,0.0340779735071224,0.0339752288199026,0.0331147838574086,0.0945016830367928,0.0490081762428901
0.1722150611034279,0.3771437685132593,0.0490020693073044,0.0755561148090087,0.0825079306801529,0.0343101438653867,0.0339896074128898,0.0332972809222633,0.0929899918734862,0.0489880315069349
0.1725845039078543,0.3757018096440073,0.0499219027877091,0.076165944115977,0.0831876880282416,0.0345979224246885,0.0341017672261449,0.0334846824772913,0.0911849072109752,0.0490688721712101
0.1727600329660353,0.3741835126151847,0.0507307493346141,0.0768480532919397,0.0839144700817441,0.0350196979116263,0.0342918024105152,0.0338305647415635,0.0892031447663055,0.0492179718745454
0.1727487560743445,0.3720480058349862,0.0516154156545047,0.0776059932927876,0.0846600101458842,0.0355313243984402,0.0344875688953785,0.0342773925888543,0.0876268081627448,0.0493987249461164
0.172525384381964,0.3694424180806034,0.0523629845587261,0.0783102248487831,0.0854352565038536,0.0360146061920254,0.0348666710784614,0.0350222830292806,0.0864086087174413,0.0496115626028695
0.1724320716656126,0.3667787508048944,0.0532845955639203,0.0791442197884566,0.086315952006425,0.0365277455199308,0.0353116081715368,0.0356670212735259,0.0845512499548336,0.0499867852448218
0.1723372930039629,0.3635123380377954,0.0543531929894381,0.0798639316120373,0.0869822731874901,0.0370735734811152,0.035859825461772,0.0363988898813091,0.0832688547092177,0.0503498276297673
0.1723046284132305,0.3597204533770046,0.0555817669435692,0.0805220607840434,0.0876573212999935,0.0376562980721017,0.0365569336948762,0.0372364010891338,0.0820719253596652,0.0506922109602234
0.1723931185632965,0.3555723169040797,0.057055285562324,0.0811577010871109,0.0882207787406094,0.0382524381069025,0.0372426617616708,0.0381566023625298,0.080852628168233,0.0510964687370041
0.172594857553568,0.3510897675912466,0.0586278955212581,0.0818480813512977,0.0887860054394752,0.0388358540033554,0.0379529581034036,0.0390947222939539,0.0795952977374461,0.0515745603986672
0.1729246273186998,0.3465470278157547,0.0602981323964025,0.0825757660572911,0.0893796733843571,0.0394437563017707,0.0384984016566376,0.039828571734196,0.0785022797387179,0.0520017635897451
0.1731959413374661,0.3416009117994718,0.0619718203816186,0.0834527947494022,0.0901555190667364,0.0399807421162061,0.0389857679012914,0.0405243919140065,0.0777701266434373,0.052361984083838
0.1735705711538004,0.3370823879199799,0.063550295827715,0.0843068553492502,0.0906981738781414,0.0404715167767947,0.0394062477479312,0.041173264788564,0.0769996599673365,0.0527410265838684
0.1737852983560064,0.3322844838497855,0.0650405314409486,0.0852559223047028,0.0914286563113066,0.0410193949508696,0.0398933894566779,0.0418500253818216,0.0763531268568167,0.0530891710843507
0.1737891318999744,0.3267130889866987,0.0666004901302345,0.0864842737682808,0.0924543628547114,0.0417355365119869,0.0404259960075578,0.0426086334321587,0.075755002358416,0.0534334840431528
0.1738294751785239,0.3210029039075726,0.0681516391627756,0.0877298790057478,0.0933733580539467,0.0423443312214041,0.0411204726359859,0.0433765029211527,0.0751400610461108,0.0539313768598181
0.173627648107905,0.3145774566135375,0.0696876610044198,0.0890385816173401,0.0942982713819972,0.043012755324426,0.0419379727770547,0.0441799447500075,0.0751512062084738,0.054488502207727
0.1729280160622886,0.3067564259359562,0.0713812829129177,0.0907714995839993,0.0957211366102609,0.0437350199549705,0.0428806725434427,0.045119644850554,0.0756727129802285,0.0550335885581011
0.1720132158880189,0.298768903183444,0.0731822052082381,0.0925805718596764,0.0972356981797238,0.0445766354892087,0.0438764229025472,0.0461201061985598,0.0762021314999431,0.0554441095831785
0.1708709371729395,0.2905037870709205,0.0750139095608524,0.0944078061218089,0.0987027407978464,0.0455120782976944,0.0449322024700677,0.0472312043439234,0.0770566942543131,0.0557686399019813
0.1691243541195224,0.2815675907019078,0.0768098755616499,0.0962312561751445,0.1001188305008691,0.0466111299195938,0.0460996907032446,0.0485357875837757,0.0787410690046439,0.0561604157217874
0.1666125313038765,0.2713807048498293,0.0785484089523306,0.0985964879670392,0.1021400847354485,0.0479097863829502,0.0474271181829388,0.0500454035237735,0.0806748171304688,0.0566646569632421
0.163135918912181,0.25934444080877,0.0802668346966443,0.1017134426545367,0.1049647125841042,0.0494617053168856,0.0490614960729294,0.0517741306483439,0.0832832638762444,0.056994054420967
0.159099498910532,0.246392146147695,0.0819912103727638,0.1052936646396964,0.1081903077152272,0.051234855163825,0.0507345615579925,0.0535723632288107,0.086420139695922,0.0570712525588195
0.1545768566832469,0.2326614492836306,0.0837123913304368,0.1090527309758825,0.1117373926148251,0.053206839534386,0.0525462317447958,0.055501307436383,0.0897438088224992,0.0572609915648629
0.1497950849461072,0.2189447163040943,0.0853709599128321,0.1128168375549551,0.1154339645474768,0.0551392843904257,0.0544111128292258,0.0574460570763651,0.0931458046412235,0.0574961777879014
