0.237721246136042,0.3637301575431496,0.1168270275245132,0.0801491629003855,0.0831984662466338,0.0329659355481289,0.0134063737157719,0.0317250001691229,0.0276706077320966,0.0126060224809915
0.2351680249751762,0.3537239893582018,0.1173832121410541,0.082767711825344,0.0863495246242436,0.0341742261521597,0.0142155443946821,0.0313644020106919,0.0321091020626002,0.0127442624526792
0.2338125052439392,0.3464727917997175,0.1185149954409046,0.0839613362704165,0.0872994917015284,0.0337970099125836,0.0149145028418631,0.0317775415887381,0.0361336845881456,0.0133161406089706
0.2321286394024311,0.3396517370138173,0.1191463580761916,0.0840694099729479,0.086797642288092,0.0350044449179729,0.0164522291672482,0.0310328562109763,0.0418050709331538,0.0139116120139604
0.22949914131111,0.3330995423285638,0.1186602152642787,0.0848877675971512,0.0874098605978084,0.0357529646666912,0.0186674082462192,0.0305785530662096,0.047350650172905,0.0140938967458713
0.2271542961425332,0.3288244269705464,0.1177324850983299,0.0858428951283401,0.0879751635234144,0.0366298365507505,0.0209126240626927,0.0305438939728581,0.0501576817557418,0.0142266967916222
0.2250866708196392,0.3252110985279826,0.1168048987591694,0.0867846826680648,0.0891533574746793,0.0371557434155847,0.022897752402691,0.030488185185509,0.0522008403388451,0.0142167704046829
0.2232527374920987,0.3224962880230573,0.1158855583508012,0.0878881547316023,0.0906337282345385,0.0370656333806761,0.0246507612925718,0.030274507738144,0.05372977324866,0.0141228575047028
0.2208408457513719,0.3187855631852028,0.1146455301383415,0.0886534999146026,0.0917127188308488,0.0377472981408412,0.0266630982784003,0.0303611955471853,0.056303109845378,0.0142871403646699
0.2180376662192561,0.314375326702031,0.1132015637831483,0.0894870200802767,0.0926723549155755,0.0389752602219408,0.028628140871537,0.030661437665493,0.0596809486604584,0.0142802808771051
0.2154107484973416,0.3106568578682285,0.1116620862728565,0.090446105106348,0.0936288976863306,0.0405643343068826,0.0302618692690196,0.0308593967411797,0.0622006724558791,0.0143090317927293
0.2130636367867658,0.3076873799464357,0.1101274328340941,0.091935916260007,0.0949532207753885,0.0417053322802755,0.0317179669969933,0.0309904032581091,0.0634699925159813,0.0143487183427155
0.2110799810609717,0.3056796497250663,0.1086412345785023,0.0935284335268152,0.096449431616352,0.0425979315024655,0.0328159581587073,0.0306640656827021,0.0641464558894908,0.0143968582556549
0.2091921978765488,0.303825045712437,0.1071652078674944,0.0953458844769468,0.0981650317479523,0.043129325894036,0.0335867247745659,0.0303863627350802,0.0646705600488797,0.0145336588627417
0.2075093977583066,0.3021289040924961,0.1058165131508833,0.0969271332619807,0.0996122947807046,0.0435035855818563,0.0340250680766412,0.0302094535815714,0.0655068665277803,0.0147607831844086
0.2058336236540601,0.3004493429073356,0.1044409385846195,0.0984179883416621,0.1010417401126505,0.0438286225363131,0.0342307384332932,0.0301785944426021,0.0665576538936879,0.0150207570903505
0.2040550378344794,0.2986319529438488,0.1029718491290057,0.100131669716465,0.102682825011072,0.0442586932951454,0.0343275331567457,0.0300636723897742,0.0675782541792676,0.0152985123407221
0.2023426820161634,0.2972072532046045,0.1014801947646107,0.1019827091037752,0.1043469968418393,0.0446974855985921,0.0344569957714654,0.0298944025847373,0.0679924789748594,0.0155988011358372
0.2005036642089041,0.2954943114148369,0.1000060895468495,0.1039744173146964,0.1060840750953445,0.0450239342379096,0.0344085295136824,0.0298766337471496,0.0686782303280466,0.0159501145890233
0.1985983715951629,0.2935456553661238,0.098604074561292,0.1059758459975704,0.1078536866497484,0.0453712918689821,0.0343904645332411,0.0300004551845134,0.0693617913813839,0.0162983628583851
0.1963375183938326,0.2906939739295485,0.0972391328245252,0.1082286591988428,0.1097685758505698,0.0456940525005177,0.0343257281483753,0.0302879762244517,0.0708035012052775,0.0166208817204214
0.1940950423352554,0.2876740187305139,0.0960162789674535,0.1104194134424857,0.1116027646931344,0.0459047190444513,0.0341949744212491,0.0307894997697499,0.0723073203928127,0.0169959681992119
0.1922649429224184,0.2852227203076446,0.0950343323891928,0.1124984153950163,0.1133440624658111,0.0461208136030847,0.0341379449328403,0.0312494441914222,0.0726903024066691,0.0174370213821689
0.1904497681962447,0.2826296692596757,0.0941397995877085,0.114642881056787,0.1151689316870762,0.0462359453869599,0.034137535259539,0.0317817526445734,0.0729471220250785,0.017866594892573
0.1887146378242291,0.2799473228149454,0.0933804358511196,0.1167538204900778,0.1170121405121749,0.0464637771362192,0.0341095509067652,0.0323065330264067,0.0729540895230491,0.0183576919111713
0.1870329731825352,0.27735427913832,0.0926529163249365,0.1187636669471557,0.1187849237455201,0.0468905678044361,0.0339804908927183,0.0328022627773119,0.0729422973207816,0.0187956218623832
0.1856084922590163,0.2752126708311379,0.0920501730018948,0.1206061690022503,0.120375399872092,0.0473422288497545,0.0338522114006736,0.0330519036971521,0.0726968145821323,0.0192039364999326
0.1840319679466473,0.2725939594534582,0.0914587573836755,0.1225309922708935,0.1220571215469479,0.0477454761725384,0.0337898563688151,0.0333514979440202,0.0727592766134679,0.0196810942955075
0.1824050117962032,0.2697299165377867,0.0909229853514621,0.1244738431572441,0.1237027812217795,0.0479388281185937,0.0337836336369209,0.0337527972085174,0.0731049299193343,0.0201852730480636
0.1806278929210838,0.2665815138405292,0.0903462013468746,0.126465830179433,0.1254744534701584,0.0482026654515548,0.0337740911403359,0.0340157619712364,0.0738152703268988,0.0206963193477375
0.178855857471869,0.2634507499106711,0.0897885817887475,0.1285092480592554,0.1274714030595469,0.048366994358213,0.0336333241573249,0.0342360054716569,0.0744878135774823,0.0212000221410134
0.1770396793777839,0.2603577144757061,0.0892060477293804,0.1305063676377237,0.1293146586629168,0.0485139788327486,0.0334858543155769,0.0344130715630056,0.0754510656484977,0.021711561752383
0.1752798359553697,0.2573737482944896,0.0886571668540905,0.132246165195269,0.1312523070254065,0.0485828446015909,0.033383215791716,0.0345093968927578,0.0764996160531646,0.0222157033318136
0.1735856251938492,0.2545224823648242,0.0881205664012222,0.1338057193322331,0.1331752390176244,0.0486825800915603,0.0332779767993709,0.0345922768497949,0.0775149219885373,0.0227226119565991
0.1719824925841882,0.2519462501181008,0.0875708010811977,0.1350422931773465,0.1348770877301682,0.0488248496523272,0.0331838709433272,0.0346610998321151,0.0786963128092756,0.0232149420675167
0.1704604024752047,0.2495286621082445,0.0870284680442311,0.1361077619801051,0.1364718026288819,0.0488847648845231,0.0331332557594838,0.0347305536360893,0.0799717130387723,0.0236826154399738
0.1689902618842034,0.2473062359111906,0.0864623304770822,0.137046183973289,0.1380057156647348,0.0488457638456654,0.033110825695556,0.0348109442534195,0.0813176954759646,0.0241040428143534
0.1675587891835269,0.2451742698355158,0.085884659452763,0.1380266449169639,0.1395355757942041,0.0487779453423805,0.033102026074988,0.0348615621776923,0.0825075509971823,0.0245709762201917
0.1661123020580124,0.2430670787118385,0.0852504618108693,0.1389371670560705,0.1410630289211357,0.0487143003810993,0.0331319756722545,0.0349546008590293,0.0837916809576349,0.024977403567413
0.1647904505687946,0.241251374664361,0.0846319481036012,0.1397111270545049,0.1424120342102706,0.0486584688737904,0.0332132730990028,0.0351189336332099,0.0848386733237426,0.0253737164640278
0.1634677798325442,0.2392934193963855,0.084010604184321,0.1403535223808659,0.1436632756720285,0.0486888799980386,0.0333207202850156,0.0352851833517047,0.0861317426563134,0.0257848722380342
0.1621764281122577,0.2374485052220231,0.0833739557353133,0.1410623423422499,0.1449553885774211,0.0485594283732885,0.0335211186247838,0.035444812404397,0.0872771699029704,0.0261808507004946
0.1611060498316484,0.2360632157462874,0.0828098039878046,0.1416990306737348,0.1461272722234129,0.048488518816313,0.0337773509198688,0.0356613647045527,0.0876655297132723,0.0266018633782492
0.1601798815491725,0.2351607545217946,0.0823057753555195,0.1422379860504722,0.1472079204408076,0.0482978810562574,0.034081325386028,0.0358003387667028,0.0877363687518054,0.0269917681165298
0.1595083727579923,0.2351473701727211,0.0818430128100915,0.1425282861890829,0.1479619251394621,0.0480998471891176,0.0342741986348232,0.0359794225488936,0.0873408218300388,0.0273167427228165
0.1589347322153619,0.2356279298705755,0.0813598455964121,0.1426574153124973,0.1484785910260404,0.0478702484168753,0.0344932794850862,0.0361221009649849,0.0868212888141228,0.0276345682930351
0.1584246071842613,0.236307361322179,0.0808973609455101,0.142715931078754,0.1488583024869921,0.0476249962989608,0.0346741319050409,0.0362080212245235,0.0863353830079973,0.0279539045407277
0.1579263468662345,0.2368660518976956,0.080473340538494,0.1427545923586571,0.1492374428343049,0.0474776321006872,0.0348387734204929,0.0364033473618396,0.0857707841656545,0.0282516884508419
0.1575315512304885,0.2376842749217226,0.0800959044845635,0.1427135922332696,0.1494456896467847,0.0472556995594709,0.034997359345211,0.0364925894479195,0.0852532692892258,0.0285300698362063
0.1571714581761197,0.2386268393695382,0.0797218140977378,0.1425723909888369,0.149569365325389,0.0470293948396499,0.035179987140231,0.0365082644371498,0.0848196921576734,0.0288007934624975
0.156871259791345,0.2395665131429624,0.079424625888945,0.1422958217408332,0.1496245285912059,0.046824166467131,0.0353475345800617,0.0365258190265668,0.0844787135398395,0.0290410172258958
0.1566992122469554,0.2409217419586634,0.0791479090939188,0.1419296525027726,0.1494091195956249,0.0465862765317481,0.0355211013920441,0.0364526487517766,0.0840759084714331,0.0292564294498138
0.1564580685479328,0.2419944404827901,0.0788790618797023,0.1415948850115628,0.1492238321047095,0.0464461895830972,0.0357780386963718,0.0364657907046796,0.0836912449959677,0.0294684479878968
0.1562109900743206,0.2434176462031643,0.0785538705232885,0.1411270844703723,0.149005598600637,0.0463252681613652,0.0360008872550875,0.0364286289392295,0.0832288529093607,0.0297011728578449
0.1558541371693,0.2443214066592464,0.078260552096089,0.1407986029584291,0.1488899741497213,0.0462691287912882,0.0362515958777567,0.036420669436673,0.0829410595622671,0.029992873293853
0.1554430350364378,0.2446722911856096,0.0780412155986584,0.1406462542861058,0.1488261869768898,0.0463002537428167,0.0364618123751316,0.0364287477819926,0.0828351316351338,0.0303450713757941
0.1550044455013461,0.2449299805465482,0.0778703081985862,0.1405142946978458,0.1487300625813518,0.0464134994977504,0.036609048192138,0.0364759922596907,0.0827432407900644,0.0307091277291899
0.1545504099230231,0.244992000892575,0.0777924826903504,0.1403945482612031,0.1485947117051198,0.046593910656218,0.0368024221564949,0.0365788495406509,0.0826458402497985,0.0310548239190169
0.1540971125979441,0.2446815539620574,0.0778693803857772,0.140292492752579,0.1484813167189117,0.0467934710853535,0.0370440610314629,0.0366935634223456,0.0826258764431865,0.0314211715947693
0.1537019441579837,0.2442232856737698,0.0780626309844157,0.1401980873368659,0.1483808476797888,0.0470265883368851,0.0372487275625025,0.0368103306136327,0.0825717420885022,0.0317758155599767
0.1507200689224557,0.2399644981285329,0.0771098600209164,0.1419176060753812,0.1502864231471222,0.0476999532658535,0.0382137301921772,0.0371167087043305,0.0842346180028615,0.0327365335345494
0.1477680159880782,0.2359905404089936,0.0761282832694157,0.1434904772960682,0.1520312400900385,0.0484013028711238,0.0392008786212268,0.0374781287528864,0.0857489102863521,0.0337622224098488
0.1448167148723052,0.2322221942494451,0.0750504947422598,0.1450160968646626,0.1538340219757872,0.0491523839536173,0.0401550812977996,0.0378090149786262,0.0871412125906389,0.0348027844687379
0.1419363377855044,0.228569049588418,0.0740925357615162,0.1466447131437467,0.1558038841632497,0.0497049586684413,0.040942197791839,0.0383292020261917,0.0881256304710783,0.0358514905937343
0.1390703922467991,0.2249333264037802,0.0732839840565789,0.1482846725269836,0.1577831836374138,0.0503151889555983,0.0415574880635988,0.0388706744744909,0.0889581689537521,0.0369429206745471
0.1360465096215679,0.2209638416814411,0.0725576326001019,0.1499270456646582,0.15980635193339,0.0509004128702244,0.0420954579547252,0.0394277184598988,0.0901798514658864,0.038095177741459
0.1329258673414475,0.2167822098550202,0.0718408003198133,0.1515479939872994,0.1617268643355763,0.051547529599436,0.0425926938125645,0.0400236690284029,0.091630542206442,0.0393818295071492
0.1298640991561835,0.2123514401931026,0.0711415013822627,0.15303093495713,0.1634854355973961,0.0523773547721323,0.0430480377481019,0.0406885919228453,0.0932521862585955,0.0407604180051945
0.1271554152724507,0.208332829278529,0.0706861859795515,0.1545468204378382,0.1652803568236862,0.0528946074215618,0.0432468682955702,0.0412601295147622,0.0944807065460316,0.0421160804227528
0.1247273250613399,0.2046654803062916,0.0704362795709907,0.1558618683265377,0.1669217104022482,0.05313503615535,0.043279244702677,0.0417443977868772,0.0957216609245312,0.0435069967556837
0.122405831984263,0.2008435834310676,0.0703580517955722,0.1570027742650006,0.1684027767660634,0.0531461049597359,0.0432780620029334,0.0422853886501892,0.0973482158806759,0.0449292102568195
0.1200721653958767,0.1968280458297017,0.0704097868371374,0.1578046991223878,0.169635161428044,0.0532478550971278,0.0432400841358052,0.042868658192248,0.0994948627092825,0.0463986812445011
0.1175249979832545,0.1926842335539956,0.0703862915186011,0.1582813654981105,0.1705517447296087,0.0533542023769048,0.0433954159448398,0.0437377037602671,0.102165614744328,0.0479184298819971
0.1151077858721203,0.1885264860720656,0.0704073364923612,0.1583674350006723,0.1710267390338314,0.0535325947221167,0.0437784922286403,0.0446759225259047,0.1051750452325018,0.0494021628114983
0.112998957742805,0.1843690530487057,0.0707041352540721,0.1583694812140143,0.1714018651961695,0.0537108009169219,0.0442686185468224,0.0454930886081333,0.1078540385492221,0.0508299609146618
0.1109890421730463,0.1803547169548581,0.0711088944797233,0.1581942686413009,0.1715279188838929,0.0538817661638594,0.0448627176827224,0.0462535261492708,0.1105840365326552,0.0522431123300155
0.1091235756430224,0.1764906617187183,0.0717439176510783,0.1578455317170196,0.1714867463010261,0.0539049856736717,0.0455618207659083,0.0471499479984918,0.1130028103886672,0.0536900021335449
0.1071322933737458,0.1724945453368454,0.0726577770734405,0.1573609862573778,0.1713973853102373,0.0539616849581835,0.0460808615725292,0.0481268217542473,0.1157066038336671,0.0550810405206597
0.1054542292803472,0.1686318129885303,0.0735669664916939,0.1566219712828378,0.1711144328877331,0.0541146239356939,0.0467818197775202,0.0490510547794555,0.1182151937951551,0.0564478947717482
0.1038960895752031,0.1649745212637567,0.0744640165353902,0.1557416691414111,0.1707130800867775,0.0543339133897955,0.0475273824848229,0.0499270505416674,0.1205543915520255,0.0578678854196359
0.1028323109564512,0.1622789376136644,0.0754663682425227,0.1544272462571579,0.1699871054537026,0.0544899363914777,0.0483361644533036,0.0506452746422669,0.1222306984496199,0.0593059575300893
0.1020676415160411,0.1601232462657049,0.076482094639055,0.1529137361505644,0.1691566187738454,0.0546856409927399,0.049216024935363,0.0511884139447576,0.1235482674751862,0.060618315296773
0.1011317543123441,0.1577039881868597,0.0773543528450537,0.1512161354379319,0.1681301691325406,0.0548744995930786,0.0499840775552855,0.0517080739572228,0.1260801143310063,0.0618168346384941
0.1003112662416032,0.1558265587973324,0.0781046722404172,0.1493421774288753,0.1669080675205903,0.0551180568469176,0.050721350578937,0.0521365680571902,0.1285721841446893,0.0629590981330512
0.0993378218706164,0.1545160912846862,0.0786460490001923,0.1473356668233397,0.1655460100221522,0.055271570397355,0.051498281568838,0.0525364444569942,0.1314256901076682,0.0638863744575555
0.0981527685680395,0.1534250086865169,0.0790617771147314,0.1453729744462133,0.1641822464465076,0.0551739942636731,0.0524749660638971,0.0528712669252863,0.1343640983450348,0.0649208991292921
0.0968895137131944,0.1522063173815924,0.079475021690646,0.1435004920775967,0.1629308019287763,0.0550158721401401,0.0535076654063855,0.0534300155394936,0.137135137829686,0.0659091622814809
0.0960545619945301,0.1518861930578711,0.0800218661561542,0.1414098632110284,0.1614519187186268,0.0548543888270429,0.0545551957644503,0.0537684042012779,0.1392196219737924,0.066777986084024
0.095570417290535,0.1523189059116108,0.0806561019558816,0.1392181143092853,0.159963957112738,0.0548592175769,0.0555094871288483,0.0539298738285227,0.1403695725179523,0.0676043523563321
0.0954082933306559,0.1531940487896584,0.0814726871206302,0.1367726533015374,0.1581485777795508,0.0547334733120123,0.056508639012509,0.0542732539767748,0.1410302408630667,0.068458132502015
0.0953358218517673,0.1542241556698371,0.0823778853715076,0.1340858421679368,0.1558132645092748,0.0547594481634976,0.0577447056199421,0.0546979882059073,0.1417058030490615,0.0692550853794891
0.0956452071878284,0.1553813437802135,0.0835747906822617,0.1312896180669259,0.153516531577214,0.0547900605897216,0.0589088224061047,0.0552176993158694,0.1417270112851051,0.0699489150967766
0.0963968383807953,0.1563622184363506,0.0850299156068971,0.1285697629901601,0.1507720752271773,0.0548675328864544,0.060005241123758,0.0558032443701852,0.1415778018946855,0.0706153690713608
0.0972133361192682,0.1573175015634772,0.0865665839062567,0.1259370907374687,0.1479511704797781,0.0549350585894023,0.0611370402139088,0.0564899473401155,0.1411401663673504,0.071312104670595
0.0977075447877464,0.158230755497391,0.0877765050094322,0.1237152850067353,0.1453626998417916,0.0550710190225426,0.0623227277159624,0.0572944870753221,0.1404753193733155,0.0720436566571765
0.0977310671865944,0.1595481392858414,0.0883566528554896,0.1217229542838551,0.1428286868081027,0.055607847507254,0.0636352260841172,0.0583205839733247,0.1396389331264045,0.0726099088762354
0.0977044246649561,0.1606505575120091,0.0890080010498998,0.1198933053490421,0.1402617336327171,0.0563229442348314,0.0650160975066091,0.059337605449469,0.138625183169895,0.0731801474175827
0.0978080557099548,0.1612608215626744,0.0898247247156377,0.1179572318016196,0.1375619467379078,0.0571404210185244,0.0664518645611561,0.0603964203667449,0.1378180867464565,0.0737804267661297
0.0981951847694557,0.1620739688934479,0.0909548136634634,0.1161754866142766,0.1347210377255832,0.0579014309184331,0.0676955076116967,0.0614195525492145,0.1363997663499456,0.0744632508910776
0.0987141812538276,0.1621102231771852,0.0924034101581629,0.114626294537497,0.1320964056680788,0.0585896458192697,0.0687825321350469,0.0623415575526601,0.1352024457791197,0.0751333039055446
0.0994801471875375,0.1623425544660678,0.0939689820038955,0.1132685149796574,0.1294563515635818,0.0591461887205084,0.0697839087717852,0.0632148188744335,0.1335943672504723,0.0757441661682784
0.1003782036230038,0.1623795775513569,0.0958041867343623,0.1117274216047232,0.1266142388788499,0.0599984177642831,0.0706298023947798,0.0641265649443629,0.1319486632878416,0.0763929232024807
0.1010847261296828,0.1616948079681493,0.0977183068802694,0.1102531949148178,0.1239138657346851,0.0607437579629428,0.0712997189991488,0.0647277035954168,0.131704812182179,0.0768591056186053
0.1014534385387397,0.1600232887717622,0.0994497828050404,0.1090170650669536,0.1213517713107683,0.0618569902010041,0.0719983467871494,0.065537702674242,0.1321825147074327,0.0771290991226526
0.1011479777577182,0.156333564450035,0.1010978492954911,0.1082876063111022,0.1194094318672443,0.0630634986151971,0.0730756110026568,0.0663711970905028,0.1337453268595823,0.0774679367360351
0.1004891252209127,0.1514805882671503,0.1026635722596791,0.1078955347925161,0.1178504047922565,0.064437825317661,0.0741852385170609,0.0674077921091278,0.1358044995957838,0.0777854191132332
0.0996341295315541,0.146169905020481,0.104240851569797,0.1075825412239913,0.1165012606262984,0.0658825196012825,0.0754864832574983,0.0686229716165211,0.1376552946992019,0.0782240428385542
0.0988508675840177,0.1410259148346344,0.1060368711920434,0.1072641993615028,0.1151316599548498,0.0670841662747639,0.0768821716856884,0.069560893139198,0.1394978734979416,0.0786653824603379
0.0976503141891793,0.1346783806782107,0.1081177159593828,0.1069897204732315,0.1140403244983267,0.0685845728831528,0.0784442277894363,0.0708967878792622,0.141367438180911,0.0792305174536541
0.096150454737906,0.127973178056166,0.1102675773063148,0.1069347360868643,0.1130813118592044,0.0701910549926657,0.0800444594826544,0.0724885195930394,0.1429913859072891,0.0798773219624041
0.0940939413159914,0.1213880809976729,0.1120956454462161,0.1072430031944671,0.1122972723694792,0.0717939455221584,0.0816233464059183,0.0741300105983926,0.1445703805782119,0.0807643735557464
0.0914454084526411,0.1138465205212131,0.1133562555117056,0.1079706945101989,0.1122309948532184,0.073501781125224,0.0832750348535139,0.0759954240895477,0.146479111411599,0.0818987746551153
0.0895733728991114,0.1065703235038039,0.1142200689240719,0.1087570570747163,0.1122942644706918,0.0750254048068718,0.0845951640820144,0.0775701752765333,0.1483690483632049,0.0830251205827061
0.0880883986167078,0.0977833398334727,0.1151756497050748,0.1100002422223966,0.1125236576912768,0.0765327329429839,0.0859783806479476,0.0792771502285373,0.1505031939259602,0.084137254169122
0.0875634625110426,0.0906342376941783,0.1159774413283215,0.1110628467484151,0.112551144202362,0.0776644501778339,0.087036621484597,0.0806417388812605,0.1519676835240804,0.0849003734312044
0.087916259474095,0.0852807022999668,0.1164824662523712,0.1117002353398902,0.1125910315957409,0.0784190626135636,0.0879532132375574,0.0817788956291063,0.1524916136518112,0.085386519889079
0.0886951097122633,0.0806634335623853,0.1168593557287478,0.1123139231120332,0.1128574527924454,0.0788328089517761,0.0887211322715438,0.0825702625626567,0.1529032020202003,0.0855833192690717
0.089803241189149,0.0768821295829585,0.1170184441713437,0.1129557503117129,0.1132639079725394,0.0789764913115638,0.0890979330218632,0.0830424685514721,0.1531697771480755,0.085789856722424
0.0915304473766224,0.0742565763496103,0.1168076180559787,0.1135518709682722,0.1133094212395119,0.0790330956186488,0.0892533675483385,0.0835442463735285,0.1529499666592119,0.0857633897933838
0.0926738798813521,0.0723980893975594,0.1162934420269039,0.1141216408098825,0.1134092084319544,0.0790381423175348,0.0893699891763506,0.0840591753634139,0.1529114567031164,0.0857249758750549
0.093569345788136,0.0711955302159002,0.1157789570130556,0.1147502662524975,0.113449837024716,0.0789898582066564,0.0892903408128625,0.0844700580763603,0.152773966124656,0.0857318404682965
0.0943186106529947,0.0701993301130486,0.1151212269797851,0.1155557432259051,0.1137205476961679,0.0787492631282412,0.0892145265951944,0.0848629879243131,0.1524881343188206,0.085769629348678
0.0947596257870391,0.0692746724557819,0.1143920886729291,0.1165412342227322,0.114127048387793,0.07874639875377,0.0892173609355969,0.0852164423509713,0.1520011911964342,0.0857239372201112
0.0950538219095691,0.0684904026805613,0.1130634178491902,0.117643251330181,0.1145939153792987,0.0789127367591959,0.0895434431532194,0.0854248383781046,0.151500164934409,0.0857740076094454
0.0954780376707465,0.0678669240528533,0.1112778064505114,0.1187980087742044,0.1150972619947198,0.0790310846063747,0.0899647883249836,0.0855816268728525,0.1508513465143082,0.0860531147216402
0.0968309483906344,0.0673209198896038,0.1093965659048045,0.1198873578997539,0.1155752298424761,0.0790574977944232,0.0901990369582633,0.0856179667115827,0.149844752865585,0.0862697237260954
0.0981846613824597,0.0669454308597731,0.1075506842058158,0.1211186883590663,0.1161882949581919,0.0789899738581454,0.0903573771822506,0.0857585192585407,0.1483901500766744,0.0865162198423201
0.0995637828532289,0.0667629230762949,0.1059327424565664,0.122327788912684,0.1166650610931063,0.0787524446754742,0.0904524681193722,0.0859649358325552,0.1468077387030487,0.0867701142609227
0.10080479485319,0.0667230335594023,0.1042314435759267,0.1236358029571516,0.1172383978162844,0.0786854696716474,0.0905689812454672,0.0861801192522895,0.1449957246388578,0.0869362324130634
0.1018231493340268,0.0666267414633235,0.1027360860411621,0.1252815722711725,0.1180614720984812,0.0785944297689971,0.0907848706528576,0.0863687270933722,0.142237485053506,0.0874854662063658
0.1026360553722972,0.0666472568601129,0.10135358371638,0.1270977078181073,0.119071920535947,0.0785407524417479,0.0911028838526702,0.0865985080181681,0.1389019116156395,0.0880494197521596
0.1032855686270192,0.0667632707781717,0.0998478010039344,0.1287803638268789,0.1200733388325974,0.0784988863216997,0.091383931971858,0.0869048991619235,0.1359285676547463,0.0885333718043701
0.1041367696129324,0.066502917317655,0.0987923844432783,0.1307082272608122,0.1212366513308954,0.0785879535348354,0.0914331888258921,0.087145951819798,0.1324811888474656,0.0889747669896027
0.1048125888432567,0.0665023944827024,0.0979169387719307,0.1326473014288516,0.1224431755771558,0.0788920645016675,0.0912604950170224,0.0873825963364665,0.1286771748653301,0.0894652701587442
0.104920217319765,0.066770628842673,0.0967189928194606,0.1346731978900965,0.1237393044336656,0.0791995876744527,0.0912423167232453,0.0877007397105847,0.1250253324757315,0.0900096820934061
0.1047355496979878,0.0668348448575233,0.0955948926653902,0.1369059693854586,0.1253959799311466,0.0795488088789145,0.0913654690463225,0.0879772267617711,0.1210487756964448,0.0905924830620638
0.1041317135963939,0.0667327253659949,0.0943006238809687,0.1390216134431221,0.1269485327802857,0.0801258315284904,0.0914415206248892,0.0882187154887778,0.1178626553279873,0.0912160679460619
0.1035072096246832,0.06619350426904,0.0927993051193411,0.1410977064723483,0.128398128995656,0.080564502600803,0.0917328901494363,0.0883420989729551,0.1152939861568072,0.0920706676218513
0.1026747668490068,0.0658698259724509,0.0915765577968348,0.1430175850098008,0.1297744747871206,0.0809657379321895,0.0919253436565637,0.0884144497633182,0.1128700562493145,0.0929112019662766
0.1019570697923725,0.0655692659609092,0.0905384375231421,0.1445883742117358,0.131040613191916,0.0811666774082697,0.0920999512735888,0.0884422469632874,0.1109305905733707,0.0936667730842368
0.101265328664847,0.0652494190981198,0.0895370658855943,0.1459572876116485,0.1321931796480907,0.0814761845975144,0.0922875214292496,0.0884514520659468,0.1090880559636044,0.09449450501816
0.1004357270094884,0.0648145644749842,0.0887850441821794,0.1473165820880816,0.1332059384862509,0.0816306446765682,0.0925497098663165,0.0882758131212715,0.1078192752570066,0.0951667008205726
0.0996994098504744,0.064451481346922,0.0881607515456218,0.148590462042364,0.1342210790658002,0.0817652932377753,0.0929119373916572,0.088022893386194,0.1062605915145483,0.0959161006013023
0.0991928264285011,0.0641085558151586,0.0878136946589908,0.1495827042082461,0.1349929679476203,0.0818827057470455,0.0931381277806836,0.087600067276175,0.1050405037809184,0.0966478463392902
0.0993902899426272,0.0637296071678061,0.0880899072344781,0.1501652285820559,0.1355065271343413,0.0818602548237897,0.0933380765429845,0.087119408944576,0.1035655252183557,0.0972351743915991
0.1001573771403892,0.0633410325446902,0.0887651623649558,0.1503367353407166,0.1357586798754918,0.0819043053906291,0.0934422340351176,0.0866735291316544,0.1020751810261578,0.0975457631328201
0.1012020449635083,0.0629007763772988,0.0896937199568445,0.1503111568737448,0.135775601402866,0.0816969231966986,0.0932493643848529,0.0861418327003017,0.1013401781322854,0.0976884019942542
0.1022543186415615,0.062432509656012,0.0905606308316903,0.1501898150314869,0.1356771006810552,0.0815384415584257,0.0927927840139966,0.0857767365267061,0.101016441317916,0.0977612217238585
0.1032345808025273,0.0619646331779017,0.0913302685145799,0.1495450829974602,0.1352766380825276,0.0814736733347583,0.0923184499465466,0.0854865893996501,0.101581162044637,0.0977889216821986
0.1042162005195774,0.0615965620896723,0.0921081370692418,0.1489589632048636,0.134832942057326,0.0813003712101662,0.0916880149419787,0.0852740580558229,0.1023779565959628,0.0976467942382448
0.1053363760815971,0.0615640794049141,0.0929718607748301,0.1480153115330704,0.1342883268519931,0.0810104929980195,0.0908480643808186,0.0851248036312658,0.1032816372532482,0.0975590470731383
0.1060757174722786,0.061674639854665,0.0935899671593035,0.147003762284544,0.1338086128935716,0.0807183843277581,0.0902117441384357,0.0849191034210189,0.1046034584277494,0.0973946100036156
0.1062360362939004,0.0616232686200751,0.0939343099897641,0.1461900116097548,0.1334798647529284,0.0806197445989181,0.0897320997537652,0.0847540186211756,0.1061481108806065,0.0972825348620785
0.1062513643256125,0.0611771737103956,0.0942546874383935,0.1453242197951814,0.1329976953311333,0.0806372123538743,0.0893398770552076,0.0842563106752565,0.1088053780341692,0.0969560812637951
0.1066738569995179,0.0604311184235316,0.0951651812532012,0.1443478623804233,0.1323951504122567,0.0804000137472051,0.0888050460754297,0.0836124705199135,0.1116839875055309,0.0964853126660768
0.1079551097859376,0.0596136911486767,0.097114845947102,0.1435362752546108,0.1318473436180895,0.0796722753301396,0.0881163907531122,0.0829314909495588,0.1127300466924705,0.0964825305034207
0.1092784977054744,0.0592594938840737,0.0991182432163239,0.1426349667510291,0.1312644275110809,0.0789245834661807,0.0873539563084294,0.0823977723005087,0.1130598222751807,0.0967082365648622
0.1105731709060916,0.059866448707086,0.1010626460949905,0.1417643845590211,0.1307458559565465,0.0781166733432852,0.0867048509392147,0.0821330845906831,0.1121397691589596,0.0968931157272737
0.1115494728036171,0.060930877423909,0.1027023426677623,0.140691826709053,0.1301576285845111,0.0772196710105744,0.0861871700096342,0.0820168395402726,0.1115336185494198,0.0970105526844288
0.1123208734244171,0.0632231218078818,0.1035019928577121,0.1393720258101997,0.1292698685818245,0.0761856532480159,0.0858096451951314,0.082058169007737,0.1111445852063512,0.0971140648439481
0.1130323174523263,0.0663477642462551,0.103917943839786,0.1379756681243401,0.1283284745680923,0.0750942186003614,0.0854896077049305,0.0822329594020013,0.1103839739734264,0.0971970720717275
0.1135154479322453,0.0693675825998017,0.1037480414560631,0.1367521384755914,0.127545720354543,0.0741515228749666,0.0851771200336834,0.0825824537049156,0.1099030730454683,0.0972568995059926
0.1138833543845722,0.0728986170036129,0.103074651543192,0.1355863014216931,0.1267662719123916,0.0732158907401744,0.0849171559572274,0.0828374678932883,0.1094654014122066,0.0973548877149447
0.1143323013858284,0.0766771790814306,0.1022498469965994,0.1344236576523969,0.1260336361460678,0.0722899625846618,0.0845252195094644,0.0832261238560476,0.1088584324868668,0.0973836402839904
0.1150053027847205,0.0801954731458297,0.1016189463290827,0.1331820013482069,0.1252528453129665,0.0713403622050657,0.0840532255868374,0.083309392311376,0.108214783856233,0.097827667103083
0.1158166116318875,0.083033752958063,0.1012500283160789,0.1321132569519616,0.1246499580362042,0.0703319329424829,0.0835815444827374,0.0832213972421719,0.1075972190047849,0.0984042984170665
0.116669610476525,0.0855423306379558,0.100985683456658,0.1311919682156455,0.124089649070883,0.0694346482884187,0.0827848184681603,0.0830785820136777,0.107219267048605,0.0990034423069338
0.117277316768635,0.0876104079933718,0.1005288027810695,0.1304272565747174,0.1235166473504162,0.0687006234631701,0.0818543605781941,0.0830737001189829,0.1072891720850015,0.09972171226993
0.1177148637289032,0.0902554125954679,0.0996461450733096,0.1298618987510496,0.1229620230857668,0.0680984179748668,0.0809104030765935,0.0831497139683779,0.1070180566486472,0.1003830650805306
0.1185437528245172,0.091757159508498,0.0991037218942361,0.1293619056653413,0.1225323088195694,0.0673129640613123,0.0799267560196953,0.0830451481561561,0.1073492730352298,0.1010670099989751
0.1201162861567498,0.0932582407098714,0.0987488998297612,0.128707447481399,0.1218916931399506,0.0665993237895151,0.0789878499485406,0.0830342620192851,0.1071169040100604,0.1015390928984221
0.1219509426986209,0.0938369921402938,0.0992680991096602,0.1279460195367492,0.1212996677532735,0.0659474676459082,0.0780920898210781,0.082901058896719,0.1069133010338966,0.1018443613473723
0.1233416521406223,0.0942877178781331,0.1003881635459268,0.1271569665651443,0.1205942194033201,0.0652161082286632,0.0772524063463416,0.0827459295309382,0.106934829555059,0.1020820067894413
0.1245444541876522,0.0951735590951959,0.1017262539043169,0.1260233856797449,0.1196975328026607,0.0645666963624919,0.0765635051034845,0.0824867747800194,0.1067592962921781,0.1024585417758369
0.1252883991421812,0.0960306435056517,0.1030577688896966,0.1250842190778161,0.119045411626208,0.0640110777361423,0.0759664029001178,0.0823656625595463,0.1064458285863924,0.1027045859598261
0.125522514039828,0.0974682613748229,0.1042488783713663,0.1241283282372322,0.1183409095608939,0.0635792861551615,0.0753858058678011,0.0822103134640364,0.1061842895523918,0.1029314133600398
0.1254044073146389,0.0995757304274004,0.1053091321995592,0.1229703678411244,0.1174724151994494,0.0632219256141048,0.0748609812197324,0.082139455583765,0.1059259116425423,0.1031196729412473
0.1253784994321045,0.1014276046355279,0.1063470396193244,0.1217680891460088,0.1166893906179338,0.0629102305868915,0.0742962581722608,0.082102972665729,0.1058785448921373,0.1032013702156367
0.1249384241262196,0.1030969609646225,0.107173857765274,0.1205283370724748,0.1162961440276569,0.0626161330606933,0.0738017957043302,0.0819030103711071,0.106255057320357,0.1033902795707934
0.1245613621932462,0.104292234331893,0.1074936881048704,0.1196016268361264,0.1160988819183544,0.0623370378846352,0.073428076714845,0.0816649819779079,0.1069105144604883,0.1036115955611317
0.1243298776614806,0.1053387238056599,0.1074754006844016,0.118703847420838,0.1159502903513864,0.0621865350999927,0.0730673488908126,0.0815220436984653,0.1077312748815833,0.1036946574888593
0.1240422256846859,0.1066318510258879,0.107265661193351,0.1178422914593369,0.115764357856376,0.0620025673920413,0.0727315912049617,0.0812864203940532,0.1087916348418248,0.103641398930942
0.1238690433613514,0.1081201517539722,0.1070281874929927,0.1168140384650016,0.115343348691226,0.0618214458762866,0.0723377902049545,0.0812815829339644,0.1098164583211988,0.1035679528824979
0.1235216183859861,0.1106026640010894,0.1066928162913432,0.1156559463671115,0.1148663590624527,0.0618919669578232,0.0716955361998881,0.0812987773506907,0.1105383715674353,0.1032359437996296
0.1228353270927509,0.1128063390553888,0.1065885923769019,0.1147331090785965,0.1146579671416435,0.0619869195303739,0.0711283790918643,0.0814369186157758,0.1109248401150574,0.1029016078850872
0.1209971542687362,0.1148773881671596,0.1063926365611537,0.1139543742866282,0.1146505671526944,0.062154264412626,0.0706262579424634,0.0816664622696518,0.1121102812756492,0.1025706136466689
0.1189704596827851,0.1168258952170644,0.1060532558824486,0.1131832837995894,0.1146052956805822,0.0624468587002598,0.0702571697883956,0.0816279356475774,0.1138075230445714,0.1022223225401565
0.116738792346765,0.118350770703606,0.1057530682052212,0.1126844186094557,0.1147651973568758,0.0628466273075271,0.0700251968564927,0.0816921347090456,0.1150142442813354,0.1021295496070729
0.1143794887549475,0.120503183771037,0.1052090595283864,0.1118114330274542,0.1145339311595542,0.0631323203083449,0.069676082073721,0.0815786780686812,0.1172948260522157,0.1018809972390622
0.1120894218919794,0.1236339313777906,0.1042851432863502,0.1101837184596067,0.1135725097996843,0.0638442776745497,0.0693292436018923,0.0815412920439496,0.1203085610211885,0.1012119008264924
0.1094135208021357,0.1282350101431361,0.1028022989205795,0.1077138916594077,0.1116487766342834,0.0647315178353084,0.0689939323963408,0.0812576804156956,0.1252437044350357,0.0999596667417552
0.1069043533428569,0.133188820121777,0.1014700639642507,0.1054054551335808,0.1097350987973652,0.0654917994969464,0.0686724901959198,0.0807382339998574,0.1296727769846602,0.0987209079466683
0.1049451939723063,0.1376163067074246,0.100559687114756,0.1034721843701075,0.1081929227672224,0.0660955650466082,0.0682080168395061,0.0803255083189296,0.1327580242451024,0.0978265906020772
0.1034039814965454,0.1432660491130355,0.0996548216897361,0.1014596098275696,0.1065121090523406,0.0670194003496003,0.0680597788856863,0.0799501407714837,0.1339125601399877,0.0967615486582231
0.1021894926125435,0.1488865691442304,0.098790366819524,0.099493741203258,0.1048211060239799,0.0678176902334478,0.0680214371392092,0.0798454030044376,0.1345590229874319,0.0955751708163151
0.1013998619488816,0.1541830569482094,0.0980891822286839,0.097714149616706,0.1031599727948788,0.0683669507158619,0.0680467551099862,0.0798355443420375,0.1346830043025744,0.0945215219767126
0.1007114169160357,0.1596616998892117,0.0973393024261061,0.0957587885525292,0.1013275022382969,0.0690000811617896,0.068132250787895,0.0797670918305637,0.1351174180670438,0.0931844481152396
0.1000797802381401,0.1649670806240349,0.0964780737160305,0.093771154552832,0.0995006645667796,0.0697922928432014,0.0686707538320351,0.0800180278147494,0.1350765734814763,0.0916455983156183
0.0994265360043684,0.1700027221817614,0.0956813309901168,0.0917746338682701,0.0976835282957513,0.0705467976096059,0.0692314514645896,0.0801127850985115,0.1353710529290261,0.0901691615430724
0.0989580972178295,0.1744403014372689,0.0951763598510654,0.0902570349655185,0.0962393489432071,0.0709161150923815,0.0698294130743946,0.0804517259827625,0.1347899588639375,0.0889416445568397
0.0983123506013046,0.1782991651695314,0.0945915409184142,0.0888021842881346,0.0948028335454321,0.0714712992884173,0.0707201767169983,0.0812983041240548,0.1339860786265895,0.0877160667064676
0.0977921729221188,0.1818906061137995,0.0937592346506566,0.0872128101035171,0.0933904487985666,0.0724570340129425,0.0717476697192922,0.0825937650869568,0.1326635376633374,0.0864927209143064
0.097443330346708,0.185136835288077,0.0931011731161965,0.0858818452993187,0.0922915759413174,0.0733319156262068,0.0728116538279439,0.0838747852610112,0.1307346314641533,0.0853922538146732
0.0968500640077402,0.1879908921984516,0.0922650823047845,0.0846175384045659,0.0911811556394563,0.0744652621868332,0.0740792394715448,0.0854710441677305,0.1288532501058791,0.0842264714987479
0.0961728841740101,0.1903827176916903,0.0913063415789953,0.0838939628693314,0.0903534935143931,0.0752741135121771,0.0751144346285376,0.0869338351667381,0.1271590116449358,0.083409205205031
0.0955525040302975,0.1929407586141982,0.0901463424408987,0.0830928416485678,0.0895637901566869,0.0760565360175388,0.076172202974519,0.0884771557454682,0.1253804606819186,0.0826174076758517
0.0946701600604897,0.1951033589774309,0.0888233259971403,0.082360920631295,0.0890597464826267,0.0769353794097709,0.0773876096089387,0.089667056252566,0.1238067394904128,0.0821857030753351
0.0935817850169968,0.1968683045408904,0.087456835894856,0.0815609882036575,0.0886456325283345,0.0778561193588468,0.0785809256584445,0.0908845590347357,0.1227059482417134,0.0818589015075556
0.0926155085875767,0.1984904210714156,0.0862676368463294,0.0810553606968756,0.0884205965384749,0.0784093429656683,0.0794743523930514,0.0917244013270122,0.1217894987024927,0.0817528808570959
0.0916770490875558,0.1999340631442585,0.0850133851973153,0.0806243713168835,0.0883359465305724,0.0789809133697338,0.0803651173387325,0.0924525711231759,0.1207552578963283,0.0818613249813798
0.0906808154484438,0.2009113042322036,0.0836370528560655,0.0804940911093918,0.0883044462646886,0.079665847824274,0.081550104984176,0.0931576199166819,0.1196410475691115,0.0819576697808536
