0.1629867894482448,0.0882533917396189,0.1829982083098963,0.0460597901116087,0.0391307719868923,0.0693735970342518,0.0712161117960197,0.1107181571277602,0.2068292888440015,0.0224338935908534
0.162421430269501,0.0811784108194644,0.1860729511633248,0.0464442079930322,0.0391137884800584,0.0726584258749068,0.0754415715179933,0.1074163504490051,0.2072410568149065,0.0220118066071685
0.1548620173786968,0.0768044918853069,0.1851227592524837,0.0467502988642641,0.0397125529723113,0.0752721369554052,0.079785615155949,0.1084889912937161,0.2118422762307818,0.0213588600005038
0.1445853654908911,0.0750219110981559,0.1806100766454205,0.0460320776697819,0.0405332525908754,0.0769131198957959,0.0842899700967481,0.110470475195546,0.2202667470737111,0.0212770042324437
0.1370537682764106,0.074646192578665,0.1778144593766542,0.0462271626316815,0.0417299121708122,0.0811804372820267,0.0901823842454448,0.114350970969301,0.2150998743770528,0.0217148380811703
0.1288481172944708,0.0746418009775777,0.1734877704333945,0.0460744748948547,0.042346382586687,0.0841132696230287,0.0944280862247436,0.117470427447969,0.2162862418781153,0.0223034286282366
0.1204187112870521,0.0743569917811699,0.1678249771030044,0.0455495505821988,0.0423078382996339,0.0865647920738841,0.097286181048775,0.1204946057532198,0.2217616048130253,0.0234347472470141
0.1142991988845799,0.0745076145586186,0.1634929313010634,0.0454107339888439,0.0426661065639117,0.090106719618696,0.1005373173494424,0.1242550834830378,0.2205900347747092,0.0241342594660174
0.1079001757325564,0.0743402545778132,0.1586390949010954,0.0450739199396471,0.042920403669,0.0932077860727156,0.1033499723976189,0.127881006391706,0.2212171163057217,0.0254702700008955
0.1027131653224873,0.0747935643557909,0.1547004708369334,0.0451998133170749,0.0432881934002312,0.097136474428541,0.1069848555427063,0.1312493001750369,0.2175320740905932,0.0264020885193121
0.0980947216754246,0.0750989759582952,0.1506418074305415,0.0449512829123791,0.0432762650652594,0.1015121779936298,0.1112206402952203,0.1325222775162785,0.2150873132224656,0.0275945379191638
0.0937648269450499,0.0752601804814892,0.1463363332376069,0.0443570614934066,0.0430184851751372,0.1052425609918355,0.1155428055147611,0.1336411967428893,0.2140458634589845,0.0287906859474509
0.0897428358348827,0.0753546061665187,0.1419076286131693,0.0438195355200299,0.042576971297794,0.1083636846052029,0.1190470662319402,0.1345756764358538,0.2145851369277717,0.0300268583553202
0.0861141164188826,0.0753095521950784,0.1374356846974682,0.0430889469358707,0.0420486387113745,0.1113198537123249,0.1220091079599277,0.1355397297655773,0.2158028224423486,0.0313315471494902
0.0832335013964708,0.0760068258612325,0.1337510825188395,0.042565785512811,0.0415646035928548,0.113646319985225,0.1237192484889997,0.1365133743539593,0.2165897470306341,0.0324095112471605
0.0806099271208433,0.076602002765054,0.1302864674806325,0.0419096795111431,0.0409976608325576,0.1156978013803439,0.1254010467928882,0.136932526508006,0.2179723966979613,0.0335904908985927
0.0780835897175995,0.0775070216498435,0.1271685900152372,0.0413109587019614,0.0406729587542604,0.1180390558141498,0.1267714835963401,0.1369332479542977,0.2187842276781562,0.0347288661060096
0.0754717961588073,0.0781108966592561,0.1237918688708273,0.0404370091042382,0.0402141604386466,0.1208823945233179,0.1284549490721204,0.136765462147912,0.2199485603035842,0.0359229027089942
0.0729374727265937,0.0786179685603542,0.1204826027604736,0.03963767060107,0.0397802850648132,0.1231535082459393,0.1295698886804648,0.1373229818678699,0.2211351358281034,0.0373624856518961
0.0704234672757436,0.0790758763086565,0.1169938577249669,0.0390846811662825,0.0391421905216501,0.1255978644392988,0.1308383818880243,0.1389758465861154,0.2210213562300136,0.0388464778467233
0.067996419201719,0.0794665483100988,0.1139263552461303,0.0384943523199156,0.0384639700647028,0.1282787104761402,0.1328728082911186,0.1415824364084639,0.2189269703307693,0.0399914293383383
0.066281778647543,0.0791770192373335,0.1117456406720425,0.037724713730909,0.0378136281616259,0.1314808850347709,0.1351843118710513,0.1441844629849188,0.2156208628465373,0.0407866968006499
0.0656962496786155,0.0784258918250463,0.1104379664567097,0.0369565814539902,0.0371631787032976,0.1349205806013459,0.1370091212720598,0.1474357672668024,0.2108659695479461,0.041088693181613
0.0660282216518339,0.0772626966074285,0.1097684360360009,0.0360682434791432,0.0365060043110011,0.1376495449833867,0.1384331689391097,0.1506726906796088,0.2062980345308044,0.0413129587691716
0.0687235967129292,0.0749481382185997,0.1105487004318836,0.0351437946813532,0.035767252970644,0.1402764435135748,0.1399604516854936,0.1538313668466443,0.1997111999381421,0.0410890549883458
0.0734277785764198,0.0722657285613301,0.1124345171866698,0.0342063511797382,0.0350657265284807,0.1418509333787397,0.1407773624482921,0.1567389591381099,0.1926512795345951,0.040581363455395
0.0774047098427933,0.0700087216636055,0.1139404528107677,0.0333535695408166,0.0343076555113057,0.1433250233744022,0.1414784519061057,0.1593098694465269,0.1867817827157833,0.0400897631758015
0.0810688651907505,0.0681605487075624,0.1155001751109952,0.0326008491518322,0.0336832387192495,0.1440173288091626,0.1422978186273797,0.1611825966351319,0.1818112342634511,0.0396773447725172
0.0827002367939943,0.0665829141254627,0.1159222620362699,0.0318852599752889,0.033135676568582,0.1452538126243897,0.1434183759902921,0.1636345791469747,0.1780448336076932,0.0394220491191879
0.0845697018887963,0.0649360340093767,0.1163973734879028,0.0311560876998756,0.03251897554182,0.1461542427137434,0.1448449718986543,0.166164330277264,0.1740883334295364,0.0391699490412878
0.0859681752111426,0.0633443407286754,0.1164833115635798,0.0304188331057831,0.0317171624047851,0.1474218843799394,0.146678072823769,0.1687842159512715,0.1703557691460892,0.0388282346733521
0.0876097230568143,0.061737520235891,0.1167034381009644,0.0295798992872877,0.0309715576068746,0.1486620513353983,0.1490241844379361,0.1707597409247246,0.1665232536058614,0.0384286313967754
0.0900815382051516,0.0602353997380507,0.1174248920314808,0.0287845193621725,0.0301490692562164,0.1498667073918644,0.1510665215750312,0.1723727813191683,0.1620620274121898,0.0379565436973718
0.0928524374160634,0.0589954744939806,0.1183123594547218,0.0279936724355241,0.0293300934318592,0.1508258304540693,0.1528323172096054,0.1741625703248612,0.1573139861423247,0.0373812586258736
0.0958689725227152,0.0580207450467432,0.1194006090874822,0.0271877916300976,0.0285271310902528,0.1517684770865245,0.1545519236417963,0.1755917330996282,0.1522555844488774,0.0368270323349662
0.0977083097903099,0.0570008681199717,0.1201089048814504,0.0266456526077504,0.0278854719178123,0.1524761721786326,0.1562496899811699,0.1768227675943353,0.1486075973551017,0.0364945655626759
0.0999253707806674,0.0562710783030911,0.1210925123307395,0.0261057648361636,0.0272890236675343,0.1531078491209148,0.1573005353825926,0.177839339279807,0.1449608939193869,0.0361076323684416
0.1026118077742984,0.0558758786319895,0.1223173047754809,0.0255738381431632,0.0266300188878883,0.1534531862188254,0.1585635787288019,0.1786717557955866,0.1406649486188417,0.0356376824146158
0.1051580244600954,0.0556103030439332,0.1236633383560553,0.0251823243539988,0.0260279282955205,0.1536701416538177,0.1596177110738619,0.1793462096707331,0.1366664366488927,0.0350575824327175
0.1080727689442201,0.0554902809803219,0.1251338419945416,0.0247506592102101,0.0254218132454455,0.1538790753279313,0.1606191860918413,0.1797978649281695,0.1323958002222435,0.0344387090448591
0.1101528234139571,0.0554108447420765,0.1261350696950165,0.0243834585157634,0.0249431878738175,0.1545069233539546,0.1619059921247137,0.1799499913389193,0.1287169356502396,0.0338947732814551
0.1108589303800519,0.0550343286058435,0.1263033302238902,0.0241836540722153,0.0246358381112005,0.1553828143362809,0.1634583182918434,0.1806699809810774,0.1259957896973134,0.0334770152902794
0.1108915020946902,0.0545010875802591,0.1260717141069211,0.0241389405701745,0.0245127589096754,0.1563574708540455,0.1651022958977656,0.1813502460001995,0.1238105610256683,0.0332634229506415
0.1108627055025098,0.0541427436531615,0.1258136950555825,0.0241813093200954,0.0244575058152484,0.1573167736581508,0.1664798824983467,0.1817344621786455,0.1218739481931456,0.0331369741151846
0.1107557370271073,0.0539409634173707,0.1255150623311627,0.0243534080086184,0.0245401154256175,0.1579405609202023,0.167518389227565,0.1823914182104633,0.1199750444769211,0.0330693009450588
0.1104591156291661,0.053775570899122,0.1250360000456671,0.0245537003211374,0.0246450262159863,0.1586718423229847,0.1685421587168384,0.1831379468043123,0.1181109930334287,0.0330676460014666
0.1102499729025537,0.0538149330322152,0.1247344701797722,0.0247169350684728,0.0248113837500023,0.1593413039766993,0.1696859321614528,0.1831612533953425,0.116422435498054,0.033061380025562
0.1101998129703267,0.0538164480432688,0.1246141339289286,0.024763658462865,0.0248905796241529,0.1600737723227792,0.1707076206503929,0.1831548367421601,0.1145877865244071,0.0331913507208829
0.1100791497400416,0.0537868997046202,0.1245192916848089,0.0248089191879926,0.0249511867611344,0.1608321361244649,0.1715510144218678,0.1833631872141631,0.1128768778843126,0.0332313372667963
0.1098731630493723,0.0536971298508022,0.124444335900052,0.024867447302829,0.025011165618107,0.1617355981470586,0.171824370406764,0.184068575271898,0.1111970477207344,0.0332811667226252
0.1096588292913103,0.0534801725300174,0.1244440985514261,0.024856472958432,0.0250074122494832,0.1629686598919498,0.171966509216904,0.1846968660288604,0.1095416723888016,0.0333793068831023
0.1095706211905572,0.0531842072044998,0.1245998108623875,0.024912549722496,0.0250628198069352,0.1641400102253584,0.1721053018158543,0.1849410396843934,0.1079711464613037,0.0335124930165496
0.1092226455289171,0.0529107635547872,0.124626356287515,0.0252142196432625,0.0253903803750419,0.1648857488545203,0.1723058444332325,0.1852400671095866,0.1064837742538335,0.0337201999496845
0.1088648207717892,0.0526522364409766,0.1246997559296371,0.0256313327060203,0.0258684540068715,0.165705359047893,0.1721478014926121,0.1854682767430265,0.1050852976794677,0.0338766651721314
0.1089319546863804,0.0522115409259284,0.1250725673067628,0.0258031969173301,0.0261090697308482,0.1663307852726689,0.1721156982592813,0.1856598343343207,0.1036636956244477,0.0341016569325133
0.1090520107168202,0.0518185051274666,0.125475443494499,0.0260805582173117,0.0264739367247592,0.1666516877763225,0.1719673110141637,0.1857437570462588,0.1023865528215853,0.0343502370513406
0.1093456370846198,0.0514011464205379,0.1260092136734975,0.0263171066859687,0.026804328116452,0.1668142012463268,0.1715823597570739,0.1859686923365554,0.1011726652378973,0.0345846494316433
0.1096195071588667,0.0509993365601616,0.1265317930903835,0.0265327381164496,0.0270998818873321,0.1670517534016085,0.1711689242690597,0.1861522608292455,0.1000317352614503,0.0348120694160544
0.1100702352434908,0.0504880031527411,0.1272301698274075,0.0268468805758323,0.0274359944628749,0.1671323484851287,0.1706196114439349,0.1863574579785119,0.0987886145591421,0.0350306842615879
0.110604829316849,0.0499587081155821,0.1279271269523181,0.0271242348815149,0.0277564610938223,0.1672404847295495,0.1702185228664105,0.1863623857905059,0.0974704959028327,0.0353367503413149
0.1103598101366089,0.0489676177134726,0.1278239111607905,0.027063175064972,0.0278662589677193,0.1687141383850098,0.1711491054147034,0.1874356420917755,0.0947953756623637,0.0358249653933435
0.110157818538341,0.0481833955638079,0.1276011939875011,0.0271329634003004,0.0280689895351472,0.1700590997258938,0.1718660208691384,0.188555440176368,0.0920746747331474,0.0363004034611688
0.1104589074841175,0.0475897028031497,0.1275825991248879,0.0272039742325036,0.0281925344224636,0.1712943665429603,0.1722106116682758,0.1894046782621633,0.0892301011598673,0.0368325242904767
0.1108179071398278,0.0469315209613787,0.1275837291319219,0.0274257009434536,0.0284080326820464,0.1723405325147118,0.1726592133363206,0.1902414076080055,0.0862314108961613,0.0373605447770845
0.1113010021335659,0.0463143679717479,0.1276114088252747,0.0277168263156328,0.0286651021301519,0.1728155710448111,0.1728431650368541,0.1906811934276855,0.0841614325202491,0.037889930584986
0.1119356392441278,0.0457026480533956,0.1277471507040713,0.0284740311845662,0.0292873151112842,0.1731831134646206,0.172397315051221,0.1909913967853728,0.0818492446602705,0.0384321457320688
0.1126950211632103,0.0451633775309358,0.1280653489389548,0.0291586835377462,0.0298133984261066,0.173493146812976,0.1721920039187232,0.1914046345758574,0.079239467846343,0.0387749172401798
0.1131687641905735,0.0445754782380189,0.1281727011365929,0.0300081410575458,0.0304974321002289,0.1737642443567085,0.172138201346843,0.1913609716451678,0.077196500131241,0.0391175657881423
0.1135971388383711,0.0440450255769503,0.1283107613720693,0.0311985988637534,0.0314529273858008,0.1737268991363339,0.1720578153136253,0.1912730680654691,0.0751232714056633,0.0392144940330655
0.1140003050292888,0.0434567634611128,0.1283516436768887,0.0322862077620827,0.0323355054784668,0.1735204078817693,0.1721472304212272,0.1908931923632725,0.0735946505766934,0.0394140933403216
0.1145820963273369,0.0429597410221354,0.1285637549926118,0.0333260970150007,0.0332359759301801,0.1732253944338613,0.1719778059486925,0.1905847422625689,0.0720324950679952,0.0395118969907516
0.1152964549494988,0.0425710099738834,0.1289123188410081,0.0345321146858485,0.0343397785879842,0.1728100146760184,0.1715041011358236,0.1901060589939834,0.0703865311027674,0.0395416170443209
0.1159913971676354,0.0422816808316827,0.1293164332882362,0.0358157967596645,0.0355537641369942,0.1723345750412516,0.1709772561950206,0.1893874811413284,0.0687778959295999,0.0395637194997285
0.1165646814126298,0.04208626514894,0.1297226741116476,0.0373717833407196,0.0369042477628722,0.1717484165890701,0.1703470010110913,0.18861458883133,0.0670765149242472,0.0395638268586055
0.1169384586419198,0.0418273942022742,0.1299743007261514,0.0391336781243431,0.0385122978561011,0.1709743471077544,0.1698589893125955,0.1876781413542326,0.0655296116865094,0.0395727809792882
0.1169564105550535,0.0415489046532409,0.1298044956771971,0.0418460518571278,0.0411704458477714,0.1697431683593559,0.1690618964458893,0.1865582624480849,0.0638879828843281,0.0394223812631512
0.117091623671622,0.0413653295591715,0.1296663790114191,0.0442833125020811,0.0436469841667864,0.1685087474528259,0.1683311101245091,0.1855965543104479,0.0623258489613346,0.0391841102310265
0.1173701972209771,0.0412670800966561,0.1296652035854706,0.0466180005069598,0.0460184369962655,0.1671787256066323,0.1675806201582804,0.1847445598135483,0.0606377136934916,0.0389194623129608
0.1176286006484072,0.0412223644596772,0.129633701565823,0.0489803806467144,0.0483968220323361,0.1659689889488457,0.1669020426891135,0.183719983342386,0.0589188443877898,0.0386282712701666
0.1178500235234357,0.0411906665173667,0.1296591797866997,0.0513088245313989,0.0510869788421456,0.1646755437032122,0.1662834329396378,0.1823484142625384,0.0573988693618815,0.0381980665229632
0.1180770204162818,0.0411088717432539,0.129573551907128,0.0535610287970819,0.0537409192013284,0.163216418143292,0.1655360321961017,0.1807232941392482,0.0565297537294865,0.0379331097180944
0.1180997916497679,0.0411209777488166,0.1292079602367364,0.0560880642335538,0.0565543521040723,0.1615703549103925,0.164611960602282,0.1790386624356913,0.0559661946555555,0.0377416814144372
0.1178174421885509,0.0411868331939813,0.1285110764004078,0.058879113046777,0.0597944938688268,0.1597813625028757,0.1634962153916006,0.1770325490516661,0.0557781271732421,0.03772278717338
0.1172874020634301,0.0413848625225079,0.1276962003537858,0.0619198648287424,0.0633497102902922,0.158013282293676,0.1624348583629255,0.1749380844787227,0.0552729704552312,0.0377027643419961
0.1160386625768318,0.0418906345826489,0.1263790302665799,0.0652988061598803,0.067252958925927,0.1561515215078428,0.1611863024303871,0.1727130865893213,0.0552941832549125,0.0377948136969724
0.1142902970065812,0.0426190813216345,0.1249277755015353,0.068224633928649,0.0705922999522892,0.154819203033842,0.1602886788789397,0.1707461615182513,0.0554683604261467,0.0380235084234068
0.1126220381410003,0.0433350846631105,0.1235990465582162,0.0711107441127285,0.0738990464493577,0.1534850686520321,0.1594455736676719,0.1688086354407485,0.055415303375156,0.0382794589312276
0.110939533021763,0.0439504225446838,0.1221623076387497,0.0738769791044327,0.0771355930650089,0.1524340889824179,0.1584750557046106,0.167101003594669,0.0553289287959415,0.0385960875389447
0.109842855142963,0.0445235751494232,0.1210819437747616,0.0770940220346196,0.0806461586968137,0.1510902840010181,0.1572260056382388,0.1648870690194902,0.0548207542408373,0.0387873322930365
0.1086455030826049,0.0451390014387663,0.1199947418683687,0.080479072140056,0.0844008932412027,0.1498137970480893,0.1557944778940611,0.1624451659596091,0.0543224487676817,0.0389648985507385
0.1077279906476705,0.0457895420510943,0.1192967979439146,0.083865896466796,0.0882159798587302,0.1483772296238821,0.1539984387947927,0.1598434424921703,0.053689112063243,0.0391955700488575
0.1070288714003706,0.0465187334608286,0.1189594987054408,0.0867754341666457,0.0913636202010047,0.1471646027628115,0.1520104909580253,0.1574581211394906,0.0531661416201892,0.0395544855762998
0.1060426068938364,0.0472218816652226,0.1185040845620368,0.0895416950558576,0.0944552342300283,0.1459766861442988,0.1501451004224621,0.1551843757294463,0.0529263256831034,0.0400020096047513
0.1047639318144509,0.0478684462367983,0.1178124310779723,0.0925573635086781,0.0978775507803145,0.1448012150102844,0.1483151573673498,0.1527303320038453,0.0527632672037396,0.0405103049875345
0.1031984270395949,0.048465023516963,0.1169092424321095,0.0959315339469432,0.1013541622988657,0.1434167807475331,0.1464779627077746,0.150301205866139,0.0528265978938318,0.041119063541123
0.1022407524874397,0.0490521510934094,0.1163430634781265,0.0990748076464331,0.1046431538777302,0.1420770031276315,0.1444503471936049,0.1478962421814984,0.052602679784029,0.0416197991209094
0.1011371778056028,0.0495056748623671,0.1157040653794413,0.1021258033386941,0.107815206603716,0.1407249202599211,0.1427045076009246,0.1455425748624076,0.0525475156262569,0.0421925536514078
0.0998329242748909,0.0497854425151392,0.115020371414882,0.1051306959516706,0.1111700720212465,0.1393870912547881,0.1407257023891646,0.1431550470506708,0.0529284331922341,0.0428642199259619
0.0985717821002796,0.0499883610861975,0.1142040075501888,0.1080900828785835,0.1146126916158306,0.1380316436227668,0.138729691497511,0.1407012980704867,0.0534633294837347,0.0436071120849854
0.0970146576579495,0.0500470900849512,0.1133494710166968,0.1111857411972086,0.1182377005994325,0.136576990305268,0.1366381345632975,0.1382743765539292,0.054199989807623,0.0444758482041015
0.0959275396211819,0.0500874948013572,0.1127649155698772,0.1140662473384877,0.121774509446796,0.1348270429550473,0.1342498645243383,0.13603549129733,0.0549728996807257,0.0452939947552201
0.0959172259403426,0.0503595137427864,0.11300498546624,0.1166701383046231,0.1247398731912459,0.132743493785085,0.1316579532430419,0.1335229677451335,0.0552761261713525,0.0461077224004383
0.0965342829629977,0.0508006354581682,0.1137111050399599,0.1189046669092578,0.1272954738867082,0.1305429462391995,0.1289544293824492,0.1310820595726114,0.0553484126206349,0.0468259879182546
0.0972245974783305,0.051211937953231,0.1143618822015067,0.1210819713626783,0.12972109416227,0.1283716227139427,0.1262968846557326,0.1288699139137258,0.0555049224674312,0.0473551730813525
0.0977351772098398,0.0515058491410169,0.1147777373117737,0.1231913707224564,0.1320111852720793,0.126505367404706,0.1239016642699359,0.1266256626714325,0.0559121732939866,0.04783381269294
0.0981136771689555,0.0518246366747381,0.1150253783996296,0.1250067855157411,0.1341059555092971,0.1246985245297242,0.1216531014807742,0.1243445918482065,0.0569570294914608,0.04827031937158
0.0981215962139986,0.0517527709672033,0.1149470625297051,0.1273407676870748,0.1366152124083122,0.1230412685490756,0.1191068776608721,0.1225696566620201,0.0576781698374201,0.0488266174743767
0.0979106040354632,0.0516952145544765,0.1146386222801145,0.1302611713838139,0.1397004272873555,0.1211258307103918,0.1164248616200026,0.1205842602553417,0.0583900021437885,0.0492690057192486
0.0977605525989233,0.0517206549966313,0.1143697205036809,0.1331385260323162,0.1427274746122996,0.1191775652055281,0.1138547630698754,0.1184462098236684,0.0589127366552459,0.0498917964917617
0.0976741097057336,0.0518840237671957,0.1140323348216958,0.1362261350499672,0.146123352268627,0.1169355984067637,0.1115899331709362,0.1156505446394753,0.0594555565634992,0.0504284115959739
0.0974906764578317,0.0521435915052909,0.1135403759149134,0.1399846143869128,0.1502260270929093,0.1141019926977405,0.1092509061381486,0.1125922767092846,0.0597617535424067,0.0509077855443718
0.0972770901107409,0.0525093601377227,0.1130743325955917,0.1434280696371049,0.1538924236582527,0.1113348110362949,0.1070404022827904,0.1098828458409476,0.0600950319445422,0.0514656327457491
0.0972296964601278,0.0528424673756778,0.1127722010934048,0.1467647862541405,0.1575902465219779,0.1088458154840458,0.104735760590918,0.1069412854689229,0.0603159729274375,0.051961767813014
0.0972762588709762,0.0532493996544824,0.1125305616621359,0.1497165737237107,0.1608578915676161,0.1063002427809999,0.1028188519159768,0.104083641960862,0.0606246409762187,0.0525419368766088
0.0967898249274181,0.0538331763352429,0.1119055729937552,0.1529432275885126,0.1644128670518805,0.1039165962213005,0.1008511665147089,0.101138020696463,0.0611354760794908,0.0530740715807127
0.0965235220617667,0.0541346201454677,0.1115086650615439,0.1561986268528878,0.1678065451841081,0.1017284131370505,0.0989537966511785,0.0982708726790782,0.0613514489614853,0.0535234892548278
0.0967608485860456,0.0543175333496679,0.1112075336003865,0.1597431151823844,0.1713350540648574,0.0993607708002422,0.0970738907180207,0.0950115146962783,0.0613796223528758,0.0538101166385677
0.0976967970837273,0.0550179773719534,0.1109795939774977,0.163117378762871,0.1748000743390923,0.0965684435056097,0.0949879965238815,0.0916479839032694,0.0613029130667316,0.0538808414546546
0.0988436946679834,0.056544145783829,0.110398984545159,0.166289468765585,0.1781393815845595,0.0936935703765611,0.0928083958844654,0.0881965694527605,0.0613441525411583,0.0537416363872078
0.0997328699151608,0.0581955557092929,0.1095957280451231,0.1698130442362986,0.1818614603555775,0.0907565118385779,0.0903340773316716,0.0847388774935117,0.0615404837618857,0.0534313913021361
0.1003846829289595,0.059728031711757,0.1086032016562398,0.1733568101013565,0.1856372237141227,0.0880377064759387,0.0880410511009289,0.0814275763434355,0.0616573624709465,0.0531263534855103
0.1005177454536044,0.0610300665854455,0.1073663887553646,0.1768113219242223,0.1894541085300536,0.0855025730753455,0.0860413419906311,0.0783239290726808,0.0619665472057827,0.052985977395995
0.0999706582316555,0.061879814970753,0.1058108695933253,0.1803230747945462,0.1935193370462689,0.0832497202565445,0.0844826574143544,0.0755198735596136,0.0623238672810672,0.0529201268409178
0.0995423716935537,0.0626429067130121,0.1044145460058137,0.183680671711997,0.1975470782429969,0.0812725281073561,0.0827305551282369,0.0727797974446233,0.0625312115935502,0.0528583333478339
0.0988886821515852,0.0633344324026443,0.1028703851736377,0.1870120978042345,0.2013921962733546,0.0796419736706306,0.0810230934310428,0.070267369745073,0.0627828957555999,0.0527868735811005
0.0984374273699851,0.0641974367765702,0.1014094550415835,0.1896739902960869,0.2046230631815364,0.0781133615704126,0.0801493891407593,0.0678540222358733,0.062893254158046,0.0526486002179947
0.0984505700435439,0.0655557653566014,0.0999399546074261,0.1922740539800531,0.2077800512362275,0.0765001420589021,0.078948618937108,0.0651980693675989,0.0627609498000422,0.0525918246013133
0.0991792507406727,0.0676509355718107,0.098640177611254,0.1944449501454137,0.2105043505319187,0.0745584598039224,0.0773295426020234,0.0627997417313036,0.0625316103964704,0.0523609808540188
0.1009873402092867,0.0710963336129825,0.0974420417660268,0.19569730492075,0.212468922081724,0.072541265027937,0.0753922491842562,0.0600104635178449,0.0622529307901532,0.0521111488778781
0.1034514580613904,0.076228975408948,0.0961075670406929,0.1961573045651403,0.2135274219250723,0.070573167640557,0.0730998934880847,0.0576627410920365,0.0615848220637008,0.0516066487033016
0.1061810757500682,0.0820765293445164,0.094633378804738,0.1962010997504703,0.2139813567370387,0.0684946779568303,0.0708066510452636,0.0556848256324999,0.0609984261798613,0.0509419787877841
0.109103718097424,0.088320296578685,0.0931704482266336,0.1957842027220591,0.2139937349416011,0.0664704745303549,0.0686756735930676,0.0539924582085736,0.0602607699534999,0.0502282231373559
0.1120013239539232,0.0944909012443858,0.0918457837444096,0.1949861388979389,0.2135969317207084,0.0646558469992689,0.0667671745061803,0.0527798372709473,0.0593863688499401,0.0494896928017512
0.1151576163039071,0.1012216230657822,0.0906030458986998,0.1938166348302201,0.2126845131464153,0.0628273748860004,0.0649008991572633,0.0515873435359518,0.0584494904298222,0.048751458735591
0.1187954558627,0.1085136435469674,0.0894628742929385,0.1919400352493783,0.2111716860382493,0.0612750542682853,0.0629344461579557,0.0505267247499494,0.0574359675918577,0.0479441122315876
0.123415732930409,0.117270237694375,0.0887596864099432,0.188533596153587,0.2079572876671949,0.060079910390856,0.0611265558031687,0.0496147637403446,0.0559615202844501,0.0472807089157626
0.1284772311500412,0.1269190855893636,0.088082420784926,0.1847243511850657,0.204218890037359,0.0587743059228196,0.0591776349480559,0.0485443321763,0.0544589214905449,0.0466228267058725
0.1336039672213068,0.1359035424594847,0.0877418152108639,0.1812607837078377,0.2007206060949443,0.0573936327402103,0.0570444249362271,0.0474004162430871,0.0530119139481521,0.0459188974284948
0.1389154024980065,0.1448490480700849,0.0876533335460771,0.1776260251251225,0.1969034273311607,0.0559722694369136,0.054997780001348,0.0463228926723748,0.0515606095396175,0.0451992117701575
0.1439570561287398,0.1533007071321414,0.0875385281876636,0.1743286110430919,0.1930989473953919,0.0545540262942926,0.0528684924313213,0.0454207014513885,0.0502834845417906,0.04464944538527
0.1483349156501394,0.1602836613150879,0.0875189045252033,0.1716811894704079,0.1900167998908428,0.0534199351851134,0.0509853644574408,0.0445835978290271,0.0490709048644097,0.0441047268036108
0.1519145811253347,0.1655403419258412,0.0875981309341037,0.1694079456434811,0.1875255230373318,0.0526808541567496,0.0496157918893906,0.0440012206307949,0.0480355067554483,0.0436801038929519
0.1549225674612003,0.1699415818036066,0.0877105361513843,0.1673905172429078,0.1850972339937407,0.0520741495764519,0.0487286075916022,0.0436696964301104,0.0471389066485262,0.0433262030920116
0.1574840879078438,0.1733602498435626,0.0878119252943864,0.1654971397826786,0.1826947056863518,0.0517325836371643,0.048092469179258,0.0433417369383173,0.0469322955633007,0.0430528061587645
0.1601595613373082,0.177158967892629,0.0879486079110066,0.1633192129730911,0.1799067747547372,0.0515272171066117,0.0476370666592268,0.0430683255722162,0.0463929974161297,0.042881268368748
0.1624587256974793,0.1804806956554934,0.0878595943151773,0.161580489588465,0.1776550958082535,0.0512553362075597,0.0472821007404119,0.0427774524410537,0.0459851323687509,0.0426653771691426
0.1646220864055774,0.1834331478634465,0.087784242505032,0.1600938204400443,0.1756014599625622,0.0510142379410345,0.0469052161504649,0.0423356551461767,0.045831536974228,0.0423785966032917
0.1670007264948435,0.1867507040315266,0.0878396243774336,0.1586691546980976,0.1736383374745592,0.0504137607823524,0.0464470694879071,0.0417211484441198,0.0454228556245612,0.0420966185765238
0.1695590599117696,0.1903371954815662,0.0879351088725606,0.156685830085159,0.1713962041576809,0.0497142791950144,0.046048213089055,0.0412613766271331,0.0451368120640145,0.0419259205080292
0.1723273969927246,0.1939905588117622,0.0880876140553586,0.1545675736888428,0.168959903800632,0.0489412682594588,0.0455363273299315,0.0408623369942138,0.0449256464365479,0.0418013736225668
0.1748503727439026,0.1975893272476629,0.0880153641990817,0.1525323010687251,0.1666408100533347,0.0481803581381781,0.0451555180115645,0.0405067224192093,0.044749177388584,0.0417800487218428
0.1768599487183438,0.200601407757884,0.0876453043681629,0.1510809539146386,0.1651050183957277,0.0473964527529007,0.0448776495119297,0.0402299843918824,0.0445033253706187,0.041699954810038
0.1785773985204739,0.2033083238719299,0.0871700736296856,0.1499486755655372,0.1638320483537496,0.0466992637281618,0.0445776155210229,0.0398921600494618,0.0443434264038735,0.0416510143482615
0.1800393259520529,0.2052175261887097,0.0868947761590425,0.1489625889635158,0.1626523008260322,0.0461466733604334,0.0444076721665489,0.0396666672686399,0.0443205843682432,0.0416918847389504
0.1813327460868155,0.2065958932165992,0.0867229766792188,0.1480539607767848,0.161779874606582,0.0457407575213231,0.0442027616686312,0.03950701589155,0.0443260539396233,0.0417379596050395
0.1823655954212662,0.2077910234236491,0.0864605968675136,0.1471951486942309,0.1609828220558345,0.0454168439222769,0.0441276799667418,0.0394399007222714,0.0444528143440999,0.041767574574268
0.1831988175627365,0.2088669551925756,0.0861395149742058,0.1464535023595218,0.1604222476321334,0.0450655964468881,0.0440849369880254,0.0393746924617497,0.0445454060105164,0.0418483303637784
0.1838359164678664,0.2098801940065481,0.0856815701707497,0.1458944747559293,0.1598731489413839,0.0448017419958246,0.0440722787660477,0.0393484341802495,0.0446492671421076,0.0419629735653992
0.1842492414927434,0.2109409636882548,0.0851972881862045,0.1453865252202245,0.1592554101683466,0.0445539423236799,0.044132058574248,0.0394493120625867,0.0446705289508371,0.0421647293249477
0.184536848520915,0.2120528406718728,0.0845458160791464,0.1449563074925123,0.1586552000630991,0.0443920739824693,0.0442049437220709,0.0395572123913487,0.0446952131054265,0.0424035439631789
0.184783309982796,0.213148447109282,0.083847421654218,0.1446456580368676,0.1580717956013486,0.0442288698761815,0.0442950690284273,0.0396629763430761,0.044677945466561,0.0426385068932452
0.1847968240491893,0.2142104873886653,0.0829010281106841,0.1443295651297011,0.1577282755080337,0.0442234924545406,0.0443472300501786,0.0397405896881072,0.0449064229988309,0.0428160846140337
0.1846357704374073,0.2151248009438551,0.0818271315323471,0.1441138633962594,0.1575092333968795,0.0442820674693414,0.0444289217884845,0.0398272450813716,0.045261005260133,0.0429899606858412
0.1844242223290911,0.2159108203997226,0.0808301088972978,0.1437577300173731,0.1572683882538066,0.0443708433039603,0.0446339177341744,0.039954448564771,0.0455237415206184,0.0433257789710598
0.1843140909573473,0.2166790823918662,0.0800980892991548,0.1433141254086753,0.1569827425189788,0.0444227879994114,0.0448715367650998,0.0399454864477206,0.0456766386864259,0.0436954195171502
0.1842234767291264,0.2173383028245719,0.079752658210279,0.1430260647026582,0.1567085263192964,0.0444889306756326,0.0450275570849503,0.0401211577713685,0.0452964597093128,0.0440168659646043
0.1845065608021852,0.2181128178095559,0.0795189962081347,0.1423516039630097,0.1560578845141879,0.0444484929392214,0.045303797175521,0.0402824972627926,0.0451178395680043,0.0442995097491502
0.1848976406487946,0.218913668528177,0.0793443536212372,0.1414456830467749,0.1551642933632961,0.0444883033343065,0.0455591047830826,0.0405211375483719,0.0450387441473206,0.0446270709703601
0.1852531851524082,0.2196418822634654,0.0791489269436855,0.1405815802414007,0.1543253298628178,0.0445278197571164,0.0457848071886533,0.0407560663076488,0.0451226563974156,0.0448577458770687
0.1856455535266896,0.2203867005090493,0.0789639582645351,0.1395644255767509,0.1532489663219346,0.0445948028347826,0.0460830001695917,0.0410934728482017,0.045254780807315,0.0451643391327847
0.1861269642394116,0.2214516378161746,0.0788494835214722,0.138067906727689,0.1516689843662477,0.0447717436868165,0.0464756284981302,0.0414865157473598,0.0456315489386262,0.0454695864496542
0.1864063566897956,0.2224603093247341,0.0786555605776885,0.1368010758814466,0.1504343469627325,0.0449410184586962,0.0468386435609953,0.0418588921612501,0.0459213000369959,0.0456824963372039
0.1868279560596303,0.2237753919353393,0.0786114905662876,0.1352991665469665,0.1488392420605003,0.0451033444889875,0.0471142622424988,0.0422851087256278,0.0462492265110403,0.0458948108546222
0.1874127684946537,0.2246601100612826,0.0787443637556353,0.1339664594648227,0.1474402196030843,0.0452374044808508,0.0473430282133851,0.0426489432877853,0.0465077152574511,0.0460389873725219
0.1879079620303635,0.2253882296545897,0.0789754748988096,0.1328356050297233,0.1462252254509543,0.0453373326716889,0.0474436674599767,0.0430116802962639,0.0466454867962574,0.046229335702819
0.1879886954573493,0.2264409447184366,0.0787534193053506,0.1316770675493051,0.1450971714655363,0.0455954261967593,0.0476111635000631,0.0433661666083173,0.0469958807478329,0.0464740644424584
0.1876325631819538,0.2280393180110453,0.0779692812080153,0.1304216988308054,0.1440186032616684,0.0459945796845186,0.0479168869102736,0.0437318736917546,0.0474251906481864,0.0468500045631257
0.1868947551418023,0.2296236061999996,0.077005727397718,0.1292323857926528,0.142921487718717,0.0465803567188485,0.0483466113088749,0.0441115266084308,0.0478976146502167,0.0473859284540083
0.1859694874871986,0.2309907719562174,0.0760585627587864,0.1280745956071405,0.1418462912015646,0.047212897024135,0.0488716519691174,0.0444206926064663,0.0484374760912732,0.048117573289277
0.1850735861694992,0.2322956668035445,0.075096567403573,0.1268320131850241,0.1406925814796233,0.04789273086572,0.0494795677728671,0.0448396999756269,0.048871677563381,0.0489259087722213
0.1843031306134908,0.23343797919915,0.0742587812604997,0.1256267506123357,0.1395151483451097,0.0485475298556331,0.0501647620480844,0.0453322278467322,0.0491966883835409,0.0496170018264171
0.183756912486868,0.2344299946716615,0.0736289420278546,0.1245124926111121,0.1383767021428164,0.0492117672598545,0.0508053597732036,0.0457991915357508,0.0493694939938047,0.0501091434879989
0.1837153595540097,0.2356340084045819,0.073166105290729,0.1233937001670336,0.137088508403655,0.04966440560043,0.0512657708707934,0.0462204594735313,0.0495055657772187,0.0503461164488853
0.1844492600783058,0.2369224235941088,0.0729370176153227,0.1220982589162297,0.1354249979793328,0.0499968818145531,0.0517021917804724,0.0465489565697798,0.0495476702660786,0.0503723413766409
0.1853475521988102,0.2381275233189524,0.0728493106960192,0.1206664739852716,0.1337905688657841,0.0503350198808988,0.0522049552222689,0.0468609061092525,0.0494894737601243,0.0503282159534036
0.186279034147721,0.2391718212008089,0.0728121213487652,0.1191574141296087,0.132158924566282,0.0507258466202878,0.0526884550204118,0.047297231101759,0.0494487149803336,0.0502604368747699
0.1872131279870153,0.2400309841264802,0.0728475553651194,0.1175969986886884,0.1304565470924638,0.051195216062716,0.0532130906274978,0.0477630648865035,0.049474858497486,0.050208556656736
0.1880859975337361,0.2406847954151815,0.072931559358171,0.1160106617297331,0.1287688720095827,0.0516880063725227,0.0537176663367831,0.0482289431380237,0.0495997145520167,0.0502837835449027
0.1885841030046002,0.240701988162889,0.0730643107506502,0.1146207818636015,0.1271904691205806,0.0523876425230104,0.054279370614616,0.0487606036339759,0.0498920138635839,0.0505187164530674
0.1888738345435525,0.2396393024043424,0.0734233271464616,0.1135166171782003,0.125849887554741,0.053167735713769,0.0548599050961181,0.0493796015750726,0.0504092540699069,0.0508805347083048
0.1890111224224734,0.2382171036800252,0.0738365246996043,0.1123624500988063,0.1245262349081275,0.0540924154998214,0.0556502151441497,0.0499734136841847,0.0508835371815963,0.0514469826715362
0.1891166725302882,0.2365331874980626,0.0743056825079675,0.1111013605258182,0.1230038630483762,0.0551923647778741,0.0565000014796887,0.0506084671668475,0.0514862691202332,0.0521521313349952
0.1891552643229988,0.2346646474214141,0.0747923458906901,0.1098895381348826,0.1215354437795834,0.0562730082679987,0.057364694564095,0.0512233449827899,0.0521876569680982,0.0529140556574034
0.1890562820822568,0.2321180296900182,0.0753262592785967,0.1087348665445751,0.1203842257717809,0.0574135447505577,0.0583540089444505,0.0517846328877614,0.0531329411705454,0.0536952088691956
0.1886516457583651,0.2288966127149385,0.0758864176154658,0.1078214644697573,0.1193273107536442,0.0586114866323045,0.0595239324847183,0.0524715962132125,0.0542172776538381,0.0545922556932428
0.1876436095998847,0.2241759545305841,0.0764694080113697,0.1074869259445397,0.1188652075965218,0.0599351791636669,0.0607333341433246,0.0531449571390846,0.0559410638595868,0.0556043600006235
0.1858581434314594,0.2176361150404263,0.0770158592561791,0.1077092082710307,0.1187998832233441,0.0614824005989346,0.062326623654377,0.0542325949880129,0.0581205561835079,0.0568186153415497
0.1833931592398806,0.2106461509274476,0.0772167428742792,0.1077906110363133,0.1186799379885873,0.0633399422186781,0.0643958030206282,0.0557191018652351,0.060615874862325,0.0582026759550337
0.1801369961701623,0.2023919917231814,0.0771657433650866,0.1082369241581226,0.1191822158779405,0.0654867492451858,0.0667409274191322,0.0573520636135321,0.0636057066027009,0.059700681812896
0.1765673643352124,0.1935007071636421,0.0771132385593908,0.1087337637086564,0.1198778810105158,0.0677580999954255,0.0691749039364462,0.0590603983971999,0.0669362764718942,0.0612773664090531
0.1731095910228715,0.1852157284617844,0.0770770503089937,0.1089981369953287,0.1202559566280368,0.0700365983301959,0.0714769513202016,0.06086295550052,0.0701689947832478,0.062798036635761
0.1702660618790673,0.1783951060840033,0.0771044848009034,0.1089822419098622,0.1201478329973622,0.0719223423741522,0.0732911537527131,0.0623703471374124,0.0733830180064685,0.0641374110445534
0.1679372324638101,0.1722334372067712,0.077310451056276,0.1087191091688679,0.1197597206453624,0.0736475050425302,0.0748743171626317,0.0635520802842509,0.0766887570957152,0.0652773898598723
0.1661102457389471,0.1672591299546499,0.077572212505893,0.1082939196087924,0.119327974780609,0.0750641295827102,0.0759214045852241,0.0647424148486372,0.0793968579758481,0.0663117104044042
0.1639506433583419,0.1612084755596275,0.0780642566526741,0.1080569310832517,0.119253630904863,0.076352624223216,0.0768936311298432,0.06584192148676,0.0831463856795201,0.0672314999072411
0.1618246601711369,0.1551382572138242,0.0788743561637419,0.1078165470528535,0.1191774306625291,0.0774325568525984,0.077588223176304,0.0668711109103069,0.0870570588095769,0.0682197989720855
0.1597632688270968,0.1493646775983113,0.0796651330273222,0.107372140958764,0.1190613901920123,0.0783371695331051,0.0781233074812186,0.0682268751364868,0.0907476904775447,0.0693383467527314
0.1569671611313193,0.1425485673216867,0.0804164349383839,0.107028237899693,0.1189483180733063,0.0799126227700694,0.0789319203802131,0.0698837756981159,0.0950288225410396,0.0703341392304085
0.153573340468684,0.13508708586844,0.0809389150137046,0.1072240717951351,0.1191079680734213,0.0817702116565069,0.0798302521993135,0.0715745859368998,0.0995917837593464,0.0713017852124321
0.1494752711693327,0.1271042442976177,0.0812806142824145,0.1075917806488789,0.119374714768532,0.0837047852293355,0.0809156017911608,0.0733295035546785,0.1049892850355715,0.0722341992059987
0.1454300288336312,0.1191320294027272,0.0818696034921713,0.1081089794035283,0.1197079693753242,0.085458584717955,0.081874535853035,0.0747378315366862,0.1108443635436272,0.0728360738244928
