0.189395283195544,0.1012640510555718,0.1422267267204387,0.0137239408322009,0.0141489475243357,0.1908193396897217,0.1568615927360102,0.1503527524362459,0.0253207394672744,0.0158866263371799
0.1875198258443783,0.0873692086829971,0.1508051459909271,0.0135802083422065,0.0153582394680853,0.1913854760412049,0.1597173488904368,0.1501253216610349,0.0284040056985017,0.0157352193745354
0.1838815489256601,0.076345184785571,0.1547821583309252,0.0132179068923298,0.0164008794119858,0.1929257324953036,0.1646755446760012,0.1516858513366324,0.030230956108566,0.0158542370312168
0.1792764678605951,0.0678078591248075,0.1557104691486786,0.0132627744051947,0.0171115978201283,0.1933539370418547,0.1710767831893642,0.1551687367684161,0.0314672664944804,0.0157641081405626
0.1744120394544389,0.0611751086291653,0.154813728648084,0.0129798407314361,0.0177765419830098,0.194637886957301,0.1757046135574557,0.1598715200445854,0.0326690233457016,0.0159596966427705
0.1708694439401702,0.0566267981251158,0.1545280999776958,0.0131999641516056,0.0184945168559728,0.1945227223782194,0.1781338315850266,0.1625755055576533,0.034276441826849,0.0167726755954679
0.1673879223981921,0.0536785991586974,0.1540800740463314,0.0134830510477505,0.0196261068058506,0.1929455554989226,0.1800613910501447,0.1649579673232496,0.0357313740996555,0.0180479585647894
0.1642240855238438,0.0520311069118037,0.1526646703458729,0.0139091907610003,0.0207849194205133,0.1919484686310595,0.1818705881602925,0.1666512094071727,0.0371272017306195,0.018788559101172
0.1607176231215049,0.0510921102062537,0.1506101976520319,0.014555232580819,0.0220762505332267,0.1916673621006752,0.1832695925541448,0.1674097923892367,0.0389441786353869,0.0196576602198374
0.1579986543159867,0.0510471283666318,0.1496455321925067,0.0156760811882816,0.0238143394145605,0.1898884214606607,0.1830405330681146,0.1668674798574228,0.0407338995252956,0.0212879306034143
0.1551530735730389,0.051115052461337,0.1483445580493248,0.0170456493902061,0.0255346987573238,0.1882374932819542,0.1828094324331806,0.1662557477028069,0.042498085270305,0.0230062090731777
0.1528163894189343,0.0515559646602172,0.1471113836782046,0.0185522387212519,0.027296804071787,0.1862516350893153,0.1821408988750072,0.1650182672098504,0.0441098942701891,0.0251465239976643
0.1506558642997554,0.0512345110449398,0.145733293639719,0.0197891361763163,0.028706660244758,0.1854274298173052,0.1819409261657145,0.1644318769431037,0.0453190891501013,0.0267612125105082
0.1493154103371531,0.0511550917775253,0.1447388573260588,0.0208433252013641,0.029907484124129,0.1847363079997876,0.1817994362021291,0.1628608016527347,0.0466312202444131,0.02801206512672
0.1482130989382142,0.0511707617413664,0.1438999825041826,0.0218979064599153,0.0310966002053769,0.1835740647433873,0.182182290332225,0.1606360457549315,0.0479692821376883,0.0293599671745243
0.1468582999081234,0.051097381570866,0.1425907419821038,0.0230249842131773,0.0323126027392253,0.182875285292395,0.1824542802213826,0.1587237648210115,0.0493320225832183,0.0307306366601258
0.145529887650077,0.0512583549425324,0.1411356564981792,0.0241729337381534,0.0335599222396743,0.1818207057709962,0.1823109235135741,0.1570138226754408,0.0509215306993245,0.0322762622634906
0.1431971509797068,0.0513026915077437,0.1390551438981681,0.0258976883750923,0.0351848219365142,0.1807626197935507,0.1812597871908542,0.1551492924227873,0.0542856740393168,0.0339051298475824
0.1405586475779801,0.0513451268757683,0.1368070033194604,0.0279165339903878,0.0370020731128641,0.179894199710581,0.1793255857628945,0.1535236454225421,0.0581081763991569,0.0355190078195587
0.1380163042477228,0.0512625683142505,0.1345280813330777,0.0296520736022391,0.0382827217955469,0.1797239714592419,0.1780481656669412,0.1522799102556194,0.0614138845506034,0.0367923187658321
0.1352110996563722,0.0516168115917354,0.1320643494565571,0.0318557598558452,0.0399993537592128,0.1784961785625882,0.1769846472461269,0.1509117456318291,0.0646873225948699,0.038172731635815
0.1323529193568545,0.0522446573721277,0.129545128243304,0.0344250767018986,0.0418851187591325,0.1769302126268205,0.1752767734565352,0.1495166228227856,0.06829926597904,0.0395242246723202
0.1295451382133837,0.0529974462843446,0.1268823263520429,0.0371956111551656,0.0441925946867188,0.1756288024774912,0.1739872976216555,0.1479638778932272,0.0710171402975077,0.0405897650091518
0.1266481362306859,0.0536718454460819,0.1240695004323197,0.0402445642045729,0.0467590044735235,0.1741631410656804,0.1725546381388028,0.1463340754403592,0.0740002287340402,0.0415548658245147
0.1236864552753645,0.0544283141436577,0.1211115905463696,0.0440329760019948,0.0502162690841559,0.1721755783480065,0.1707960430179876,0.14444798561635,0.0767802370282161,0.0423245509283933
0.1205310514501884,0.0552878743913224,0.1177625822837986,0.0485393346894275,0.0540276598577562,0.1691936905919798,0.1683215517720882,0.1419934673234874,0.0814824776602221,0.0428603099701907
0.1179088718054026,0.0561451444619595,0.1148960283265907,0.0528427720654625,0.0577030683526257,0.1662964197925241,0.1658892810967188,0.1396433288935912,0.0853180350974421,0.0433570500980909
0.1158404919461774,0.0570533407846387,0.1126122268039824,0.0567069916535648,0.0607591433643513,0.1641604773114333,0.1641742866881676,0.1378401637108636,0.0869056020558717,0.0439472756712712
0.1134903250905816,0.057830208771397,0.1100771918715908,0.0617782543698408,0.0646279739605452,0.1614504242647035,0.1621502840427273,0.135733349587866,0.0884359293425219,0.044426058688497
0.111227020477964,0.0581376568781224,0.1077974320032371,0.0663863777920498,0.0682045765452754,0.1595116078073468,0.1603548143671755,0.1342708739858435,0.0891183941861424,0.0449912459470376
0.1089428366192997,0.058186365992536,0.1055347078509143,0.0708378938041159,0.0717802814531006,0.157554198299011,0.158843899182027,0.1330921796679716,0.0896422023362827,0.0455854347848627
0.1069825229783808,0.0580479024302833,0.1034949332134154,0.0745443344001123,0.0747489264686745,0.1559634422813915,0.1573663680954094,0.1321816688992123,0.090443344220531,0.046226557002629
0.1054686402737751,0.0580654754776856,0.1016400761131667,0.0778491713604273,0.0776728306489927,0.1542675595373988,0.1556942808551058,0.1314764496903211,0.0908982902935545,0.0469672257395268
0.1039906878794513,0.0581502058627171,0.0997595032014656,0.0811482062402928,0.0808261278056698,0.152563450854709,0.1540008952665829,0.1307110521017751,0.0912511723903935,0.047598698386829
0.1028250847527705,0.0584717455138699,0.0980596084822664,0.0840508008886465,0.0834614979335918,0.1510061627785629,0.1523323225621483,0.1299783591108195,0.0915237936663974,0.0482906243007448
0.1016628503270096,0.0589020758002726,0.0963529106299566,0.0873095966524929,0.0865121249553437,0.1493146689581012,0.1504957983824079,0.1287446420308087,0.0917761845683178,0.0489291476850539
0.1004467322602817,0.0593249168205511,0.0946471899903242,0.0907457119841415,0.090082990045268,0.1476995924966415,0.1484931824012933,0.1273735223073451,0.0918811684095675,0.0493049932743021
0.0990625175596164,0.0594328289199461,0.0929356448508715,0.0947798831106117,0.0941652744574462,0.1460073606786272,0.1464530195906264,0.1259457793185281,0.0915596900336523,0.0496580014697495
0.0976677216146429,0.059237240309581,0.0913368096848088,0.0985688010694772,0.098282145537258,0.1444487601761998,0.1445661648357102,0.1247064526327374,0.0911961514557182,0.049989752673501
0.0964910669449439,0.0593316952846287,0.0899414691399795,0.1015935419238119,0.1016680239828813,0.1430808146183753,0.142923766509177,0.1235628931527464,0.0910421311360767,0.0503645972969589
0.0952486574140534,0.0592699992124951,0.0885362889231125,0.1049056459978034,0.1053803395521189,0.1416800048707634,0.1411425992143054,0.1223157890393852,0.0907257419052872,0.0507949338602144
0.0940320622982,0.0590983998709196,0.0871780400839722,0.1081915312698633,0.109175632415269,0.1401957411968122,0.1394005198240153,0.1210948791766259,0.0903720603328215,0.0512611335210039
0.092841775959758,0.0587376506902276,0.0858654100748446,0.1114331885389772,0.1130644847351731,0.1387364393166916,0.1376866531721746,0.1198353538963461,0.0900462372243195,0.0517528063809637
0.0918241118203251,0.058477838073263,0.0847295597667735,0.1141087283773041,0.116391709000479,0.1374719430801514,0.1361672780730846,0.1188063162419415,0.0897307820048222,0.0522917335512954
0.0908622762514978,0.0582996424394351,0.0836368391442222,0.1165028389246772,0.1195657986985895,0.1362246891508523,0.1346677951189288,0.1178102308351378,0.0896012001174719,0.0528286893085961
0.0900048830251545,0.0583106450821541,0.0826253273010924,0.1184427389613073,0.1223605276213783,0.1351579786253539,0.1332625287549143,0.1168277818460845,0.0895888221780822,0.0534187665938526
0.0894309920062147,0.0586589883019351,0.0818491292967954,0.1195301171767508,0.1241355379539966,0.1343147970348803,0.1322077438022576,0.1163075721784223,0.0895588082799627,0.0540063139581021
0.0888457869741034,0.0590138423061124,0.0810696431216464,0.1208456008761566,0.1262724714772314,0.1334902954499923,0.1311446456782306,0.1155467954697685,0.0891938012339967,0.0545771174020361
0.0882212384699639,0.0593228005502759,0.080233692742989,0.1225707866656994,0.1290132600970344,0.1325080290975164,0.129902016859605,0.1145691245956845,0.0885958165254107,0.0550632343850754
0.0877334869514436,0.0597349630856021,0.0795034384998557,0.1238671962325292,0.1313898772006699,0.1316538581519825,0.1288241634739213,0.1137425159267087,0.0880491877720343,0.0555013126944853
0.087334849586558,0.0601670088243041,0.0788863284291006,0.124917738144206,0.1334793355567127,0.1309734103137343,0.1278379501898686,0.1128805616766142,0.0875772327671901,0.0559455845009185
0.0871240888944079,0.0605229010144641,0.0784035207864956,0.1258740007102846,0.1353391573064975,0.1302729693909622,0.1268529597295903,0.1120621441091445,0.087137383462684,0.0564108745846501
0.0870343174763619,0.0608201692115282,0.0780456762686783,0.1265371211797532,0.136958515979598,0.1296786026226709,0.1260196202929487,0.111283546764417,0.0867569868225676,0.0568654433706256
0.0869960256070993,0.0610768159244268,0.0777122676643672,0.1273383986235134,0.1389539500907454,0.1289294032809384,0.1250327884044263,0.1103152011945838,0.0863720189044366,0.0572731302945953
0.087370139772232,0.0611605209821016,0.0776153574465576,0.128274884089026,0.1412093905758157,0.1278202842849977,0.1239155229057882,0.1090937953128255,0.0860445094864794,0.0574955951333143
0.0882106645566176,0.0612835883641158,0.0778100759643529,0.128871115413187,0.14287632981783,0.1267251032765803,0.1229054760608311,0.1079277997935284,0.0856965952206506,0.0576932515214504
0.0894836484822425,0.0614986391656565,0.0782835740809485,0.1295690063313364,0.1441917381880567,0.1254635545375675,0.1218051448109568,0.1066510214532393,0.0852492564323739,0.057804416506785
0.091237077365774,0.0619957618082688,0.0789718976127133,0.130265738946472,0.1450681672987337,0.1239904913965034,0.1206487937579522,0.1052735880183964,0.0847125466795026,0.0578359371048817
0.0933170397578882,0.0627449050682144,0.0798500698319028,0.1308898722122687,0.1458782888527212,0.1224473954302684,0.1193212462185907,0.1036486627767032,0.084168095947974,0.0577344238927165
0.0956508020579381,0.0641482135241346,0.0807013855258391,0.131268298166423,0.1462405451970349,0.1210113336862199,0.1177835091195912,0.1021670386353986,0.0834029015913573,0.0576259724853643
0.0948008488252278,0.064306520654196,0.0795172238851101,0.1354931962853649,0.1508966348992791,0.1173144985773774,0.115046849189578,0.0990562123731429,0.0847276618860993,0.0588403534138017
0.0941441257346668,0.0650973030974917,0.0779719646376368,0.1397101671892256,0.1551640497509226,0.1136780880752621,0.1120249384874254,0.0960112744828502,0.0863547151473164,0.0598433733862933
0.0939956895332638,0.0666428956568669,0.0764078945690675,0.1439852514191373,0.1593105534304074,0.109455832453081,0.1084084461869544,0.0926202629019853,0.088565992295141,0.0606071815431316
0.0939798953560484,0.0687272648484961,0.0747840879780588,0.1480559359616403,0.1634503011179928,0.1055962135539193,0.1046232528861374,0.0892190166874732,0.0900410389805001,0.0615229926187014
0.0941450735516766,0.070932497251677,0.0733585689462173,0.1518876238537355,0.1670769929036975,0.1018650612067082,0.1010149008847087,0.0857992275387474,0.09140011677365,0.0625199370780781
0.094323759793882,0.073085660873216,0.0719035483573472,0.1557493009314616,0.170529855805511,0.0983255019537396,0.0976306885196022,0.0825424410410221,0.0926690149169551,0.0632402277961231
0.0948435647584966,0.0754543314803633,0.0705625751906999,0.1593284796627092,0.173521727863001,0.0951833335727858,0.0943309005707306,0.0794803385053742,0.093499537271052,0.0637952111136358
0.0956718431153184,0.0780697715844889,0.0695172651082894,0.1628384055980433,0.1763936007487529,0.0920416283648902,0.0909954963580545,0.0764743956938173,0.093760063361313,0.0642375300559187
0.0974401717460139,0.081641049732898,0.0687970025236608,0.1655639899674267,0.1786999549176346,0.0888502794015078,0.0876966646774199,0.0736132577445738,0.0933493477245042,0.0643482815533136
0.0999094457577735,0.0863627589212913,0.0679734361663215,0.1674959015285694,0.1801859006247558,0.0860121687020928,0.0847228350553983,0.0710157439688724,0.0925049412900428,0.0638168679739451
0.1028618992180423,0.0918122866602493,0.06734352431442,0.1689422231297614,0.1813752275174936,0.0831402162783298,0.0817556907079804,0.0683425716258606,0.0914237710620065,0.0630025894750527
0.1058997715209695,0.0979377901805688,0.0667208560763722,0.1696955116203789,0.1819045102925868,0.0806212086192606,0.0789834540944335,0.066174287463286,0.090268931483648,0.061793678637845
0.1082265533259728,0.1032243530837727,0.0659644285794622,0.1707991084358306,0.1828799849402631,0.0779843366650569,0.0764062117519173,0.0641148330062359,0.0895236229426174,0.0608765672583346
0.1103394435775987,0.1085884231408092,0.0651247423674697,0.1716589351372477,0.1835823039711489,0.0755370824986385,0.0740203093417357,0.0625350992133547,0.0886065584707567,0.0600071022708241
0.112402893429357,0.1147728888051615,0.0640859673650082,0.1720720562449914,0.1837081264513845,0.0734394718800734,0.071527808519417,0.0613277047993803,0.0876232118005276,0.0590398706944015
0.1148064259486379,0.1211155163056532,0.0633134584662944,0.1725183515652724,0.1837458755390693,0.0711428498602941,0.0688639429997788,0.0599000630941243,0.0865697393959647,0.0580237768147373
0.1174196537975649,0.1276483680138864,0.0627310726061754,0.172417966375181,0.1832877029130963,0.0691161715169332,0.0664962606847504,0.0585859706271641,0.0854238184877523,0.0568730149674522
0.1207029444507075,0.1339617185268057,0.0625841901476014,0.1721904631534845,0.1831502224117792,0.0669133111539122,0.0642867005600866,0.0571433820916866,0.0834531308233358,0.0556139366706798
0.1239322796871965,0.1398041185036346,0.0625525650476287,0.1718576868406808,0.182968009726188,0.0648691948280534,0.0625641181517382,0.0557508100936138,0.081287971594657,0.0544132455168021
0.1266022158389121,0.1446592966728813,0.0625007846714442,0.1716796416544665,0.183276692985551,0.0628523687655144,0.0609471872872276,0.0545645570270909,0.0795123316323551,0.053404923454835
0.1287528567501595,0.1486039904635686,0.0624168095913692,0.1712992919659815,0.1833861640364521,0.0615457574350448,0.0595927630650004,0.0537414045247297,0.0780780525525706,0.0525829096054527
0.1307019393557709,0.1516076417905191,0.0625255870273285,0.1708403664406801,0.1834554104141816,0.0606511633780963,0.0587415821337665,0.053167975497684,0.0764561898434295,0.0518521441089141
0.1324717139983628,0.1543291683712029,0.0627275795142282,0.1702733130711187,0.1833456960278164,0.0596818984145023,0.0577926753486839,0.0526808523401375,0.0753673628343537,0.0513297400699922
0.1345329812958059,0.157161341928827,0.0630802653470299,0.1697455645384947,0.1831672156727913,0.0586801963429477,0.0567572603156607,0.0521021604757287,0.0739456555403166,0.0508273585328212
0.1368622669972744,0.1597187790236688,0.0636939294102209,0.1690842667462343,0.1827130130513992,0.0578448949337311,0.0557707997352435,0.0516155707289148,0.0724119167699353,0.0502845625938328
0.1395994438894488,0.1623201774831535,0.0646326270044073,0.1682283225334973,0.1822507406986132,0.0572375556861423,0.0548804904182245,0.0512017239585816,0.0698892841734582,0.0497596341449462
0.1421504013147906,0.1646514117031503,0.065570609426501,0.167281602460432,0.181541220959251,0.0568686535309517,0.0542117179453141,0.0507739762705388,0.0676636725227844,0.0492867338567744
0.144496116960402,0.1666095230541319,0.0664623181319414,0.1663144171481642,0.180806523151767,0.0563225723699774,0.0534400665255843,0.0503370223003394,0.0664298802529447,0.0487815600952672
0.147061821581166,0.1689016212051064,0.0674527583616749,0.1646889169085063,0.1798153131448712,0.0559356078129118,0.0527223654878528,0.0499953442869518,0.0651324376022408,0.0482938135992528
0.1495748030902138,0.1711453249836164,0.0684612127040537,0.1629633439494518,0.178580219120677,0.0555246049851803,0.0521528003417158,0.0496196979480958,0.0642612152399035,0.0477167776276601
0.1521827954293817,0.1730080375829174,0.0697340386851513,0.1612001173250583,0.1773437770421189,0.0552577586464787,0.0514412460268944,0.0491726733903192,0.063485239461739,0.047174316400544
0.1544515975083057,0.1742191222703484,0.0710013725695178,0.1596458070576692,0.1762990591037063,0.0550350945988164,0.0509152611347679,0.048691499015597,0.063067480831907,0.0466737059000229
0.1565463761792317,0.1751735590619452,0.0723110984157436,0.15823073906684,0.175118258204399,0.0548478190056162,0.0505578787666956,0.0480734194157848,0.0630302205633952,0.0461106313110706
0.1594264576300908,0.1766542112333102,0.0739909789872772,0.1564952075069821,0.1734662033095837,0.0545129829343434,0.0500108164420399,0.0473112989509887,0.0626943495136191,0.0454374934825608
0.1623806461979103,0.1776724448088107,0.0759373200970737,0.1548581795052785,0.1718799496178741,0.0540262781346911,0.0494007781294954,0.046503064028332,0.0627041212998201,0.0446372181715977
0.1649441119800135,0.1779907849950641,0.077842213345032,0.1532428529853993,0.1703641928645046,0.0535149146276036,0.0488996927687232,0.0459916998137765,0.0633020876173615,0.0439074489934811
0.1671353956738313,0.177694866464319,0.0797078797784207,0.1515022987910984,0.168599840840416,0.0530785380737926,0.048546674836046,0.0455951968425471,0.0647401184691085,0.0433991902214473
0.1690927056773967,0.1773553055397603,0.0814084236937782,0.1495130776708856,0.1667867806858006,0.0527683893603607,0.04822869539625,0.0451136551512986,0.066800370618497,0.0429325961970543
0.1706887907003303,0.1770093812586289,0.0829287753220811,0.1476273344293531,0.1648165575232023,0.0524283031538299,0.0479253419021651,0.0446301507276372,0.0694137240136913,0.0425316409602106
0.1717049799333939,0.1760555960624336,0.0841712150416788,0.1459802952925197,0.1629900713771437,0.0520336073715359,0.0474757576252529,0.0441669170540654,0.0733524499462807,0.0420691102868894
0.1727919451385173,0.1753138172893942,0.0853773266271936,0.1439886121571248,0.1609322039268973,0.0514624910162729,0.0470846421648154,0.0437834724566979,0.0776641074028791,0.0416013818114592
0.1736301652363765,0.1745585770382482,0.0864082511291289,0.1418136103940352,0.1587120089606369,0.0509432181766306,0.0467464484631958,0.0434218085152637,0.0826646270496826,0.0411012850281121
0.1739105599532645,0.1738487931031855,0.0870894586631827,0.1395581998685467,0.156451488265306,0.0504074810339822,0.0463779941946862,0.0431239772890999,0.0886122284472308,0.0406198191728765
0.1742311037118798,0.1730072879870145,0.087751242172452,0.1373986994395438,0.1542682008128085,0.0498336036879296,0.0459939072215532,0.0427615700587225,0.0947473826504595,0.0400070022490567
0.1744947636184348,0.1721140272539289,0.0883734714061472,0.1353573173579341,0.1519891191096617,0.0492866694805115,0.0456552388081499,0.0423707113388958,0.1009481636107406,0.0394105180070728
0.174631660904601,0.1710924428486845,0.0889406639409046,0.133553104903101,0.1498649084588523,0.0486704160704787,0.0453762385228327,0.0420247165546449,0.1070829467815088,0.0387629010059275
0.1744232073503699,0.1697747016512462,0.0892978541955167,0.1321843522355524,0.1481828887074824,0.048090996186044,0.0450678319883981,0.0415509402716552,0.1132904266932382,0.0381368007120991
0.1734237512390092,0.1687021150521183,0.0891823028292393,0.1305277894273154,0.1460772188372812,0.0473447662755206,0.0447073057713128,0.0411891809874299,0.1212689666947885,0.0375766028776473
0.1725431040167015,0.1680074072760524,0.0890589481287174,0.1286356266139502,0.1435575277552659,0.0465804091620228,0.0444365600602491,0.0410246414500058,0.1291007823469451,0.0370549931817932
0.1717221200370924,0.1675166611333315,0.0889446155241125,0.127018680042077,0.1413385434599118,0.0457482445069537,0.044185083513403,0.0408735326381874,0.1360721116911006,0.0365804074455612
0.1710994351735635,0.1668650833453922,0.0888763108607432,0.1255571432213793,0.1391979131323726,0.0449731681765003,0.0440382048298265,0.04079602429571,0.1424380553500622,0.0361586616062006
0.1704744153990063,0.166413682316968,0.0887811173733652,0.1241711300466888,0.1372299991689832,0.0443379326899792,0.0439084420659734,0.0408351218822793,0.1480885604345253,0.0357595986139941
0.1700705202234497,0.1659601665504267,0.0887622119048805,0.1230641686749458,0.1354876894577804,0.0437884567766578,0.0438068554162801,0.0410047322132335,0.1526054926617219,0.0354497061123923
0.1697667684632537,0.1656130436854424,0.0887735160801772,0.1217883381741339,0.1333891184997729,0.0433326601859561,0.0438223596630337,0.0413567517956871,0.1570160258739029,0.035141417570407
0.1695311414513214,0.1654821702510388,0.0887600975273992,0.1204285666910802,0.1310626566413418,0.0430689355588481,0.0438375101075243,0.0417683754323316,0.1611761993446627,0.0348843469862005
0.1690347358607302,0.1653354417800702,0.0885836360010599,0.1192908270065028,0.1290411751803875,0.0428577354264193,0.0437114403261934,0.042233274254097,0.165297710163027,0.0346140239932425
0.1684007436411971,0.1652438451671667,0.0883335506682301,0.1179812950551317,0.1271626184006242,0.0427777535387857,0.043653434497589,0.0427623553527426,0.1693064154473575,0.0343779882228786
0.1674508033175347,0.1650272502280117,0.0879911039623352,0.1165462287088216,0.1254706452681654,0.0428671043862662,0.0436399780697064,0.0433123294668238,0.1734891594256233,0.0342053971583824
0.1663188862958994,0.1648473222546185,0.0875732470001608,0.1151049417964039,0.1237158232424656,0.042909115395987,0.0437690484277136,0.0439672800867264,0.1776893573407503,0.0341049781509009
0.1647868044781097,0.164161937605401,0.0871235485854841,0.1138394924588853,0.1222486455332803,0.0430910082704888,0.044242910194825,0.0448373029526361,0.1816917374047713,0.0339766125076999
0.1630581086296395,0.163324473918095,0.0868242598570778,0.1125189035059846,0.1207463912211738,0.0432963880271574,0.0446970618543148,0.0458788849314959,0.1857836715450597,0.0338718565015462
0.1614998785826061,0.1627037891776682,0.0863639727970889,0.1110233956030978,0.1192432323129889,0.0433376888392569,0.0450737936121657,0.0467511055439095,0.1901197940974529,0.0338833494252675
0.1596435827625711,0.1624165723210611,0.086133915080809,0.1094064506535058,0.1176558809378746,0.0436636826607305,0.0455913190596779,0.0477149189535406,0.1937718303512423,0.0340018472104337
0.1579398739124487,0.1618076311343276,0.0861179041688238,0.1080064268002576,0.1160997466672454,0.0439701589215597,0.046036192882718,0.0481828327618369,0.1977800421061958,0.0340591906359876
0.156504902018211,0.1613992018287313,0.086287561391887,0.1068724034454868,0.1149498144532047,0.0440799056050109,0.0461832584883898,0.0482507629328944,0.2014427791560793,0.0340294106714654
0.1553295728735909,0.1609457781889875,0.0864607135430817,0.105464080066944,0.1136231289389825,0.0442945207034932,0.0462738846503742,0.0483705770386381,0.2052146073154182,0.0340231366718056
0.1543160127927057,0.1601726607997348,0.0865338555322245,0.1041096406908663,0.1123682922527158,0.0445576833019831,0.0461573612029073,0.0484044025157303,0.2093185583448706,0.0340615325575252
0.1534071620061312,0.1591477504480226,0.0866961027577968,0.1024172965418039,0.1107882732704825,0.0449064968048334,0.0461572448179478,0.048562128534853,0.2137665375875359,0.0341510072217894
0.1520348986255277,0.1573156134119867,0.0868578083469292,0.1010857739900009,0.1093525408338794,0.0452475632810989,0.0462666584848159,0.0487913422467203,0.2186716112148118,0.0343761895553488
0.1501684461194951,0.1544002436273754,0.0869982517098803,0.0999236724514334,0.1080991923206814,0.0457545064055849,0.046515842450501,0.0491559792295084,0.2241624231651073,0.0348214425114566
0.1479990701661348,0.1508198555483812,0.0872156332083949,0.098901501864878,0.1068825251541723,0.0463521952824313,0.0467797766356529,0.0497094286328157,0.2299826276555499,0.0353573858424989
0.1457054758312656,0.1463058062826671,0.0876933775634758,0.0981527759603094,0.1059348191242671,0.0469129489094437,0.0471568576797085,0.0502786547017542,0.2358163404932274,0.0360429434446695
0.143820785929218,0.1423337374153949,0.0884704160430249,0.0973029902713001,0.104846057821543,0.0474220485536755,0.0474278962421401,0.0507513125435766,0.241027487250948,0.0365972679198693
0.1418931536754354,0.1379047950793714,0.0895684297460654,0.0965831934376522,0.103910230417941,0.047924150611952,0.0476932562024026,0.0511713546177543,0.2461794486621981,0.0371719875398177
0.13948973639888,0.1326078248667941,0.0909566240912062,0.0962784080766307,0.1034327369985415,0.0483869585051418,0.0481342410864699,0.0516948188331043,0.2512053402996541,0.0378133108340659
0.1368199695749637,0.126824736102141,0.0923249782338231,0.0958131181928112,0.1029299005631258,0.0488630033668965,0.0487788874241801,0.0524023537543036,0.2565737938960063,0.0386692588821279
0.1338762905728228,0.1204627658387818,0.0935806480934814,0.0957309152758941,0.1028090699861283,0.0493318246779976,0.0494497031581204,0.0531340926383531,0.2620171869801035,0.0396075027685804
0.130509235673648,0.1141960311672673,0.0945487441363145,0.0957114424875969,0.1024241641685905,0.0498484351640774,0.0501120424526976,0.0539668824262355,0.2680151391260503,0.04066788318765
0.1271502516022515,0.1081487889462108,0.0953216637423397,0.0957682687305324,0.1020828537340411,0.0503530839701051,0.0507389894017345,0.0548593017625885,0.2738103376562581,0.0417664604439316
0.1242843296734146,0.1029865220343961,0.0961221557100223,0.0958531341987782,0.1015939775363658,0.05071548701791,0.0512263870548348,0.0555385114289096,0.2787492096398536,0.042930285695397
0.122076760307999,0.098518540532748,0.0969949386416117,0.0960778379420334,0.1012571048778927,0.0509102066816591,0.0514089248221854,0.0560809425651932,0.2827055288485111,0.0439692147699785
0.1202522734799943,0.0947998876663156,0.0978374816927918,0.0962000423796746,0.1008341293052352,0.0509383394354698,0.0514481435034737,0.0564849584900678,0.2860179228287214,0.0451868212080173
0.1186981057777085,0.0913102231420787,0.0985838013303657,0.0964731998552546,0.1005442465181632,0.0510941285989669,0.0514799705303097,0.0570327943821273,0.288442769554069,0.0463407603006756
0.1168639818306717,0.0876705220767191,0.0991896746865333,0.0966257115714953,0.1002552207410583,0.0513890548293831,0.0517091311965665,0.0577498637920186,0.2910006059888475,0.0475462332763722
0.1146718922374554,0.0842380027721216,0.0994675632473834,0.0965645058985719,0.0998035201692724,0.0517129923421009,0.0520860329946844,0.0585176414714782,0.2938605137805204,0.0490773350760002
0.1122145800519921,0.0807588224369713,0.0994782114500327,0.0965367188328568,0.0993691242404259,0.0519754036092244,0.0525214466657824,0.0591703298052912,0.2970001678003596,0.0509751950965679
0.1097901313651269,0.0774328630019065,0.0992954288719004,0.0964918577693008,0.0990645465816099,0.0521392393955515,0.0529434334042258,0.0600147543794381,0.299744081636876,0.0530836635834991
0.1073429793738238,0.0742147293362528,0.0990372306535433,0.0962731057608579,0.0986420688586443,0.0524555378274531,0.0533848222189306,0.060902088507597,0.3025170141026258,0.0552304233496337
0.1049260432306554,0.0708538078330285,0.0988035121844463,0.0962574703299419,0.098199418704656,0.0528033179784128,0.0537157928906531,0.0617188249828298,0.3051819947575641,0.0575398170971056
0.1024764868352172,0.067533238909039,0.0985821171961028,0.0961669959544142,0.0977923886761821,0.0530846902908996,0.0539950960729981,0.0623468222130801,0.307777323488563,0.0602448403527235
0.0998309420236184,0.0646979377630741,0.097949843525005,0.0961039121423203,0.0973093146982417,0.053141253771772,0.0544120394672516,0.0631998980527362,0.3102687766736913,0.0630860818714323
0.0971505633889235,0.0623867835190807,0.0971828900430562,0.0959079404051714,0.0966071816434057,0.0529703128504021,0.0547572034799525,0.063997094160624,0.3126192373958247,0.066420793102604
0.0941782472410084,0.0600110219868614,0.0962400023051792,0.0956213614196823,0.0959641349574526,0.0529445141282471,0.0550667231200827,0.0648102593328394,0.3148331982438621,0.0703305372537251
0.090019837823988,0.0566573829036762,0.0949115846495196,0.0954441672131095,0.0954686627173683,0.0531010399287152,0.0556077769539937,0.0658533358247454,0.3179815127229605,0.0749546992507327
0.0854118608523114,0.0533861012558469,0.0932968928337217,0.0952297359596413,0.0950942383250042,0.0533903386790661,0.0562881589251139,0.0668485519025905,0.3214043575034517,0.0796497637519007
0.081244468923778,0.0509622582088787,0.0916779292059884,0.0948026930683715,0.0944495640076557,0.0538073739396098,0.0568765092016801,0.0676887335724697,0.3237134633617151,0.0847770064983513
0.0775339811853405,0.0493284069837445,0.0900562761783766,0.0944158750687116,0.0937852046969601,0.0542168109938646,0.0574002212089921,0.0681591777582113,0.3245859158998286,0.090518130014333
0.0743070349942693,0.0481613630696405,0.088637347570092,0.0938419420208857,0.0927853596026943,0.0545398412454532,0.0579772356544282,0.068783671281019,0.3245138532589493,0.0964523512908098
0.0716157537327479,0.0473583322568908,0.0873905884458703,0.0932564512104404,0.0919537335222597,0.0548052351245545,0.0585766633999565,0.0693832761662348,0.3232984944770047,0.1023614716521748
0.0692996131899154,0.0469452409392692,0.0863988042036683,0.0927207007809164,0.0910925513506876,0.0551672576701586,0.0593803290343503,0.070123848236516,0.3204450925283543,0.1084265620541738
0.0669854285139494,0.0465451907131747,0.0854945815842328,0.0924340205521562,0.0902711849066203,0.0557435444657783,0.0601330890626262,0.0708641040305285,0.3170191518578973,0.1145097043009217
0.0649633430107828,0.0463191347329521,0.0847825233254184,0.0922368817679937,0.0894009578729744,0.0563423197160879,0.0607503502017833,0.0716068222027833,0.3125381054377618,0.1210595617192184
0.0638759136301657,0.0465028972496821,0.0845692809276844,0.0921048987875647,0.0884339254092595,0.0568306842180421,0.0613246022004455,0.0723606861953183,0.3062583869842177,0.1277387243852555
0.0623914751609157,0.0465436361253526,0.084271312007098,0.0922844399121394,0.0877347088391715,0.0572535143355348,0.0617955971079936,0.073204753758572,0.2995252112544135,0.1349953514863187
0.0610316740323025,0.0466899766168664,0.0841129697948386,0.0925357853653516,0.0874123481902582,0.0576269725327399,0.0622313473394631,0.0743017846029426,0.2920638897820583,0.1419932517305543
0.0597867257914901,0.0469967457587862,0.0839322854951341,0.0926864539648306,0.0870020107636577,0.0579799754920861,0.0625885649401225,0.0754004548871349,0.2841880988988786,0.1494386839951232
0.0587519365677308,0.0475285134479594,0.0838810266120031,0.0928809559331622,0.0868031361574233,0.058291472412313,0.0627635536202413,0.076682406478336,0.2756964450290204,0.1567205537289329
0.0589586003975782,0.0477696616751466,0.0845586262484629,0.0933104945974415,0.0869201246821284,0.0588541544155413,0.062967095645431,0.0778689517049342,0.2645779278887429,0.1642143627315877
0.0592760029300211,0.04763892933798,0.0854262648374479,0.093796254281469,0.0871754525572369,0.0593698283626074,0.0630155502415988,0.0789467051707538,0.2537350657515274,0.1716199465162522
0.0596470140788296,0.0474257081113258,0.0861695409738755,0.0942214748654637,0.0873526900026368,0.0597411694292396,0.0628284458703075,0.0798105850992122,0.2443904155567263,0.1784129559992359
0.0597344919833293,0.0475685341139304,0.0867152818615541,0.094552028306173,0.0877437685630142,0.0600474771108609,0.0625696354957222,0.0806811966494164,0.2361746138674344,0.1842129720354108
0.0596407898268254,0.0474334894401537,0.0871199907752146,0.0949016917481649,0.0880776173052386,0.0601542259388635,0.062210158033519,0.0812294009654708,0.2292608567295732,0.1899717792238381
0.0592658094805577,0.0475593346401224,0.087201351498955,0.0953304761518948,0.0885168015020417,0.0600529644747385,0.0617759581243299,0.0810827232119628,0.2239790363795769,0.1952355445227022
0.0587109113363701,0.0475576120246009,0.0872099837106212,0.0959778188228984,0.0891439848161416,0.0600230126635813,0.0613334513040507,0.0807161022289234,0.2192970831223064,0.2000300399574011
0.0579266131637462,0.047626201045903,0.0869844082056801,0.0966488821915163,0.0897705761435309,0.0600011526667252,0.0608897910287158,0.080490291922741,0.215194021087539,0.2044680625308159
0.0570166924406936,0.047641720880374,0.0866431007221684,0.0971910456292876,0.0902821518616669,0.0599047366466887,0.0605753883347303,0.0802422454479596,0.2116847115042761,0.2088182065190965
0.0559628805284021,0.0475982652990321,0.0861081717305251,0.0976896905026164,0.0906443769000281,0.0597530316873934,0.0602349398133768,0.0802846913738986,0.2092819571870846,0.2124419949646346
0.0549104873995725,0.0474678349141622,0.0854732818183787,0.0983412332979275,0.091035967889879,0.0595574105106083,0.0598729182164888,0.0804516026446602,0.2073123462003115,0.2155769170950474
0.0537370149861633,0.0472364717609733,0.0845591233388893,0.098983783188662,0.0915653505044764,0.0595464183268183,0.0594358282845654,0.0808263213880277,0.2055860537599537,0.218523634448553
0.0526963341629017,0.0470106937281882,0.0836086767467612,0.0996130485346193,0.0921028274930658,0.0593072418934084,0.0588481725651977,0.08084314130156,0.2045259812563689,0.2214438823050482
0.0518745763629457,0.0469872528716481,0.0823629526397934,0.100264958995008,0.092805169667916,0.0591692091271791,0.0582613618920262,0.080892670477551,0.2030444816169974,0.2243373663360719
0.0510819116127426,0.047129234308621,0.0813743861818743,0.1010573529957691,0.0936438898294621,0.0590951876552744,0.0578969157685425,0.08093168238218,0.1998519675861425,0.2279374716665237
0.0506141969860103,0.0468907970864681,0.0799798454339245,0.1016384447752679,0.0942981840590482,0.0591135694804153,0.0572929125083196,0.0810762155034807,0.1980534625556838,0.2310423715985289
0.0502848259370884,0.0467215173401761,0.0786937291184569,0.1023075246088243,0.0949282772025423,0.058855869301433,0.056591346902479,0.0814064456929865,0.1961943307376224,0.2340161331455494
0.0498394270549326,0.0462677256965597,0.0773169944290733,0.102702357163143,0.0953375693950448,0.058900022152656,0.0562952511456786,0.0821994726298847,0.1952327382821531,0.2359084420380693
0.0492672523614949,0.0458958070417397,0.0760997581302354,0.1030604312928638,0.09574629719218,0.0587689530037458,0.0560785152799331,0.0828260837009899,0.1937444749004086,0.2385124270836316
0.0485505137203282,0.0454292133329644,0.0752184138135114,0.1035242498464022,0.0962326980091099,0.0584737833324837,0.0561571635508549,0.0833319248451284,0.1913402300909938,0.2417418094454645
0.0478537527386952,0.0450233632608243,0.074483779274133,0.1040506555373489,0.0967279233135724,0.0583051008675943,0.0560899260072384,0.0838651712410126,0.1881655731722972,0.2454347545745313
0.0471482626832865,0.0445143959308234,0.0737243170195373,0.1044374660695068,0.0971046746936747,0.0580990011610771,0.0559222248349927,0.084418216159094,0.1846393465307846,0.2499920949044729
0.0463918619585591,0.044013868973949,0.0730785989196581,0.1047846858913029,0.097477928151801,0.0577684461032543,0.0556536520711318,0.0848900483450596,0.1810244015111447,0.2549165080613876
0.0456349958443991,0.043489299091992,0.072367795626401,0.1048382411046126,0.0975877723339133,0.0573438468900006,0.0554258143043862,0.0852990042638515,0.1778594259593187,0.2601538045683741
0.0448541378840771,0.0431027572917097,0.0714355398309488,0.1047206155364416,0.0975091104536389,0.0569988919643041,0.0552254256987021,0.085527045466483,0.1743891486953096,0.2662373271656295
0.0440411089219942,0.0429210460283139,0.0702292670402289,0.1045421227311473,0.0973521060869427,0.0567517043498424,0.0549639142966943,0.0855381247584748,0.1707148132932202,0.2729457924803776
0.043341956714593,0.0431971799274449,0.0687327731131356,0.1040606803166136,0.0969818616407942,0.0563605792711429,0.0546412978459699,0.0856019945230054,0.1673053275325163,0.27977634910202
0.043328279964246,0.0438310987562369,0.0671048883036581,0.1031886483194693,0.0963984927614901,0.0558838817106278,0.0542587648389901,0.0854584610057447,0.1639383362973123,0.2866091480294737
0.0434711811945148,0.0448770235316894,0.0655089934739114,0.1020908829896993,0.0956311091619687,0.0555328399184229,0.0539774610505018,0.0852338641077552,0.1603790960672674,0.2932975484915314
0.0434997365092815,0.0461841573516381,0.0640104560973463,0.1011495390913449,0.0949964853455498,0.0552375646675639,0.0536648175884144,0.084822721909372,0.1566457139787098,0.2997888074480632
0.0434856822014204,0.0470628572908089,0.0626977188643346,0.1002093247498789,0.0943779457571476,0.0549044272887791,0.053268723433213,0.0844907451905356,0.153083250233372,0.3064193249778123
0.0435551606156305,0.0473470447333168,0.0618604914162567,0.0993505636267725,0.0938005638638197,0.0545782046770249,0.052872835901868,0.0842591933437394,0.1501396157189372,0.3122363260899491
0.0437117162220026,0.0477556200748503,0.0610744748334737,0.098601913856164,0.0932506290333283,0.0542595241548314,0.0524568331561164,0.0839757337639763,0.147420313077004,0.3174932418155817
0.0437841815373,0.0482739690017971,0.0603165109240337,0.098024675781238,0.0928999826069877,0.0540379095034257,0.0522431501384425,0.083620730839517,0.1445937519438463,0.3222051377107416
0.043637902843103,0.0486217916908272,0.0595342182337399,0.0976368221882947,0.092705214324549,0.0539115379470182,0.0519967978309606,0.0834069265910722,0.1422081973451122,0.3263405909926433
0.0435334714544599,0.0490122523098442,0.0590252783607653,0.0969767929669071,0.0923636527648365,0.0536957260356952,0.0518472294869903,0.0829592512082937,0.1404268617299501,0.3301594836695736
0.0435603911411179,0.0494525303594694,0.0587676294786416,0.0964410594559449,0.0920389015348442,0.0533870715025855,0.0516275954237826,0.0825085010896258,0.1390206251657283,0.3331956948355837
0.0438579214499963,0.0499078733338715,0.058837706333009,0.0958801559632597,0.0917206360954322,0.0530843649975454,0.0513119630660253,0.0819595259802423,0.1379289296194477,0.3355109231485088
0.0442068170057251,0.0504969165017503,0.0591171979033162,0.0952723805427132,0.091353866259425,0.0528471629131049,0.0508972897349438,0.0815421687249592,0.1369640672535435,0.3373021331478633
0.0445956497140944,0.0511739854257018,0.0595608873489214,0.0948495573480949,0.0911048587845873,0.0526146867780039,0.0504495635275328,0.0812378390241131,0.1362141220597398,0.3381988499765561
0.0450261392679146,0.0518142802519318,0.0600451226216474,0.0945231001062422,0.0910104932775728,0.0523755289108455,0.0501330109543723,0.0811031182592326,0.1355935403537737,0.338375665983824
0.0454298451197839,0.0523814135826789,0.0604832611005373,0.094059867317796,0.0908705388089896,0.052207612880972,0.04996317224342,0.0809450393988451,0.1353720322827917,0.3382872172515528
0.0458230179361595,0.052849336920233,0.0608747356548026,0.0936848885693841,0.0908129603807304,0.0520252667776763,0.0498234628899996,0.0811115406860635,0.13553984408599,0.3374549460863355
0.0463269956087086,0.0532942752920895,0.0614015217347136,0.0933613859370467,0.0907515031064176,0.0519991507425528,0.0496859759197851,0.0811996759018257,0.1356558833133787,0.3363236324308587
