0.1475255693539507,0.072137661288322,0.1509670941948695,0.0471760362510401,0.0382958656069911,0.1161487362053785,0.133807796225659,0.1136683044947762,0.1082208195681266,0.0720521167917816
0.1518170471950211,0.0649298697068803,0.134758353571149,0.0527860959432812,0.0428167767690552,0.119502587051164,0.1350315828617873,0.1082378252409882,0.1195173302627076,0.0706025313785659
0.1558734645064753,0.0692969839041307,0.1289021614798215,0.0547742909345859,0.0434255110044367,0.1210682067500274,0.1368098448364924,0.1078707163483844,0.1121919805271518,0.0697868396888964
0.1570831327262578,0.0725597818345599,0.1245917175621299,0.0583668663708814,0.0463359644067857,0.1201559732440381,0.1386209190896672,0.106620138597102,0.1076573034020751,0.0680082027467443
0.1584811886969957,0.0718474727816415,0.1230314675826269,0.0577050680737328,0.044533457037268,0.1214710521079229,0.1394962634115523,0.1077672085048628,0.1074785089719905,0.0681883128113882
0.1590810588206458,0.0701718153878084,0.1240032559813714,0.0572718149032366,0.0424906357649888,0.1217396018787511,0.1405512634331732,0.1087934134214184,0.1076810666171788,0.0682160737712973
0.1573900504880636,0.0699160749348281,0.12478112373236,0.0571732199001851,0.0406749082501266,0.1218914828920491,0.1426695599153092,0.1091353462163186,0.1079630305004382,0.0684052031500515
0.1536244204006809,0.0714302048807166,0.1255632910405189,0.0569546953569766,0.0393453771953908,0.1214756121863288,0.1446768610845557,0.1097379382208311,0.1071525780877404,0.0700390215257324
0.151781478335377,0.0721008026042754,0.1257686872481018,0.0571296561177878,0.039144509659052,0.1206955715348373,0.1462078770345184,0.1088752319035367,0.1062900087714377,0.0720061767702757
0.1516980727384339,0.071679019959354,0.1260113190805805,0.0565298145887158,0.038015718532057,0.1200988392597526,0.1471252007032236,0.1086388494642799,0.1066168837143981,0.0735862819381912
0.1519997975335447,0.071836542734695,0.126074975084916,0.0564122856538193,0.0375887708237259,0.1183666237666883,0.1460081839628851,0.1065227920640203,0.1098946554919587,0.075295372862584
0.1522469018078298,0.0723976469416347,0.1248947575946707,0.0559119208749733,0.0375790995049829,0.116054841308062,0.1443554330471066,0.1041958516654783,0.1152939921917626,0.0770695550422995
0.152228580483401,0.0728032353277988,0.1240459295256439,0.0556206455686299,0.0380663953015798,0.1135649021611997,0.1425947202919901,0.1022578289833322,0.1195794808802196,0.0792382814549654
0.1519537162542582,0.0732190152584903,0.1229377630997262,0.0552444118503822,0.038428534443001,0.1109873975140177,0.1401783374657726,0.1013591232187853,0.12504932007014,0.0806423808041723
0.1516343587451232,0.073735169208417,0.1219508871703958,0.0552626218838689,0.0386960276784892,0.1082427853845779,0.1377578153537035,0.100817075156481,0.1300882667890739,0.0818149926086362
0.1511401468441823,0.0750805003950466,0.1211208092607463,0.0546127380564664,0.0382940063225713,0.1056572805106489,0.1356385405119486,0.0998944870162045,0.1358487309270917,0.0827127601339143
0.1497367508430971,0.0780186216000498,0.1198603587336977,0.0537011637683296,0.0376325536028589,0.1025636093050982,0.1322066232300085,0.0984342277020343,0.1445463036545338,0.0832997875392701
0.1490385071483201,0.0795556233967073,0.1192692725624605,0.0530670864543423,0.0373032343128183,0.1000708670700906,0.1289914212104161,0.0974503376583925,0.1514337158629177,0.0838199343026227
0.1481513512118955,0.0806369294978057,0.1183177849243085,0.0524383941419752,0.037154677051853,0.0975394126798736,0.1258205301492925,0.0960686226800224,0.1599697071101179,0.0839025905321032
0.14718232343665,0.0808622937584434,0.1171752490850496,0.0519004749581228,0.0370548610662382,0.0961067390938815,0.1226549923367936,0.095008750297385,0.1678994239120655,0.0841548920347333
0.1458943035888898,0.0817124540194176,0.1156999092147724,0.0512707918214654,0.0369176952809111,0.0951941063900956,0.1196217370623483,0.0947654948306146,0.1746355326658883,0.0842879751050755
0.1439793436306736,0.0827912612754939,0.1141915067442656,0.0504705646199107,0.0369398536627373,0.0943273376396037,0.1160557025228864,0.0949640148360693,0.1822792713808952,0.0840011436670746
0.1414908201445916,0.0834597478886498,0.1127761391431323,0.0497308908541581,0.0370433592154941,0.0932724223886336,0.1131192458285033,0.0955603911338952,0.1898024190850417,0.0837445642976427
0.1382402639104186,0.0845302857358525,0.1110703428952244,0.0487781462397036,0.0369881933807739,0.0925290389684216,0.1100231750184044,0.0965380089863596,0.1981480034787819,0.0831545413660365
0.1355496492784861,0.0852488433793619,0.109903668112713,0.0483540790746104,0.0373301861264908,0.0923230967712417,0.1081031275612967,0.0982064419554918,0.2021119622559967,0.082868945464368
0.1323990102978219,0.0855231131216686,0.1092425150214895,0.0478413762262018,0.0378273126779235,0.092751570920002,0.1065018148843237,0.1010998131181892,0.2040544837585244,0.0827589899539726
0.128376697557754,0.0849822616277917,0.1086781085690455,0.0472175848323446,0.038412753220997,0.0937390318316161,0.1046116284651946,0.1046637378062319,0.2067579514862625,0.0825602445829877
0.1242237884370873,0.0842498264181603,0.1081981706150107,0.0467613717143889,0.0388776280377668,0.0948901696588464,0.1028981520848171,0.1083902844641738,0.2094555227409202,0.0820550858091782
0.1200518041273955,0.0833702244176781,0.1076544988671276,0.0463636748402579,0.0392096170131316,0.096159355511701,0.1010313210490588,0.1119339804265649,0.2128001462715508,0.0814253774560402
0.1164475378459351,0.0829593204453472,0.1072501137078016,0.0461966532501384,0.03978701566477,0.0978181664496786,0.0994432884206083,0.1150439079387955,0.2141299481215903,0.0809240481359621
0.1129457358213091,0.0827113635426491,0.1069084461408113,0.0461771314606104,0.0402223589626053,0.0994384226273867,0.0979495315266403,0.1169407863391761,0.2164612807313704,0.0802449428282242
0.1097115648591224,0.0824280217690392,0.1067153633097262,0.0462961199769705,0.0405636465703947,0.1004871339714428,0.0965867451428667,0.1187563149629523,0.2190259322334742,0.0794291571849645
0.1069015524855041,0.0823867600828797,0.1066751312686704,0.0467223134672203,0.041011369236684,0.1014012213952511,0.0954701062440136,0.1205186348661341,0.2202889704523241,0.0786239404824181
0.1045261518958078,0.0824481550847206,0.1068227376803517,0.0471258656940371,0.0412380573820601,0.1025870592032685,0.094541685533499,0.1221940713776548,0.2204567993855483,0.0780594167442696
0.1021993915278182,0.0825161404637145,0.1069095693492717,0.0473089168966606,0.0412485645871973,0.1040990788559754,0.0938834143014849,0.1234059439640817,0.2209875122611979,0.0774414677739477
0.1001166042727645,0.0828536924859162,0.1069761175503561,0.0474763374547285,0.0413250339490768,0.1056046668664328,0.0930771841929859,0.1240113002382814,0.2216498262284406,0.076909236742446
0.0982200194772062,0.0831000973977569,0.1068249818399662,0.0476035142904406,0.0415159291599876,0.1069190733426872,0.0925606129172567,0.1249233920686987,0.2218797842704144,0.0764525952170769
0.0964470981907421,0.0830886752882083,0.1064062344854486,0.0476411584373046,0.0416756236993671,0.1078296748522585,0.0924093769166902,0.1260297807942,0.2227051539112788,0.0757672234060759
0.0950914966898074,0.0830706363923715,0.1060452867735976,0.0478928245366031,0.0420385955549803,0.1088972375944111,0.0922602982705587,0.1272122353494285,0.222335623823578,0.0751557649962927
0.093790709454857,0.0828234799477817,0.1056275611631421,0.0485047889604465,0.0425259981282342,0.1099422467759995,0.0920343602906609,0.1285739995859639,0.2218102409938314,0.0743666146808237
0.0925121846080054,0.0824360638214283,0.1051817737336783,0.049355452324308,0.0431880257374845,0.1111721984370024,0.0917539829887622,0.1300822068732216,0.2207000543851393,0.0736180570728477
0.0912725220403379,0.0820061619087877,0.104777507482732,0.0506346317309119,0.0442363732319575,0.1121591383858049,0.0914162846237675,0.1312366097772866,0.2194419691690446,0.0728188016314114
0.0901896996687351,0.0813639523672184,0.1044469806007194,0.0519737528074218,0.0454594790583987,0.1130536571332461,0.0911666250254279,0.1325971656546262,0.2176397334412104,0.072108954225191
0.0890747133539127,0.0803463322677716,0.1041272623382258,0.0531300939677812,0.0465374433626973,0.1144308029501669,0.0910016850972682,0.1342708041092786,0.2157954597740534,0.0712854027612462
0.0881261507049655,0.0791708647499036,0.1039650742358222,0.0541931876258983,0.0473695408088242,0.1157013463084666,0.0908401137978045,0.136052936326055,0.2139310865393326,0.0706496988855269
0.087263622250371,0.0777804818893898,0.10367038291362,0.0552965630975108,0.0481741426759945,0.1172688690871668,0.0908026188304818,0.1376780797993644,0.2119913370859859,0.0700739023528899
0.0863474981515727,0.0761940508045478,0.1030552421927269,0.0564995755107494,0.0490020620680608,0.1190682190159025,0.0909425065103121,0.139291163466064,0.2101691401607486,0.0694305421022869
0.0856683717388586,0.0747803240245364,0.1025341517216654,0.0578876429641857,0.0500663615046691,0.1208079143871404,0.0911718541277251,0.1409728997813262,0.2070128996322188,0.069097580100784
0.0850592752179411,0.0733038637156561,0.101904514402414,0.0592949110164531,0.0511920448777603,0.1226345628977217,0.0915070655013204,0.1423578857450891,0.2040250752049244,0.0687208014039715
0.0844852886561421,0.0717985066516091,0.1010573059144962,0.0607059820366061,0.0523618474208753,0.1243036374922511,0.0915740126592512,0.143595092953245,0.2015881954844298,0.0685301307144924
0.0839167084948964,0.0702930435834825,0.100017597321325,0.0621351752773126,0.0535978728234387,0.1257104753237301,0.0915860468206777,0.1447044871198888,0.1997202449117037,0.0683183483071031
0.0834753388140673,0.068974152221938,0.0990307347344199,0.0635137106012065,0.054863224149314,0.1269247634069226,0.091497614935305,0.1457545745352453,0.1977063719852468,0.0682595146000206
0.0829460471190076,0.0677296764924881,0.0979751211949755,0.0652914770912262,0.0564527288144412,0.1277931541316715,0.0913032917193549,0.1467773470006831,0.1955964564527206,0.0681346999672484
0.0823354624030719,0.0665604744976073,0.0968580704802764,0.0672037907876116,0.0579953376025927,0.128418436665867,0.0909792638585237,0.147344065085081,0.1943284078424921,0.0679766907608539
0.0817907212827607,0.06558667679221,0.0958395626615472,0.0692975269412128,0.0596539341224445,0.1285832805555458,0.0906806885037785,0.1481272924110213,0.1923994678204084,0.0680408488931918
0.0812299330986881,0.0647100398855024,0.0948107356426803,0.0714753077940477,0.0614029977103135,0.1287535862681451,0.0902363388938254,0.1490173340935772,0.1903019131382377,0.0680618134592686
0.0808226214340122,0.0639202364265131,0.0939454399649331,0.0735466370683368,0.0632305662758191,0.1287908342383418,0.0896712007831054,0.1497259761078647,0.1881242906040474,0.0682221970814512
0.0805373385298526,0.063229571560062,0.0931909600250567,0.0754224850123186,0.0645886452339284,0.1288663636063574,0.0892771108351176,0.1506392805539975,0.1859059215482852,0.0683423230795745
0.0802632999289298,0.0627495522983273,0.0924040755739571,0.0773212096840467,0.0659234436800979,0.1288568632950259,0.0887905053099384,0.1516164284052802,0.1836166524665045,0.0684579693425618
0.0799321589855898,0.0622530308145475,0.0915807321996171,0.0789234197930063,0.0671412440279715,0.1289354355322835,0.0884789351042459,0.1526928339138648,0.181381346095215,0.0686808635184283
0.078667553822756,0.0616886118586715,0.0899390166901165,0.0806681738738548,0.0683323559124146,0.1293340504324821,0.0876643463336337,0.1546202042185862,0.1802118926110423,0.0688737942313522
0.0771936115143728,0.0614466933040756,0.08850526871088,0.082429913986066,0.0695018462189338,0.1294412987081815,0.0871037718512114,0.1569468395788447,0.1784058959271121,0.0690248601854058
0.0756005418851873,0.0610774768260962,0.0870268962828508,0.0840096085463577,0.0705247447245565,0.129664639112295,0.0866032384094058,0.1592365225853937,0.1770920059645133,0.0691643256486091
0.0739258566554095,0.0606218001085553,0.0854604766001905,0.0855376466536778,0.071518891736573,0.1299140558121924,0.0861560673846211,0.16188315287344,0.1757339054465171,0.069248146714286
0.072291063965897,0.0603070829926409,0.0839341527709707,0.086914159705725,0.0724115025230424,0.1304416575967818,0.0861386766368225,0.1646027285325203,0.1738799744136328,0.0690790008476338
0.0708274271244841,0.0602770008981168,0.0824227751330616,0.0883683914863311,0.0734850453497766,0.1308675478170521,0.0860631437400689,0.1667925527891942,0.1721598461215758,0.0687362695261891
0.0696998614945082,0.0601588557988432,0.0810110619501425,0.0896534086556018,0.0747209548946686,0.131054429823273,0.0861826486422484,0.1690463854900557,0.1701582038733904,0.0683141893632902
0.0690481823202715,0.0598995000209251,0.0797633463726231,0.0905651576063849,0.0756785438690444,0.1311926333299746,0.0867680595062825,0.171359493208145,0.1679853727483019,0.0677397110042603
0.0683991828094819,0.0596544916775297,0.0787111089876429,0.0913275714984729,0.0763805978841649,0.1310362159202414,0.0875584909301063,0.1736359037540021,0.1661117039860198,0.0671847325387277
0.0677768243234187,0.059264930796947,0.0778268034250904,0.0915123896076351,0.0766547383437608,0.1313069478586233,0.0887842237389079,0.1758805848443721,0.1641606600311825,0.0668318970166276
0.0669147956722626,0.0588417166553143,0.0769231498230879,0.0919331961736919,0.0771230759167807,0.1315844909300128,0.0899184716419813,0.1782472832350057,0.1621581005489022,0.0663557193896867
0.06577261616146,0.058412650790507,0.0761154552861235,0.0926881827691107,0.0777164755372367,0.1317379378044254,0.091095339218767,0.1807254248547912,0.1599034647187336,0.0658324528457253
0.0645639554856771,0.0580627659936194,0.075187754575616,0.0937666966639369,0.0786423634259008,0.1316994642701083,0.092153221115717,0.1826450433801361,0.1581257834614372,0.0651529516148764
0.0633767045877719,0.0578325550753092,0.0743445316198318,0.0948028751404005,0.0796030655723469,0.1316518168102054,0.0931833137441084,0.1843437812631293,0.1562992123520987,0.0645621438219523
0.0621346398761852,0.0577625893144146,0.0734500999045343,0.0964668866131926,0.0813975550168802,0.1312899528073022,0.0939313626019252,0.185282393004929,0.154347261619275,0.0639372592286418
0.0608228259600685,0.0576190861977088,0.0724620977879249,0.099280907163172,0.0844100854912309,0.1306832940072371,0.0940687504773147,0.185579880184098,0.1519566003633733,0.0631164723552772
0.0596699141607921,0.0571649589715729,0.0715911962798669,0.1023428075446438,0.0877279079370313,0.1301781392841246,0.0942730584606937,0.185719755088909,0.1490617674479782,0.0622704948118941
0.0585843151700857,0.0569586720164988,0.0707503909768259,0.1058285667987531,0.0917503678790727,0.1291971934464305,0.0938403858310541,0.1849482118369446,0.1465667064097285,0.0615751896222098
0.0575642065833941,0.056600659407818,0.0700194580930771,0.1099407770226988,0.0964776262541304,0.1281304411177811,0.0929904113149969,0.1837731502698943,0.1433914932527293,0.0611117766711746
0.0566726721543997,0.0563190839823803,0.069440668763109,0.1140048508364541,0.1013244337191922,0.1269030991635263,0.0920404230182429,0.1822738089975304,0.1402346413112616,0.0607863180416944
0.0559039098026886,0.0560243470497711,0.0690175906642125,0.1176353779631406,0.1058915771790125,0.1258173799030894,0.0912197759372714,0.1807275714930046,0.1374269078949189,0.0603355621007722
0.0551064501571787,0.0555370803867093,0.0684730213533896,0.121591785940205,0.1107842916844194,0.1247658319652081,0.0905844060594904,0.1789273908892099,0.1342191591459273,0.0600105824062416
0.0544094388528715,0.0552540571495452,0.0677632574317436,0.1250388787173168,0.1150906456607068,0.1240584412965435,0.090159610443604,0.1774529479242782,0.1310944461943448,0.0596782763171051
0.0536827184670266,0.0546120093780014,0.066909045769059,0.1286476908141952,0.1195734161061895,0.1235824425477692,0.0899933688383836,0.1763268987225576,0.1273731781592329,0.0592992311856995
0.0528753795036529,0.0540337566285913,0.0658516671403782,0.1322483241688666,0.1240632704726696,0.1229065618446367,0.0896513641676351,0.1748491304562728,0.1246591870462884,0.058861358559202
0.0523470596955874,0.0536077339706343,0.0648200297069612,0.1359131208200109,0.128253741739021,0.1221352149126106,0.0891436778593408,0.1730150991473961,0.1222357796443078,0.0585285424923918
0.052080940919259,0.0534323423150475,0.06373098866259,0.1394044054844532,0.1322625704992625,0.1212214698660518,0.0888598417299351,0.171174678498355,0.1196141047880562,0.0582186572253086
0.0518060956961154,0.0532287517112081,0.0624810566862441,0.1431781700383223,0.1365366699108842,0.1202936625902215,0.088638278287335,0.1690980465911391,0.1167713025000983,0.0579679659768172
0.0515527263982534,0.0530799928484631,0.0612528650228081,0.1471000833774741,0.1410705702862368,0.1190532440296083,0.0885698607209737,0.1669969597789001,0.1136248275997237,0.0576988699260108
0.0513229928865546,0.0530330997466083,0.0600878011769435,0.1509806137603521,0.1457284579802328,0.1174602553412325,0.0884430124884564,0.1646382676145112,0.1108130291743189,0.0574924698193296
0.0511937757768798,0.0529814839519111,0.058940163258381,0.1548978225004328,0.150240220738172,0.1158524136819928,0.088205470215115,0.1625431801559942,0.1077420636257199,0.0574034060840169
0.0511408944134087,0.0529013838258737,0.0579575300192854,0.1586839818761374,0.1547395549320452,0.1145554059813409,0.0879256790060188,0.1603318326403562,0.1045430181405564,0.0572207191536663
0.0510911320533522,0.0527402901421023,0.0571544199881,0.1620929017229775,0.158993788729444,0.1134119860988042,0.0876059117903902,0.1582362551351478,0.1018723361022344,0.0568009782262027
0.0509313668782274,0.052658941441028,0.0563917421043331,0.1656185234422466,0.1632027649819906,0.1120699580579289,0.0872074313358447,0.1559986444116352,0.0996646493380758,0.0562559779975155
0.0507898691526323,0.0524571115732322,0.0559226046467872,0.1693143934207726,0.1677703876959948,0.110458918756657,0.086580791635601,0.1539403645099511,0.0970042265692893,0.0557613320279848
0.0508052781784512,0.0521796987897745,0.0560829455169201,0.1728534051471044,0.1718972961365984,0.1086982417601079,0.0858474927310665,0.1522354124244247,0.0942396397575947,0.0551605895469571
0.0509731901463936,0.0517830169504539,0.0568525289571186,0.1760716037146449,0.1758947374254827,0.1067260640796091,0.0849492494498006,0.1502957079645595,0.0919518198907988,0.0545020814102451
0.0513672582989077,0.0513058959828636,0.0582513925119601,0.1790284235116952,0.179875274323789,0.1048966857695223,0.0840927173927319,0.1480779253948411,0.0891287956182692,0.0539756311846439
0.0517401427272512,0.050866088890364,0.0599452933562914,0.181596429243931,0.1833753684670637,0.1031116125208579,0.0833016959952061,0.1458018197596055,0.0868334545547723,0.0534280944740138
0.0521417366601767,0.0505015704762989,0.0617401876350396,0.1839489065338079,0.1865647763787997,0.1013622218279701,0.0827114083393914,0.1435027457996037,0.0845901457393692,0.0529363005990074
0.0526722160319797,0.0502021488692245,0.0637228727766413,0.1859537541254162,0.189366262505648,0.0996098397628379,0.0822093872917292,0.141218844867485,0.0825843292827203,0.0524603444758799
0.0533363563575094,0.0498632622602254,0.0657957372138186,0.1877649592448475,0.1919168202652128,0.0980144725862682,0.0817179570687002,0.1391444158369474,0.080450823208826,0.051995195947291
0.0540551759766879,0.0496779822356838,0.0679865695922651,0.1892079016975621,0.1941534837833393,0.0964269062270626,0.0812853979462183,0.1368859725032852,0.0787478898209234,0.0515727202067021
0.054890111807086,0.0495510909443139,0.0703478150581031,0.1907535972142438,0.1964140161691631,0.0945910646051242,0.0808073255519409,0.1344301886170853,0.077030463314421,0.0511843267083173
0.0556894393310409,0.0496276332288926,0.0727147355873068,0.1923203112365142,0.1986019476149625,0.0927036781361961,0.0802870583878692,0.1318301478799504,0.0754539648504526,0.0507710837366825
0.0566640142440366,0.0498515470235004,0.0753780996801737,0.193604616634523,0.2005732829584973,0.0906304374010996,0.0795012939500069,0.1293492833307663,0.074008423970019,0.0504390007973134
0.0577097228878429,0.0502161776428471,0.0781860963951981,0.194773359057589,0.2024941564537533,0.0884261504884637,0.0785970296228029,0.1269424192620602,0.0723543049971233,0.0503005831823084
0.0586714093575959,0.0506799014218042,0.0809912779725679,0.1955615784703471,0.2039568188284347,0.0862550767151976,0.0776436195196807,0.1245607531657574,0.0716613630588955,0.0500182014797681
0.0597087924488838,0.0511368344967701,0.0838000061828051,0.1963302858943083,0.2054108910509787,0.0840745851464505,0.0765896773399608,0.1223903260438256,0.0706293713790001,0.0499292300071143
0.0606874567622499,0.051633372648929,0.0865527666078239,0.1970250574241331,0.2067929842961203,0.0819755530969427,0.0756818916100601,0.1203944510305209,0.0692957800490492,0.0499606864643043
0.0615058183751365,0.0521514537788216,0.088997436210665,0.1978038689322436,0.2080516591079865,0.0800191257066297,0.0748673629036664,0.1185819087723038,0.0676565017373477,0.0503648644653517
0.0622206594181158,0.0526550713930462,0.0911362306143863,0.1984195183854737,0.2090537147197191,0.078162686253016,0.0742447699413274,0.116716980025167,0.0663473177752376,0.0510430514646825
0.0629129203909281,0.0531566141787642,0.093005999399221,0.1986731272911963,0.209689972835721,0.0765723908865498,0.0737402883453056,0.1148257643491541,0.0652597190387552,0.0521632032745813
0.063590193690007,0.0536088980697943,0.0947496373872542,0.1987795226742529,0.2104795946016235,0.0751236498092644,0.0734182456040714,0.1132148132459549,0.0636329828333462,0.0534024620745947
0.0642394066355493,0.0540155610198327,0.0963072959975451,0.1984972567144263,0.2110086344015631,0.0739726037023202,0.0730786984922379,0.1114931466782821,0.0625836499488634,0.0548037463995305
0.0647724414331642,0.0544755181380442,0.0975927702512744,0.1981560225772925,0.2113760373729002,0.0728320487741004,0.072778702405003,0.1096698277898606,0.0618446443617264,0.0565019868867572
0.0651403226860922,0.0550657135763161,0.0984857851509472,0.1973274328819117,0.2112391271153868,0.0718030410850096,0.0725956125728885,0.1078987693799593,0.0617062280756351,0.0587379674659561
0.0655513290046058,0.0554623086414636,0.0993568517307962,0.1963580708180425,0.2111588624078365,0.0707795068629541,0.0723405454882491,0.1059651881040864,0.0615819257477829,0.0614454111842702
0.0659840458169894,0.0556744898918719,0.1001733817376921,0.1951267345653704,0.2108988223415913,0.0698586900432502,0.0721384293142669,0.1040111723949589,0.0616816737749637,0.0644525601091188
0.0664733914547844,0.0557735270260661,0.1009566683932476,0.1938785334482345,0.2104990547452686,0.0688851957700818,0.0718606322624893,0.1019725283950948,0.0619661685062612,0.0677342999885397
0.0669473496973787,0.0558760145681744,0.1017611578311038,0.192775310022475,0.2102569590699182,0.0679024351953509,0.0715544394674137,0.0997524698263307,0.0622055037902919,0.0709683605216242
0.0672876400643436,0.0558654822610453,0.1025791650044894,0.1917245546786853,0.2101757876607966,0.067026884441875,0.0710909322837488,0.0973469922667052,0.0625260145115291,0.0743765468168181
0.0675252922405432,0.0558271949560415,0.1034483884530979,0.1909653958301527,0.2103359320171631,0.0660992865867644,0.0706556238872985,0.0949835087580622,0.0625868337218623,0.0775725435390101
0.0677585678124186,0.0559293627097985,0.1043995517865067,0.1903901113107365,0.2105541122809276,0.065198314862478,0.0702295373574384,0.0922811479188771,0.0625934551612975,0.0806658387894612
0.0679797072854326,0.0559471486315536,0.1051752255542466,0.1898639376470637,0.2108524032320439,0.0639952601259179,0.0694773220646863,0.0893567011247792,0.0629422525351423,0.0844100417890187
0.0681010208127247,0.0558965848926392,0.1058779123225164,0.1892678225874648,0.2110099582937677,0.0629035937509193,0.0687698468336163,0.0868264235240949,0.0632043329068088,0.0881425040652787
0.0684058398363668,0.0558534759402927,0.1066260104191447,0.1884440218019558,0.2107820933328021,0.0617959011095382,0.0678309971213004,0.0841748063047254,0.0636004212360068,0.0924864328876563
0.0688727780983068,0.0557960364945775,0.1074128322287253,0.1877594076317862,0.2106417261941751,0.0605214669259696,0.0664803195768086,0.0811695395390098,0.064166900398984,0.0971789929014038
0.069627592007016,0.0557850236823361,0.1083038182679892,0.187013960898113,0.2104151870773901,0.0593737010131003,0.064886892912161,0.0781980709211167,0.0646590539874026,0.1017366992230911
0.0704123832939203,0.0560467675121457,0.1091672140520706,0.1867400444998807,0.2104969641039421,0.0577768112278233,0.0629315655105835,0.0751019679464135,0.0650264678681712,0.1062998139747335
0.0715418161605933,0.0564322015113154,0.1101710373093436,0.1861675808034559,0.2101771517888701,0.0562322663439133,0.0611654284147537,0.0719842974896418,0.0652173800763968,0.1109108400913787
0.0729101993400145,0.0568142479889769,0.1113974063392388,0.1855377771910605,0.2098635611485506,0.0548941429743482,0.0593817883005616,0.0688561845538293,0.0654091880411997,0.1149355041118505
0.0747879241351777,0.0573177414106677,0.1129563378428003,0.1843617250093777,0.208971953798399,0.053717810665866,0.0576661953285305,0.0660214313989686,0.0652220398872158,0.1189768405126109
0.0770083582497867,0.0578134067329006,0.1147671134961587,0.1830561288175713,0.2078123865212146,0.052651391915283,0.0560497055417674,0.0632838714473659,0.0648506656158072,0.1227069716517534
0.0797640348813561,0.0583591781803325,0.1170269222852895,0.1811000713026286,0.2058084201800574,0.0518304557335419,0.0545727978187398,0.0609648678141035,0.0644651545231127,0.1261080972704498
0.0830862268215955,0.0589555125478599,0.1198605270881654,0.178157695504238,0.2026623817262611,0.0511865915709372,0.0535074286592677,0.0590269032926934,0.0641592600371421,0.1293974727414624
0.0865609946192885,0.0595532758575224,0.1229968574320927,0.1749261294592684,0.1992023620278116,0.0506630815833946,0.0526056100309225,0.0573973607518131,0.0638731785805026,0.132221149647029
0.0899157205059231,0.0601555106229375,0.1260943212622706,0.1712503205411745,0.1949923549915114,0.0505939988202883,0.0524035412936635,0.0566272104553913,0.0634327608891139,0.1345342606074015
0.0932154437410316,0.0608485776092421,0.1292840539811839,0.1671365556680587,0.1902717761612614,0.0506738524061309,0.0525827256431851,0.0563265432956803,0.0632651335778908,0.1363953379060364
0.0964349723097899,0.0614124488496459,0.1327054654489523,0.1631298134854235,0.1855755090919645,0.050766409196828,0.0528388176981224,0.0562237636998037,0.0631543819269477,0.1377584182822394
0.099557362586883,0.0617932181337447,0.1361624301013074,0.159490151391564,0.1811078131018093,0.0507179428188842,0.0530031989229624,0.056084981923328,0.0628219147381876,0.139260986271067
0.1025442619723436,0.0619645314004863,0.1398048305525036,0.1557871801581959,0.176534602888925,0.0506797975389543,0.0532322388411032,0.0561300883055168,0.0627572595869417,0.1405652087447643
0.1053661892484735,0.0618023265189955,0.1436754535782826,0.152503897802839,0.1724042545698445,0.0505344332603721,0.0532979334764009,0.0560901780278115,0.0627313799957331,0.1415939535109877
0.1080982028491155,0.0616017545060633,0.1478208358314382,0.1492672857911035,0.1682477030966857,0.0503121050681658,0.0531958359423229,0.0559209867400077,0.0631149845926868,0.1424203055721593
0.1109975521122481,0.0614806324827392,0.1522919262992801,0.145871819366631,0.1639019786150134,0.0500939357166273,0.0530922151326403,0.0557731407238509,0.0632953981105673,0.1432014014301587
0.1135630116648514,0.06125192641116,0.1565777084412721,0.1425174446215785,0.1598018006545026,0.0500012646533124,0.0531677548456204,0.0557794502347924,0.0637774745947174,0.143562163867959
0.1158554943181841,0.0608768497665214,0.1608726584607168,0.1394810217639808,0.155992888893152,0.0499557073325183,0.0532175966294975,0.0557206098876486,0.0642713828369457,0.1437557901005989
0.1181764411873568,0.0605571590353305,0.1654311153389956,0.1361371226904249,0.1519586459592528,0.0498720697898218,0.0531809349680119,0.0556695120809824,0.0651094353632139,0.1439075635763653
0.1204975634105448,0.0602483457611529,0.1701145302496816,0.1327303453405553,0.1477211719023927,0.050131657399711,0.0530669824410034,0.055584771652873,0.0659334050345539,0.1439712267972736
0.1226628167587284,0.0597656800739865,0.1747372980140208,0.1292122799910328,0.1432250248181859,0.0505408766467296,0.0531117074826906,0.0556157271279835,0.0670694478089545,0.1440591412674002
0.1246149808635076,0.0592887229849709,0.1791982020504532,0.1256824049467495,0.1389320414204894,0.0510496395814763,0.0533662151584997,0.0557889408043667,0.06813325255004,0.1439455996291327
0.1263268764394142,0.0588513287296332,0.1834917777982367,0.122255410925976,0.13467465051109,0.0514996593682241,0.0537040975987397,0.0561088757246507,0.0690754739471104,0.1440118489465796
0.1276942935522034,0.0584579399520023,0.1874164168995158,0.1189695124475443,0.130533055570761,0.0519295523416595,0.0540928717014812,0.0564077693239181,0.070261003737414,0.1442375844631283
0.1288370443558202,0.0579921002038868,0.1911929516008476,0.1154442621261439,0.1264044448408612,0.0524441026351677,0.0546002946287621,0.0568516322195106,0.0716658889162816,0.1445672784623152
0.1300196838200588,0.0575505627967171,0.1951029826079314,0.1117624169723559,0.1219417359295206,0.0531949477636432,0.0555260903577611,0.0571939940354828,0.0727535504925014,0.1449540352135886
0.1312073174853543,0.0571202519688085,0.1988742292486155,0.1079212305681463,0.1175844683107898,0.054097220771438,0.0568473191443066,0.0573066661609941,0.0736990008079209,0.1453422955231555
0.1324375780292975,0.0568290428666582,0.2024941271703062,0.1041525885616878,0.1131070464542901,0.0552564239576029,0.058271980954654,0.0575047099716029,0.0741643010562935,0.1457822009671033
0.1338050617094324,0.0568551999548819,0.2060883399361397,0.1003728170199988,0.1083492661671682,0.0563984294335249,0.0597375492571342,0.0577061220579434,0.0745694230594324,0.1461177913938106
0.1353458670016393,0.0569035900369376,0.2097173957437119,0.0965421668929867,0.1036631717567458,0.0573127083293329,0.0611877755908262,0.0578274995415222,0.0750353183058882,0.146464506789842
0.1366028219039192,0.0568676248273315,0.213066083672971,0.0930192699878107,0.0994215046868503,0.0583063757029164,0.062505552143523,0.0580751221088781,0.0753578937478771,0.1467777512073203
0.1377366635038733,0.0569512770783212,0.2161343587554131,0.0897214558221549,0.0955567481421073,0.0592953168118804,0.0639876419922205,0.0582298718401135,0.0752887509057505,0.1470979151375298
0.1386385853298927,0.0571716350789345,0.2188628508415675,0.0864588142471544,0.0918414930683634,0.0602040713128939,0.0656920184414593,0.0584327674427772,0.0752284815746968,0.1474692826515954
0.1395112063970508,0.0573246270175438,0.2215459133423835,0.0834642929297628,0.088223437214204,0.0612026219047169,0.0674243681637071,0.0585880654321873,0.0750418580495407,0.1476736095382125
0.1403185664314918,0.0574970450913591,0.2241114284639512,0.0805176011713814,0.0847509953829048,0.0622872017684385,0.0691906400029677,0.0587667830701851,0.0747491717809648,0.1478105668256442
0.1412409958968807,0.0575745659959233,0.2265597868742706,0.0774502749828219,0.0813165861577342,0.0636553902256538,0.0711592400816586,0.0591072593087107,0.074134686031189,0.1478012144344352
0.1419329277575498,0.0575747556386881,0.2285693358651336,0.0745565309494351,0.078014662247928,0.0651971258287179,0.0736764039512362,0.0594871688132082,0.0734553459567014,0.1475357429806801
0.1423491623311596,0.0575057914709553,0.2303178123686686,0.0719078731159179,0.0748983976168856,0.0667920304921165,0.0764129985257305,0.0598467016383776,0.0730076829007094,0.146961549528765
0.1425488842666105,0.057263094580532,0.2315869270758595,0.0693525675397427,0.0718419637014466,0.0687779331917446,0.0795947448420984,0.0603558972488543,0.0723880526707228,0.1462899348716971
0.1424801568158913,0.0571330669798368,0.2328877867050181,0.0668602586745183,0.0688794544864896,0.0708041845588689,0.0828312638753586,0.0607475456623351,0.0721392138455814,0.1452370683854416
0.1423918144836307,0.0569473781218523,0.2341149899965137,0.0646042120019907,0.0661413245569545,0.072812905982711,0.0859690962023139,0.0611448064630219,0.0719944928650596,0.143878979315332
0.1423791580951697,0.0564429197132953,0.2353419848559088,0.0623723363272005,0.0637094026120325,0.0749334795250794,0.0893552966758484,0.0616080150284479,0.0718190608128842,0.1420383463435788
0.1423326904447157,0.0558012323110324,0.2367433370117889,0.0603238410404955,0.0614979495407412,0.0770814235346484,0.0927465088696244,0.0623408889554384,0.0714927116889159,0.1396394165921281
0.1420767743118935,0.055116088486568,0.238015459174433,0.0585332077037879,0.0595934816625615,0.0793582484103498,0.0963282744626882,0.0633975162304506,0.0709679446863922,0.1366130048605104
0.1416980593920541,0.0544908105321708,0.2391693418784447,0.0570302606331722,0.0578022508803976,0.0812329647723636,0.1000305718449545,0.0646902668608114,0.0704569134771486,0.1333985597182287
0.1412036972126426,0.0537895997354512,0.240160090926676,0.0558020976304242,0.0561992451444713,0.0830780633933304,0.1037887431238,0.0661140008118618,0.0698709544173663,0.1299935075938335
0.1407310092240512,0.0530140566903702,0.2412321334404108,0.0546668322370357,0.0548829733910263,0.0850533146851056,0.1076361981196875,0.0675360781707401,0.0689783200039474,0.1262690840275977
0.1404106642387024,0.0521775798944673,0.2426684080222297,0.0539878293834456,0.0538876286998906,0.0871033539832748,0.1109941727663587,0.0690204985283284,0.0677322165907677,0.1220176478826196
0.1399105691457318,0.0516280021583032,0.2439919013151975,0.0534523101227091,0.0529608041490149,0.0891239881009888,0.1142264175831592,0.0705798489040247,0.0666220633539697,0.1175040951570858
0.1393404297487475,0.0511529229216509,0.2453583421889342,0.0531538199557734,0.0522101903738216,0.0911366799279221,0.1173665144308802,0.0720168126865082,0.0654887206491932,0.1127755671068485
0.1386478812638544,0.0508923741585948,0.2466642435696915,0.0529033035848848,0.0515273075584611,0.0932115001758552,0.1204791292966699,0.0734414415682189,0.0644072241412296,0.1078255946729069
0.137790472074157,0.0506486321631183,0.2478977510983998,0.0526602021994189,0.0509059290036804,0.0953061038720021,0.1236373638682456,0.0748560883743395,0.0632716375975089,0.1030258197395772
0.136978903836994,0.0503821828677119,0.2493737633118301,0.0523884604027553,0.0502870856245556,0.0973565143061617,0.1265761899734677,0.0761352075853359,0.0621159714320103,0.0984057206496843
0.1361375293586631,0.0500323981757352,0.2505128269789792,0.0520138801988902,0.0497217224659481,0.0994829017119205,0.1293192174043952,0.0773733146950572,0.0612487977994476,0.094157411201529
0.1352746991967393,0.0495223514440012,0.251253190288118,0.0514609767832929,0.0492165239699652,0.1016748956752454,0.1320401407683969,0.078658260650194,0.0605906147755881,0.0903083464390773
0.134494933569433,0.0491795492141961,0.2518963236836117,0.0510297056847212,0.0487662821503178,0.1037522744177211,0.1348032374310798,0.0799063138724368,0.0599796918289831,0.0861916881381554
0.1341456849575227,0.0491995919856865,0.2521047332870053,0.0505662321479798,0.0483483668576203,0.1052923512241,0.137273081555068,0.0808628770697511,0.0596246385486436,0.0825824423573
0.1335219555678347,0.049311294891222,0.2521498027934084,0.0502372047963368,0.0479517132381582,0.1070348566906528,0.1397009073059494,0.0818800867742624,0.0595968750314191,0.0786153029014518
0.1327060514703919,0.0492547354976926,0.2521593687773541,0.0499288186321531,0.0476057935375917,0.109023983273376,0.1424267617516681,0.0830878756814256,0.0594860449050875,0.0743205664639647
0.1315235357830896,0.0489849642600539,0.2520932325114037,0.0496652015489775,0.0472974619846734,0.1112615748572732,0.1454766840787408,0.0844910049147522,0.0592086092818204,0.0699977307699261
0.1302642396684264,0.0487080486729786,0.2519818798834571,0.0494309040951044,0.0470587537812839,0.1134998960759892,0.1483430261410027,0.0859741555875333,0.0591236564449745,0.0656154396399577
0.1288898668325644,0.0483448801584262,0.2516912708508035,0.0491897163161919,0.0468458190750963,0.1157907693755443,0.1512322748134946,0.0878277332389323,0.0589741495396098,0.0612135197900355
0.1275305875560181,0.0480175542315356,0.2510827504739217,0.0489633495320465,0.0466973506279107,0.1179181085795623,0.1536846492812119,0.0897663698284041,0.0589586120021523,0.0573806678779275
0.1265866561231473,0.0475304950985665,0.2505655498762843,0.048842566297221,0.0466167337213984,0.1199567429786515,0.1557945579574511,0.0913694908084096,0.0591123436977271,0.0536248634317976
0.1256784169478728,0.047201851883879,0.2500305350391032,0.0488039971962715,0.0466710613743081,0.1217099457720928,0.1576817776317092,0.0927087954542552,0.0593928360203592,0.0501207826707532
0.1240844704917014,0.0476969072814445,0.24935753552023,0.0489400111829157,0.0469683546576341,0.1231727896209282,0.1592671426023433,0.0937227080629826,0.0597983985073351,0.046991682063036
0.1215343430600148,0.0491026368211822,0.2485670979536115,0.0492014248268613,0.0474949598973115,0.1244383638396602,0.1606107878759699,0.094669596932107,0.0603236554488716,0.044057133334907
0.1184145887856658,0.0520180496285921,0.2471835532404303,0.0496499792478597,0.0481610448857651,0.1254072568046071,0.1614745157842918,0.0953655974694276,0.060810532895136,0.0415148812486848
0.1153293928136327,0.0548492816908366,0.2457949874216886,0.0501023305635618,0.0488251243950102,0.1263971249326246,0.1623773790008139,0.0959008150250349,0.061217844668976,0.0392057194782378
0.1122345872633522,0.0582155697668665,0.2439788264810054,0.0506012058740439,0.0495755666699559,0.1272912709724359,0.1631184917689988,0.0962499578355038,0.0615254764625679,0.0372090468956527
0.1091849156670161,0.0611584370717934,0.2419644792217425,0.0512181984846333,0.050440763111802,0.128023705492152,0.1638096461817395,0.0967568096365662,0.0617869784233355,0.0356560666995698
0.1063160326476523,0.0631368310247328,0.2402879521921856,0.0518230805540712,0.0513317148564363,0.1289569071210441,0.1647988481346226,0.097345324783457,0.0619479893685497,0.0340553193075483
0.1038021987476588,0.064818967752018,0.2385286343660563,0.0525239591689972,0.0523110120761507,0.1298180350717266,0.1655898496970993,0.0978016439426337,0.0619761148379812,0.0328295843299341
0.1014865049508434,0.0661623426090253,0.2364571121370189,0.053312719309205,0.0533960476706677,0.1307179987301947,0.1664938243893859,0.0982280909592356,0.0619983521611073,0.0317470070735274
0.0991918033768043,0.06757808043259,0.233697572110407,0.0543626012588541,0.0548028535415485,0.1313724601330319,0.1672501588961409,0.0985998888308528,0.0622127499467634,0.0309318314631919
0.0967274003295379,0.0691184458053383,0.2305652093491896,0.0556145852327709,0.0564495416256238,0.1318260050176649,0.1678339184918792,0.0988762822631604,0.0627029187657366,0.03028569310927
0.0944727013698683,0.070321284619835,0.2272042068649474,0.0568827059428295,0.0582005253864815,0.1321920502290782,0.1684130614773354,0.0991256655596694,0.0632153036598573,0.0299724948802629
0.0926319692017185,0.07108228045154,0.223719444260156,0.0580944867573201,0.0599020370215168,0.1326420073080962,0.1689167028578173,0.0993618477142844,0.0636876557082426,0.0299615687094676
0.0909375697666599,0.071669396424203,0.220047983482988,0.0594911670763828,0.0617835250108835,0.1331218374227706,0.1692791212700874,0.0996430510800839,0.0639437244662254,0.030082623989866
0.0893480597219305,0.0721359833080556,0.2161626301585315,0.0609773926147937,0.0638053283366963,0.1333357190485771,0.1697111995715497,0.099964588013163,0.0641588659440859,0.0304002332727583
0.0879925866218442,0.0724857117346984,0.2124918294776153,0.0621539314904549,0.0655162980742812,0.1337324664846857,0.1702029738085025,0.1004264548057486,0.0642128883773864,0.0307848591149035
0.0865339422263158,0.0728555659864441,0.2089674275126861,0.0631724308301297,0.0670502657673067,0.1342150745543961,0.170744777903352,0.1008580979111911,0.0643195552021536,0.03128286209612
