0.0496944402261218,0.0785632939457267,0.0874776625140287,0.0973100696534014,0.1023328197949357,0.0540189023545857,0.0387595394306823,0.0641503482496033,0.3266826311609687,0.101010292658225
0.0494889661715775,0.0812005202084977,0.083404493362105,0.0960906257557171,0.1014169236095817,0.0538387900358295,0.0392615208551242,0.0651563152070834,0.3300249761138536,0.1001168686690242
0.0478941408808133,0.0812379491605881,0.0779134038620845,0.094362569672547,0.1002566842545643,0.051202396261147,0.0404193475296676,0.06450709660361,0.3409550904186323,0.1012513213449087
0.0452070886405142,0.0795821666624326,0.0720714485435832,0.092587911560234,0.0996064407776805,0.0493275956580795,0.0416240181100893,0.06170939547979,0.3561336176100666,0.1021503169462626
0.043238330698345,0.0777083044437284,0.0683844264137823,0.092135568471163,0.099630074293444,0.047595045518066,0.0433872312831329,0.0607876361264248,0.3619108949360523,0.1052224878046404
0.0424201197096254,0.0751488896880589,0.0666638566103653,0.0914114442345373,0.0995364070487432,0.0459145031196547,0.0449312756871857,0.0593257474966309,0.3659637719173846,0.1086839844766298
0.0408611017153164,0.0748102079946416,0.0662698437994896,0.0916824077374538,0.0992934443267488,0.0453577660304673,0.0463506256461613,0.0579934265603524,0.363003379693247,0.1143777964849368
0.0392823988026451,0.0743523060227297,0.0662833732196576,0.0918469402830845,0.0997651660055839,0.0452536861736287,0.0474517204067193,0.0572629493915321,0.3617485571239811,0.1167529025592317
0.0382412086980205,0.0733003183195612,0.0669218558286025,0.0923490382105073,0.0999688321494067,0.0449790783546181,0.0483859261208802,0.0563034350399319,0.359795879241801,0.1197544280254616
0.0361482724707499,0.0714351788134735,0.0669875987318458,0.0935073682985553,0.1001141046705583,0.0446477562038521,0.0492332639535908,0.0554710949816435,0.3602505508863446,0.1222048109781713
0.0348318178603767,0.0701681179175027,0.0679741447960233,0.0946588110950388,0.1004094757267621,0.0451115613251714,0.0502869625104574,0.0545314700921807,0.3570572020224451,0.1249704366427796
0.0341071507471468,0.0695807119649557,0.0689380448930047,0.095459707680236,0.1004176772373634,0.0447797833743279,0.0507023784968954,0.0537008615907364,0.3557522723226581,0.1265614116813907
0.0335323410983713,0.0690741155859815,0.069697374803595,0.0961655158088859,0.1003913050183195,0.0445621758908082,0.0506749739493167,0.0528116409880079,0.3561811641173993,0.1269093927280223
0.0331552685107408,0.0687397831067623,0.0707571621070975,0.0967262364861686,0.1004550799778431,0.0445277449427882,0.0506905184470129,0.0523443862572805,0.3555892565949635,0.1270145635580154
0.0323417633129845,0.0679892020849876,0.0719072527966797,0.0971850171098509,0.1009825672455854,0.0446856916651618,0.0511730321169156,0.0517156545520725,0.3549039416499058,0.1271158774544637
0.0313409879477877,0.0677668553633412,0.0724630440638527,0.0981700226652878,0.102215956392513,0.0451911349144271,0.0520990552602309,0.0514732424407832,0.3514940168184127,0.1277856841218331
0.0306586673314204,0.0684582787998479,0.0724186451235641,0.0992040539040793,0.1035546631072905,0.045958901357944,0.0525093283512311,0.0513497088245318,0.3468939608374879,0.1289937923509289
0.0310789465547943,0.071229857150911,0.0713347288842677,0.1000765697706179,0.1043221588255088,0.0469574016526774,0.0532588488073061,0.0512370320757671,0.339833654082662,0.1306708021837026
0.0326127998900269,0.0757514139949969,0.0697774020836732,0.1005143357578824,0.1048252865981492,0.0476440087413836,0.0536680399736869,0.0509218859465092,0.3321589751053772,0.1321258518964527
0.0353724585832639,0.0818989539348863,0.0677717537979331,0.1004094650990011,0.1048054324350643,0.0483187263960479,0.0538487300088466,0.0504977827067686,0.3240155686162075,0.1330611284101064
0.038874234297215,0.087763499022115,0.0658436400138814,0.1001241526181967,0.1043811170627746,0.0486151335159342,0.0534214492035979,0.0496894347758565,0.3176162486241676,0.1336710908544042
0.0430117117134815,0.0939811164572025,0.0640832301523974,0.0995910151224914,0.1037102209277498,0.0489392123477072,0.0528746754402217,0.0488319842379436,0.3112054847666012,0.1337713488223866
0.0481697323366236,0.1006893604006185,0.0627070623216585,0.0989702581161626,0.1030318526326611,0.0488619564945494,0.052309958316866,0.0476993195050972,0.3040688154521481,0.133491684411825
0.0547735460882622,0.1075872075329154,0.0616367220547287,0.0980722784705436,0.1019909476261319,0.0485149101776301,0.0518454286525146,0.0465920201479245,0.2962989411632957,0.1326879980743527
0.0612817872705171,0.1143088327429948,0.0607421174408088,0.0969438608241207,0.1007358051887891,0.0481730399520606,0.0513113742347625,0.0455584879600661,0.2894908240980653,0.1314538702762217
0.0683009613062995,0.1219601817665496,0.0598988141409189,0.0956055706616589,0.0994463892049403,0.0476873215660925,0.0508355545978044,0.0445190654473258,0.281556857805108,0.1301892834918318
0.075759579000897,0.1305184478818923,0.0590146443720348,0.0940557588332749,0.0978333545276514,0.0471710231733672,0.0502166564827909,0.0433011586441029,0.2734494680999556,0.1286799089727256
0.0833164179794078,0.1402024047355532,0.0581007347840797,0.0922478122162685,0.0960478741035386,0.046883172976409,0.0495469829811481,0.0419048434680286,0.2645404992363581,0.127209257508099
0.0907076881900106,0.1494959518136646,0.0573981751750003,0.0904581500044032,0.0941667747832937,0.0464561397971553,0.0488072222259923,0.0405756277103987,0.2566498298559498,0.1252844404332387
0.0970104834445887,0.1579111159475994,0.0568496939695708,0.0889002155586292,0.0924996595100032,0.046162905135079,0.048102815255653,0.0395354521920701,0.2492326497866975,0.1237950091894057
0.1024584266750786,0.1651352367633297,0.0564427686228378,0.0875429480506597,0.0909240484936434,0.0458933177926153,0.0474882405611873,0.0385416421361547,0.243133899389962,0.1224394715039972
0.1067235419778367,0.1712424920341543,0.0560673477107987,0.0865534800393623,0.0897050782339468,0.0458479898810001,0.0472385196124754,0.0376969326707347,0.2373788758506778,0.1215457419786074
0.1102118486272841,0.1765782391029993,0.0557347796411383,0.0857252546361605,0.0886671761312692,0.0459547613764927,0.0470544726395046,0.0370459976124458,0.232280373358091,0.1207470968643197
0.1128811738768562,0.1808438493855804,0.0555754461010182,0.085286220687652,0.0879286459074771,0.0460979164434035,0.0468589845658856,0.0364707934316314,0.228097577475938,0.1199593921143311
0.1150400493417464,0.1845593633148868,0.0554975057876099,0.0850778438769118,0.0872996523055061,0.0463137533901597,0.0467773051489272,0.0361123632685726,0.2240442136145455,0.1192779499409545
0.1171790507329948,0.1879889831849202,0.0555199718644269,0.0847855625294079,0.0867967842905048,0.0464756071472161,0.0465855892645822,0.0358157478936656,0.2204168416333978,0.1184358614487552
0.1188465883007267,0.1909987481068346,0.0556285285813035,0.0845499418675381,0.0865055357941271,0.0466284990538483,0.0464729382471159,0.0356546571255625,0.2165379413566918,0.1181766215561654
0.1201097407146537,0.1931460993613615,0.0558770679101318,0.0844772893156859,0.0862883837488192,0.046755499150812,0.0464161982132888,0.0355034375661428,0.2134070807317971,0.1180192032772496
0.1209621231950849,0.1946349149298728,0.0561332423550725,0.0843340171530481,0.0860966848651725,0.0469543571851695,0.0464607010983234,0.0354980039294981,0.210744863426286,0.1181810918524414
0.1215289595989123,0.1949160187364234,0.0565335681540621,0.0840622228306223,0.0858975762455098,0.0469859192012971,0.0464274206990726,0.0353949886115366,0.2097138229812994,0.1185395029312556
0.1216603090322451,0.1942792457077984,0.0570026389497996,0.0839355978348558,0.0857888442659009,0.0471520191667723,0.0464896229163694,0.0352687906160192,0.2091192885316439,0.1193036429685953
0.1215141974997723,0.1928866545134905,0.0575632269183251,0.0837547409493509,0.0855836980558095,0.047328495224287,0.0465461662296849,0.0351458467529566,0.2091323502552978,0.120544623591017
0.1209268020453885,0.1906415484431924,0.0580833983620009,0.0836346457412476,0.0853906264221392,0.0473429013370821,0.0465710705422021,0.0350347295190772,0.2105814612879213,0.1217928162897279
0.1200483592987826,0.1878059151974112,0.0585613126195046,0.0835527478870405,0.0852444128149218,0.0471810386550485,0.046554748321774,0.0348614076302505,0.2129685666866282,0.1232214908786066
0.1189517365175093,0.1844993530237701,0.0589653952328063,0.0831860794662242,0.0847887019267562,0.0468623693104522,0.0464748915628568,0.0346614773250043,0.217102169820854,0.1245078258037411
0.1179357620936311,0.1814417222157071,0.0594775746194434,0.0828106349661328,0.0843415135510741,0.0465889758050959,0.0464907274307995,0.0344348219453856,0.2205702196221851,0.1259080477405152
0.1166965007003206,0.1781054227836867,0.0599302996789136,0.0824005032117755,0.0839193802476887,0.0461676061733264,0.0464348007182377,0.0341825793655546,0.2248193120298334,0.1273435950806385
0.1154072965651755,0.1748750914622183,0.0604030901752378,0.0818748249224031,0.0832766785708794,0.0456732819214799,0.0463932967546949,0.0339954894230504,0.2293906976753265,0.1287102525195188
0.1138033657762861,0.17156614499917,0.0605936014733841,0.0811637793725906,0.0825524834093139,0.0450214529796566,0.0461690720026036,0.033837901947468,0.235949771054961,0.1293424269745884
0.1121256040683925,0.1683363687416956,0.0605700991468609,0.0802285181586954,0.0814833713811869,0.0442976153153818,0.0457400063514956,0.0336030706772114,0.244099221096532,0.1295161250526269
0.1106764475003831,0.1652691919460011,0.0605605898890167,0.0793595704967427,0.0804863330676922,0.0436728844532717,0.0453000929323835,0.0335308669901467,0.251593977201297,0.1295500455131937
0.1092753222413724,0.1622741511295891,0.0603121442625956,0.07857443625688,0.0796683161841623,0.0431383267146269,0.0448626203249542,0.033562233468462,0.2592066066643158,0.129125842743221
0.108069950196336,0.1595838207249851,0.0600436788158163,0.0779797958867378,0.0791599400756186,0.0427600129552314,0.0444850029218648,0.0337437796044002,0.265704840518293,0.128469178290925
0.1068684538296384,0.1570714649019689,0.059693166100757,0.077469995431726,0.0786520688253454,0.0423830748959496,0.044166234669751,0.0340111582344813,0.27219877928623,0.127485603814381
0.1056622766884947,0.1547233854533084,0.0593282368290033,0.0771021467022663,0.0783088789896624,0.0420494345340498,0.0439116996999153,0.0343567809166823,0.2782203590305098,0.1263368011463502
0.1045247479612233,0.1528794730007415,0.059096236100133,0.0770499536853488,0.0782479999085758,0.0417891503863202,0.0438021335393258,0.0346300651197652,0.2824727210758829,0.1255075192129107
0.1031763753838559,0.1509826762172133,0.0586618143156474,0.0769815107632913,0.0781277150831426,0.0414874266258331,0.0436625810787984,0.0348341524539642,0.2876416963800217,0.1244440516884503
0.1020051001303071,0.1494127719884187,0.0583034014067896,0.0769966970569272,0.0780254478670448,0.0412492126124211,0.0436513333009846,0.0351729892648732,0.2915862118047527,0.123596834557676
0.1008645542464975,0.1478279866410655,0.0579446584437815,0.0769603304320618,0.0778585443941903,0.0410806012798404,0.0436268463362065,0.0356619508092641,0.2955107185923302,0.1226638088149374
0.0999190162172928,0.1464725340557917,0.0577324281521697,0.0769658079703011,0.0777242128343651,0.0410221685144122,0.0436046741873064,0.0361983648553131,0.2985011286741555,0.121859664529039
0.0993358340082742,0.1455319628108261,0.0568163686133746,0.0764283916239128,0.0769328437910764,0.0408059731587897,0.0435784464036182,0.0364057003092196,0.3035350138749254,0.1206294653961738
0.0985310521060426,0.1442764536246654,0.0558117548017102,0.0756328704038102,0.0759049808154912,0.0407285908102625,0.0434664239562441,0.0365862625112486,0.3099353750840852,0.1191262358766977
0.0977688415428969,0.1430503675019859,0.0549179902831231,0.0749104963545063,0.0749012245516722,0.0408456116247179,0.0431700231320572,0.0369377865595249,0.3160994691509794,0.1173981892888704
0.0969436400424601,0.1417318147505062,0.0540761355999849,0.0740705064349617,0.073729721432216,0.0411312181325922,0.0427494370804574,0.0374965497430166,0.3227119583829035,0.1153590183913304
0.0964807971944806,0.1408353880628434,0.0534498370289679,0.0734919596552911,0.0728865781703101,0.0414907685748423,0.0424394967368063,0.0380408461085551,0.327384081556581,0.113500246901819
0.0961471208939018,0.140084587996053,0.0528743916833591,0.072979179699026,0.0721293620508042,0.0420976100598736,0.0421541534312177,0.0388102398909203,0.3311158273627718,0.1116075269226246
0.0958861314743812,0.1390070829411538,0.0522390648585526,0.0724138142172167,0.0713385423627076,0.0427806037414334,0.041913044908277,0.0397498441407182,0.3352111583454835,0.1094607130006854
0.0955610535188473,0.137679810785263,0.0516016295986628,0.071768181274666,0.0704212363945927,0.0437467619891345,0.0417179495370369,0.0409209929245465,0.3391201420278615,0.1074622419400675
0.0952182709184536,0.1365501886618751,0.0510068369344451,0.0710753252597073,0.069597148244407,0.0447557364391544,0.0415915349068666,0.0422512377173651,0.3426188323849937,0.1053348885234759
0.0946862030307666,0.1354122326867265,0.0502433612180509,0.0700236395749848,0.0685323158948792,0.0459623138698734,0.0413084613607289,0.0435403255342559,0.3474433739579846,0.1028477728625942
0.0940126311266509,0.1345700229018936,0.0493753548368756,0.0689466905303493,0.0674926977706699,0.0472330736946446,0.0409849195543798,0.0448394153423588,0.3522830462004837,0.1002621480326469
0.0937323580715231,0.133855552205874,0.0486588532760506,0.0681976782414306,0.0668138799462826,0.0486813299263244,0.0408995453017008,0.0460451175787491,0.3549242653170836,0.0981914201260008
0.0932706025661035,0.1332107928079727,0.0477655009491956,0.0672380083582007,0.0659407695977277,0.0500749532334355,0.0408709564326454,0.0472131961066111,0.3583288860216192,0.096086333917595
0.0929495884987064,0.1327365366837873,0.0468911620383887,0.0664374938917393,0.0651622859220676,0.0514007697287116,0.0409282044592773,0.0482589086598496,0.3609953631261018,0.094239686982553
0.0926046277965284,0.1322855988446962,0.0459115754529731,0.0653912491341792,0.0639792523665541,0.0529662539891791,0.041035727683381,0.04975710595305,0.3637024006569749,0.0923662081137586
0.0923053421421406,0.1317383495889132,0.0450757644639602,0.0643789678811293,0.0628597908212258,0.0547058365176414,0.0411217234145225,0.0512474744105265,0.366107131487803,0.0904596192635126
0.0921224280412045,0.1311721259999571,0.04445040868801,0.063526660719899,0.0618684668111513,0.0562444279995439,0.0413390953319806,0.0526225982590791,0.3680159092721243,0.0886378788685139
0.0917749057666444,0.130442009124174,0.0440584069740911,0.0626726168943156,0.0609112006386367,0.0576803649123404,0.0415281995806053,0.0541741521045427,0.3699926274606154,0.0867655165355823
0.0911007512892286,0.1298461414828547,0.043840132649575,0.0618310369159585,0.0599195447065484,0.059272383640388,0.041746688064938,0.0555950968751591,0.3720210447409143,0.0848271796260678
0.0899315319138329,0.1293609651594855,0.0436104577304092,0.0608052601840594,0.0587127694401576,0.0608711320774455,0.042085887302835,0.0571345020486512,0.3747426646349596,0.082744829499893
0.0885717299124469,0.1292821694652217,0.0434508974058426,0.0598760823470361,0.0576312740993298,0.0625886508431636,0.0426372286702327,0.0588105012894399,0.376435865426605,0.0807156005324972
0.0870355935582019,0.1295039665911752,0.0432550926586916,0.0589769181998457,0.056579645397439,0.0643309894111743,0.0432080040554489,0.0604010191957104,0.3779125785226067,0.0787961924016018
0.0852427130812603,0.1297985153144497,0.0430756275221717,0.058079938866395,0.0556242756579366,0.0661084881325518,0.0439281401922459,0.0622308334189014,0.3787779340212536,0.0771335337847981
0.0831706802831252,0.1297692271276054,0.0428116825514337,0.0572009815691469,0.0547465268548228,0.0678111131955638,0.0446222141003016,0.0641177267783329,0.3800356906264023,0.0757141569052767
0.0811912888581077,0.1295403072372673,0.0426945642064899,0.056572603948988,0.0541471596328425,0.0691290390126238,0.0453778014977897,0.0658279733406394,0.3808451586731587,0.0746741035841216
0.0790405431826874,0.1287523317696369,0.0426626318878483,0.0561193672686283,0.0536882656240109,0.0704218059885754,0.0460903186254055,0.0674946559832474,0.3819055600430285,0.0738245196189594
0.0764733266993715,0.1277020918879643,0.0427099832955214,0.0556451696477686,0.0533201804357639,0.0717041662954994,0.0469105956303893,0.0692360445144636,0.3833324280822927,0.0729660135029806
0.0736158133367137,0.1260260316417615,0.0428740371368559,0.0552923763649832,0.05303162952721,0.0731506413795379,0.047845624472822,0.0712438635128696,0.3847597703242446,0.0721602122949848
0.0704266608982994,0.1240988887203191,0.0430968251805357,0.054984099469442,0.0528302647102883,0.0747220593323313,0.0488838090060258,0.0733852222325922,0.3860045060529533,0.0715676643891497
0.0672827083934745,0.1222828962207859,0.0433934467970882,0.0547068737778527,0.0526573486473602,0.0763044730270861,0.0499515614582371,0.0754981309799668,0.3870157217974692,0.070906838892568
0.064246433003497,0.1205496964958373,0.0437166676858149,0.0544263335785916,0.052507772281966,0.0778426691596961,0.0510762780284494,0.0774670236252085,0.3879540419231719,0.0702130842096058
0.0615497252169932,0.118521352583499,0.0441321460869177,0.0541039127475546,0.0523481503871673,0.0793508412637263,0.0522052043130372,0.0795097442552254,0.3888894152862057,0.0693895078514703
0.0590387750046565,0.1163313639428303,0.0446267074805884,0.0537492375253659,0.0521727640745999,0.0807846373441766,0.053338535238164,0.0815691373331444,0.3897816183325903,0.0686072237156377
0.0567630583242109,0.1142380757846437,0.0453118313254072,0.0533289073122839,0.0519241285890803,0.0820571102491025,0.0543644438573307,0.083351810521047,0.3906323048368708,0.068028329191736
0.0546919667779449,0.1121743204066098,0.0459657979457205,0.0529014692138417,0.0516834993531816,0.0829902594136646,0.055414059309469,0.0851124476528545,0.3915751175131765,0.0674910624052152
0.0524990863504128,0.110173646889163,0.0465596800198104,0.0525640013572657,0.0513649170786886,0.0839004503304301,0.0564536919040337,0.0869383419758592,0.3924796437724017,0.0670665403135757
0.0505855946491385,0.1081849618560925,0.047039750532646,0.0522346680669423,0.0509946492342844,0.0849127439160144,0.0575161121787465,0.0887056764688696,0.3934330877381407,0.0663927553507326
0.049021065663703,0.1060109972572995,0.0475316606952948,0.0519150741216544,0.0506234604364952,0.0858071256647657,0.0583878477930858,0.0903077325346628,0.3946531613085197,0.065741874516093
0.0476405287189997,0.1040796254129822,0.0480187244513646,0.0516398288199502,0.0502618402732625,0.0864649340048276,0.0591924321666091,0.0917166756550467,0.396035641627772,0.064949768860723
0.0464368937451871,0.1029152589217434,0.048482707069062,0.0514798553554005,0.0499295231474329,0.0871935019925081,0.0597010559100077,0.0929949915543381,0.3967969289400115,0.0640692833558041
0.045615716956449,0.102386610510256,0.0488154504100134,0.0512368571319866,0.0495297887963701,0.0877523129738328,0.060045781557484,0.0942144610777867,0.3973580726159661,0.0630449479613095
0.0450853911512112,0.1022797720882107,0.0490347615651638,0.0511006208634061,0.0491908320993373,0.088218336612181,0.0603934527968849,0.0954684326830702,0.3974788941149491,0.0617495060170059
0.0449916992156289,0.1025698722946184,0.0492204913495071,0.0509046612650596,0.0488641068696309,0.088787872413753,0.0608158704475983,0.096530735259552,0.3968579065128866,0.0604567843631458
0.0451308298041388,0.1033575501260014,0.0491476526905738,0.0507131919886279,0.0485566332060321,0.0895586338861443,0.0613491221760077,0.0980512837442696,0.3951847174989836,0.0589503848705636
0.0451941672870678,0.1042428501264784,0.0489510445319857,0.0506861952291816,0.0484442961995256,0.0906643748280783,0.0621199184496201,0.0999169340439801,0.3923449290502703,0.0574352902451061
0.0453304990058109,0.1051153194394817,0.048732023796814,0.0506415289987046,0.0483513100773758,0.0916048646768381,0.0627274055362603,0.1017238048200685,0.3900208529111971,0.055752390728691
0.0455719355404901,0.106200365285309,0.0485048035609744,0.0506337861119582,0.0482304514294628,0.0926834896555976,0.0634035867779581,0.1035323497380183,0.3872815012745732,0.0539577306168387
0.0458961217044244,0.1072815727537761,0.0482288108280226,0.0506994251268042,0.0483021067638081,0.0938677877736514,0.0640732751944729,0.1053578797822477,0.3841826919715064,0.0521103280924014
0.0463107355113973,0.1085227208101282,0.0481817768923093,0.0508257786787574,0.048368643565653,0.0952789460069668,0.0648771221901202,0.1070016030072337,0.3799855798885366,0.0506470934399201
0.0465872580677063,0.1097587120157205,0.0482377705395791,0.0510846404352977,0.0487180460881824,0.0969894208448044,0.0659461197445521,0.1089403957779416,0.3743512045284437,0.0493864319486865
0.0465895475339216,0.1110222673848014,0.0482111141304275,0.0513647005383638,0.049070780356887,0.0987376698452689,0.067156475450692,0.1109903138264326,0.3685951750618371,0.0482619558621777
0.0465303255387953,0.1123884511506538,0.0483904385494535,0.051598888872346,0.0493078077118252,0.1004711797657295,0.0683493526931684,0.113033220233667,0.3624335327554186,0.0474968027196434
0.046459248549545,0.1137477408509854,0.0486187344684587,0.0518145163880928,0.0493621089880926,0.1019057832386551,0.0695084568472074,0.1147881071598388,0.3567810233317618,0.0470142801679711
0.045029346891549,0.1128274614914924,0.0475837031941788,0.0501628296556098,0.047815697443978,0.0995589447622797,0.0678572120692504,0.1118029132965216,0.3668169876435378,0.0505449035424372
0.043729902472686,0.1144507622327218,0.0451605782428291,0.0471328683843357,0.0449985180683757,0.0946463926756107,0.0644478556334946,0.1058422938611883,0.3825724746916825,0.0570183537283694
0.0428519047984877,0.1174896473620726,0.0422030022609758,0.0435752227112193,0.041697882827817,0.0888946746098402,0.0604258683736726,0.0988373819124725,0.3987592348994442,0.0652651802358466
0.0421120683459452,0.1204448870481132,0.0395549482094501,0.0401652921154309,0.0384913622882871,0.0835492120685134,0.0566934754666908,0.0922290269648103,0.4119069946814088,0.0748527328037276
0.0409500821804977,0.1219771938770691,0.0369647862181673,0.0368026151545317,0.0353802952469805,0.0781182969011766,0.0529195196907271,0.0856174954536026,0.4251216914564152,0.0861480238137409
0.0394820482218006,0.1222011818080423,0.0345563929279268,0.0336846773431034,0.0325015181154427,0.0728718905965806,0.0493069129275692,0.0792064376722136,0.4377119522550219,0.0984769881257114
0.037599410700623,0.1208232751522481,0.0323301320289217,0.0308616263466535,0.0298797020021201,0.0678561268384578,0.0459220243595978,0.0732014547506851,0.4500099047192007,0.1115163430953793
0.0355442886793464,0.1184973725562138,0.0303760833443436,0.028336648409462,0.0275601366209544,0.0631429462364101,0.0427839100999911,0.067689026998806,0.4604865528312359,0.1255830342175543
0.0329661176205068,0.1128257388471768,0.0285648656300372,0.026111931148516,0.0254736560559132,0.0586452909803383,0.0397922311754994,0.0626205131745008,0.474236597253853,0.1387630581083826
0.0306079488571869,0.1052470711033546,0.0263911492334469,0.0243219759024405,0.0238609473746371,0.0542782135541732,0.0369588120851682,0.0577870765372644,0.4899157238364422,0.1506310815109862
0.0285209092051457,0.0974755613621185,0.0243674958145138,0.0231009593863517,0.0228144981891172,0.0501430817888786,0.0344617606988255,0.0531278848202072,0.5049990545951981,0.1609887941350909
0.0262788654532077,0.0902933269909334,0.0226341501829306,0.0221035923554034,0.0219062473093636,0.0462581292155776,0.0321817842906572,0.0488698126443988,0.5198395701748805,0.1696345213784226
0.0242442184918874,0.0840084385007385,0.021169126376143,0.0210998880894705,0.0209679438902228,0.0427134766904333,0.0301375424524091,0.0450398957812444,0.5332506276090043,0.1773688421145159
0.0225053092326179,0.0784587920519416,0.0199709512330269,0.020098739272028,0.020045282358174,0.039529589612851,0.0282314964871659,0.0415979669062093,0.5453090676873731,0.1842528051549422
0.0210876759204078,0.0733703514678688,0.018946479685255,0.0192596094402893,0.0192570486707059,0.0365482383560169,0.0264955511984422,0.038382273854959,0.5567464511964733,0.1899063202061484
0.0199798526545734,0.0687117699981418,0.018059322347285,0.0186137744353804,0.0186694726724655,0.0338623852425378,0.0248890326681,0.0354466541504892,0.567534801289316,0.1942329345384933
0.019129742148663,0.0645835132528894,0.017339023189918,0.0179867693334897,0.0180829573232909,0.0313699606608506,0.023493295745911,0.0328116119335769,0.5769141596590851,0.1982889667492969
0.0185371343221583,0.0609381324531708,0.0167507314723433,0.0173910559740989,0.0175188169195151,0.0290523450252181,0.0222441005008761,0.0304539875575794,0.5852602150163857,0.201853480755795
0.0181506561918323,0.057969675919443,0.0162298761387102,0.0168134689780865,0.0169033091882482,0.0269379886405183,0.0210350356141283,0.0283463864548434,0.5934810067672911,0.2041325961042001
0.0179897575884633,0.0554171250610777,0.0159120763139942,0.0163657685898453,0.0164858941006109,0.025008237483792,0.0199313277931776,0.0264184175972735,0.6006078391839883,0.2058635562852237
0.0178873991052412,0.0531234968617264,0.0157119472665218,0.0159075719902748,0.0160749888823091,0.0233064567991217,0.0189456573543956,0.0247047010133081,0.6067099086469303,0.2076278720777467
0.0178925736339273,0.0510938215456457,0.0156414883638743,0.0155868616389578,0.0158354364434335,0.0216670713234186,0.0180233862569442,0.0230976716926227,0.6120758039055153,0.2090858851933525
0.0180372005927234,0.0492652313326186,0.0157710481870772,0.0153167541348438,0.0156424060161344,0.0201545535185843,0.0172529938216256,0.0217036939740067,0.6160414875581632,0.2108146308620193
0.0182812488501479,0.0476727906065797,0.0159819422833758,0.0151078433543402,0.0155421146563167,0.0188212935855377,0.0165583783607415,0.0205122368590504,0.6193537963449756,0.2121683550968287
0.0185919288131674,0.046244508619026,0.0162398003186818,0.0149479838150088,0.0154744372996445,0.0176083444454859,0.0159267564610081,0.0194375806740113,0.6222921302236427,0.2132365293283069
0.0187898194727784,0.0447129191621136,0.0163978393842548,0.0147752430513648,0.0154054215479564,0.0164527905398174,0.0153650375395381,0.0184199745138297,0.6252301386231546,0.2144508161632567
0.0190341029535101,0.0432249510466282,0.0165602079425243,0.0146662235536741,0.0154442692012841,0.0153518585485861,0.0147284810696611,0.0174572503808359,0.6281727926990017,0.2153598626024332
0.0193523511741165,0.0418475896329117,0.0167652654526477,0.0146147016030355,0.0155325902913417,0.0143105285398138,0.0141036828023882,0.0166385545392856,0.6306600630731714,0.2161746728894961
0.0197754769365477,0.0405967622304246,0.0170401438539742,0.014612108506469,0.0156758688806425,0.0133429504049963,0.0135371442634698,0.0159166443997356,0.6326619347054592,0.2168409658165541
0.0203561358776931,0.0395454541142071,0.0174197154710771,0.0146622317608272,0.0158304464700408,0.0124781979594707,0.0130373010509762,0.0152840614846082,0.6339276495773245,0.2174588062321094
0.020981282269068,0.0387170159668596,0.0179097905230443,0.0147733781043212,0.016035024342897,0.0117713591761078,0.0126399561150765,0.0147515926495808,0.6341534033687285,0.2182671974827004
0.0216862864059675,0.0381184618566906,0.0184973295705385,0.0149385958303246,0.0162759051445993,0.0112324079218039,0.0122902572230634,0.014325317135406,0.6335839228773383,0.2190515160326916
0.0225080689663476,0.0378000024273448,0.0191787157963115,0.0151996023067888,0.0166049167318518,0.0107886906186177,0.0120294885010144,0.0140066823790739,0.6324178414917287,0.2194659907793775
0.0234534738093309,0.0375802226439539,0.0199521313604931,0.0154918364829286,0.0169667170669888,0.0103972183878136,0.0118036403806981,0.0137415043414219,0.6309285580789764,0.2196846974458787
0.0244814269716355,0.0374742414496664,0.0208002668143683,0.0158454273311939,0.0174085924712893,0.0100395737297765,0.0116331441605744,0.0135249788009848,0.6291686582870062,0.2196236899820092
0.0257365626914446,0.0376945976953952,0.0217453763338499,0.016215755654448,0.017870735655635,0.0097066798534022,0.011512345985536,0.0133298989448078,0.6268804320329088,0.2193076151510928
0.0271735273060549,0.0381630735233491,0.0227722357043642,0.0165946865276445,0.0183594997606423,0.0094072034072193,0.0114268486254116,0.01317945595718,0.624288678333664,0.2186347908530024
0.0286422682303507,0.0387078147401321,0.0238408703856011,0.016994355294449,0.0188769715915923,0.0091569565590366,0.0113308100160483,0.0131163203868641,0.6216325200058171,0.2177011127886471
0.030061086445816,0.0392792887967696,0.0248741665712332,0.017346790639052,0.019312240363488,0.0089041290325349,0.0111976943198363,0.012988789678664,0.619197918639126,0.2168378955120245
0.0314300804326301,0.0398762275263605,0.0258453206992322,0.0176753998009573,0.0197423648133522,0.0086571668336141,0.0110659283021833,0.012853664786439,0.6168486769830026,0.2160051698207791
0.0327076410412875,0.0404336133240414,0.0267027853027282,0.0179991900241054,0.0201603070074544,0.0084478929290351,0.010966311039537,0.0127688533473044,0.6146234354179005,0.2151899705651623
0.0339170340203125,0.0409621619332844,0.0275090970254301,0.0183090176772829,0.0205778822973483,0.0082850608539315,0.010840998982943,0.0126512995456878,0.6125311275905212,0.2144163200718197
0.0351137446973188,0.0415136926383766,0.0282721914146183,0.018587535268769,0.0209789435400348,0.0081330906400048,0.010724476510374,0.0125212274211085,0.6104929102954022,0.2136621875725595
0.0362374328396072,0.0420694416058874,0.0289888343176231,0.018816629841781,0.0213366391837396,0.0079745393551962,0.0105705224832805,0.0123796827767861,0.6086572661407854,0.2129690114538845
0.0372344841444689,0.0426550711448862,0.0296144461426353,0.0190333246534888,0.0216619047678819,0.0078518844921652,0.0104447913548818,0.0122561649146681,0.6069217623138092,0.2123261660696899
0.0380908754250371,0.0431184827132828,0.0301480912454838,0.0192422282156792,0.0219836975071145,0.0077785790738277,0.0103160053318967,0.0121415023056011,0.6054131740580836,0.2117673641225725
0.0388636646687887,0.0435455318514493,0.0305957522239791,0.0194337331586558,0.0222779549665391,0.0077306092825113,0.010251560651243,0.0120276098162145,0.6040249145864997,0.2112486687927018
0.0394643793912491,0.0438368746551619,0.0309525372987466,0.0196301854973378,0.0225616532810633,0.0077127352061459,0.0101987299627817,0.0119245352772022,0.6029152673759807,0.210803102052916
0.0399044393191759,0.0440366183624728,0.0312099293123181,0.0198323627213007,0.0228323781233761,0.0077113265300979,0.0101438596443325,0.0118029837167526,0.602066438588744,0.2104596636800169
0.0402633047885245,0.044266702524252,0.0314164776955021,0.0200432857441326,0.0230942543060783,0.0077267770557806,0.0100990339326286,0.0117386855022631,0.6012235027822479,0.2101279756671799
0.0405254072998317,0.044426315332459,0.0315979511804368,0.0202380689679355,0.0233306669035764,0.0077196185921296,0.0100362756106674,0.0116115997042848,0.6006462143730269,0.2098678820342431
0.0407887516916553,0.0446372031472968,0.0317661776111332,0.0204186471470555,0.0235517352097673,0.0076763906902331,0.0099466159887177,0.0114283166835465,0.6001495885035943,0.209636573325593
0.0410660570318141,0.0448918601135413,0.0319226254646277,0.0205900435715992,0.0237499351094273,0.0076734983105822,0.0098918916326936,0.0112645741843497,0.5995523635480635,0.2093971510318957
0.04132875685917,0.0451756873881764,0.0320592469384611,0.0207541038142253,0.0239233062502102,0.0076755045293163,0.0098406292907199,0.0111264806916412,0.5989511368374124,0.2091651473992632
0.0414883361181424,0.0453559247365419,0.0321457960860464,0.0209199059105839,0.0240813673326544,0.0076843743021707,0.0098003151147522,0.0109895567223826,0.598526299146082,0.2090081245292407
0.041580024713097,0.0454419628732633,0.032183723840623,0.0211027853466009,0.024237689781905,0.0076961791274177,0.0097823599181048,0.0108932863337523,0.5982013814385552,0.2088806066252788
0.041720737771821,0.045537458479184,0.0322300172361901,0.0212646135845584,0.0243538322261001,0.0077231586326667,0.0097623364964031,0.010799171403424,0.5978607303096982,0.2087479438585536
0.0418502048893013,0.0455840200426747,0.0322706256611739,0.0214191042758396,0.024462440210178,0.0077364719509822,0.0097346444405149,0.010665753509867,0.5976280928923087,0.2086486421257596
0.0420006100431509,0.0456351988810839,0.0323073698092663,0.021552389865387,0.0245500089494655,0.0077639481067489,0.0097179101870988,0.0105470147704193,0.5973807441361558,0.208544805249824
0.0421805985770187,0.0457041878764489,0.0323496320186235,0.0216548518065535,0.0246231501742453,0.007799781333745,0.0097090356042761,0.0104251827990729,0.5971016619958495,0.2084519178127677
0.0426036272318621,0.0458073315008167,0.0325334025723513,0.021845547347846,0.0247984937188454,0.0079320131337586,0.0098100672892249,0.0104873134281066,0.5955779147365409,0.2086042890392422
0.0430666729153671,0.0452622624055893,0.0329139821651938,0.0221219326870121,0.025059728488021,0.0080972957755042,0.0099556028345267,0.0106132165567199,0.5939712396482595,0.2089380665223887
0.0434781618745107,0.0441654523394359,0.0333902723521208,0.0224577377508323,0.0253902672686895,0.0082562103907186,0.0101195053292426,0.0107833836626435,0.5927149026065844,0.2092441064237871
0.0439316290105879,0.0429162958398767,0.0339106554910422,0.0228086507361004,0.0257656960263547,0.0084057413009909,0.0102788672222979,0.0109721451314101,0.591706965781952,0.209303353457934
0.0445990294540881,0.0417598323872746,0.0345380654252164,0.023195171248006,0.0261881004250277,0.0085723439949739,0.0104347364228396,0.0111750700914602,0.5906221072819452,0.208915543267694
0.0454012094213757,0.0406944793804153,0.035221942446289,0.0236187479056708,0.0266423296439831,0.0087597658943705,0.0106175904215399,0.0114116601838376,0.5894974002598122,0.2081348744412073
0.0464088429157209,0.0398526894591823,0.0359736982402866,0.0240591534524824,0.0271372532059077,0.0089598880667574,0.0108142697871443,0.0116645031610962,0.5882622818718225,0.2068674198380738
0.0476953140778348,0.0393164098436304,0.0368425677885463,0.0245196105803729,0.0276685021198046,0.0091636788181101,0.0110160430849459,0.011934783552439,0.5868534852447294,0.2049896048880303
0.049307786570538,0.0396786255368035,0.037823763611113,0.0250198696942922,0.028248259911012,0.0093652463337636,0.0112485679095024,0.0121961369024354,0.5841325852937433,0.2029791582352048
0.0510511701111568,0.040771850291283,0.0390831233344038,0.0254912379578625,0.028784991715702,0.0096161091011963,0.011536013827605,0.0125087882651468,0.5802581031005841,0.2008986122934274
0.0528627008144959,0.0421656128395102,0.0404624596306827,0.0258939871166872,0.0292492921653357,0.0099016288557843,0.0118139035943201,0.0129255929728315,0.5758174445800418,0.1989073774286319
0.0549603175111476,0.0436536260012494,0.0419308229994347,0.0262830606488546,0.0297250478710431,0.0102291950404727,0.0120754751936072,0.0133712763806356,0.570846333044299,0.1969248453075245
0.0572223556233693,0.0452109892553631,0.0434848408605223,0.0267728881423846,0.0303138227097075,0.0105836709730764,0.012349880580342,0.0138510488714853,0.565501010861617,0.1947094921203427
0.0597709224944921,0.0470107985980523,0.0451980348170851,0.0273459443132028,0.0310097453525114,0.0109340223250712,0.0126740402799366,0.0143678025887927,0.5594849006687806,0.1922037885602222
0.0626110868146097,0.0491544421455537,0.0471079304423579,0.027953147207935,0.0317568292098601,0.0112935375747991,0.0130062720544644,0.0149350918800769,0.5524709390913551,0.1897107235770646
0.0655730197214286,0.0514410512309554,0.0491630455462043,0.0285764831817186,0.0325123390454837,0.0116928387592827,0.0133781071262341,0.0155713928872841,0.5446310006365224,0.1874607218628833
0.0686544430852341,0.053815122874312,0.05135786873948,0.0293126409829864,0.0334014481917048,0.0121420643341106,0.0137731354129895,0.0162854737577981,0.5361915843766374,0.1850662182426563
0.0718824167080764,0.0562665405830751,0.0537055869501385,0.0301680004725317,0.0344093427877673,0.0126487153120325,0.0142105394273549,0.0170640713093001,0.5271280156466013,0.1825167708009341
0.0753114705305275,0.0587062935922934,0.056311437430694,0.0311651723842967,0.035629043317699,0.013217393558978,0.0147450365062503,0.0179374869508587,0.5167185777714756,0.1802580879546273
0.0789569263881768,0.0612200942263598,0.0591293944287699,0.0322556010135953,0.0369137596379773,0.0138564849034477,0.0153367915131566,0.0189271115059918,0.5052239925139921,0.1781798438661061
0.0829254013609506,0.0640108246054586,0.0621783394532378,0.0335119068334313,0.0383677370369838,0.0145621199542619,0.0159941975337634,0.0200060963101518,0.4928913204024303,0.175552056506765
0.0873399167464064,0.0671250173800216,0.0655549516231778,0.0348915678579711,0.0399385031891575,0.015370837817097,0.0167360607201706,0.021125622678309,0.4791363891612278,0.17278113282374
0.0922241534099289,0.0707188116395145,0.0691808545856789,0.0363934844843702,0.041625165616896,0.0162334520773306,0.0175173831438338,0.0222620790425718,0.4648380945197909,0.169006521477191
0.097825226425413,0.07473039881374,0.0733200282558665,0.0380428626052396,0.0434437187683764,0.0171933648089139,0.0184487841597498,0.0234737614064993,0.4487748009547412,0.164747053798371
0.1040876713508045,0.0790587207456682,0.0780008626064095,0.0398990318107506,0.0455147061946931,0.0183574685817301,0.0196097364007726,0.0248048037042002,0.4305860320130947,0.160080966588563
0.1113707776465875,0.0840774999234491,0.0834841551605844,0.0420875433859396,0.0479229935468519,0.0197189503347721,0.0209535590686897,0.0264543359325901,0.4095249939847755,0.1544051910121904
0.11997362062078,0.0897653482171262,0.0900168791754454,0.0446563146849571,0.0506631240703157,0.0213684214404898,0.0227493396927343,0.0283990392829714,0.384077039320603,0.1483308734907049
0.1296062787327618,0.0962403359078904,0.0974738377849153,0.0475930465374986,0.0538041332870131,0.0233218559744054,0.0248553592168916,0.0304417452260809,0.355267497395775,0.1413959099325311
0.1408633537375492,0.1037486857969061,0.1062878155264372,0.0510752659526815,0.0574939450702544,0.0256891939329268,0.0274030313842915,0.0329121924697194,0.3213089296563428,0.1332175864682087
0.1540441882449077,0.1126808939635147,0.1166412667764904,0.0552912686004433,0.0619955142296577,0.0285722172287794,0.0304400210283441,0.0357852575899034,0.2815716917925129,0.1229776805402046
0.1678521205787011,0.1220933376700648,0.1274828548842116,0.0596823918984729,0.0666368749887577,0.0317179171602283,0.0338417080630469,0.0388776303703507,0.2411695509189128,0.1106456134614073
0.1811470973001866,0.1315480420185338,0.1378973455630847,0.0639028770604201,0.0710569750847176,0.035073213542878,0.0374975315086995,0.0421417988197361,0.2025963032560478,0.0971388158392252
0.1937888789539825,0.1406344179869346,0.1478348088256854,0.0677253478905209,0.0750557301313088,0.038618069041841,0.0413217119926183,0.0454667352158076,0.1656302502870038,0.0839240496671679
0.2058276929432786,0.1495172436900584,0.1572175630655744,0.0714461935323256,0.078803626513804,0.0423968398772551,0.0452898762167468,0.0489352341873044,0.1296347342601312,0.0709309957056925
0.2154406896848909,0.1569278502019347,0.1647866377068723,0.0742487313373703,0.0813357520668564,0.0460074450309496,0.0490225561536359,0.051939767266263,0.1002658468120306,0.0600247237307179
0.2215403794194151,0.1611783009046554,0.1700618372802549,0.0762553787023666,0.0828127831480163,0.0495013647091961,0.0523141554987725,0.0545851147343438,0.079966823205195,0.0517838623887168
0.2237365327180628,0.1616777232836905,0.1727050428548348,0.0773158647041255,0.0830478464026345,0.0527602990803738,0.0553349761631977,0.056517472431055,0.0692061614340582,0.0476980809184052
0.2211539129196059,0.1591292660364955,0.1715683314715787,0.0768925747767027,0.0816457448812777,0.0551456333409907,0.0576956153097858,0.0573641944527668,0.0704594963569258,0.0489452304439789
