0.1644957890255881,0.054981903928396,0.0775333939839164,0.0644723104533558,0.0579812408576034,0.1074776285471728,0.0825700661145483,0.0699419920895516,0.2869622280635386,0.0335834469218513
0.1800151814208966,0.0628414922792003,0.0848828267331106,0.061557496762799,0.059033330950245,0.109528386770082,0.0826383121332089,0.0679506744195434,0.2587453101815457,0.0328069883353697
0.1961507625753749,0.07076397065281,0.0920994663555597,0.0618327854043658,0.0609246902773361,0.1121437106907511,0.0836011738348931,0.0675749103938504,0.2226144266866011,0.032294103114486
0.2040968773591727,0.0755532387133399,0.0964701754462672,0.0624145888148358,0.0623252320521832,0.114761592335032,0.0849988495716971,0.0679927333930258,0.1986738927381305,0.0327128195622218
0.2051368246998303,0.0790039664933819,0.0986795999730568,0.0639954692929917,0.0641256256608468,0.1163994698850863,0.0864279203593572,0.0693219359490296,0.1816688512943395,0.0352403363777644
0.1994031331112808,0.0809245064078274,0.0984454493911639,0.0658978202578263,0.06648811577573,0.1190723355318522,0.0885356660921014,0.0709793831677276,0.1727556514455566,0.0374979388042967
0.1927897695989056,0.0824101534699609,0.0975466631898403,0.0680447882969468,0.0682770885533775,0.1225385974504621,0.0908144927211008,0.0726324967937888,0.1658411851261052,0.0391047647845677
0.1862664691045278,0.0827773872991601,0.0967874205405431,0.0700117563813311,0.0700694641656651,0.1247220186368212,0.0932656763966449,0.0737352462902088,0.1615760216123854,0.0407885395574821
0.1823077112884613,0.0848686841845252,0.0964998548889305,0.0722015927937045,0.0717882188914515,0.1245578523579592,0.0937756314855759,0.0743098781768146,0.1575257109131538,0.0421648650040332
0.178718750611821,0.0869860646119513,0.096550209117737,0.0742807506711499,0.0739646735660177,0.1240550740931021,0.0934397784336385,0.0746933744678736,0.1542929114907999,0.0430184129203665
0.1735130814197847,0.0879161892069145,0.0961732852301811,0.0767115573751043,0.0765175951378128,0.1237747149455289,0.0933469768842772,0.0751482369667455,0.1527400210942479,0.044158341723689
0.1671148973100577,0.0856764659921979,0.0956859968417432,0.0794589103739693,0.0791938212973818,0.1243054075149239,0.0939821370272763,0.0761743371564259,0.1528880588912204,0.0455199675788879
0.1616019433860876,0.0840929125519849,0.0952761744504751,0.0820647651918138,0.0819175048770624,0.1243018730103515,0.0948820796667537,0.076663771405376,0.1518115784854099,0.0473873969586012
0.1567891890519457,0.0820511948459482,0.0953528409790544,0.0846440638414185,0.0847391434457777,0.1239940196890488,0.0957025506541254,0.0770367848931501,0.1507038219891347,0.0489863905941374
0.1524673782170659,0.0801671592580975,0.0956685780674599,0.0871830199630226,0.0876901486775534,0.1240440951756434,0.0963997906609774,0.0779635757487274,0.1481253602094888,0.0502908940055372
0.1483196499848764,0.0782184958977733,0.0963810629319268,0.0895430411287269,0.0903793888107998,0.1242340516951071,0.0969718975519737,0.078957199278266,0.1455945261817281,0.0514006865222917
0.1444659951101661,0.0764494652922113,0.0974092669265258,0.091712457820502,0.0927514102309705,0.1249377968302296,0.0973179892929374,0.0795888448243722,0.1431408179525618,0.0522259557029317
0.1411959988187326,0.0751134708595413,0.0987759029898155,0.0938623870101916,0.0947639893077859,0.1253565477308576,0.097697629832567,0.0801192659304457,0.1404004441671018,0.0527143633363402
0.1382424833288986,0.0741555701341622,0.100647402354467,0.0959114580635913,0.0966006263290389,0.1254076300403391,0.0978230575224922,0.0806720698131506,0.1375823481416773,0.0529573542555729
0.1355500045464721,0.0744523167232047,0.1032008956190687,0.0976200016754992,0.0982544392164026,0.1248101112075968,0.0975093793413677,0.0809840617152946,0.1345201846811336,0.053098605257398
0.1332554957928782,0.0738609717460837,0.1051896795570775,0.0993905517173222,0.099897622261501,0.1245426295622406,0.0972604569690612,0.0812269598797178,0.1322291821661025,0.0531464503314832
0.1310986676369701,0.0740629317566581,0.1076557619925762,0.1006798364092817,0.1011594454398113,0.1238599517101793,0.0970128737725296,0.0813677348955532,0.1299048158346308,0.0531979805353407
0.1291902685798461,0.0750615565128453,0.1100010204557868,0.1018930006766122,0.1024297316809669,0.1228062015175428,0.0966183517445445,0.0813397995868703,0.1273957362252181,0.0532643330033693
0.1272253665959117,0.0778387260155471,0.1114418655132501,0.1028386484623638,0.1035753072469367,0.1213640613694928,0.0963804921727759,0.0811207750697125,0.1250174763558523,0.0531972811818339
0.1252935891715661,0.0803433462296693,0.1121930747966494,0.1039638610311052,0.1049385573888204,0.1202430095284814,0.0960692554496433,0.0809725273427468,0.1230143457969365,0.0529684332480996
0.1229520229737213,0.0840282745741837,0.1112857098790506,0.1052569068610893,0.106394814511264,0.1188813487158955,0.0957647297783594,0.0810179447737114,0.1215770618943805,0.0528411860220685
0.1207787463855318,0.0869111587931762,0.1102178579443657,0.1065527567202142,0.1077783317090492,0.117813499892836,0.0954320549440728,0.0812891312971112,0.1204451586317277,0.0527813036656409
0.1186361893702734,0.0895768315855323,0.1090712288945797,0.1076947650227434,0.1090563150365531,0.1169411981128887,0.0951948591269971,0.0816954834715532,0.119317203399065,0.0528159259635528
0.1166304288915563,0.0925244905602696,0.1078363004687536,0.1087068700634715,0.1102217199146617,0.1161896161778514,0.0948821638632102,0.0818128695241024,0.1183208128885003,0.0528747276313825
0.1148724303077392,0.0953034022087051,0.1068081981951001,0.1096416171391945,0.1112604466003031,0.115418967697685,0.0947076273611078,0.0817176915449164,0.1174372558774177,0.0528323630516237
0.1133221247157282,0.098350101442542,0.1058653900167284,0.1105299180377103,0.1121126718504156,0.1145687717772571,0.0944231172282487,0.0814119046194334,0.1166686891831355,0.0527473111126319
0.1121371395256654,0.1004843593720085,0.1053208676785908,0.1113357678810732,0.1128498100895338,0.1139406264087389,0.0942513433127324,0.0812713248584561,0.1156093995682228,0.0527993612888386
0.1111901008275186,0.1021246312101896,0.1050983411237536,0.1121411242981267,0.113315930258232,0.1132018511310434,0.0940759002285823,0.0810921598549315,0.1148135371339147,0.0529464239176008
0.1097062261427686,0.1049287867608195,0.1045800088627424,0.1127512173705617,0.1136822182779798,0.1124280032482506,0.0939246794911913,0.0809736700224285,0.1141382131297984,0.0528869766773932
0.1084008107822279,0.1071341817277877,0.1043292276749194,0.1133097398917932,0.1140377339261522,0.111717395742586,0.0936468610563696,0.0810378327893261,0.1135780829069626,0.052808133485836
0.107545781822781,0.1078904944239251,0.1046251781232592,0.1139271832760845,0.1143615436058642,0.1106664742524841,0.0934879362987781,0.081040690305032,0.113034565341676,0.0534201525340995
0.1063257758790022,0.1086561088728931,0.104796346434706,0.1144602019069775,0.1147235869396447,0.1095970988707969,0.0933823115250717,0.0810690551310726,0.1125517913853852,0.0544377230384621
0.1052818969429689,0.1088954997309882,0.1052092577552352,0.1151224480705222,0.1151369671919374,0.1084345476190633,0.0932924341948389,0.0807306088907435,0.1121882583382964,0.0557080812494376
0.1049425182915084,0.1079204629874369,0.105964144007037,0.1155296194072102,0.1153995621309653,0.1073147581844332,0.093136416711382,0.0803490367353741,0.1118479750823672,0.057595506446338
0.1043288925348017,0.1072611677765096,0.1066820647742428,0.1159408762412593,0.1156670372835351,0.1062451852829153,0.0928798595898956,0.0800357526874344,0.1115773971159245,0.0593817666975433
0.1033499131506289,0.1070866159855856,0.1071965017600718,0.1162326960047683,0.1159609257180956,0.1052632286926514,0.092725533560251,0.0796428486782244,0.1112981649643217,0.0612435714694709
0.1020014801309756,0.1075405958657227,0.1071996838130554,0.116619765043989,0.1163824075144949,0.1043491568232575,0.0926036834498764,0.0793547715590728,0.1108018769536097,0.0631465788300213
0.1005861016384948,0.1086417495026525,0.106890988708123,0.1170024380571549,0.116775137028634,0.1034908582986211,0.0924226454957892,0.0789053565104235,0.1103520763701386,0.0649326483740419
0.0991299922026859,0.1100753740241386,0.1063886963424078,0.1174397460119831,0.1171941128406427,0.1026571211949141,0.0923370984883687,0.0784131711633091,0.1097695162802297,0.0665951714353974
0.0977433292640824,0.1115200087810827,0.1057879551773884,0.1178916507693157,0.1176192112744169,0.1019763582769754,0.0922482292820534,0.077985924644131,0.109079347395156,0.068147985119487
0.0964008420940118,0.1132255404221377,0.1051351133235622,0.1181790667721927,0.1178784362568047,0.1013856203243177,0.0921519984061705,0.0776178753407537,0.10847708151602,0.0695484255281353
0.095115538479158,0.1151858157090369,0.104323105132002,0.1182878731858693,0.1180569101039186,0.1008188997013513,0.0921307505477264,0.0774271037014272,0.1079560909525259,0.0706979124711157
0.0939858403928981,0.1175524172303435,0.103388352166128,0.11827987332544,0.118130570712409,0.100285061339945,0.0920531194579011,0.0772884350803581,0.1073062536168623,0.0717300766618739
0.0929961073934246,0.119515570534148,0.1027529001259179,0.1183088566466591,0.1182464077524068,0.0997223290298134,0.0919964638493663,0.0768561841219344,0.1068556136795847,0.0727495668509256
0.0921020625188684,0.1213994469321423,0.1022463838949713,0.1183476272788299,0.1183937814727666,0.0991551799272649,0.0920081560822708,0.0763479448545449,0.1063590254382593,0.0736403915842794
0.0912878405934215,0.1233607794821748,0.101623081123516,0.1183672446681015,0.1184878116962145,0.0986522744545262,0.0921140274940233,0.075920559950417,0.1057288893570117,0.0744574911648112
0.0905682904698765,0.1252305291018219,0.1009696585119815,0.1183881477676521,0.1186481779308009,0.0981456827563399,0.0921343481795981,0.075597172434359,0.1051723862678657,0.0751456065639424
0.0899543223463101,0.1268132802895164,0.100291957326568,0.1184497507683547,0.1187028368714094,0.097711411696945,0.0921327544448881,0.0755721882031218,0.1045876416182811,0.0757838564188685
0.0894213951916961,0.128284230777014,0.0995921218155236,0.118433120256234,0.1187010526963622,0.0973389115781765,0.0922504016624858,0.0754988313754525,0.1039854897514258,0.076494444879917
0.0890454981817036,0.1294704550613839,0.0988882832908698,0.1184589779040437,0.118678520084404,0.0969911421226005,0.0923198606845769,0.0754381197153361,0.10354793458986,0.0771612083495308
0.0887907352162736,0.1302933920430468,0.0983041248907401,0.11850496634126,0.1186725410031941,0.0967147779946998,0.092411490636536,0.0754665166195737,0.10319281769713,0.077648637541871
0.0886207902034472,0.1307448899357871,0.0978938368008724,0.1186228350574435,0.118780448157233,0.0964146965516125,0.0925138139447611,0.0753882753883691,0.1029227984919214,0.078097615452885
0.0884649869354151,0.131096663041982,0.0974963147584494,0.1187221298281225,0.1188731476212944,0.0961516605767323,0.0926125967960014,0.0753192590020453,0.1026753410143014,0.0785879004099898
0.0882975756791865,0.1313108161239996,0.0971751580806223,0.1187678869645704,0.1189601090332102,0.0959385386946697,0.092652445533688,0.0753926916630544,0.1024443756866232,0.0790604025247053
0.0881453174322783,0.1312436815737134,0.0968781934024435,0.1188074037268021,0.1189350570780758,0.095679681507272,0.0926749496447694,0.0756516816317792,0.1024858533678177,0.079498180619375
0.0865225345441866,0.1325369971352486,0.0969404799660902,0.119848770434131,0.1200709554885729,0.0952765969949549,0.0928993347693486,0.0758502952106792,0.0992149849130169,0.0808390505280725
0.0841571711665054,0.1336202062008925,0.0967245918395776,0.1210726605315175,0.1212887433532679,0.0948616619953015,0.0931378507650591,0.0760779121806568,0.0967014316247082,0.0823577703267707
0.0811266579785642,0.1341325591458,0.0964431444624918,0.122255922710437,0.1224447234291199,0.0943437721009936,0.0933815955498688,0.0762161627128029,0.0958148902379201,0.0838405716562198
0.0781792433296376,0.1343086058692012,0.0964064058757542,0.1234267662321331,0.1235313647564411,0.0937658104583351,0.0935504756494766,0.0762979826479086,0.0953915949255182,0.0851417502397906
0.0757888019877305,0.1342182052009103,0.0967196592384138,0.1243779045287045,0.1243838983359246,0.0932006092186941,0.0936562807704633,0.076265042020053,0.0952489301953637,0.0861406684879331
0.0743998766114153,0.1338463036479691,0.0974275621140957,0.1251298482365639,0.1250649842065169,0.092585017630458,0.0936390842888241,0.0761923493744417,0.0948131292121708,0.0869018446617459
0.0733914933594828,0.133354587790582,0.0982385614843265,0.1256489135272575,0.1257159285761027,0.091787784459274,0.0935594166667887,0.0761566189006653,0.0944629194311948,0.0876837757885518
0.0724883441603886,0.1327961670317385,0.0990940828426977,0.1260780055241938,0.1262901478996114,0.0911312486041341,0.0932993962072618,0.0762260672986143,0.0940833018990242,0.0885132385165856
0.0713249882890999,0.1319018480590736,0.0998791393876387,0.1263790832533138,0.1268665231536311,0.0907449133965356,0.093341270773131,0.0763739091216575,0.093832447840973,0.089355876709203
0.0702211373862571,0.1311295166271936,0.1002088544146692,0.1265675626398242,0.1273025620882552,0.0904328991488721,0.0936797010762825,0.0765631520081953,0.0936010408082969,0.0902935737864106
0.0695174057948,0.1306334628275588,0.1002844114642434,0.1267812711482476,0.1276047846113746,0.0901129584798787,0.0940196262958286,0.0767302862695015,0.0931735492360102,0.0911422438568266
0.069177009281885,0.1308849108174304,0.1003247098318495,0.1267413913507764,0.12770388741535,0.0896692325535779,0.0941873112594401,0.0768954945723518,0.0924485589190984,0.091967493982534
0.0686410531873227,0.1314207211246487,0.1002204148583876,0.1266193463490165,0.1276986117677063,0.0893608217833992,0.0942978841053892,0.0770846009701784,0.0920104688484194,0.092646076989836
0.0680980091527864,0.132381856503152,0.100111157113509,0.1264073975130978,0.1276298879082344,0.0891269638862515,0.0941326990844158,0.0771739871101841,0.091694588080546,0.0932434536321372
0.0675239322222549,0.1334392600471785,0.0998455491211937,0.126135741093418,0.127477532292718,0.0887668889352958,0.0940717268267119,0.077126296151983,0.0917383588395694,0.0938747144540037
0.0670193599109636,0.1346692469638602,0.099518361278966,0.1257984195332337,0.1273606729515397,0.0883249058207454,0.0940435332239048,0.0770085123709727,0.0917189985513382,0.094537989378798
0.0665114529549585,0.1359055070239909,0.0994038651452305,0.1253941306296079,0.1272264627106014,0.0876196475677582,0.0939137614867988,0.0769575177302738,0.0918364909673532,0.0952311637677413
0.0659064426850139,0.1370466372978793,0.0992540783412467,0.1248995275987121,0.1270599999892381,0.0869419036554581,0.0937645749856416,0.0769742005101719,0.092119304392884,0.0960333305280617
0.0652924688061251,0.1381127431108637,0.0990717856850529,0.1243611776181894,0.1268011894672807,0.0863421062176663,0.0935778962570188,0.0769784843372996,0.092511355789529,0.0969507926952639
0.0646065144689628,0.1388137311027519,0.0988001913737022,0.1240074397770519,0.1267276566445182,0.0858172078642354,0.0933493017316234,0.0770213070427372,0.0930273563761157,0.0978292936025686
0.0639553418731199,0.1397682658589444,0.0989149036161958,0.1235492287128761,0.1265676881819734,0.0850926323680342,0.0929813134420578,0.0770272770543381,0.0933927066761717,0.0987506422005369
0.0633946655415977,0.1404724138500675,0.0988699893602409,0.1231160780918676,0.1264378393144747,0.0844729402095173,0.0925911744246389,0.0770962257552668,0.0938551431284835,0.099693530308063
0.0629236980438611,0.1408123638828105,0.0988756897699507,0.122733700245355,0.1264405555470046,0.0839701219523599,0.0922672683560375,0.0769743172028101,0.0945073024764912,0.1004949825075096
0.0625491229383673,0.1404731546827082,0.0991624716639285,0.122594630014737,0.1266596709969839,0.0836839092218169,0.0919818748267043,0.0768335643925202,0.0946853255618842,0.1013762756845053
0.0624018208122674,0.1399675294088987,0.0996197836053453,0.1223877345348234,0.1267031528074875,0.0833194506927668,0.0918175890582733,0.0767087923577856,0.0947457235816491,0.1023284231248362
0.062672531723861,0.138841020521275,0.1007117835019673,0.1219889066087646,0.1266256693989584,0.0831089971722514,0.0915692587539809,0.0765842247306845,0.0946351671873695,0.1032624403850101
0.0631695732155372,0.137654013814764,0.1016718853069288,0.1217524948250667,0.1267370262031042,0.0828482814204346,0.091421807347591,0.0763825011465944,0.0943017141507641,0.1040607025533367
0.0637928281984271,0.1365013769293142,0.1023726187253809,0.1216407796614516,0.1269187089627665,0.0826087964067787,0.0911873273457411,0.0760831238839416,0.093984658730438,0.1049097811398694
0.0642782939964343,0.1347619541574024,0.1029565846276625,0.121814652688303,0.1270997073557564,0.0824756158346463,0.0910202068679479,0.0760340621625172,0.0938232516881534,0.1057356706052606
0.0646813894635719,0.1332574848409457,0.1032944710039086,0.1220219002924376,0.1274231561860127,0.0823597061141301,0.0907540776059962,0.0759787269443899,0.093501089779462,0.1067279977531909
0.0650461310544763,0.1317104671856085,0.1035692545867261,0.1221895008540003,0.1278228267107957,0.0822662648792716,0.0905872728782602,0.076010009819512,0.0930828181936653,0.1077154538216808
0.0652331830257218,0.1304032221100901,0.1036759522862823,0.122416757775672,0.1283282791336675,0.0820519561424463,0.0904602663342631,0.0760186591246736,0.0928112223961984,0.1086005016549375
0.0653383845849944,0.1294341060503546,0.1035610320555623,0.1225214233025453,0.1287460270574875,0.0818923547816923,0.0904241115441086,0.0761183441277453,0.0924125802477792,0.1095516362316314
0.0657847664238423,0.1280713729185182,0.1034695365270754,0.1226004617364908,0.1290417979120596,0.0817044322778238,0.090389206114239,0.0760821959107713,0.0923677991056524,0.1104884310573856
0.0661404875083836,0.1270307928299474,0.1032173637129109,0.122679554865632,0.1292453337178424,0.0815870819823501,0.0905036923987895,0.0759155243014686,0.0922334033418864,0.1114467653246206
0.0663777528309151,0.1269564120394155,0.1027928010894134,0.1226550214374403,0.1291897759362455,0.0817592812813929,0.0904570454455381,0.0758511172758276,0.0920923192734685,0.1118684733741419
0.0668487494790379,0.1266104559691099,0.1023161586685842,0.1226658593688982,0.1293490962741919,0.0818195498723365,0.0903177992414323,0.075871500629594,0.0922508587337142,0.1119499717468706
0.0670452268046917,0.126469755069474,0.1016076929188358,0.1226122501458977,0.1296029017375457,0.0820466034873078,0.0900953894345467,0.0761374938851242,0.092400229094862,0.1119824574054614
0.0667723608381835,0.1268216702993245,0.1006792813595015,0.122664881635152,0.1300413797867948,0.0823702467840078,0.0899537710429971,0.0764202214235242,0.0926100627377766,0.1116661240764552
0.0666098945030239,0.1269658266322335,0.0996192647187862,0.1226292396603262,0.1305890098544198,0.0827119931863316,0.0899551021074247,0.0766627040613439,0.0929061629940853,0.1113508022657291
0.0668106362073333,0.1268163890019262,0.0987658124441232,0.122823675643419,0.1310133638208984,0.0829583981773313,0.0898274717829027,0.0771360910188845,0.0932114596064389,0.1106367022804186
0.067404442703543,0.1263344600940791,0.0980917232013402,0.1228363624294092,0.1314037846394767,0.0831959788051868,0.0898272259241038,0.0775561820880476,0.0936042738666682,0.109745566231807
0.0681305368257335,0.1256814436168045,0.0976041350974455,0.1226766473513822,0.1316310276324924,0.0835268658704786,0.0900093660496161,0.0780617819040948,0.0938973078949927,0.1087808877406243
0.0689368425294545,0.1247501439815346,0.0973428560134666,0.1224300168958837,0.1317975626420084,0.0840612716519954,0.0903402776364538,0.0786151012312226,0.0940351310664867,0.1076907963351541
0.0698493199895655,0.1236648927461354,0.0972630250906184,0.1223122234195742,0.1320090760202271,0.0844689900552609,0.0906088379833752,0.07912609932748,0.0940599822742757,0.1066375530771254
0.0709289923975702,0.121770281087346,0.0974100126662883,0.1224568969607243,0.1323910034856376,0.0848593800093547,0.0909961312959937,0.0796116019390128,0.0939391843769497,0.1056365157647198
0.0720527166709413,0.1196333902817952,0.0976708698864146,0.1226306143497324,0.1328625578490287,0.0852454650425273,0.0913605537986598,0.0799945627845385,0.0936395427225003,0.1049097265974146
0.0730906933178987,0.1166700662570986,0.0981154118372088,0.1230274995624192,0.1333151791534575,0.0855566668265434,0.0917455564380211,0.0803553444921481,0.0938308031621026,0.1042927789366071
0.0739771037505648,0.1139029148294931,0.0984334197545567,0.1235072737903675,0.1338101462802805,0.08597358622451,0.092008737292492,0.0809768719825097,0.0936328854273959,0.1037770606512808
0.0743996066913367,0.1110407112477694,0.0987443693648325,0.1240970557940254,0.134291871429386,0.0864110289350966,0.0920145230284966,0.0818003991826016,0.0937240120053388,0.1034764223045161
0.0744945034260656,0.1086043266212578,0.0991410195550204,0.1244560507083255,0.134712681771112,0.0867257311143298,0.0917124319295671,0.0825362897931266,0.0942894903819109,0.103327474682653
0.0741578582244086,0.1075603615341032,0.0994498805767973,0.1243752364230754,0.1346396283270434,0.0869497042471951,0.0913232756550824,0.0830989102541737,0.095363457105037,0.1030816876364666
0.0733963277044049,0.1087843234045872,0.0994568448101906,0.1237620666999411,0.1338172595008927,0.0870060070093826,0.0904664987346668,0.0831106023275064,0.0977920041411782,0.1024080656507098
0.0725034625445582,0.1108448352132154,0.0993320240067105,0.1231201249326163,0.1329231931664042,0.086863721745545,0.089324957668015,0.0827866637471803,0.1008131444637466,0.1014878724955652
0.0716541708831357,0.1125953088085299,0.0993275852349454,0.1226916332041417,0.1324277485527567,0.086530508868654,0.0883983730979492,0.0825787076871136,0.1028755555186115,0.1009204081277816
0.0708046052395949,0.1142762117465207,0.0993438386751139,0.1223255064178289,0.1320762241843623,0.0864532408364926,0.0874854769100694,0.0824053860192797,0.1041645665444632,0.1006649434099399
0.0698525548564178,0.117041508523263,0.0991508394357573,0.1218610486284035,0.1315838667801572,0.0865187577081456,0.0864978480820821,0.0824013710501901,0.1047553065502182,0.100336898369089
0.0688148855696555,0.1204029503072752,0.0987525394349728,0.1211166105281732,0.1308471477710557,0.0866573966587624,0.0855250097658978,0.0824966113217435,0.1055918167334468,0.0997950318928292
0.0680012207429424,0.1236055401699322,0.0983527105750101,0.1206206111381026,0.1302922202172283,0.0866206533885931,0.0845477271157736,0.082430071373264,0.1062359420800112,0.0992933031830258
0.0674971651508499,0.126045859678037,0.0981036415457696,0.1205483770426004,0.1302262040477547,0.0868077757693395,0.0837303450823973,0.081859723900357,0.1061288132028183,0.0990520945639936
0.0671487945262631,0.1287369090198383,0.0977832224797625,0.120400017415807,0.12993041149052,0.087007079922916,0.0829691126921064,0.0814744922600145,0.1060031947481884,0.0985467654285317
0.0671871794369522,0.1301147228953597,0.0976676450911074,0.1207266099142475,0.1301550611221805,0.0867834651086434,0.0823478091322302,0.0813286210007923,0.1057139283146209,0.0979749579678122
0.0675358824134188,0.1307481046040646,0.0973597604654259,0.1210998245915927,0.1304977277224078,0.0866951985249665,0.0818588057216126,0.0814006823611527,0.1054020922995463,0.0974019212797441
0.0679982581217227,0.1312084247076936,0.096683651992442,0.1214240629820785,0.130904741960573,0.0866102127469852,0.0815299061762597,0.0815672167348614,0.105161581086805,0.0969119434744827
0.0683886456178108,0.131715785921316,0.0955727139209979,0.1218461319439178,0.1313405492706101,0.0866571600408539,0.0813305886178444,0.0817934078019573,0.1049583886883088,0.0963966281602496
0.0686180614882602,0.1322840918569455,0.094140292936856,0.1224123580973433,0.1318068466643618,0.0867681244068878,0.081196200749901,0.0820728868438445,0.1047334053164202,0.0959677316230093
0.0687916009925602,0.133030123462094,0.0926571205650661,0.1231508301505698,0.1322724567641944,0.0868716249998572,0.0811224125070702,0.0824003858275058,0.1044694169010816,0.0952340278137903
0.0691303236634923,0.1342457386321821,0.0909604984719508,0.1238451925225113,0.1326958602417113,0.0869016829692576,0.0810743034676306,0.0826177680134009,0.1040934326388975,0.0944351993627267
0.0693815580343563,0.1356607171495829,0.089234981599097,0.12457697206978,0.1330619857706608,0.0867879962486615,0.0809946064085203,0.0827749714196511,0.1039518901589934,0.0935743211244447
0.069687559130331,0.1369470784446893,0.0880869597622046,0.1254968634586348,0.1333476725220816,0.0869006705083938,0.0807640465114587,0.0828120369982635,0.1033820741542337,0.0925750384934501
0.0701584897770092,0.137567941597366,0.0872856348069986,0.1262295739492506,0.1337470241422901,0.0869079233189458,0.0805559324396776,0.0830695009101111,0.1028693073664337,0.0916086716756365
0.070784000028668,0.137986371142233,0.0866870933606599,0.1271182691014322,0.1341652104763518,0.086741717443613,0.0804919427094623,0.0830415542563577,0.1024432826372784,0.0905405588276439
0.0716395860050583,0.1379738043803978,0.0863206176740525,0.1280825823181708,0.1346659486090269,0.0863553464854027,0.0804082390878903,0.0830324819202949,0.1020889818381997,0.0894324116651966
0.0726022237637191,0.1376838243574895,0.0859564868597674,0.1291035159510566,0.1351608276481002,0.0858423053977783,0.0804383104399392,0.0829660903811143,0.1018170520417719,0.0884293631429445
0.0735693888906583,0.1372523179316245,0.0856199827833943,0.1301406086928942,0.1355688226063383,0.0854721004649146,0.0804594655594743,0.0830859522795923,0.1014496694531609,0.087381691321624
0.0743763273083782,0.1366623893674796,0.0853594860574278,0.131149981353492,0.1357554331375703,0.0852949289602241,0.0803212480561024,0.0832733889211135,0.1014234871312414,0.0863833296906587
0.07515746009439,0.1359216641118687,0.0848584146033305,0.1323334754629004,0.1360587897019674,0.0855277775155809,0.0802353841593942,0.0833137128337413,0.1011225473969068,0.0854707741036114
0.0759544791736991,0.1350678753418593,0.0844193433110302,0.133474290905571,0.1364040270583471,0.0859057768065011,0.08003477900962,0.0832841797839688,0.100884226600247,0.0845710219928474
0.0766418853516787,0.1342888365768936,0.0840987132654752,0.1345289494409681,0.1368158235574985,0.0862391509319025,0.0799902681091381,0.0832629417529492,0.1005029052787349,0.0836305257184533
0.0771663821638003,0.1336264655840958,0.0838978562639157,0.1353458182786044,0.1370232590356389,0.0866317446011655,0.0802067001078655,0.0833752779797825,0.1000267624415597,0.0826997335272555
0.0775132651951703,0.1330574466400961,0.0836627394681149,0.1360651111883358,0.137138785330916,0.0870851488957782,0.0807250947784561,0.0834581533712901,0.0994557158760831,0.0818385392394412
0.077615245450253,0.1324215374023443,0.0834381037602757,0.136708764119407,0.1371718635739643,0.087513919244884,0.0810959695455423,0.0833653218321469,0.0996047726559311,0.0810645023989619
0.0774563996048719,0.1320703282528616,0.0832774657114486,0.1375166398863052,0.1373308270950076,0.0879358107509165,0.0813511437958832,0.0836200298661304,0.0990851113895157,0.0803562436307682
0.077052930843645,0.1323318605919108,0.0829219889099146,0.1381266035179599,0.1372595996301177,0.0882166642446855,0.08153314284815,0.0838043638718881,0.0988206043603231,0.0799322411651165
0.0764646150351702,0.1330404253905223,0.0825530817516313,0.138668816423031,0.1370942623107737,0.0884345193559407,0.0815998079482814,0.0839829792332714,0.0986215035559768,0.0795399889791181
0.0757271792713419,0.1352377537168857,0.0820556169335713,0.1390704165482254,0.1368357942310243,0.088325254884261,0.0816640634852973,0.08389096282471,0.0983235226505391,0.0788694354378926
0.0747344261558236,0.1380123503763477,0.0818173309163798,0.1392016966754046,0.1363290005060412,0.0881361313723853,0.0815065484952185,0.0836649152102029,0.0979652251287757,0.0786323751472005
0.0735535733028861,0.1417574840585301,0.0817657712807918,0.1388525483795128,0.1355039311196527,0.0877316407011828,0.0813810859220574,0.0834254123731547,0.0978368106837732,0.0781917421623086
0.0728365079697507,0.1462049248274911,0.0817290514274582,0.1381211243305856,0.1346179581820307,0.0871593376930476,0.0815624882810856,0.0829381209127499,0.0971222366759967,0.0777082496837294
0.0721297612730972,0.1501394949370029,0.0821257048274374,0.1374194383157594,0.1336933163457923,0.0866776241417769,0.0817419737558725,0.0823817340951955,0.0964764698936506,0.0772144823984196
0.0717041083126069,0.1524817081270932,0.0825646713716626,0.1368434685597435,0.1328143887356846,0.0863250844536019,0.0820234739508038,0.0819750228669698,0.0965081620778596,0.0767599115280399
0.0712681264558013,0.1536537443874413,0.0832708967041847,0.1365546694088835,0.1320400962764837,0.0864191491064751,0.0821354719865086,0.0819271561855804,0.096530823935402,0.0761998655373333
0.0708270270429832,0.1538186445196661,0.08356726445699,0.1363571061191922,0.131463998652484,0.0866211622537668,0.0821180917173998,0.081887593564305,0.0978369778127969,0.0755021338445481
0.0706634126550189,0.1537759458242885,0.0837202569714829,0.1362017128694136,0.1308986635424208,0.0869033632194914,0.0820237871685275,0.0819415782430104,0.0989465427870391,0.0749247367034689
0.0705625995466653,0.1534384250831809,0.0838798549772394,0.1359253740818541,0.1302882546708487,0.0871904629258426,0.0819151287524825,0.0819641994173585,0.1005733080153006,0.0742623925134123
0.0706395278690568,0.1531826581637665,0.0838005387689238,0.1355982591540201,0.1298786538320449,0.0873157442401436,0.0819769284050553,0.0819714880385099,0.1019147730027615,0.0737214285099203
0.0708357255727818,0.1529595407526459,0.083780556429262,0.1352652845134686,0.1292170089291751,0.087470087114906,0.0821466459206022,0.0820423458637492,0.1030801024943123,0.0732027023933057
0.0709999251686536,0.1526723653433613,0.0840725778765472,0.1348488545613942,0.1284502272383706,0.0877141698940999,0.0823165816331497,0.0819025911655862,0.1043313732185997,0.0726913338844496
0.0711813122375465,0.1526263460727994,0.0842874113845186,0.1344976759710881,0.1276074725727168,0.087795655185559,0.0825715535288028,0.0816349136787799,0.1054892803328357,0.0723083790195855
0.0714721266234749,0.1526463968293981,0.0844332744223203,0.1341820934282578,0.1266634875075444,0.0875221561367795,0.0829176582633658,0.0811441625800184,0.1070615030531132,0.0719571411399757
0.0716261136752878,0.1526662170860901,0.0843320017572635,0.1338291996012763,0.1259537105657379,0.0874052415700869,0.083425498249498,0.0805783738063663,0.1082779842052262,0.0719056594674358
0.0714893974185865,0.152612227327947,0.0841741510921916,0.1336904775476911,0.1252792658972455,0.087210665799963,0.0838762914195027,0.0799938668044112,0.1098397805984397,0.0718338760782962
0.0710191893592518,0.151743334223438,0.0836523852117326,0.1330969577732266,0.1242057882472293,0.0869182934933121,0.0838201605061745,0.0793482850106474,0.1147605833721101,0.0714350227871913
0.0704708703155071,0.1509370138339168,0.0830616101324617,0.1324764896007357,0.1231573847972228,0.0867161841849035,0.083436408458814,0.0788942446406131,0.1198680983973513,0.0709816956228242
0.0699100187494545,0.1502548443400804,0.0825000042651064,0.1315619986695134,0.1219621331902204,0.086562771913695,0.0830049963242963,0.0786220886973592,0.1251126191757176,0.0705085246589459
0.0691064268699982,0.14978846164838,0.0816843034463485,0.1302088965807152,0.1204428456426564,0.0860967027103763,0.0820172773868133,0.0783470609995874,0.1323179996744936,0.069990025025102
0.0684102824554289,0.1491421416227498,0.0809999075464327,0.1288544936922567,0.1186672773531864,0.0856370812647526,0.0811717522848936,0.0780385409688746,0.139582512130037,0.0694960106659359
0.0679718155894061,0.1487198648482064,0.0805323091451622,0.1275743099271899,0.1172375287857072,0.0853286080122636,0.0802935623148089,0.0778511266091149,0.1451654523388271,0.0693254224139175
0.0675779641046823,0.1478863742302116,0.0800931952864664,0.1262267961495062,0.1159049287089834,0.0846915402117982,0.0793293142677831,0.0774761818034721,0.1514200900323177,0.0693936151894731
0.0675823852855156,0.1471743867001009,0.0797065698168395,0.1249092572215176,0.1143930053404033,0.0840228240188311,0.078579674517006,0.0770448901619849,0.156924424577554,0.0696625823450285
0.0677353004275647,0.1460484595388684,0.0794326325320349,0.1235389846297394,0.1130078013807057,0.0834203272740163,0.0779802107335516,0.0765033890663467,0.1622605176722514,0.0700723767297888
0.0681212574575491,0.1437905579809726,0.0792334457789457,0.1224627896853251,0.111867907384571,0.0829149595253092,0.0774516577700331,0.0757050679746399,0.1674040228636498,0.0710483335639368
0.0688057906568741,0.1404393937983707,0.0794906819706377,0.121867165048635,0.111647207844897,0.0826557988528423,0.0774210014958232,0.0750955690733259,0.1701495349224154,0.0724278563211111
0.069539949110121,0.1368722768991268,0.0800158546823906,0.1215247363134707,0.1116624730136573,0.0825817982827089,0.0778346783338583,0.0748944484408264,0.1709486382869112,0.0741251466218436
0.0700048199184996,0.1337672681311398,0.0803546978362667,0.1210360823113612,0.1115465919048647,0.0826735005321915,0.078779229123827,0.0750285545386837,0.1712806925622826,0.0755285631258405
0.0705556786147586,0.131074051239101,0.080514837449491,0.1206411961408239,0.1116161943505105,0.0823947558838994,0.0796650182236754,0.0751429076916875,0.1715768732592289,0.0768184871318256
0.0713323492156774,0.1275668238505349,0.0802867975062688,0.1204276873733819,0.1119288707606884,0.0820962646770468,0.0805129870596883,0.0751691921275351,0.1728398029112314,0.0778392245029668
0.0719999232450832,0.1231926933027389,0.0797335191353066,0.1207403392909434,0.1126287796651125,0.0816343843738803,0.0810027341897584,0.074917957695907,0.1754030546938804,0.0787466143923979
0.0724054983652861,0.1188540724306343,0.0789692452899165,0.1206382511374899,0.1130608777184155,0.0811914578366519,0.0813103943897462,0.0745957777890184,0.1796110376734281,0.0793633873544439
0.0725812311596976,0.1154911858871711,0.0781940033906586,0.1202531061284527,0.1132976774831844,0.080617187233397,0.0814772927693566,0.0746770259544721,0.1837161522468133,0.0796951377318734
0.0724247882560611,0.1115749393548103,0.0773904663805155,0.1201340882483127,0.1137594720991509,0.0795530289539176,0.0814711291508706,0.0744368195003933,0.1893170040814533,0.0799382639596703
0.0715003738198278,0.1088945144103329,0.0767045668170638,0.1196423324754074,0.1140037552192332,0.0786842358051957,0.0814423894735557,0.0741442988554694,0.1946307988229363,0.0803527342862479
0.0701063675438664,0.1070557040957088,0.0762795745086946,0.1187612077273359,0.1139497546615571,0.0775529776667327,0.0807393509722011,0.0734381939641767,0.201475985029571,0.0806408838155893
0.0686344490394762,0.1052669655753053,0.0760668738822491,0.1178835284868408,0.1136919564634045,0.0762747329688259,0.0797403646829618,0.0726211866259909,0.2090907977915677,0.0807291444690183
0.0674695759451538,0.1034579770030896,0.076292902277565,0.1169144659984464,0.1135026150787585,0.0747351046069337,0.0787082635645379,0.0717297005068314,0.2163777873031475,0.0808116077014034
0.0668280131599147,0.1017240497773548,0.0769567421322167,0.1159038985026909,0.1132057267959508,0.0730013854247829,0.0775258780742954,0.0709199633920651,0.2228845305411649,0.0810498121856683
0.0661229748580393,0.1000554181552367,0.07749242527495,0.1150069630031533,0.112836188650405,0.0714656839956174,0.0763296209325482,0.0701919017243585,0.2291568388011539,0.0813419845908649
0.0660400680871832,0.0980139531200198,0.0786380349685955,0.1140417737760713,0.1122410884387101,0.0700381072014692,0.07501763522048,0.0691958163660696,0.235437504805694,0.0813360180022585
0.0667483907676583,0.0957517895695646,0.0801362278518995,0.1129113886742644,0.1114517182746329,0.0687038654105247,0.0736286954977812,0.0681531180016981,0.2408783998201555,0.0816364061185901
0.0675245337906288,0.0935031022543613,0.0812742704503362,0.1116911365751127,0.1106526434808037,0.0672419223935158,0.0722128548373083,0.0670503359442282,0.2471116591909697,0.0817375410697271
0.0685061439571898,0.0919838818271606,0.0823998816931295,0.1104775686118242,0.1098171610149889,0.0660417851936406,0.0708244852862353,0.0658966367062135,0.2523935764100976,0.0816588792867222
0.0693727368124329,0.0906507890550148,0.0831785131006425,0.1092946287227777,0.1090222802319473,0.0649871897405289,0.0694204561715284,0.0649644545558458,0.2575365587234903,0.0815723928731805
0.0694766861557034,0.0892913220566325,0.083236650682602,0.1082198999672296,0.1081122730011472,0.0641182309878924,0.0681283823643454,0.0641015121729457,0.2638439513114899,0.0814710912875829
0.0691975959048294,0.0880858738395925,0.082932624186154,0.1073860346356675,0.1071702345939256,0.0636257311504865,0.0671307927740453,0.0634716341591171,0.2696290646140884,0.0813704141298248
0.0690751331176969,0.0871393934057321,0.0828120024570839,0.1064952964071034,0.1062971230902879,0.0633599803356269,0.066261182459994,0.0628398622926624,0.2742114173465833,0.0815086090750828
0.0690289458407445,0.0863012475668898,0.0825746597124961,0.1054668828819123,0.1054026555765991,0.0630109734420718,0.0654640727184212,0.0621537379098532,0.2790686578855631,0.0815281664534107
0.0693024511406892,0.0857167474931837,0.0822767786175212,0.1042520081124785,0.1043555470993063,0.0623854981537629,0.064748319410468,0.0615791817195555,0.2839006880232839,0.0814827802178301
0.069487453221286,0.0852868607036754,0.0816521390923927,0.1030812878372716,0.1032557996350066,0.0615863414403247,0.0641303681681496,0.0610563741737289,0.2892505865432109,0.0812127891731573
0.0698635206607897,0.0851235097274731,0.0807764440641262,0.1019714846045746,0.1021165208745277,0.0608602090889904,0.0634785057955142,0.0604839259124652,0.2941714877761652,0.0811543914837011
0.0704961920756156,0.0851950316643939,0.0797324320043026,0.1008761482240346,0.1008967413735673,0.0603076816713065,0.0627871723998562,0.059889665257807,0.2983739192676958,0.0814450160498554
0.0707196977912394,0.0849758734585688,0.0783317793376083,0.0999675429103384,0.0997908461596253,0.0598168217231272,0.0620527791462139,0.0594912263830937,0.3032110233757482,0.0816424097029681
0.0706522155650882,0.0846449408395211,0.0767677662927413,0.0991659829715983,0.0986965559698383,0.0593546244401039,0.0615179809617205,0.0592576061802562,0.308126906924945,0.0818154198427931
0.0707841336953672,0.0844672587188023,0.0751623056291155,0.0981738960236687,0.0974502834934559,0.0590220735947288,0.061176460080688,0.0591116326141455,0.3123423895839303,0.0823095665547729
0.0708649729355663,0.0837380970476736,0.073721364531262,0.0972943281296991,0.0962812644105797,0.058837974188419,0.0609312140576642,0.0591406375070089,0.3165795208649735,0.082610626315887
0.0709504018138278,0.0828504371251187,0.0723721046272565,0.0964098986230688,0.095244850022077,0.0587086971067091,0.0607435144468135,0.0591305943589847,0.3206920703060291,0.0828974315588915
0.0710452744079527,0.0808169631406847,0.0712211310413181,0.0955635902982594,0.094296296313141,0.0589098397666787,0.0606671344932882,0.0592509998355176,0.3248909094281847,0.083337861263773
0.0711661142902115,0.0785737294681441,0.0700275965192018,0.094692392890437,0.0933052821416956,0.0591572028015949,0.0607036023505445,0.0594837120783224,0.3294922614610938,0.0833981059875692
0.0712755909128136,0.0756220587220501,0.0688699588834848,0.0939158322638434,0.0923146347309464,0.0594132544810631,0.0607153959056766,0.0596685798579503,0.3347108959505183,0.0834937982804733
0.0710398446792309,0.0724656509761652,0.0678116120489732,0.0930508828578657,0.091283225517003,0.0595878669674103,0.0605174282107126,0.0598517771731758,0.3409749143042711,0.0834167972540229
0.0707660157497357,0.0694667582240673,0.0666289868234597,0.0922208394301274,0.0902188237902627,0.0596582765712325,0.0604022526360542,0.0602543198077712,0.3470449078350152,0.083338819121109
0.0702485967898682,0.0674041470786735,0.0654573517085831,0.0913450298309899,0.0892158080378472,0.0597467657668534,0.0602084485597501,0.0605427040449592,0.3525540589654939,0.0832770892058311
