0.144544361008459,0.0456816549754487,0.0938105823883867,0.0719029526363273,0.0624226560354063,0.060251741419598,0.091526183382905,0.0694924876709243,0.0610055021154661,0.2993618783588456
0.1460589578780952,0.0470791105002971,0.0946179514698813,0.0695036377592483,0.0595162314742633,0.0637654904580991,0.0905412441400609,0.0730673292410147,0.0593402649168929,0.2965097821541395
0.1478575477830944,0.0491484850205046,0.0953642317972523,0.0674889247324271,0.0582943379058071,0.0654992960495129,0.0889605759845622,0.0723790792061033,0.0588093983875014,0.2961981231253764
0.1502445868467891,0.0504281573566014,0.0975414200371031,0.0663487103346172,0.0580420861294606,0.0669707530317646,0.0881426495743641,0.0716402615040086,0.0608829149523395,0.2897584602251353
0.1501131249513332,0.0513628061877906,0.0970154387748483,0.0662167682218482,0.0585532457283948,0.0655359378817295,0.0864002385828988,0.0706504108830611,0.0612781361369349,0.2928738926433162
0.1479227979644469,0.0504384824871592,0.0958970032246455,0.0664544745548813,0.0590195469926424,0.065402868603404,0.0859433426139453,0.0696315488322097,0.0632144252447562,0.29607550947399
0.1443967954978487,0.0488631481534425,0.0940711465812456,0.0671423996824348,0.0598654448364177,0.0653857558240701,0.0854797186337054,0.0693295267870397,0.0655881509690212,0.299877913026739
0.1397212238708635,0.0474711670468905,0.0918796846619133,0.0681840240363135,0.0608394265858528,0.0652972872727413,0.0848511112861803,0.0682153938995852,0.071459517932236,0.3020811633991945
0.133844879481955,0.0470828330403829,0.0888484900902967,0.0687973365082225,0.0615154686634113,0.0654872758335514,0.0845639044735513,0.0674100218182343,0.0785965700199473,0.3038532200620026
0.1280712209412786,0.0477856767129993,0.0859443271774453,0.069220412821888,0.0623178768885398,0.0652095751323244,0.0836812854055092,0.066512369243334,0.0859155313490715,0.3053417243189262
0.1227671636353269,0.0486062945975665,0.0831430013004249,0.0703109178472065,0.0634049154925169,0.0646458732930588,0.0827290357503602,0.0655487417310803,0.091268586922414,0.3075754694211614
0.1181856014956093,0.0499314084821418,0.0808352105439989,0.0699005823427455,0.0632321930148783,0.0642713864221836,0.0821799433422636,0.0649572181096441,0.0978735910978707,0.3086328651395661
0.1144703895321013,0.0520877640101344,0.0792410828097977,0.0683699044079607,0.0620560691877652,0.0637685139787715,0.0811288863801996,0.0644746803593116,0.1085267843841223,0.3058759249405305
0.1109818943481084,0.0532844506762635,0.0774687606883283,0.0666342465162572,0.0607950413146846,0.0633378089723656,0.0800863955014148,0.0635446899402722,0.1205493004823339,0.303317411550503
0.1073032887267258,0.0533073338230188,0.0755714797022252,0.0650145356284983,0.0596258218104,0.0630571724294893,0.0795450018816411,0.0628712383147707,0.1321213791522587,0.3015827485214044
0.1041419158888098,0.0531730284500427,0.0739770259422621,0.0633024270334504,0.0584462734298498,0.0628810253249655,0.0791449518594858,0.0625905489034653,0.1422215098246507,0.3001212933333677
0.1007449331167715,0.0529376922462209,0.072540378701195,0.0615183416937293,0.0570372207229738,0.0625357204924332,0.0781132868126219,0.0623589458424095,0.153690268367197,0.298523211994763
0.0977694556556895,0.0528927615565544,0.0713939259237525,0.059945742820408,0.0557931203897194,0.0623559339540044,0.0770441776830516,0.0624773172703417,0.1623049844665391,0.2980225802702242
0.0953788959894374,0.0531994890906653,0.0705919903151767,0.0586909610538301,0.0549740512236498,0.0625289157072281,0.076157223297845,0.0629162303965474,0.1656027970764152,0.2999594458394464
0.0929171002880906,0.0536069562609078,0.0696019535090009,0.0575149508866216,0.0541648002418182,0.0627589870004562,0.0753047392025693,0.0636343759860597,0.1679836936874045,0.3025124429272784
0.0903212113751711,0.054006597088051,0.0684313813263409,0.0561635651413143,0.0531807257412004,0.0632782795425018,0.0747544092030098,0.0643006786845296,0.1717204157988821,0.3038427360891524
0.0876704957626513,0.0542482073612662,0.0671252819163592,0.0546331468627036,0.0520068449448983,0.0636317203420262,0.0746082142887039,0.0644842592488659,0.1774232128383607,0.3041686164242735
0.0850882461490619,0.0544796494424134,0.0658140560168274,0.053147512153404,0.0507245003647446,0.0638813034070251,0.0748196884680268,0.0649210184461694,0.1823509257945627,0.3047730997478567
0.0830393241690313,0.0547909396886709,0.0646707934518201,0.0519284114423668,0.0495317954167702,0.0642886358735676,0.0753508775545373,0.0653060948432975,0.18467705345209,0.3064160740979399
0.0811850695024417,0.054773635700201,0.0635188535345649,0.0506583980510537,0.0481504523481274,0.0646859327433337,0.0762520558147872,0.0656293533273576,0.1889726635420006,0.3061735854262386
0.0795512369586979,0.0546741502027098,0.0624013128203704,0.049535733028872,0.0468747070833023,0.0655377068497649,0.0769632160703252,0.0655032310974793,0.1929999590540165,0.3059587468245673
0.0783662609649341,0.0542651583397197,0.0614601836406292,0.0483834281043454,0.0456003663162831,0.0662660063726265,0.0777886174610185,0.0654329397247152,0.19759369983051,0.3048433392353428
0.0774938495807059,0.0538431303997903,0.0607481292421094,0.047227378988511,0.0444329531070709,0.0663523007965029,0.0784550789380581,0.0657292595916323,0.202321350406865,0.3033965689388928
0.0763595646171717,0.0535254731543234,0.0598825696485182,0.0461619986168183,0.0433711330915206,0.0661746930995575,0.0791909147840512,0.0658702899275817,0.2075937673545383,0.3018695956960716
0.075480424741018,0.0530786251178533,0.0591795595729173,0.0452042448027369,0.0424450311775946,0.0659664462058695,0.079851429053372,0.0659553801365945,0.2132391981508661,0.2995996610313485
0.0771857831654276,0.0522979724172301,0.0598529779553423,0.0439668386411579,0.0413542192289699,0.0661048497496439,0.0809196378935834,0.0659895438734764,0.2149919395371195,0.2973362375282855
0.080664698707773,0.0518285970437054,0.061433099573036,0.0424821036022833,0.0401227301560984,0.066749339875858,0.0816874315317481,0.0660497110915872,0.214390035449906,0.294592252958356
0.0857861277819373,0.0523676867207088,0.0637466593900998,0.0408781996867223,0.0387569803370779,0.0674677122946951,0.0823970755336346,0.0661024229505828,0.2113284244475004,0.2911687108475562
0.0906840041801761,0.0532731263212072,0.0657953641721065,0.0393436160976931,0.037484382901951,0.0682873562475889,0.0826484401607093,0.0664202466001224,0.207884713357054,0.2881787499520747
0.0947583570576793,0.0541409106636099,0.067392033495862,0.0381182124651588,0.036564085303334,0.0688314038615226,0.0827492542715783,0.0663078039807452,0.2048676952470335,0.28627024364427
0.0976184010542543,0.0544445453560855,0.0684827540036724,0.0371828419662819,0.0359085226437257,0.0691635621367506,0.0830031183314782,0.0661319041550863,0.2034502299557215,0.284614120387807
0.100368083778677,0.0551707808924886,0.0693831481801426,0.0362868589413551,0.0352881947504974,0.0696876608502517,0.0834504305259822,0.0661954515828209,0.2006411352910271,0.2835282551976794
0.102927911978765,0.0561166623243187,0.0700995782487776,0.035483296459604,0.0347477621267987,0.0702002096545972,0.0836456306166095,0.0662231530343268,0.1975442129252682,0.2830115826219042
0.105236929411114,0.0571973991662659,0.070608830061163,0.0346710549592581,0.0342413337688243,0.0710319638256985,0.083858629335315,0.0665635420461211,0.1939431562602844,0.2826471611569756
0.1075934936013809,0.058495518825563,0.0711216759539553,0.0339492028856621,0.0337665510893751,0.0721779886428262,0.0842504387178409,0.0668591435420694,0.1903069986817783,0.2814789880506195
0.1097208266592733,0.0595974597039645,0.0716417751781627,0.0333135338317367,0.0333574352131678,0.0732157255444174,0.0847848988490176,0.0674825113558944,0.1868412633558872,0.2800445702995918
0.1113606786556782,0.0604984283436147,0.0719411273637382,0.0327609475346737,0.0330400197201024,0.074293335233075,0.0855711360003535,0.0678125471429348,0.1835532622936214,0.2791685177033493
0.1125127141910657,0.0610805595243877,0.0720995380443538,0.0324209784303474,0.0328975880400145,0.0752024281628481,0.0859273469125502,0.068182696536184,0.1810564638950543,0.2786196862543344
0.1130451376965844,0.0612767676145404,0.0720952257452499,0.0322863971587558,0.032995682796262,0.0760814150694255,0.0863658401641866,0.0686094129459266,0.1794490247796112,0.2777950960205809
0.1131539081935231,0.0613432006452814,0.0719266610876663,0.0323557779499624,0.0332740232358981,0.076788616768763,0.086830922621554,0.0691290945562829,0.1781087708605746,0.2770890240715971
0.1128333961589632,0.061225877822867,0.0716208385769614,0.0327732768484399,0.0338357494819758,0.0775151765950521,0.0869562414428309,0.0696500683091625,0.1773146325929955,0.2762747421618248
0.1124213991177914,0.0612020128011422,0.0712979694059446,0.0332993631579123,0.0344899614013948,0.0777926993421879,0.0869264545470338,0.0700807496736109,0.1765401320130393,0.2759492585309792
0.1118122298000732,0.061126869431621,0.0709408929547374,0.0340590128120456,0.0352868202153124,0.0781354011625209,0.0869430829610558,0.0703022851094252,0.1759356829607312,0.2754577225834758
0.1111599851487756,0.061072300091422,0.0705644445939941,0.0347715867474527,0.036081170043447,0.0784284135310049,0.0871328943168587,0.0703156116122428,0.1749175598977888,0.2755560340079632
0.110450587615712,0.0610815496926396,0.0701684870059738,0.0354281288667567,0.036864851363568,0.0787053830361446,0.0872267174113019,0.0703698657869827,0.1736044055264317,0.2761000236853833
0.1096092331653948,0.0610654268478751,0.0697106351383869,0.0363011897675382,0.0378256201455931,0.0788262157722175,0.0870899890792501,0.0703936453705333,0.172523885772611,0.2766541589314416
0.1086643823980944,0.0608451179827945,0.0691985348868313,0.0379877014263216,0.0395999141504596,0.078569898560728,0.0867399438192514,0.0702268969443427,0.1715915623229094,0.2765760474990658
0.1077586417601692,0.0606260888286128,0.0687186768016495,0.0396692011403727,0.0412814223395691,0.0782640961126046,0.0863194391358298,0.0700742498930813,0.1703947759941886,0.2768934079846797
0.106929862418738,0.0603132370422381,0.0683008874273145,0.0416184404564815,0.0430304204768345,0.0780256765720185,0.0859188637903321,0.0699181187387924,0.1691626555292832,0.2767818375386865
0.1060735351313471,0.0599368960036081,0.0678724883174737,0.0437077902484126,0.0448981239310185,0.0777417915658119,0.0854933016942941,0.069753372360401,0.1680939253864981,0.2764287753518222
0.1052553377812383,0.0594301950663186,0.0674346526495233,0.0462181525984967,0.0470769312135339,0.0774724421733145,0.0849196541983665,0.0695115717901909,0.1674525154236434,0.2752285470960375
0.104232247815768,0.0590828936003684,0.0668826057637298,0.0487118308244946,0.049111498227115,0.0772628933742635,0.084406713123805,0.0692209532381986,0.1670369678198815,0.274051396203013
0.1031676802323248,0.0591398795222025,0.066313072510235,0.0507191182788077,0.0507484739637723,0.0772205658526042,0.0840539868322962,0.069048134474796,0.1662307527628131,0.2733583355607464
0.101932594733561,0.0594314739410111,0.0656057164383384,0.0530046548543201,0.0526011608386692,0.077181745112837,0.0836598343992943,0.0688188915420951,0.1657603052815286,0.2720036228489099
0.1007806525756545,0.0599887359982692,0.0649238042498252,0.0548713490873916,0.0540566665256496,0.0771145526815466,0.083441699038545,0.0687034629516937,0.1652724105757376,0.2708466663062143
0.0988597673974035,0.0607159725804377,0.0637190409890468,0.0561969503001569,0.0552524975186704,0.0773705008146048,0.08320726142984,0.0686113699518141,0.1666784914167199,0.2693881475917731
0.0969920549245572,0.0611713878145145,0.0625101376330006,0.0574456101839334,0.0564943627807016,0.0775816711827219,0.0829407084169347,0.0684450798355734,0.1679420306128955,0.2684769566055591
0.0950361433164459,0.0613561673876542,0.0612401557741843,0.0591260436644811,0.0581011890069272,0.0777732180854477,0.0826155479210065,0.068303325434846,0.1691859750729945,0.2672622343263293
0.0931347834392029,0.0612737836290824,0.0598640263352123,0.0605285967904049,0.059451941312595,0.0779865953995398,0.0822680084223401,0.0682986471133854,0.1699657321317945,0.2672278854166831
0.0913930421658451,0.0612330029951341,0.0586575943403922,0.061767738798123,0.0607582685521947,0.0783893147854599,0.0819183319377414,0.0682951191720505,0.1707528154246592,0.2668347718185669
0.0897601113425807,0.0615947622543815,0.0575096600385035,0.0636606502021988,0.0625674140115234,0.0784825029094933,0.0813540775272913,0.0682788717977001,0.171681518525041,0.2651104313813963
0.0883723624520278,0.0621537839422919,0.0564796469029568,0.0657301623756289,0.0645492700372125,0.0785758452152021,0.0808680060435897,0.0682226122336577,0.171853459331931,0.2631948514555697
0.0873488588888076,0.0628123431438413,0.0556518324472625,0.0677425371787749,0.0664968091176998,0.0786527745717537,0.0804634553601997,0.0683246039303988,0.171129582488981,0.2613772028623264
0.0866791887714892,0.0631047773996183,0.0551355518199791,0.0704368517200064,0.0690597907027607,0.0786476217026455,0.0800014275116865,0.0683382814640683,0.1696981435644271,0.2588983653333619
0.0862668677663392,0.0631409201913424,0.0547674723907825,0.0732804292111349,0.071506980248762,0.0787146355037127,0.0796914129789974,0.0684071232166156,0.1680602256436462,0.2561639328387223
0.0859453412026311,0.0632394168636178,0.0544459743673682,0.0757097621999686,0.0737128427318012,0.0788228244751413,0.0794327764060095,0.0685384517277061,0.1666374216161719,0.2535151883996507
0.0856242584143543,0.0629858632837823,0.0541583606077522,0.0787714189390684,0.0766025815550403,0.0788323400075456,0.0791250904641728,0.0684942500154505,0.164712257029482,0.2506935796734468
0.0852423853514945,0.0624548879292265,0.0537934436735432,0.0823000066761565,0.0797626052886342,0.0787448587239595,0.0789414741634679,0.0684370038959035,0.1618346503201524,0.2484886839675937
0.084917362820704,0.0621131762358038,0.0535150809727574,0.0859000563707603,0.0831511119159483,0.0785852384354675,0.0788044987084802,0.068482905140781,0.1582425819273264,0.2462879874621355
0.0847708849776703,0.0622482146240786,0.0532356298739983,0.0890227060391497,0.0861097474276002,0.0785144183033967,0.0787194009635388,0.0685966311806839,0.1543496881705057,0.2444326784295563
0.0845603785378997,0.0623687389668271,0.0528476601428962,0.0925298523752667,0.0893143239139046,0.0783699041760442,0.0785110076326433,0.0684357468603762,0.1505153332063222,0.2425470541780126
0.084526579149551,0.0624531658853026,0.0524398260789585,0.0960714865792661,0.0926923713317772,0.0783343940242699,0.0784942623327073,0.0683714723790795,0.1461877244081864,0.2404287178210978
0.0845168447020454,0.0624298635511548,0.0520090508421477,0.099606892572584,0.0958909600979085,0.0782964590483909,0.0784594920615171,0.0681917326673918,0.1422577132918236,0.2383409911552295
0.0843416700431596,0.062204045623436,0.0515153603399972,0.1035258289519348,0.0995831033854022,0.0780706040654116,0.0782703070775644,0.0677452218549875,0.1399766531219912,0.2347672055263207
0.0842053659594044,0.0618565323808675,0.0511041754136371,0.1078001360899579,0.1036297819422582,0.0777908822888119,0.0781147664374247,0.0671277777120215,0.1378893692634961,0.2304812125023423
0.084278180387795,0.0615664871326296,0.050891095684151,0.1116727007828774,0.1071585811677306,0.0774863609231295,0.0779731762051047,0.0666148542615645,0.1353466963757722,0.2270118670694832
0.0844824196767831,0.061369600857084,0.0508568930027104,0.1155791505566928,0.110751772172318,0.0772312197285702,0.0775860455313175,0.0662818799980459,0.132114850584895,0.2237461678818335
0.0846334737748698,0.0611463214432522,0.0507842466219195,0.1198829964512234,0.114756719137725,0.0770225124798269,0.0770198214349764,0.0658281522659155,0.1286298737578774,0.2202958826226696
0.0844993603494203,0.0607375856171951,0.0505955523437409,0.1245797655874838,0.1191937885597002,0.0766674040885671,0.076263432503578,0.0653316177524785,0.1264491431281435,0.2156823500599622
0.0842264435950095,0.0603272936044315,0.0503256787996112,0.1296606702198298,0.1243530933392583,0.076255969098234,0.0752019014495625,0.0647745816885862,0.1234935004345869,0.2113808677611789
0.0839205766877538,0.0598953448317629,0.0500967193202721,0.1343707523945287,0.1290814021056857,0.0757579221935829,0.0742105475501868,0.0644838046006967,0.1210810863056979,0.2071018440001441
0.0834423003798814,0.0596295351402823,0.0497784367109641,0.1393868795843263,0.1339942083744701,0.0752871126827744,0.0731189947036216,0.0642048801510731,0.1178533143275665,0.2033043379353661
0.0828628505633507,0.0594603430981574,0.0494294876599374,0.1444098547089283,0.1388468177722987,0.0751196620284169,0.0721287031433169,0.0638440888963213,0.1142110486899816,0.1996871434296246
0.0824002501212445,0.0592895424043762,0.049260757542621,0.149251038396641,0.1434520716041887,0.0750179129362553,0.071062653649268,0.0636019603127209,0.110675044189865,0.1959887688331625
0.0818980898111969,0.0591345956034912,0.0490291761893266,0.1541539841708369,0.1479370930150461,0.0748610264988507,0.0700708028005613,0.0633562786431555,0.1068450397687295,0.1927139134891559
0.0801277967324994,0.0590981802284168,0.0480793082777397,0.1595248011402608,0.1531868783103989,0.0744687368700457,0.0688066833089577,0.0630581990412867,0.1044782604878506,0.1891711555928823
0.0773332294693161,0.058934542131277,0.0466342488983826,0.1655175269936384,0.1590307993120597,0.0737972907043321,0.0675940825092997,0.0626974329407951,0.1030428103527196,0.1854180366784825
0.0734274121266104,0.0582386971193023,0.0447059768172159,0.1719921009985767,0.1652463859402157,0.0729110293719382,0.0665685499214006,0.0622625148076923,0.1030706746285977,0.1815766582586866
0.0694729710365025,0.0573583156206911,0.0428521027442666,0.1785193953522147,0.1715680736169401,0.0719946745110232,0.0660627595257396,0.0616612038331307,0.1027409829797244,0.1777695207699106
0.0660143495279635,0.0565779620743168,0.0413172421008507,0.1840708473778939,0.1771749123841293,0.0713097664790743,0.0657988962947374,0.0614305525532114,0.1022119543135094,0.1740935168843711
0.0631955789192079,0.0561624757914521,0.0400608695134887,0.1892825881337951,0.1824540326515345,0.0707427691455392,0.0653887719468075,0.0612019693320286,0.1011295866127428,0.1703813579434055
0.0603482920069508,0.0555521153576002,0.038894818758122,0.1947544820651636,0.1879214417231773,0.0701182395689178,0.0648650905918441,0.0608975048145026,0.1001749621719083,0.1664730529317595
0.0576758860439097,0.0548444000932011,0.0378933665945614,0.1996100519426044,0.1927064773235491,0.0696934255234974,0.0646888627127579,0.0608218951613411,0.099413055528634,0.1626525790658096
0.0550623494536886,0.0540000403458633,0.0369660524076732,0.2046715743505798,0.1975393469203597,0.0690948501348065,0.0644059552888204,0.0605890560268104,0.0991597187550219,0.1585110563061566
0.0522057446769826,0.0528955407578511,0.0360090776545619,0.2098699169656751,0.2024990897709553,0.0682690327316006,0.0638806054488158,0.0603851085100751,0.0991790990061671,0.1548067844670075
0.0493718040309931,0.0518365459629768,0.0351235101726325,0.2146819454335402,0.2071667698890357,0.0675918050907976,0.0633664218873899,0.0600026289202519,0.0993586163336941,0.1514999522682853
0.0467156036869956,0.0507733370407187,0.034398472638275,0.2195261398876986,0.2119310266668365,0.0667600266706904,0.0625506393968331,0.059806908019985,0.0998006137303019,0.1477372322511869
0.0444100501155454,0.0499616276478039,0.0340510342781398,0.2236034289416786,0.2158624450931382,0.0660992029766627,0.0621743003196437,0.0594882595429973,0.1003057528938302,0.1440438981800313
0.0425881357808506,0.0494217273858706,0.0342145091927287,0.2271965006187491,0.2193994471970967,0.065154617299196,0.0616370072579768,0.058975154440733,0.1008396522951959,0.1405732485210567
0.0411579108835243,0.0490679294882534,0.0349199010417069,0.2306640096834936,0.2228908118487184,0.0641945282084225,0.06090770218367,0.0583280361736843,0.1010008004376685,0.136868370040314
0.0406197183897408,0.0494615521700247,0.0362634639838872,0.2331047474079819,0.2253882730361244,0.0632310378824768,0.0604875255438294,0.057632434566142,0.1003094489810442,0.1335017980282108
0.0406122734041165,0.0496930835381021,0.0381184411390343,0.235272484029804,0.2276766992503766,0.0625329541754834,0.0600790623990214,0.0569485767807,0.0995394189694164,0.1295270063034463
0.0412653331241541,0.0498397706509218,0.0404550890366752,0.2368804655377056,0.2293773237094903,0.0619695364989068,0.0594023410791028,0.0565532011546268,0.0983264554106031,0.1259304837873441
0.0421361331973252,0.0498278829058567,0.0428749669097512,0.2384799209076286,0.2311525891093677,0.0613535049206642,0.0586038056615878,0.0563161383281461,0.0975589847800149,0.1216960732692524
0.0426917935279338,0.0500884781599986,0.0449832464722476,0.2399440403171568,0.2324751497608294,0.0608301241742924,0.0578533146177485,0.0561997567219371,0.0974998665243866,0.1174342297131199
0.043572774216425,0.0503634623445502,0.0473629889705588,0.2409066949219423,0.2331821340457556,0.0605792157410494,0.0572583142962213,0.0561120494749095,0.0972628412932387,0.1133995246850376
0.0450121435219374,0.0505772636970421,0.050201083550394,0.2411461852030767,0.2329182400493766,0.0607203426909917,0.0568861096051294,0.0561047665222875,0.0966919917505561,0.1097418733989321
0.0477684808528409,0.0502428055962307,0.0538247465602443,0.2408745965057034,0.232376342790134,0.0608148834790755,0.0564482573069608,0.0559394226359721,0.0960661113894197,0.1056443528731777
0.0508087926901889,0.0499014532868986,0.0577209632964522,0.2400363437239517,0.2316416303934303,0.0610018273787509,0.0559987588807568,0.0558287670698662,0.0952941886279881,0.1017672746415301
0.053976338070954,0.049650208159801,0.0617034559506046,0.2389248630981643,0.2307747703349752,0.0613855058800192,0.055512495349007,0.0556102894933213,0.0943899703129758,0.0980721033400481
0.0575486581237173,0.0495732844015336,0.065840259190758,0.2375156889111631,0.2294281444785469,0.0616048489455067,0.0551368860083526,0.0553925112134661,0.092875082289994,0.0950846364268872
0.061195780060983,0.0494640630904452,0.0697649050330021,0.2360990168479435,0.2281535918380763,0.0617946662961713,0.0548002285076642,0.0551648267289341,0.0912370202550316,0.0923259013317246
0.0647286632125384,0.0489483907383687,0.0733872213472832,0.2351107722023618,0.2273295133435368,0.0618127870414714,0.0544332436684113,0.0546373884050208,0.0902662586010525,0.089345761430001
0.0682570986253668,0.0482655979578484,0.0769101046824316,0.2338193015829287,0.2262164817956162,0.0618195528701439,0.0542199968131556,0.0542347987924093,0.0891433468184576,0.0871137200517476
0.0718876048160564,0.0475433852975856,0.0802302364780722,0.2328272195961878,0.225506198252738,0.0616393096077121,0.0539485988391571,0.0538055115790832,0.0878734479766807,0.0847384875469014
0.0750321312011333,0.0469362510526386,0.083206804879864,0.2320434879223319,0.2249057071662696,0.0613109761686654,0.0537934935763681,0.0534741473998925,0.0870350564964499,0.0822619441266183
0.0776123119033656,0.0464782760047087,0.0858024435835785,0.2318338847616382,0.2247372011451648,0.0607515093750437,0.0537095383083138,0.0529584163915242,0.0866817653417296,0.0794346531752194
0.0798552742737397,0.0463023572498195,0.0881005166054879,0.2311416138134469,0.2242530778901997,0.0603780690413315,0.053890421988249,0.0528082673664069,0.0864633017346449,0.0768071000269985
0.0818181402752326,0.0465255661308241,0.0900916247244571,0.2303732157239246,0.223654234929113,0.0602566504817104,0.0543564904913365,0.0530822214003712,0.0863777130588365,0.0734641427745677
0.0838043077752149,0.046698007007908,0.0920463899164785,0.2298619764164198,0.223347459421126,0.0600602924417083,0.0547612455837105,0.0532785266347458,0.0863125595032004,0.0698292352899236
0.0865107865564998,0.0470444388713883,0.0941690576559773,0.2282934797785797,0.2223187962456735,0.0600891039766243,0.0551843065592012,0.0536778273385569,0.0855591667073586,0.0671530363006504
0.0894023277992515,0.0472519495393161,0.0963190416237567,0.2268795196262163,0.2215287654207506,0.0599604020248673,0.0553897005859535,0.0539265073624313,0.0850116034425378,0.0643301825655189
0.0925722054354441,0.0473941272832709,0.0984050102682512,0.2251966192568056,0.2205517532555806,0.0598995945444136,0.0556394294105818,0.0543292074304188,0.0843902109853434,0.0616218421205871
0.0960815511269216,0.0478647543216127,0.1004281037777753,0.2227412224383243,0.2189614264556063,0.0599934124031261,0.0558288805850797,0.054884715230159,0.0837873321891814,0.059428601463008
0.0997304492860266,0.0487835889858715,0.1021818154317446,0.2199749772631485,0.2173422031683088,0.0601934801987374,0.056055406911143,0.0554333365610368,0.082881103644939,0.0574236385399449
0.1036541095312721,0.0505335311173889,0.103494852113665,0.216760519041633,0.2151872474624501,0.0606518315646869,0.0565268020593248,0.0563936909465972,0.0817082779489861,0.055089138205017
0.1070017955519129,0.0523976977192976,0.104336713676704,0.2134086621387655,0.2129388330403223,0.0612236258539073,0.0571723414530881,0.057789025391183,0.0806117679485655,0.0531195372173791
0.1109247574777635,0.055309725625737,0.1051333019293469,0.2097777671493514,0.2105729934525999,0.0615090644244456,0.0576030486866766,0.0587304825094496,0.0790599002070211,0.051378958528845
0.114737506588034,0.0581349125366229,0.1058553306515292,0.2062448601678229,0.2081755265616681,0.0617733222956528,0.0580585239138191,0.0598326509762735,0.077551051443776,0.0496363148561489
0.1184760029602323,0.0607290117514243,0.1066498754641485,0.2032202460831906,0.2062157273098044,0.0619234781927141,0.0582495549045612,0.0606225531984017,0.0763259258781934,0.047587624248788
0.1223167992388297,0.0636394315360649,0.1074175618311305,0.1999094784339308,0.2040373051277808,0.0621638434998341,0.058552358069455,0.0614494474516775,0.0750223086012792,0.0454914662015939
0.1255804991363367,0.0658833733771489,0.1081555751408398,0.1973808884150463,0.2023455448905123,0.0623799545609021,0.0587308167548541,0.0619679058560875,0.0738905114126115,0.0436849304473322
0.1284979529764109,0.0677415964788574,0.108886480362068,0.195332135528436,0.2011963440909376,0.0624114906072938,0.0587791783571366,0.0623079117329202,0.0730125040594867,0.0418344057982061
0.1311858761468865,0.069215479865676,0.1096294207578871,0.1932581741634731,0.1998388440389741,0.0625926504224358,0.0590509431594614,0.0626567754997394,0.0720471188218385,0.0405247171154459
0.1336977254891291,0.0702216595345739,0.1104469598637499,0.191188425233369,0.1983340555975333,0.0629488729279483,0.0592845890110209,0.0631434767463193,0.0712224172273399,0.0395118183608809
0.1358502794365005,0.0708088438102272,0.1111672087841115,0.1894760766061677,0.1972513878188492,0.0633943381942316,0.0597142849262772,0.0634287384170499,0.0705728158675853,0.0383360261309067
0.138157813757883,0.0711213336596122,0.1121393747618807,0.1881008012835448,0.1964061537568322,0.0636431921153086,0.0599642656693179,0.0633087442893346,0.0698736703168282,0.0372846503813979
0.1407002913830722,0.0714712502107444,0.1133671372870616,0.1863768917311271,0.1953940694901261,0.063863044064431,0.0601586229107963,0.0631443202408939,0.0693012685969587,0.0362231040767561
0.1429381609391221,0.0715729006745037,0.1147318560732148,0.184613580175839,0.19445177533704,0.0641881698934084,0.0604624571365513,0.0631303104205532,0.0683078158218673,0.0356029735198695
0.145545654682433,0.0718494731691827,0.1164849398896857,0.1824749094112856,0.1928431905632441,0.0644516871608404,0.0607293608622012,0.0632513763389967,0.0671995341118622,0.0351698738022237
0.1481254781222494,0.0722336497097429,0.1182188096456583,0.1805195594991255,0.1914250932538997,0.064526917040827,0.0611254623941288,0.0632573827058068,0.0657781421945423,0.0347895054259544
0.1503865847772722,0.0725354690719805,0.1199304639167116,0.1783991384599551,0.1898650465615609,0.0647037666803976,0.0616540170394557,0.0633210837881722,0.0647153583364321,0.0344890713599669
0.1522239221464861,0.0728380617693745,0.121358682059426,0.1764535501652431,0.1884638025139853,0.0647070723587045,0.062148752254148,0.0634179974015406,0.0639481791022661,0.0344399802206964
0.1539016561472253,0.073238605662502,0.1226208136092279,0.1745836809948925,0.1870168089313764,0.0649012357793919,0.0628284996255733,0.0634445091051806,0.0628205606368396,0.0346436294996195
0.1553998640783314,0.0738107822082718,0.1237618810911689,0.1726742801436321,0.1855856231726496,0.0651753200783692,0.0635389458658876,0.0635108920575595,0.0616903773602479,0.0348520339356657
0.1567665723191227,0.0745586486113712,0.1248045109457332,0.1705542498357642,0.1835987038438126,0.0656768964373794,0.0644759882815761,0.0637750419612536,0.0606706990282568,0.0351186887274675
0.1580623415951713,0.0754147319461408,0.1257537389608566,0.1682541023417514,0.1813800115052242,0.0661406583768351,0.0654670351059166,0.0641166562263807,0.059839211801318,0.0355715121320935
0.1592860332684337,0.0763835888296438,0.1266195186658418,0.1658303625711387,0.1791374966680177,0.0668091722564284,0.0662963933256048,0.0646535763476623,0.0588025419236022,0.0361813161352667
0.1602471485318018,0.0774438707336298,0.1273565308700485,0.1635047985471975,0.1767966731957863,0.0673931028034519,0.0669787951518596,0.0652634216389664,0.0583358460013663,0.0366798125174974
0.1609603501638052,0.0784250970145648,0.127981103465523,0.1617005901466086,0.1747266934592598,0.0677861011712409,0.0674782796909943,0.06573106862304,0.0582254134524503,0.0369853028040939
0.1617913206053473,0.0795406425536078,0.1288084877583787,0.1599105555992585,0.1726674212672972,0.068030771996205,0.0679654705430109,0.0662430446559401,0.0578290971023727,0.0372131879101288
0.1626087968649312,0.0804073631327798,0.1296478401799488,0.1579122478916902,0.1704349571140513,0.0682601337840556,0.0683683938153912,0.0667763063221555,0.0582168469394346,0.037367113947076
0.1630452241062339,0.0813744704176394,0.1303478646539014,0.156405779778379,0.1688246407480583,0.0682841559790122,0.0684541063997645,0.0671625591367325,0.058611269604475,0.0374899291673044
0.1634892249132463,0.0823031142533837,0.1311553254831744,0.1548949544379673,0.1672607604084624,0.0682998039344176,0.0687366467117714,0.0675121566898701,0.0587004667862478,0.037647546372943
0.1638243095049685,0.0835235963309826,0.132030042879763,0.1532746531001241,0.1655632821186121,0.0683362986844826,0.0690168644302843,0.0679379907700638,0.0586749758917071,0.0378179862804776
0.1639746280999633,0.084868162373338,0.1326437356445188,0.151865281686757,0.164002554776265,0.0683526639220402,0.0693339926809678,0.0684171488824737,0.0586401903970645,0.0379016415280667
0.1642968017041797,0.0864243312289881,0.1331577401006196,0.1501138648737,0.1621163094593054,0.068582351220789,0.0697977237490983,0.0690674486991113,0.0584481300976364,0.037995298858011
0.1648081814653516,0.0879222894287465,0.1334911190813143,0.1485358246880515,0.1605602414639447,0.0686228180880446,0.0703447309658562,0.0696226245091914,0.0579690344341418,0.0381231358667732
0.1656087068602039,0.0894898289119736,0.1336752018651354,0.1468999567188305,0.1588880421970528,0.0689361263546167,0.0709929889859411,0.0702186806495093,0.0569642958148944,0.0383261716332192
0.1666389998173871,0.0908082068574984,0.1337648724877351,0.1450974907987961,0.1569966020417043,0.0694230437729574,0.0717049998196943,0.0708300854637371,0.0561184850044667,0.0386172139273462
0.1673304834911535,0.0914474295234437,0.1334423326790817,0.1437448037992021,0.1555736925568506,0.0699586965539035,0.0723557651432998,0.0715207651967401,0.0557406843257042,0.0388853467218904
0.1678768235400279,0.0920458790735756,0.1325253912674222,0.1417038739644785,0.1534299318339542,0.0706397689313625,0.0729524104830291,0.0721681911973049,0.056592385788924,0.0400653439111483
0.1680833732815556,0.092482419405854,0.1311109278726316,0.1394047712320741,0.1510486937965325,0.0710497661366101,0.073290672664605,0.0723073031117354,0.0598509843858222,0.0413710881038086
0.1684193265535824,0.0926498184735039,0.1298236452099533,0.136149912951088,0.1475534528186749,0.0713326943256974,0.0733261793276821,0.072331338626209,0.065469664111936,0.0429439675929305
0.1691855221686425,0.0922940060753493,0.1289257857875369,0.1327730634321916,0.1441233507443471,0.0715267469015722,0.0730807409332099,0.0720081107439861,0.0715386584624779,0.0445440147420022
0.1686302132267748,0.0910010161543142,0.1274207649313779,0.1293028340052654,0.1405843076054707,0.072044867757256,0.0729589406524708,0.0718315782318834,0.0802022443846682,0.0460232330419445
0.1665866103827332,0.0892232445395537,0.1252197167440901,0.1253455279378715,0.1367381885596543,0.0727539501931899,0.0728372780064948,0.0717047387185771,0.0918988339028297,0.0476919110065756
0.1625972423683156,0.0874341715172745,0.1220634086714566,0.1213834177348533,0.1327017569535719,0.0743903177958171,0.0732722128146089,0.0723344026102737,0.1044184951299067,0.049404574395667
0.1582558971249744,0.0856774749105275,0.1186661781652975,0.117442481685046,0.1284842443425191,0.0764548690772572,0.0740884714271859,0.0733298604786771,0.1162741604648821,0.0513263623155501
0.154072626045899,0.0840117864473384,0.1154437289060925,0.1137909476894354,0.1244859267570811,0.0779635632969421,0.0746052601812164,0.0738917738402907,0.1281825293278344,0.0535518574999414
0.1493489124364985,0.0823009843496586,0.1119860743357344,0.1100386979335207,0.120703385910451,0.0797360816878207,0.0752132568258748,0.0746567812500933,0.1399214566265335,0.0560943686360381
0.1450716957925526,0.0806083289621598,0.1089656507911478,0.1065988568941083,0.1172630524395606,0.0814829425984138,0.0755357138459168,0.0755595744369175,0.1499129700775084,0.0590012141540777
0.1414211108548271,0.0791685399785301,0.1063273570172309,0.1032232605584578,0.1138337988280467,0.0828490506848656,0.0757849667075857,0.0765160366279606,0.1582652477484074,0.0626106309865696
0.1379074497319853,0.0777598808185693,0.1037881996900823,0.100090327935901,0.1106689082041394,0.0842697175264787,0.075973744933064,0.0775732954775989,0.1652992312404115,0.066669244434363
0.1345265471557996,0.0763071551985914,0.101545854540643,0.0970855560972092,0.1075818470559144,0.0854814495341928,0.076174207425445,0.0786775753744421,0.1714522469846019,0.0711675606258536
0.1312584894218858,0.0748133090661802,0.0994344110939535,0.0941893229366027,0.1045946761856396,0.0871626404869816,0.0765022680020564,0.0802557013293267,0.1760685707107467,0.0757206107594248
0.1277084682918546,0.0732217828767965,0.0973600966414022,0.0908527383463441,0.1011801833593221,0.0893066280693428,0.0771312016324629,0.0824459586742018,0.1805356167519355,0.080257325349258
0.1245069095843718,0.0717036067630959,0.0956415809015997,0.0880740079581413,0.09820065377504,0.0907938368035417,0.0774331437779958,0.0839806614531332,0.1842500464700105,0.0854155525061044
0.1210279428305127,0.0700852291912943,0.0938696208997079,0.0853425577367526,0.0951996484697043,0.0926059258629869,0.0779599759266402,0.0857306103085206,0.1874991715388291,0.0906793172282058
0.1176928496511884,0.0685306428064366,0.0922131040697931,0.0824588718185359,0.0919896773229785,0.0945340848150028,0.0786044957413588,0.0876584053469614,0.1893887774667575,0.0969290909542528
0.1139098145492873,0.066810903937117,0.0904966234095601,0.0797369198801847,0.0888023568119902,0.0964566908524722,0.079318381885012,0.0895629671793146,0.1913560990148255,0.1035492424736062
0.1097547262372777,0.0653815879271109,0.0886062172448058,0.0764570070838122,0.0850684068738779,0.0987779258120127,0.0804172007164311,0.0919716721341001,0.1930352268396837,0.1105300291243602
0.1055464796307638,0.0639239324050784,0.0868012911302651,0.0734221391803124,0.0815627959446331,0.1010714608486483,0.0813519041732532,0.0943145208668837,0.1937800214674486,0.1182254543462797
0.1012344525750756,0.0623893635168962,0.0850784098235356,0.0706669207335836,0.0782647099399126,0.1028308587037964,0.082071103791925,0.0962775865433282,0.1942517964915524,0.1269347978740446
0.0969556389437231,0.0605991193833359,0.0837373994126342,0.0680838031090918,0.075070184225134,0.1042991042757957,0.0824304002352005,0.0980013093334664,0.1944445256819487,0.1363785153933913
0.0923405441390178,0.0582721458246582,0.0827433816946673,0.0657717713637355,0.072145476640761,0.1058707707423116,0.0828148640476339,0.0995309433391239,0.1946088171737151,0.1459012850281661
0.0880668300821673,0.0560204795167608,0.0820219274972821,0.0634952794894371,0.0691748818185002,0.1076906274773762,0.0833393358479249,0.1011894501062114,0.1939933331888723,0.1550078549693329
0.0832561231470162,0.0531271397498246,0.0812088269302333,0.0612267689467118,0.0661494579914407,0.1101797934987414,0.0842339163972585,0.1035175844580855,0.1930811577713412,0.1640192311032881
0.0784991434123762,0.0504314426605362,0.0803919427568557,0.0589868323514244,0.0631294824182785,0.1128192988246931,0.0851164622111159,0.1056206132581958,0.1918202739828916,0.173184508117647
0.07368140389438,0.0480933454285675,0.0793443065033617,0.0566816007103861,0.0600582483103314,0.115570410191674,0.0863049019051928,0.1079615060321393,0.1899554731525311,0.1823488038655273
0.0690878062687526,0.0450322906450511,0.0785216854537484,0.0545228450912302,0.0571386940154044,0.1177191728403245,0.0873000869514254,0.1099141361325247,0.1883221640878537,0.1924411185078328
0.0650493000756394,0.0424239903272552,0.0778336883331801,0.0522672516196333,0.054242230665476,0.1191925189523726,0.0881164921054764,0.1116432694196112,0.1864695910645282,0.2027616674310412
0.0614543054616793,0.0401467844924494,0.0772556571859801,0.0499634664070905,0.0513580561485322,0.1202943175360286,0.0886574483402767,0.1130601258656452,0.1847446392053534,0.2130651993512463
0.058215509889767,0.0382889434731032,0.0769859927588935,0.0476116182592635,0.0484750678029608,0.121149044875304,0.0890190652765647,0.1142804233345145,0.1827870116210634,0.2231873227029175
0.0555740459399684,0.0367770917656121,0.07664232392886,0.0453430767019219,0.0457746271301525,0.1211312227076941,0.0888592394960506,0.114721333056727,0.1818425316887963,0.2333345075786485
0.0533197066714145,0.0355405314495348,0.0763799719011667,0.0432245679525755,0.0432626657566621,0.1207073753410436,0.0883413706424218,0.1149493715281784,0.1808127477527982,0.2434616909987222
0.0511306396093485,0.0345983075666984,0.075933229252322,0.0411201653745571,0.0408457418744128,0.120054278165596,0.0879449096154023,0.1152832355380209,0.1799184622167355,0.2531710307815116
0.0489760548744883,0.0336361096572382,0.0754679423619358,0.0391472672952038,0.038550708390521,0.1193602547415478,0.0876322887606759,0.1156774655670844,0.1791081810229991,0.2624437273230007
0.0473499042257295,0.0329610270755491,0.0751206631220972,0.03723609100492,0.0363335121399929,0.1185685190785203,0.0872746864893681,0.1159148088357543,0.1781248194475654,0.2711159685752948
0.0457398994375577,0.0322863409391136,0.0748045488416522,0.0356241408192791,0.03444601627383,0.1178304833004434,0.0869526020241858,0.1159169609648037,0.1771777059919337,0.2792213014020848
0.0443813223643471,0.0317891451164195,0.0744196602608536,0.0341542394186036,0.0327607005403988,0.1167242895006637,0.0863016533059788,0.1154264981852556,0.1768989832050088,0.2871435080974472
0.0434640432894009,0.0314158614086509,0.0741492808235278,0.0327893670446774,0.0312886149350958,0.1154643721857025,0.0855399171493942,0.1147561994784913,0.1769223928765207,0.2942099508036102
0.0431272319635991,0.0310020219411526,0.0740433203997864,0.0314440322401918,0.0298440865658495,0.1139377834405205,0.0845731965335008,0.1135584738947344,0.177749963148532,0.3007198898673072
0.0429551152112804,0.0305424621498533,0.0739696500221404,0.0302206323694328,0.0286078487210585,0.1122979030983427,0.0834212598057831,0.1123792574997277,0.1786827668610762,0.3069231042565789
0.0430032084863707,0.0300556006417645,0.074273411148155,0.0290520128445503,0.0274795353198651,0.1106874398936362,0.0822750815264641,0.1111840219214525,0.1791775532480741,0.3128121349650374
0.0430340522245257,0.0294405341512133,0.0750031371432395,0.0280046670508831,0.0264558333643866,0.1094440031902569,0.0812922043566749,0.1104680178147283,0.1788839266668531,0.3179736240326939
