0.2265100562314523,0.1234148544427424,0.1239925648079589,0.0335508507719384,0.0222137563081174,0.1202573592805129,0.1620154996188357,0.1211713596131509,0.0313925431900853,0.0354811557276183
0.2300991441988341,0.1294549122489208,0.1253165537648501,0.033524891000765,0.0209455642372183,0.1213023198772511,0.1596178663796581,0.1147670341727385,0.0312603983158148,0.0337113157965231
0.2295377203653052,0.1342462630860579,0.1243285023337999,0.0337050315575747,0.0200925082253638,0.1233052402716333,0.1600814972760225,0.1112615359704576,0.0308102556682152,0.0326314452382963
0.2243602464991941,0.1287148678762655,0.1229924435727382,0.0335605974805207,0.0192445559584259,0.1270996481922705,0.1653297738680215,0.1129873630757475,0.0331288342725738,0.0325816691968296
0.2201617564381816,0.125344622028407,0.121090547610869,0.0330507357995332,0.0188646134375943,0.1289394284906247,0.1721721446979751,0.1134313557932565,0.0342652660647537,0.0326795296312301
0.2175653751769306,0.1251779386727404,0.1194503932817396,0.0325286335779832,0.0184309261690694,0.130927155406565,0.1764381464750867,0.1132029949111943,0.0338118139386013,0.0324666223825028
0.2158513509539871,0.1272054649683624,0.1178230707638524,0.0316263722596536,0.0179795073642803,0.1326884318004699,0.1791809074857323,0.1123405389704107,0.0333220458228572,0.031982309602858
0.213668729044825,0.1294490224966934,0.115895279317121,0.0303022345327514,0.0173402348544593,0.1341505499234556,0.1819113810541963,0.1129467279326153,0.032834890030084,0.0315009508063488
0.2120511019869102,0.1302800192404117,0.1148954216576432,0.0291319197010398,0.0168334904546175,0.135130526744781,0.1844046582843829,0.1138285241202764,0.0324047625113577,0.0310395752911836
0.210652105275762,0.1335918462693003,0.1133622460471367,0.0280778408236352,0.0162749786760783,0.1359462385642151,0.1856655314385849,0.1145533891914115,0.032187583198948,0.0296882405076731
0.2089778909392147,0.1386010317710206,0.1111153314508551,0.0271558909779835,0.0158614529682163,0.1366368091131781,0.1852943128852864,0.1154695690933006,0.0325283088801723,0.0283594019136853
0.2069520386793251,0.1443017580523759,0.108474541328881,0.0264200657259851,0.0156123698033534,0.1378061286289503,0.1842274890835401,0.1167127208863459,0.0322558364619206,0.0272370513424309
0.2051759079021227,0.1494773896439855,0.106078842979948,0.0256851113166513,0.0154177951562508,0.1387379639143163,0.1836591587547856,0.1175951737808873,0.0317915911045159,0.0263810654398095
0.2033906075795498,0.1523139801030963,0.1042881789571573,0.0248731352857323,0.0151262093202031,0.1401808031316767,0.1830586464902111,0.1194722716217765,0.0315487852678774,0.0257473822361186
0.2015079549625436,0.1533387727192334,0.1029253797510414,0.023876175041856,0.01492721745442,0.1415291237584727,0.1837614074318586,0.1215678119948006,0.0313280656647893,0.0252380912144685
0.1999969560722904,0.1533470763710106,0.1020964518035821,0.0230148094394325,0.0148875815839185,0.1429643085453422,0.184351465628843,0.1231002400515837,0.0313881049863119,0.0248530055111952
0.1987622736935592,0.1535159201227478,0.1013105257328611,0.0222627907027997,0.0148978353416036,0.143900185262804,0.1843644787314527,0.124982263098846,0.0313196374895752,0.0246840898172621
0.1976333455417135,0.1537541357334259,0.1005454828522046,0.0216250230844766,0.0149817946430801,0.1441883170629085,0.1845184658427542,0.1266804308192482,0.0314203492600539,0.0246526551536216
0.1964109805106281,0.1535450274826189,0.0998802252232584,0.0210698734130162,0.0150982366366521,0.1445586426137659,0.184670417301395,0.1284908903565253,0.0316265177186785,0.0246491887369139
0.1948483894572995,0.1521944300274423,0.0992770143496121,0.0206071189928862,0.0155125297843479,0.1452663124904059,0.1852640270439257,0.1305751635882612,0.0319439408845992,0.0245110733745973
0.193302080038755,0.1509082937109268,0.0986468097276821,0.0201975717398941,0.0158377996449397,0.1462269494151729,0.1861349341052361,0.1321011734970164,0.0321584137676042,0.0244859743460738
0.1921245040528947,0.1500466006201484,0.0981556601341091,0.0198768107100886,0.0160892263322059,0.1469899928050126,0.1865727584607165,0.1332897840282071,0.0323487010206735,0.0245059618291627
0.190493088266308,0.1485219694692723,0.0975808897540914,0.019709135234813,0.0165691084441903,0.147927428127521,0.1873966543136392,0.1344346649569116,0.0328255326034144,0.0245415288229575
0.1890331692614381,0.1473257017981315,0.0970600637034765,0.0195163505428926,0.0169619617857133,0.1486530931316126,0.1879350917160929,0.1357072208748796,0.0332095684499534,0.024597778728831
0.1873646851978982,0.1459259182360774,0.0964371788419942,0.0195194206367851,0.0174948159458992,0.1494065951794179,0.1889070513877259,0.1366887939736045,0.0335569914890864,0.0246985491044248
0.1857642832982841,0.1446276444042512,0.095860863357603,0.0196474345437737,0.0180995692669993,0.1499811279845745,0.1896741529257155,0.1375974670182238,0.034005020210366,0.0247424369830103
0.1842463120224944,0.143491191823757,0.0953404143227741,0.0198952285774945,0.0187289250286319,0.1505005538211503,0.1900807615989025,0.1383333042898864,0.0345305608859034,0.0248527476216903
0.1827259019657996,0.1425111781729406,0.0947676735999128,0.0201135894419426,0.019311933818291,0.1510514283823084,0.1903567522507352,0.1392021644085152,0.0349958113685143,0.0249635665836104
0.1814462307816577,0.1417306916888036,0.0943087938254163,0.0203106111341545,0.0197324712618195,0.1518084823573455,0.1901180765448535,0.1400154937439556,0.0353872261028853,0.0251419225515712
0.1803257343770678,0.1410804181982696,0.0939111802505011,0.0204609776724451,0.0200305495294918,0.1524112701647592,0.1895654629610148,0.1408977805445463,0.0358626776164309,0.0254539486778376
0.1792392755034409,0.1405476335705293,0.0935509581952444,0.0207476422296765,0.0203995977855226,0.1528777241009273,0.1891785983560538,0.1415238090169556,0.03633699794479,0.0255977632891194
0.1781504153844887,0.1402608390185486,0.0931043181709109,0.0211405170256338,0.0208405391323788,0.1530915100919881,0.1887250071709411,0.141983508793488,0.0369115700986044,0.0257917751051627
0.1769933553436152,0.1399324752252875,0.0926579467275793,0.0216011038980555,0.02131574565204,0.1534735881971974,0.1883694704450618,0.1420710209562942,0.0375729067130898,0.0260123868338101
0.1758783106967879,0.1394469441285981,0.092385270244327,0.0222277195831397,0.0217788560688286,0.1540425098827772,0.1879962057410641,0.1421715432259709,0.0379225948300313,0.0261500455903933
0.1749555579292142,0.1388725710811727,0.0922884845077746,0.0228465842570193,0.0221974586976173,0.1543800437433071,0.1878446842008857,0.1420164498940375,0.0382152997739479,0.0263828659068329
0.174432035586685,0.1379883690363507,0.0924447985062161,0.0233140423375023,0.0224770089352707,0.154596075900742,0.1873072758518099,0.1420824331507203,0.0386535441579113,0.0267044165284987
0.1741272568349471,0.1369647883184013,0.0927294075408982,0.0237433240270783,0.0227454565020516,0.1549398863846646,0.1866992677908525,0.1417599152106057,0.0392041677070959,0.0270865296750109
0.174162336204998,0.1357141169224743,0.0933753181808805,0.024286348985041,0.0231035532804872,0.1552742290009336,0.1857212570877646,0.1414796959438376,0.0394508802581854,0.0274322641269086
0.1744225504079507,0.134543773824515,0.0942287562990882,0.0248730921197589,0.0234885977480936,0.1553295256226416,0.1846018421580106,0.1411047446362651,0.0396691429113318,0.0277379742637584
0.1749550605412538,0.1331520974032362,0.0955142355312732,0.0254982853133246,0.0238746684553924,0.1553779011068208,0.1835147210412072,0.1404749801126113,0.0397487849749262,0.0278892655112865
0.1757409450338486,0.1316790755558515,0.0968729196273625,0.0260285672236299,0.0241983774655699,0.1554160441190901,0.1823337616037404,0.1396282993195461,0.0397484023337639,0.0283536077088587
0.1764829678263071,0.1300488785823833,0.0983554841787535,0.0267054112998858,0.0246406982287701,0.1554832236484158,0.1812139398777912,0.1385635570513499,0.03982847021559,0.0286773690819554
0.177222389118196,0.1284863595834013,0.0998109125013178,0.0273458493646553,0.0251197215602485,0.155424547019842,0.1800252229103336,0.1376092499391953,0.039895918040119,0.0290598299538416
0.1780346260544463,0.1265989862969015,0.1017596664052225,0.0281709732503643,0.0257348829979718,0.1551997061351932,0.1786092745925055,0.1365179072172417,0.0403343270276519,0.0290396500136309
0.1786943277060379,0.1245139041770287,0.1038549379953216,0.0290790774028763,0.0265240462480082,0.1550020587668157,0.1770596642066212,0.1352706616048032,0.0412006851458651,0.0288006367377524
0.1795191707506158,0.1228226643289253,0.1057762210800962,0.0299020213096467,0.0271914742926481,0.1546771321905395,0.1755039225913419,0.1341629750879595,0.0417639831332682,0.0286804352260757
0.1804991085597257,0.1214136288876828,0.1075616219914507,0.0306457915668652,0.0278412540831116,0.1541204600017459,0.1740733441340975,0.1330209603435685,0.0421762437091382,0.0286475867137169
0.1815261647341649,0.1201176843785744,0.1093564693043201,0.031340006637028,0.0285203710197578,0.1534306231103795,0.17258718301207,0.1317023263100531,0.0428227003830932,0.0285964711016545
0.1824019238923403,0.1189834563602684,0.1108844355509348,0.0319871732458961,0.0291990072012984,0.1528117007785262,0.1712450312121796,0.1305085970876336,0.0433959182015826,0.0285827564604298
0.183362888976144,0.1180822270344907,0.1124326748952184,0.032563788880733,0.0298925983160941,0.1516140139926872,0.1700108096420668,0.1294272921376034,0.0440210409713673,0.0285926651446709
0.1841557361073705,0.11708502031675,0.113964944290182,0.0330907307983997,0.0305512991572609,0.1504567735236927,0.1688313232736167,0.1283911444279947,0.0449730784808884,0.0284999496149093
0.1848406883819018,0.1162002121294087,0.1152852128868449,0.0336245667410829,0.0311837993995999,0.1494032931660495,0.1677176886897901,0.1273563766591459,0.0458483436496299,0.0285398182875925
0.1854758398719103,0.1155421572313532,0.1164698383556863,0.0341190567869058,0.0318295810351181,0.1483688827356009,0.1663595539768086,0.1265065226032065,0.0466830299773724,0.0286455374170602
0.1859401315350535,0.1147206328849868,0.1176880830864245,0.0347007557916156,0.032634365094196,0.1472757813131229,0.1647866001795511,0.1256377708166183,0.0480682548193576,0.0285476244700787
0.1862450449763957,0.113843644557091,0.1188990069065676,0.0354322407616542,0.0335827962724912,0.146020894616505,0.163134047742595,0.1245829502822367,0.0498742634410166,0.028385110434442
0.1862675012385099,0.1129544563013843,0.1199162051908883,0.0362770231301542,0.0346295141785517,0.1446035840545811,0.1615661612238691,0.1235541344873027,0.0520028680703076,0.0282285521154352
0.1859352056120145,0.111919041199541,0.1208389216774942,0.0373544830729263,0.0357119314850227,0.1428707096014162,0.1598632063770424,0.1225424906724869,0.0549578367314878,0.0280061735615611
0.1856783983268177,0.1109512191914505,0.1218700077663602,0.0382856264546594,0.0368582953951055,0.141256668524584,0.1579774911872802,0.1215827547177697,0.0577596058561908,0.0277799325707914
0.1853002605986048,0.1099313691488592,0.1228815232277638,0.0392505175455765,0.0379847331367022,0.139696775382402,0.156118167532637,0.1203752638998884,0.0609333278764876,0.0275280616421139
0.1852191559713951,0.1086999034742461,0.1240658668313881,0.0402822574668741,0.0391635489965641,0.1380889587746241,0.1543969308622007,0.1192334063888854,0.0635506855939087,0.0272992856309739
0.1844997258754282,0.1069720842661241,0.1253105853344211,0.0415687943589797,0.0407829965122945,0.1369769036208505,0.1526291798737125,0.1181403294979828,0.0662128216262048,0.0269065790250626
0.184111122548279,0.1052891208891264,0.1265476591948062,0.0426209371189635,0.0422201078686798,0.1362342074671946,0.1510662025587436,0.1175157502422866,0.0676692868505917,0.026725605252354
0.1836321051485091,0.1033945980327452,0.1277438908277414,0.0436307040627624,0.0438135353667325,0.1354829897346822,0.1495854630453577,0.1168725379555457,0.0692159922442756,0.0266281835726272
0.1834714382005214,0.1021489199366778,0.1289226370859552,0.0446398295344842,0.0453691757525265,0.1345402265995093,0.1477653329099403,0.1158897009035247,0.0707708897353552,0.0264818493324597
0.1832866633269773,0.1009736967396901,0.1300099808889038,0.0457799706754514,0.0469783447699206,0.1338574349788144,0.145717516939905,0.1148982220183804,0.0720816964444139,0.0264164732084751
0.1830122731134945,0.099767127087319,0.1309252251572888,0.0469637909823561,0.0487473284247518,0.1331326671851539,0.1437216243218626,0.1140812800250398,0.073064881905458,0.0265838017881581
0.1825617048481591,0.0982166403296582,0.1318770059437443,0.0484310144421748,0.0508119672330545,0.1322619761407024,0.1417142365117182,0.1133966798141494,0.0740009091373307,0.0267278655901321
0.1821794007885894,0.0965969148243734,0.1329234819074298,0.0500666753233409,0.0530065676830797,0.1313078644370631,0.1394752550571969,0.1124543656164327,0.0751123584465759,0.0268771159066701
0.1816517916897763,0.0951173799420971,0.1337895413364903,0.0519415717831423,0.05526026956029,0.1302889562080144,0.1370340560536793,0.1115936657528332,0.0762956169600778,0.0270271507042774
0.1809819095232046,0.0929547169194298,0.1348744233828823,0.0539119722629433,0.0576289997601212,0.1292580365018879,0.1345689913013885,0.1106574051421014,0.0778285926140738,0.0273349525825487
0.1803578341289856,0.0900598045301409,0.1362562524742318,0.056407114652212,0.0605536286765808,0.1279772132641692,0.1319388698237585,0.1095894815914949,0.0792302709646486,0.0276295298842533
0.1799455402961173,0.0865404867411099,0.1380431414505077,0.0591623304989248,0.0637155426202797,0.1259129648166583,0.1292669958075509,0.10821609538998,0.0813326549306109,0.0278642474386146
0.1796992223615973,0.0829542012984128,0.1399060977158892,0.0620964367834182,0.0671248245247391,0.1238127772510689,0.1264041157935232,0.1067052124362707,0.0830843464296949,0.0282127653956082
0.1794714380016616,0.0797545366962142,0.1416971665649766,0.0654834804926281,0.0709039076201163,0.121382274095665,0.1232509411420223,0.1044794727682168,0.0850980776515862,0.0284787049570187
0.1794849984174499,0.0772910174717892,0.1433735834924882,0.0687253263288784,0.0744214291116834,0.1189363531769492,0.1197627722185478,0.102162115895523,0.0870669273025877,0.02877547657409
0.179412698150112,0.0754309381926936,0.1447122329207864,0.0720151592870163,0.0778799191776837,0.1164713475303961,0.1162981818683902,0.0999845565132629,0.0887195801426756,0.0290753862068761
0.1793456118273588,0.0735932943483535,0.1460693423394998,0.075343833761369,0.0812370188174141,0.1141753366762652,0.1131131682865079,0.0974480784353968,0.0904052098680602,0.029269105629587
0.1792342652121102,0.0717604111506855,0.1473921325993607,0.0785924880648852,0.0846237608680188,0.1120550759693325,0.1096632574880294,0.0948448639458022,0.0925792901366419,0.0292544545549026
0.1792449634613676,0.0702963437804316,0.14862618768215,0.0817775150054351,0.0879347872669054,0.1098616322446597,0.1061587606253954,0.0920853124260681,0.0947198983767224,0.0292945991206098
0.1794282914012707,0.0696032074362848,0.1496259490262874,0.0852002386717039,0.0909975438415378,0.1074739427931013,0.1024114625404497,0.08903735491183,0.0968593949257595,0.029362614441559
0.1799249948717133,0.0691375331663018,0.1506697388135855,0.0883312978577465,0.0939219418737136,0.1050037548359319,0.0987922231062599,0.0864485147722328,0.0982232171526097,0.0295467835397338
0.1805348124027715,0.0685565182652481,0.1516809063804484,0.0912873348426936,0.0967345023129258,0.102704413765074,0.0955835122375094,0.0839884918185011,0.0990342571840428,0.02989525078066
0.1814630493547727,0.0683473644018569,0.1526102059344504,0.0940270411881078,0.0992357196775062,0.1004022565972906,0.0924498946160967,0.0816582312483606,0.0996762104127644,0.0301300265587369
0.1824364357762417,0.0678465816417083,0.1535251160523218,0.0967325481925357,0.1017269732358872,0.0982210703914456,0.0895358077011957,0.0791805346846187,0.1005382702980283,0.0302566620160363
0.1837383307102396,0.0677521180227781,0.1543295913568528,0.0989988565236117,0.1038062408378812,0.0962775123723333,0.0867104153695271,0.077086989693738,0.1007098703253623,0.0305900747777689
0.1850372688555033,0.0673483270893517,0.1552118485890887,0.1012286870907416,0.1059054022661893,0.094215622767608,0.0840456479671558,0.0749874355053774,0.1012689913543789,0.030750768504793
0.1862862125826689,0.0669651305641037,0.1559593261321294,0.1033741377457956,0.1078698573682755,0.0921923875368882,0.0816121315227141,0.0730100914431689,0.1017782085546165,0.0309525165399308
0.1873877376752469,0.0664186645375711,0.1566694480065041,0.1054331648612196,0.1098553449286272,0.0903733088370719,0.079100095611814,0.0711031031947257,0.1025697479000311,0.0310893844375978
0.188105873655848,0.0656980818317199,0.1571343162928942,0.1075533543423721,0.1120231858101867,0.0886382074059365,0.0768955727157662,0.0693473701635663,0.103255535803679,0.0313485019685467
0.1886516101825641,0.0648620098694582,0.1575465026320384,0.1097944291179791,0.1143778507974775,0.0868025733169034,0.0748809730692303,0.0674566881767629,0.103945917515854,0.0316814453123354
0.1892208352199636,0.0641089633953508,0.1578809420828564,0.1115422411830021,0.116294938399622,0.0852621929018576,0.0730119194019639,0.0659378798098362,0.1044431069874349,0.032296980608772
0.18975711516658,0.0632095997489779,0.1582953059241061,0.1132730371050347,0.1181335594128073,0.0840940604768557,0.0713770564068228,0.0645797240281146,0.1045216679492846,0.032758873772144
0.1902278726070582,0.0625253562604098,0.1585208038569524,0.1148072863907161,0.1199135378011702,0.0827465949263686,0.0699145271744746,0.0635010205114692,0.1042552802028266,0.0335877202593418
0.1905955305516844,0.0619610652563491,0.1585913369617321,0.1160893028178565,0.121573747427988,0.0813859305783606,0.0685087542160466,0.0625369599986531,0.1042835548525245,0.0344738173296512
0.1904655665594385,0.0616109913679759,0.1580960406328871,0.1172112044925358,0.1231583655200713,0.0801092224771248,0.0670876208063246,0.0618770278034336,0.1039003267360309,0.0364836335950767
0.1900057716428338,0.0615101631813823,0.1573797100655981,0.1183356766086938,0.1248058906737576,0.0789412495846329,0.0660101120110475,0.0609738170535191,0.1033632072274695,0.0386744019420082
0.1895195879758946,0.0613582193004119,0.1567320492574849,0.119477759111885,0.1264737072895399,0.0778132568037802,0.0650789598490153,0.0603514712022019,0.1029223601390635,0.0402726290616991
0.1885632427364456,0.0613746377668165,0.155600456781559,0.1203775478148612,0.1277988015695215,0.0766576902284819,0.0644758734107597,0.0596972647217937,0.1027031920713498,0.0427512928894137
0.1874244681524699,0.0613722426702824,0.1542938303749615,0.1211547246368464,0.1290310400685421,0.075734875592529,0.06387742634723,0.0591483209133557,0.1025999645232155,0.0453631067115949
0.1859975507777409,0.0613454244405332,0.1527884739604205,0.1219938892193606,0.1302908250449251,0.0748039561888533,0.0631363669023661,0.0588379416081649,0.1027015088049284,0.0481040630437476
0.1842597547993766,0.0612117102130243,0.1513372964372323,0.1231633530709755,0.1319604975553178,0.0738373404504069,0.0624248169109838,0.0586343557585574,0.1029132046900281,0.0502576701051432
0.1821873746885911,0.0611245685419464,0.1499633976683603,0.124091003677996,0.1333433765879978,0.0728336834497549,0.0616231116059773,0.0585137656455441,0.1030615798221117,0.0532581383027669
0.1798933946141286,0.0611461752089739,0.1487786698123511,0.1252076624239902,0.1349766297598938,0.0718555739286198,0.0608303548725687,0.0583190355719219,0.1032278979185663,0.0557646058800304
0.1775675343168019,0.0613680287227498,0.1474127897966186,0.12611116718736,0.1364924271290472,0.0707764040139416,0.0599738313797398,0.0580369921731846,0.1033502765883577,0.0589105486832169
0.1754777762450018,0.0619457227133798,0.1461082227572744,0.126809226615895,0.1376049608836416,0.0696233364258668,0.0591256007324791,0.0578169115690112,0.1032915301334234,0.0621967119149935
0.1734543691967142,0.0624842008040136,0.1449050695961155,0.1272428596073797,0.1385306191145459,0.0684251879736053,0.0585935558313013,0.0574237437455898,0.1034480578023337,0.0654923363193157
0.1712437458389896,0.0627157509037624,0.1437094096876421,0.1276092928378391,0.1392770483165383,0.0673298174135281,0.0582711764920706,0.0571438589300129,0.1037193383233556,0.0689805612471274
0.168842955522314,0.062771415807542,0.1423876032298665,0.1279424587444629,0.1399191693152273,0.0663131027127765,0.0581275680696438,0.0572275615359634,0.1037095243888616,0.0727586406641623
0.1664781705053738,0.0627340269053033,0.1412684031473265,0.1283568222127018,0.1406571177863184,0.0652672952770836,0.0577918717653153,0.0571856944487398,0.1037502460144569,0.0765103519281559
0.1640845772003774,0.0626308380416983,0.1401280392201869,0.1288540205002393,0.1414414374064406,0.0648573141658992,0.0575009114943679,0.0572456866835718,0.1037332059000579,0.0795239693778942
0.1616038890966462,0.0625211316755932,0.1387879824084047,0.1292642255000298,0.1420518331873033,0.064518338085621,0.057243266217555,0.0577324569322204,0.1032483836045718,0.0830284932827587
0.1592258783003902,0.0624429239815163,0.1375888161460166,0.1295124888566414,0.1424229157850002,0.0641646020761538,0.0571755330269999,0.0582933079177877,0.1027652296028248,0.0864083042973483
0.1566632693113557,0.0621981005671464,0.1362674486652173,0.1294291026938576,0.1423716046349381,0.0642480372885205,0.0577082783628468,0.0594920237775273,0.1020966258419228,0.0895255088473436
0.1544931423768633,0.0620719126629528,0.1351614761399059,0.1296312074822321,0.1425006355993263,0.0642227573802873,0.0579849896279519,0.0604421216633018,0.1010311216885771,0.0924606353692563
0.1525737165013176,0.0619938652953225,0.1339738263812305,0.1300834196215533,0.1428716020974424,0.0642513204269848,0.058201752957988,0.061274829957985,0.0994909108706947,0.0952847558801088
0.1509734490245059,0.0618494074317436,0.1329063678161199,0.1305915998109282,0.1433603868391101,0.0645782436041424,0.0583356801173803,0.0622185023844476,0.097652826049258,0.0975335369129627
0.1495294544109289,0.0618639578797014,0.1314719908078189,0.1310739671517025,0.1439277604451875,0.0652269970928218,0.0585882456157896,0.0634740119731886,0.0949444634447658,0.0998991511686568
0.1473539470391525,0.0617336230125645,0.1294109191865727,0.131311734118553,0.1440764486725523,0.0662512848177858,0.059779994292695,0.0661034356390589,0.0919504305626778,0.1020281826489411
0.1441821918562574,0.0614045011988294,0.1264033781848623,0.1312803543305185,0.1439311053709777,0.06782410124458,0.0616520277108834,0.0707358203048134,0.088154022406857,0.1044324973819925
0.1406829267573044,0.0613555855966212,0.1231130856210018,0.1314916554915582,0.1440393627554326,0.0694174996419567,0.0630713929423565,0.0751636436530339,0.0852941769250525,0.1063706706062664
0.1364155686818123,0.0612378962923284,0.1192549990392878,0.1313981544604954,0.1437533497169615,0.0715519050820061,0.0652425135553201,0.0803391887922112,0.0828815008039616,0.1079249235662466
0.1320676921988111,0.0611156334740529,0.1156493726924366,0.1313074975019257,0.1434174204914103,0.0733525426443153,0.0674739323425619,0.0848676497603028,0.0817386747558551,0.109009584129025
0.1277317987780688,0.0608030431153926,0.1120741369133788,0.131157230282748,0.1428607609309486,0.0754160006495013,0.0698625680074129,0.0899940156436832,0.0805186044773887,0.1095818411922531
0.1235383118933827,0.060382937785057,0.1085324502272904,0.1309031088930533,0.1421741394349097,0.0775563924782249,0.0725224686088791,0.0953419556862188,0.0790354370627775,0.110012797921067
0.1195052111867294,0.059868415905732,0.1051800223532459,0.1304476134244388,0.1411974370509324,0.0800198742348135,0.0754773960872197,0.1006505971667607,0.0775090931833772,0.1101443393977109
0.1155053496091028,0.0590986199578028,0.102014530269816,0.1297576745935376,0.1400296379369189,0.0824345959337373,0.0787500337181675,0.1061721543998211,0.0765043187453073,0.1097330848268715
0.1124902159059709,0.0585859474465011,0.0995189937403271,0.1293234711971165,0.1392756575566579,0.084048733383178,0.0808498866139022,0.1100351734069733,0.0762636060278648,0.109608314712668
0.1104044780011183,0.0579523618642811,0.0977704681323391,0.1294651575695121,0.1392227402016449,0.0849709721431405,0.0819269077893746,0.1123689133735285,0.0761835163587425,0.1097344845575406
0.1092499231362395,0.0575485390167753,0.0967801221163054,0.1298147285904522,0.139565995702423,0.085312337655092,0.0822931612200104,0.1130829056488751,0.0760660391670235,0.110286247738079
0.1082653648410467,0.0571481888386478,0.0959278382290712,0.1302293378615436,0.1399417251766437,0.0856568967313491,0.0824535167259605,0.1137098501140043,0.0759142939077085,0.1107529875653454
0.1072022112999288,0.0568633567726688,0.0953064160791653,0.130520554299396,0.1401543228837443,0.085759064043464,0.0826454780525984,0.1138951266536284,0.076443769080894,0.1112097008258584
0.1059711429617979,0.0565514996795159,0.0946726801400385,0.1306607373376656,0.1402552344703794,0.0864476485380249,0.0828789986329618,0.1142504137383319,0.0765836393898792,0.1117280051027581
0.104626353536818,0.0560429581978599,0.0941936275639631,0.1307289149883033,0.1402518877263787,0.0870007977558168,0.0830541002747755,0.1144453581924002,0.0776178779690579,0.1120381237859888
0.103188842009024,0.0556310655566023,0.093619549539143,0.1305356391374123,0.1400696653097881,0.0874100595640094,0.0835837075828766,0.1151240237612967,0.0783358381215157,0.1125016094096865
0.1016730573943275,0.0550538704918701,0.0930288335852457,0.130429250948952,0.13986332467339,0.0877975001987515,0.0841899270141694,0.1159161422322699,0.079151540908544,0.1128965525438337
0.1003811746921196,0.0543364582050881,0.0924834544990438,0.1300955686072253,0.1394447403156325,0.088285323181748,0.0851638490068674,0.1170216474630649,0.0794057296734511,0.1133820543471089
0.0991118327715826,0.0537543218606039,0.0920244673572563,0.1297616183884797,0.1388962761341629,0.0886142007830152,0.0859399263583031,0.1180550228204064,0.0799745284442922,0.1138678050732366
0.0978315078289711,0.0532528976218814,0.0914354840523611,0.1293650724168334,0.1381867234992031,0.0891371449752075,0.0870393223324094,0.1191962934356429,0.0798596049967692,0.1146959488320308
0.0964930113510373,0.0528057361650509,0.0909021685045796,0.12899970292101,0.1375231787798386,0.0895953237146764,0.0880294529608997,0.1201571543371328,0.0798552313909127,0.1156390398661281
0.0948258103422692,0.0525105482482214,0.0901571272032604,0.1282938805808972,0.1367737091740324,0.0902223725604618,0.0892530933337209,0.1214135866433034,0.0797705698523088,0.1167793020527196
0.0928950930459267,0.052172642150207,0.089367346406628,0.1277306669070465,0.136104683564174,0.0907896558626008,0.0903307655246452,0.1226374050276065,0.0800579936197802,0.1179137478824987
0.0908092891757516,0.0518491207630276,0.0886573662103875,0.1272486019654029,0.1354475102802045,0.0913981737455156,0.091271135799105,0.1237451620456917,0.0807040053516129,0.1188696346543231
0.0887413866503131,0.0516651861130345,0.0880582953448276,0.1266433035404076,0.134700816497215,0.09197195453314,0.0921003803332141,0.1248535341555531,0.0812453231890205,0.1200198196341953
0.086395537357203,0.0516060853751274,0.0872387901794716,0.1260726081575453,0.1339467307809594,0.0926253100078816,0.0929782157740751,0.1261984675128899,0.0814574689865492,0.1214807858591038
0.0839244988463788,0.0514798005618367,0.0865161904882337,0.1256106582495086,0.1333115704926089,0.0931077294369255,0.0937203896877749,0.1274248606954283,0.082184222490674,0.122720079041327
0.0812124813437313,0.051832727644038,0.0854916782642676,0.124901564560766,0.1325197546669332,0.0938558542787884,0.0946273047605495,0.128885765381005,0.0824887190774937,0.1241841500129974
0.078441422216113,0.0522129497364569,0.0845206555762673,0.1240783812153187,0.1315895843837281,0.0947269877742729,0.0956405183152429,0.1304241157640566,0.0826762335610468,0.125689151447932
0.0758690530265906,0.052778875978917,0.0836834377984152,0.1231464799498035,0.1305583554830149,0.0954528858488132,0.096867814820864,0.1319781090108361,0.0823498620796214,0.1273151259934099
0.0743296172277553,0.0530323265382991,0.0834668101390997,0.1219454842619506,0.1291334785165893,0.0959417835411354,0.0981153966304331,0.1333933405208868,0.0817822276809816,0.1288595349330166
0.0727925711750791,0.0535573411886777,0.083298646922286,0.1204411210560933,0.1273474736628108,0.0967730890058841,0.0994994490369775,0.134907811553942,0.0811849949607538,0.1301975014275196
0.0716606177383225,0.0540269535217282,0.0833382004326537,0.1191853017715027,0.1258435295806667,0.0974373154593629,0.1006862560351529,0.136058086103838,0.0807078096192084,0.1310559297274995
0.0700789444554014,0.054956051757775,0.0829418100316805,0.1177796280268861,0.1242757812484009,0.0980578849461898,0.1019906064445809,0.1373732074581218,0.0805003738025263,0.1320457118182725
0.0685149074347426,0.0557691307363824,0.0826797813617363,0.1164372969591522,0.1226780107796505,0.0989321711217532,0.1031714450167795,0.1387031535272575,0.0806358516832028,0.1324782513690831
0.0670050959258248,0.0566162619793031,0.0824080837973258,0.1151542769606163,0.1210915881821439,0.0997333999024678,0.1044447140147366,0.1399694790772066,0.0806023452475359,0.1329747549024806
0.0659620331277078,0.0574429102621817,0.0826066099467503,0.1140090573437752,0.1196128820023655,0.1005913641693645,0.1055635852125749,0.1410229390084704,0.0811020253482856,0.1320865935680689
0.0652230735726733,0.0582346392151519,0.0829733159979992,0.1129097981079945,0.1181194195446001,0.101425497685566,0.1065430870209423,0.1419864606366197,0.0816740215031504,0.1309106867047623
0.0646900095513075,0.0590779018504241,0.0833159982397832,0.1117334458792757,0.1164483875436327,0.1020702890788172,0.1074211932383352,0.1427968465907924,0.0820600646493429,0.1303858633676826
0.0647413189195266,0.0595483811767612,0.0840437832918613,0.1107911404309224,0.1150941740358503,0.1027374194299748,0.1080795978897319,0.1435831860779302,0.082444465581485,0.1289365331552903
0.0650433491509973,0.0599717080705143,0.0848773010688677,0.1099210204960445,0.1138017871849183,0.1033566474845837,0.1088169826459209,0.1442511628816218,0.0826035157947167,0.1273565252110959
0.0657522228340416,0.0604482586100609,0.0857498528812111,0.1090181291509657,0.1125618540466478,0.1037481320526328,0.1095323843601846,0.1446286668247851,0.0828052919469752,0.1257552072817314
0.0668390899472328,0.0610015581862157,0.0866198514186895,0.1078645448824176,0.1109860963019152,0.1040830471220859,0.1101007394774908,0.1447935480686485,0.0829819530461893,0.1247295715383127
0.0681731860648588,0.061737128652784,0.0872548957297672,0.1069693252974891,0.1097819429806007,0.1043300005672504,0.1107297789603531,0.1450080189102209,0.083297378637271,0.1227183441885616
0.0694591592059998,0.0624135901504382,0.0875882256807545,0.106004330590553,0.108372766062263,0.1045579922098828,0.1113640909542062,0.1452775888024601,0.0838638264116082,0.1210984299209438
0.070405225349132,0.0631370056457095,0.0876746089081071,0.1054990855188734,0.1073800002297285,0.1048465927860687,0.1120613054675462,0.1455868090363366,0.0846772260672009,0.1187321409803619
0.0710234701932923,0.0634324633029821,0.0874654438347612,0.1054127634597626,0.1070638765536722,0.1051068501404823,0.1126829486504888,0.1457696449812458,0.0858530718355491,0.1161894670367963
0.071396833471993,0.0632811509448551,0.0871375745148486,0.1056177133908875,0.1070030952926075,0.1056779383813119,0.1130467804355492,0.1460325733280867,0.087520680225084,0.1132856600037969
0.0717542329103759,0.0630668130497742,0.0867085706180085,0.1059006839098352,0.1071274754026023,0.1063632296598342,0.1130875512915827,0.1462832640955861,0.0897113135959323,0.1099968654554782
0.0721357748613227,0.0627517490961108,0.0862836292861962,0.1061968537851674,0.1072648520606658,0.1069789963103178,0.1128257445541722,0.146162334535909,0.093174458531836,0.1062256069673058
0.0725030402617319,0.0624613149147159,0.0857144592669526,0.1064153632496439,0.1072334394245234,0.1074204931681988,0.1126207190662652,0.1460078795562063,0.0971533703245822,0.1024699207561818
0.072803958856661,0.062324236961198,0.0851167646722318,0.1064658801488281,0.1069871074209955,0.1076162170694339,0.1122754170545302,0.1455712491048047,0.1013654153227373,0.0994737533775941
0.0731528253673505,0.0624560492448466,0.0845822957954526,0.1066737852177049,0.1069242735524728,0.1077984718806223,0.1118362288373805,0.1446890608402324,0.105827322076231,0.0960596871767195
0.0734933820088177,0.0627811045877594,0.0840276384324067,0.1068900667378429,0.1070242067381528,0.1078963901116156,0.1112028549641764,0.1436449781999919,0.1104863317687339,0.0925530464395256
0.0740161985624345,0.0632278515400524,0.0835851956173836,0.1074860725493518,0.1074927505226608,0.1074198330693153,0.1103348939535365,0.1419107309686824,0.1152000331258669,0.0893264400797219
0.0743656900873714,0.0640436620102177,0.0828313322978163,0.1077582018091346,0.1077615576706388,0.106930580311047,0.1098220046409274,0.1403360818099427,0.1194350492747715,0.0867158400771367
0.0745966319465826,0.064789551917017,0.0819576253899383,0.1076140463503521,0.1076305688843255,0.1065294478932691,0.1094723004833368,0.139076133556009,0.1238380689671224,0.0844956246010485
0.0747922248195402,0.0657528977068432,0.0810927403767887,0.1072225727658322,0.107191528141041,0.1059455331293311,0.1091004058668071,0.1376229495908101,0.1283507456340926,0.0829284019579189
0.0750516686449788,0.0665856299941763,0.080687677398603,0.1068486397911774,0.1068386114793421,0.1054625685102158,0.1087403704841742,0.1358752544021794,0.1323777222666845,0.0815318570174556
0.0756938288170034,0.067389187610593,0.0806231838887547,0.1069200525908703,0.1068033301369516,0.1044309981825991,0.1076441510653826,0.1327860936711666,0.1373186232766273,0.0803905507489641
0.077154059160134,0.0682658435721613,0.0815014324321798,0.107373268672294,0.1071989116689811,0.102730758183236,0.1058910699446401,0.1279843817659547,0.1429645921212971,0.0789356824678961
0.0783254345855509,0.0688379224411004,0.0824675083993607,0.1075245045886151,0.1072999747717755,0.1011665761642213,0.104521828742392,0.1236729734104852,0.1481666322084641,0.0780166446766682
0.0797555608015011,0.0696915819671837,0.0838957223085451,0.1078749348635725,0.1076569564316421,0.0990097396042434,0.1022731910430104,0.1187436546028442,0.153631972550202,0.0774666858156832
0.0809442503242507,0.0704065582224829,0.085132341094853,0.1082368733729035,0.1081142735564673,0.0970640944249636,0.1000726295141518,0.1145534609038274,0.1585289920666211,0.0769465265077024
0.0823381143091,0.0714000208987773,0.0865261861488656,0.1086285954725568,0.1085836268666444,0.0946798420803483,0.0974160060057068,0.1098250793755566,0.1637520497643483,0.0768504790660932
0.0839400796543054,0.0727550856894101,0.0881010071592441,0.1092058777968558,0.1092824644808218,0.0919526348316953,0.0942307758463648,0.10453088128933,0.1690176303829575,0.0769835628567627
0.0858571652861284,0.0743322100006392,0.0899080536545383,0.1098735656952799,0.1101289448095658,0.0882954011172069,0.0902904724754613,0.098766912578,0.175198841306002,0.0773484330646497
0.0881117192424259,0.0761469763179176,0.0921190827942412,0.1106789066338659,0.1109534460620957,0.0844755278247468,0.0856416681474887,0.0920726738587276,0.1818063837776549,0.0779936153279973
0.0896413426936748,0.0776853815011933,0.0938302540224211,0.1111717625906148,0.1112133983047111,0.0817151672771089,0.0824323377177339,0.0873743925904427,0.1862664156184806,0.0786695476705337
0.0900192251285466,0.079284783504461,0.0947176847244441,0.1108647930825112,0.1104241333217993,0.0798789400459894,0.0807717982102577,0.0848862063451569,0.1899908003380801,0.0791616352854434
0.0893427726428957,0.0807238522700545,0.0947248183738283,0.1099219096210718,0.1089444970916253,0.0790253825446868,0.0802744343744202,0.084577747922169,0.193383246956784,0.0790813381889472
0.0885026817525928,0.0822071928509472,0.0946685019654255,0.1090615667246215,0.1075765651319824,0.0781039039909718,0.0799842901688773,0.0843082855020027,0.1962717413403738,0.0793152705584792
0.0876357278743428,0.0834881851439411,0.0941870943067113,0.1078823988040374,0.1060237922794607,0.0778211357859266,0.0801251725088387,0.084920074560264,0.1981056345487587,0.0798107841737978
0.0868272044584031,0.0847266328009716,0.0936574879812756,0.106875261280297,0.1046203046790115,0.0772904583098286,0.0802162148911455,0.0855868449120462,0.199779387723412,0.080420202949524
0.086077793766217,0.086010403035293,0.0930047504971355,0.1058667223263237,0.1030966841604284,0.0769140204151652,0.0804501426195652,0.0868980796587155,0.2005032099090359,0.0811781935978781
0.0853834305253166,0.0871365532200825,0.0924016103521958,0.1048869824189429,0.1016531726234584,0.0767953966384042,0.0804683876654064,0.0879397252398079,0.2013391147994919,0.0819956265025095
0.0847694926253396,0.0882746162365225,0.0918862870574494,0.1040242465428768,0.1005541154957029,0.0767047446323215,0.080323292677756,0.0886341104038718,0.2019963803098813,0.0828327140037507
0.0840317485902897,0.0895955045657678,0.0915608893504662,0.1034052810149879,0.0996635913541407,0.0763899088128856,0.0796804163662661,0.0887271872698892,0.2034828119110095,0.0834626607496411
0.0834354825029233,0.0907648401349911,0.09127712104833,0.1026964424227761,0.0991452071992927,0.076354449964176,0.0793553783282365,0.0886463934264687,0.2041229628866477,0.0842017220713871
0.0831730447185017,0.0918258898966558,0.0915841703693458,0.1021041491591906,0.0987211646911216,0.0760690416069864,0.0787109456541079,0.0881383079082776,0.204890349905924,0.0847829360750345
0.0831245773266657,0.0925772520266074,0.0919476091733457,0.10155147109142,0.0983345638164725,0.0760435421184803,0.0783833478999971,0.0878770258790528,0.2049097471673433,0.0852508634857086
0.0835822422106353,0.0930990973742324,0.0925379709171875,0.1010569577636396,0.0980586497924497,0.0759907167156643,0.0780955503505027,0.0875282712432046,0.2042686705408736,0.085781873076673
0.0840590941580505,0.0933885327414888,0.0929506735097817,0.1006009874696162,0.0977474884409869,0.0762299197021579,0.0778755260543925,0.0869910999396908,0.2040194037776508,0.0861372741912512
0.0841951637645837,0.093372383756475,0.0926978485787816,0.1001129674990097,0.0975228702753488,0.0764706491225678,0.0781127603028103,0.0869688292953912,0.2040677078887613,0.0864788195013762
0.0840988540716832,0.0934327908479849,0.0922080219217729,0.0999208870150339,0.0975491230071855,0.0768654733287059,0.0785488106924505,0.0870665421583548,0.2035294097552616,0.0867800871867156
0.0842555986321878,0.0935465671005894,0.0920897644333729,0.0997347940713707,0.0975906094192519,0.0770522229783717,0.0788076305001215,0.0869400584218546,0.2030530674186926,0.0869296870093983
0.0845759304055958,0.0935781363603774,0.0922048320274928,0.0996095207067755,0.0976133697936877,0.0772698791489962,0.0789485731986747,0.086723598867304,0.2026019492848177,0.0868742101915661
0.084852942781054,0.0930322129898938,0.0923608967415543,0.0996314614163107,0.09770731364698,0.0775723285727202,0.0789527429029526,0.0864574253118486,0.2023581631137628,0.0870745125082915
0.0851542870767351,0.0921319570773195,0.0926107035016088,0.0997451877726989,0.0980525331471572,0.077704040785603,0.0785256924811741,0.0860609335813824,0.2026639996047896,0.0873506649569712
0.0850820761244916,0.0911123548289663,0.0926609008546618,0.0999844962047483,0.0984666173796364,0.0777301863959034,0.0780810387920349,0.0855553829833343,0.203619428356251,0.0877075180654738
0.0838366050543688,0.0906630810277247,0.0921271144944007,0.1004605330713688,0.0991773735542841,0.0777639029600649,0.0776455434153064,0.0850487737673707,0.2054000099101477,0.0878770627305069
0.0829618342052667,0.0900670309689203,0.0918053782147178,0.1010352600829701,0.1000666448012622,0.0776313246392452,0.07711953490221,0.0843822556421539,0.207049086408434,0.0878816501204068
0.082100256286857,0.0898022018481496,0.0916200628587365,0.1016004410854474,0.1008243548700061,0.0775832662833851,0.0767127638845277,0.0838628347952729,0.2081823386748917,0.0877114793983664
