0.0692567771483165,0.0770059414950954,0.0228188807929214,0.2925056433969484,0.3431684918901668,0.051810445588793,0.0277469552505824,0.0011886992343569,0.0171033895539038,0.0973947755790599
0.0605166592051877,0.0637759174943578,0.0195641614676454,0.292494985373323,0.2988843633343113,0.0539890584621656,0.0519030562656003,0.0348292390647108,0.0519972383694666,0.072045320903708
0.0492187565375907,0.0603675499603087,0.0049685096487127,0.2417175202464757,0.2338169278531865,0.050163028363097,0.0818737422641088,0.0656173400424554,0.0596620991336912,0.1525945258914275
0.0518190028940596,0.0712022089649279,0.0144812418470201,0.3340971744307519,0.2636617401894113,0.0035644023712744,0.0557960485716914,0.0034388831792079,0.056462690886693,0.1454766065905045
0.0192597017409517,0.0303077419974246,0.0166638130263849,0.3087089239031745,0.258967701685893,0.0710054011130339,0.0472254506169519,0.0396179358714223,0.0702596309361948,0.1379836990473865
0.0090106835902576,0.0175403406820426,0.0203823813315581,0.2917746152087047,0.3272148516162181,0.0539976368223418,0.0502765995687377,0.0318121451071711,0.0561067465226376,0.1418839994882512
0.0379463576639501,0.0564376799961129,0.0113038365749423,0.313503107326257,0.2921093959272835,0.0356866585816707,0.0594478079078314,0.0697253410263148,0.0504365178154772,0.0734032971153768
0.0575508983861527,0.0865670128514446,0.0064877535298184,0.3186336570790066,0.2897099965610137,0.0080326671554523,0.0260687121130653,0.0231613975431374,0.0303596651775007,0.1534282395324502
0.0691014671605725,0.0822554562583707,0.0103419039733762,0.2873686077183496,0.2995910147247675,0.047284681853461,0.0351896160700769,0.0121916835972414,0.0590077751785535,0.0976677933996223
0.0447543186134013,0.0698859235741914,0.0138789740284627,0.3450083832101491,0.2908269115970861,0.0572254953665688,0.0063872650157323,0.0373887197795453,0.0836754013645565,0.0509686073764027
0.042822505714144,0.070969763032923,0.0165343942011869,0.3197760502344468,0.2893619616017175,0.0778301794230019,0.017587122605796,0.0377315343120199,0.0059622580189171,0.1214242307824089
0.034760438496225,0.0577547944304821,0.0121923184129886,0.3178494801390459,0.3005178863148635,0.0211740054329705,0.0418304562378936,0.0015086129340103,0.0641190153793013,0.1482929921480413
0.0405715842893037,0.0777025768803127,0.0214664193829871,0.2622227425524105,0.3369242774457385,0.016663973135908,0.0305626598177195,0.0549356247769286,0.0247296505207255,0.1342204911178668
0.0308596359363958,0.0681098899520609,0.0318251949317421,0.3369326208428851,0.3106877911733162,0.0085743660661417,0.0807976486165294,0.0415659513515591,0.0479043600766543,0.0427425409724324
0.0075433385778928,0.0613243438776552,0.0631761663551505,0.349744178632971,0.3251981387026099,0.0417978394365951,0.0029459034816502,0.0040260147800992,0.0653967740769112,0.0788473019855923
0.0237892114938745,0.0812695180568481,0.0446384857020201,0.3088872746643872,0.33645912162599,0.0105552627170433,0.0105493965462513,0.0923357664411867,0.0279357440422357,0.0635802186254985
0.0159950253720004,0.0655783836711043,0.0508823811413012,0.326747729490353,0.3117683254948419,0.0220449768147319,0.0258144554329869,0.02224928863256,0.0060256310017738,0.1528938028614217
0.0194001729211558,0.0641239192813734,0.0313864670008963,0.2989221528326018,0.3109904916238978,0.0265517587295699,0.0134641914154747,0.0327599191691951,0.0965101635438617,0.1058907633933503
0.0445599792450901,0.0819156667780334,0.0008757259501138,0.3556655634565482,0.2908593285552168,0.0446700962471295,0.0168786437132249,0.0730156220597075,0.0533370705133358,0.0382223033824553
0.0564401227294732,0.083052892495594,0.0195766895170767,0.3291807940500367,0.2997907197974233,0.0269330417787006,0.034878075060882,0.0431403296148783,0.0353645616915226,0.0716427731787483
0.0229129199139322,0.0557881000450865,0.0199810133715606,0.3195608125717146,0.3411914050069168,0.0158855883206543,0.0212794157512632,0.0182805321567039,0.052545382270471,0.1325748305041702
0.0400073405039135,0.0814050715256333,0.0235184029814971,0.2918310590069434,0.3366178950755424,0.0339266144555494,0.0477914781757786,0.0013307108912803,0.1074681829390172,0.0361032443410287
0.0299945876591637,0.0760182693602497,0.0420730026113473,0.3622505522949702,0.3238928703771287,0.0014395627970657,0.0049738780175285,0.0638562360610925,0.0355294840703233,0.0599715566449307
0.0093215868891691,0.0465812860672968,0.0402448082732738,0.3360101054712066,0.2977660439688642,0.0301008103704111,0.0820343852879405,0.0102221099063993,0.0413556340580817,0.1063632296137851
0.0252018041790008,0.0120084272411131,0.055693852613884,0.4578514676464427,0.3662453057153209,0.0280679043573844,0.0220871053508239,0.0093669109539879,0.0183864142044829,0.0050908076148003
0.013738443284505,0.0352596806609674,0.0133699485798488,0.4164622277359956,0.3625697107634127,0.022626641676861,0.0093206990726094,0.0307406218390745,0.0251122117775319,0.0707998144878487
0.045854416565662,0.0730768234860292,0.0129611391175242,0.3862241207219967,0.2855081956292143,0.0078381501959407,0.015328444030917,0.0134760064174652,0.1064059430240913,0.0533267606852747
0.0110894778977547,0.0387658082006615,0.0187942125703623,0.3568133276479284,0.2906994446111459,0.0283647376338959,0.0635984010705983,0.0160371549701032,0.0872704047956224,0.0885670304723563
0.01629444381726,0.0055376759092588,0.0389020944747808,0.3420217649022312,0.3441952907436497,0.0006122798982704,0.0139226424842836,0.0223901379361143,0.0238655300494157,0.1922581396649046
0.0084758345678675,0.0229925789078475,0.018660177689269,0.3478376896091364,0.3683060973116259,0.032152526537141,0.0855859545083435,0.0414100039675936,0.062069748985894,0.0125093877695865
0.0505111998896804,0.0407819539331935,0.0396411792396775,0.3881626683768486,0.3093986962642394,0.0376616280055543,0.025949874822648,0.023067797670832,0.0078699087972288,0.0769550928535415
0.0271251781129291,0.0103169850429013,0.0098192910617656,0.4029213960716409,0.1982764219859361,0.055362352193897,0.0467279653160284,0.0788815596226142,0.0379313308362641,0.1326375196074384
0.0461722352552377,0.0425332568080986,0.0220169087489602,0.4396614496893308,0.2078678236066131,0.0435171773369522,0.0067813373240353,0.0035990905231185,0.13670661863696,0.0511441019200723
0.0113595251523274,0.0038009650975114,0.0090731862513343,0.3523648828349026,0.3109974018910359,0.07635579940285,0.025658427224935,0.0501920782216496,0.0993362703169448,0.0608614634858062
0.0128350208174067,0.0390674336596236,0.0088797564261299,0.3086408087260162,0.2407830172349283,0.0165639410512047,0.0467410323232207,0.1501012463766448,0.0652654930986936,0.1111222501364222
0.0119508707240803,0.034351385065533,0.0006751851629724,0.308568102819048,0.3097332912504412,0.0612996671249037,0.0148799089569395,0.0860554674486139,0.0995594657866852,0.0729266554892036
0.0136123920637858,0.0399044213063642,0.0191275980120978,0.3192754464274283,0.217799746114201,0.0287050735328915,0.0616443032733035,0.0362284302655499,0.1225801421196918,0.1411224467632929
0.0493641847370206,0.0886376565635699,0.0449305494860194,0.3797399474289036,0.2416070638930932,0.0674472643380158,0.0259063354752598,0.008736645137754,0.0209246375322864,0.0727057152649152
0.0132817009286611,0.0649013990143317,0.000523885460623,0.2091957087714974,0.2464277571550591,0.0121911689831224,0.0886606561733091,0.0172406796117255,0.2340628707906997,0.1135141729721214
0.0232003639859811,0.0619318875210972,0.0112560126926093,0.2075090313967043,0.2240425681032264,0.0081589389037852,0.0201304875240511,0.0290810331294289,0.2963430896785911,0.1183465869283599
0.0229126407403309,0.0740952660903126,0.0028267469833904,0.1382065280763872,0.2057396718036758,0.0436540127212478,0.1261770779108026,0.005619235206283,0.2323764561354987,0.1483923641966058
0.0591303636717121,0.1138448131401793,0.0308583886963521,0.1327423173525103,0.2130489125578319,0.0191111988632729,0.0179724719691479,0.1011904461002244,0.2078895171551475,0.1042115703624626
0.0520519733445425,0.1057439235974808,1.305777922982484e-05,0.2007502525561476,0.2237227948757973,0.0226573843432707,0.0454494456051387,0.0895657375090958,0.0467117179165871,0.2133337123469415
0.0462462870879605,0.1546430632056337,0.0399138049817912,0.1488300884207571,0.2797868437720524,0.0152248062593183,0.0162972104782551,0.0190219444570313,0.0080527670055864,0.2719831841711889
0.0406114252638355,0.15466456324164,0.0625271001509928,0.1853926112703843,0.1685081723663885,0.1142328835451271,0.0710447653410325,0.0123244275277749,0.0062710213816803,0.184423029752328
0.0461080424768181,0.1916700372155193,0.1031094479314408,0.0832482482490235,0.1873582908804881,0.1169665659366625,0.006245620590274,0.0208801590088477,0.2188984367301328,0.0255151508204065
0.0189793548372553,0.1913870608252986,0.14176428504837,0.0942693132146939,0.1363114691996338,0.0409214106257732,0.0109180290103035,0.0819212373371152,0.2415164063898102,0.0420114333401563
0.0121772417877391,0.1426207101345502,0.1532982255797861,0.0606959331933117,0.1361890448737778,0.0770448313304203,0.1359937419043385,0.0960017519101016,0.1031810390524233,0.082797480039774
0.0392513881151261,0.0971609005421057,0.0920620139195185,0.0248492650968565,0.2496455141140077,0.2844895948726222,0.0034773400234206,0.0341421392458848,0.063612158262274,0.1113096855979353
0.0367828835177646,0.0999702239876852,0.1060990179558497,0.063183940805949,0.0566359185985699,0.043183067465809,0.0656464968412761,0.0251359753816416,0.2676435433623413,0.2357189318755205
0.0352386310024233,0.2193122462494539,0.0881487236434792,0.0279491198855386,0.0825063562360199,0.0055383181722874,0.0505870730714322,0.044987296536632,0.401551328816375,0.0441809061170124
0.0369594797007195,0.096061014571243,0.1190748710540778,0.0097272885978111,0.1557471850152803,0.0374996996867709,0.1643976685726169,0.0317872404605474,0.1775351833527683,0.171210368778478
0.0162621419891122,0.10232626295393,0.1019036119952626,0.0840121832731859,0.0453138609023604,0.0270240097047477,0.0238954399164901,0.0733524544589836,0.4584917043449952,0.0674183302348619
0.059974290943567,0.0621333558181483,0.1417943066466364,0.0786946098338595,0.0830767438761935,0.0518058839291072,0.0025426446796832,0.1306689635407169,0.36755078323488,0.0217584172818035
0.0994615890435047,0.0605272095581284,0.168600610600408,0.1154861521518691,0.0830018390894108,0.0082424551258448,0.0599437458809993,0.0177918781952289,0.3347550713325827,0.052189448758528
0.04751916698036,0.0614728168013607,0.1306576713288278,0.1190712268376691,0.163743879521753,0.0012866973171746,0.0440163619514463,0.1144367797687841,0.18052451312347,0.1372708861625875
1.869250848281108e-05,0.1284395365704989,0.0801477216722074,0.0881282637032086,0.124719308338988,0.03324347467905,0.0936285097050009,0.0170169744192956,0.4274657199536276,0.0071917982760727
0.023123777683853,0.1240851345246696,0.0791864228439588,0.1125672137924441,0.0060741365343003,0.0126028853275448,0.071374285773365,0.1162550535152286,0.3732343102637599,0.0814967795619224
0.031848143065072,0.1369368966901807,0.0161637829757644,0.0823753552084862,0.0197543951270665,0.0500777355014366,0.0534214192542057,0.0182893769484939,0.5889407817642702,0.0021921132351394
0.0377750373339543,0.0545918742048718,0.0462524174545279,0.1403105774338072,0.0781797560098234,0.0945866283158705,0.0117688727317564,0.0352149245263373,0.3947108208062028,0.1066090908743449
0.0405223602197561,0.0197482669870115,0.0773998500682717,0.0017927024539867,0.0303333879823438,0.0740745419006774,0.1270914867445867,0.0300588637851926,0.4643650362320671,0.13461350346796
0.0404714632496988,0.0579773108191706,0.1026009849014216,0.0325135289721804,0.153899754249228,0.0618960932257672,0.0637768759718073,0.0790770927105187,0.3167259869390676,0.0910609087914704
0.0013840103855896,0.1857486614809718,0.0896676846088723,0.1159890440497173,0.0494484222991051,0.0919361686997488,0.083659157079467,0.0433951840640195,0.3308612192245261,0.0079104476686203
0.00497839656376,0.1002958897857117,0.0404281342033256,0.0797372447731684,0.0075421163565251,0.1371556499222994,0.0074908942070437,0.1158088896656831,0.4350845534029209,0.0714782309180506
0.1219084038866115,0.166417063807578,0.0913982156470706,0.0224791423771413,0.0023905599124229,0.0279706213509032,0.0512564634673453,0.0036981440223373,0.375413599016641,0.1370677863556206
0.0707662174238497,0.1317023036946026,0.0472721072166312,0.0065621139262419,0.0050798654235143,0.0317787838704085,0.044522762345436,0.0466730064203311,0.4709836157232911,0.1446592237685391
0.1149341374986857,0.1923282949960549,0.1008606247647755,0.0155681211844561,0.0408800405069103,0.0401891040522417,0.0214447102832695,0.0715352482230417,0.3207360422677401,0.0815236759964271
0.0205691157591242,0.0701621153684899,0.0191854590708987,0.0403523028146494,0.2247132498408504,0.0114497923310848,0.0268507466972974,0.0788557164034526,0.3296488247195971,0.1782126768007384
0.1316640204647458,0.1912842453818472,0.1150686128768467,0.0068510613471348,0.0344859943541284,0.081214316133714,0.0368089593420793,0.0399781536549248,0.2039678098116441,0.1586768264099591
0.1132923937371728,0.2018449056652758,0.0042865221689086,0.0225373649253886,0.009202985858559,0.0818944663808446,0.0383886090074327,0.0330123687540823,0.4108086120570003,0.0847317712864747
0.1427348089021503,0.2486852197737028,0.0017367790926707,0.0014950027683018,0.0398226497788595,0.2259130088790863,0.0130037608579118,0.0191560240453918,0.1499299236801369,0.1575228220267205
0.0997518948448731,0.1592515711093803,0.0367162436825731,0.0240150067089736,0.0179019397838861,0.079842743712746,0.0459769631344185,0.0896209045069765,0.3894771917781184,0.0574455405531319
0.1290450644277415,0.1881976002219119,0.0750604825804942,0.0076622372485742,0.0874927887850597,0.1334125917151793,0.0453924662891101,0.1092584400686282,0.125224803841143,0.0992535246142049
0.1038364313268259,0.1426890008703716,0.0140550361912816,0.0142840602234364,0.1301031645424184,0.0280963965913395,0.074599347560912,0.1263934856100339,0.1373357444186037,0.2286073324017031
0.0558166591154137,0.1042728030772922,0.0006870594369605,0.0223884102829144,0.1212045758743854,0.0384240693719796,0.0165588442556459,0.0327682420019841,0.532304755564773,0.0755745807664128
0.1061028650591332,0.1048919431376278,0.0783032001685687,0.0714609237922247,0.0055419803170307,0.028112302325739,0.0378620079558655,0.1016097935640177,0.3575160733052916,0.1085989101935074
0.1782756689315347,0.2044755146217112,0.0490359756419562,0.1533966343205915,0.0904989023683085,0.014297977014153,0.0590527904518518,0.0302479759039265,0.2039967770610721,0.0167217833806429
0.1102675965976991,0.1089605337715293,0.0153454962862393,0.001503913922589,0.012180222835359,0.0101934715525239,0.0583913131605111,0.0819934033802036,0.4508690957754561,0.1502949524336629
0.1062602222179227,0.0745023344848862,0.0610197492850195,0.1249009514014385,0.1110971742304111,0.0895950942971463,0.0200411822990619,0.0231620830171894,0.2301634761710332,0.1592577324324575
0.0367827763079481,0.0528032997078498,0.0675637673559583,0.0660487446747491,0.0497345092618133,0.093379051426287,0.1265509544674835,0.0594845720606706,0.244662486363114,0.2029898381673547
0.0090295131745385,0.0583783633812429,0.0269250264690541,0.0805425714341739,0.057086329724911,0.0413590483716452,0.0347307027265364,0.1551746635861113,0.5219943928130678,0.0147793880501795
0.0713438316275598,0.0240616996742969,0.0552384320393203,0.0006490605876851,0.0048509165802837,0.0196088863908855,0.1673978299065849,0.018757033172212,0.394557887959043,0.2435344218259471
0.0061371075598663,0.0518184148985039,0.0146280391500159,0.1202453923027677,0.0780841924411577,0.0695846564436243,0.053204809396474,0.0850497307210815,0.1463920938317705,0.3748555629967185
0.024993949767549,0.0714829117352318,0.0829788664722694,0.0075292316863142,0.0077091988384543,0.1033625006628721,0.0118076126999596,0.0704366713742239,0.3074821848863646,0.312216871632079
0.040151687123466,0.0962653278068459,0.0211174729147169,0.0493166942715031,0.0504651882531173,0.1232294947208687,0.0051199417079523,0.08081706444084,0.2440319264334769,0.2894852021550977
0.0491678818621269,0.0109204334104832,0.0855514316101243,0.0972792629275944,0.0508943352512287,0.1229273783488648,0.0671514689174746,0.147987286789962,0.1740098007206049,0.1941107198637378
0.0887470961747285,0.0255495436848255,0.111263471540856,0.0242283673779141,0.0506281637513866,0.1648459641068203,0.0485964216223546,0.067595207116003,0.2575452297246305,0.1610005346918645
0.0576656722173673,0.0415784584771087,0.0840811714159038,0.0929697119422374,0.0880037635439616,0.1208664602050507,0.0750552596586674,0.0149933666482789,0.1299317537584706,0.2948543818425614
0.1082333797576965,0.1097901655964368,0.0776517478598891,0.062015667900747,0.0685096036195396,0.1387637518792456,0.0564367394393205,0.0987375761358085,0.1736253925115461,0.106235975147742
0.1131208909881314,0.087652627161002,0.1072362548920999,0.0008156169746847,0.0630606887040884,0.0179067595998623,0.0151610030670801,0.0735763337306111,0.3127893169730065,0.2086805077654061
0.0978183618815826,0.0932576169317062,0.0749984559001348,0.0410410136826056,0.0967139986821737,0.072756543587078,0.0160127228127159,0.0057268448112892,0.3835120991097305,0.1181623424811783
0.0845101757606063,0.0892190931766889,0.054046634764362,0.1330354404585458,0.0575055282077544,0.0922297668210973,0.1059907155866043,0.0854974463771475,0.2427922149209279,0.0551729837624937
0.079601273203477,0.0470892690654378,0.0868764256326106,0.0595722818943681,0.0695812124290329,0.0239713033610365,0.1082342600605337,0.1027504936033876,0.2587777697395087,0.1635457108216771
0.0836653058133489,0.0974120343049064,0.0339984363347355,0.00593867078351,0.0384007918333772,0.0140177867827918,0.0714013110992998,0.0545331971933063,0.4316616531312305,0.1689708125094929
0.0953277257065854,0.0937326407531971,0.0530717661944345,0.0149783940815317,0.0032824685200265,0.0277913352723558,0.0048320813759909,0.0637481158703402,0.4404517866901672,0.2027836853888276
0.0724957174474645,0.1029885913547348,0.0020678739918276,0.0599194346437143,0.0513276913669182,0.0563248949129987,0.0483549935653585,0.1189043290229433,0.2652281559916396,0.2223883175110259
0.0807497337719051,0.1138528956621556,0.0173193636787948,0.0684677998409208,0.1915788961096336,0.0281442966259928,0.0406420542064498,0.0103106543681307,0.2861436511982408,0.1627906543739656
0.0525558450922212,0.0796901826944011,0.0169396591419696,0.0626209104955674,0.0880839094462533,0.0379383493287859,0.1163797462009162,0.0321296693141244,0.2631337760114582,0.2505279521500443
0.0645761881924075,0.0704781072918615,0.003852028098784,0.0810188988607585,0.1478860686442575,0.0575960189459905,0.0344468271888965,0.0397752080028275,0.3194514954244016,0.1809191591606114
0.0433589864146604,0.0565104312234261,0.0050783846396466,0.0172750234056878,0.0762412747597833,0.1241783673119627,0.0283823091178352,0.0920343806598408,0.266791263787791,0.2901495784802569
0.0824613508042164,0.1670441924788505,0.0650269780764614,0.0719682693727651,0.0460531966292538,0.0677243159675096,0.0686462021144339,0.1582264876908044,0.132257781554315,0.1405912250972945
0.0503567547309676,0.0961792048972527,0.0144646125845521,0.0150562537614557,0.0396675555741775,0.1082607519505814,0.0086480224498894,0.0133241030632281,0.4314182979837501,0.2226244428242405
0.0434982838403248,0.1295263503828251,0.0501301435291253,0.0711972566271304,0.0015696345819098,0.0941564845395323,0.0912439192852851,0.1343775311737185,0.215899850565887,0.1684005452345358
0.004694275860409,0.0080839656923069,0.0244171974711806,0.0585642360934485,0.1922912892112504,0.0307780978969264,0.0885611690354505,0.0697383744142421,0.3224920831793735,0.2003793109772553
0.0101049422376987,0.0236979256028379,0.0411669894867473,0.1196066500234758,0.0248865077329151,0.0100745569989136,0.1108021170434233,0.0723514543103108,0.3772082074131334,0.2101006489515349
0.0159726971020686,0.0566493785366152,0.0089536912719855,0.0784612779930005,0.10248410997652,0.0823086985351756,0.0322916034038237,0.0217386522456952,0.3609068599312433,0.2402330307857193
0.0100312932166082,0.0757287895890848,0.0980715153310358,0.0216227964779705,0.0930425487032126,0.1082584950126007,0.1577026084615077,0.041591014705564,0.2278852549308225,0.1660656832933428
0.0159105765704036,0.0526236316557975,0.0554013108670906,0.1347002757509331,0.1472595200149002,0.0097259084971923,0.1261606217774665,0.0236726739567793,0.4001229028217207,0.0344225778277832
0.0627965824803574,0.0134306449518492,0.104114133184345,0.0062286011560306,0.0912545102520775,0.01548852060751,0.0322023797184688,0.0179022912745904,0.204235499775061,0.4523468364454519
0.0450298382037413,0.010657863545103,0.0260231669217494,0.098099809795907,0.0163232323865578,0.0885555569801254,0.0139910392902321,0.0960948609116073,0.4774081775951203,0.1278164542106099
0.0730613649697916,0.0783517530775902,0.0333913278761535,0.0150341243279614,0.0825602050472185,0.0599659963122209,0.0551149563974767,0.0738995373354125,0.3471098901391311,0.1815108443737128
0.0796805359191492,0.1025774556655552,0.0319953701431996,0.0802471013219958,0.1131110130393307,0.0305724461443716,0.0081197783546973,0.0199289793604916,0.267817937155575,0.2659493827250688
0.1024234354670973,0.1111978934352796,0.0156061561234308,0.0023627579564284,0.088036567479941,0.0397626902523073,0.062258791698336,0.0408555478177926,0.3008781404986957,0.2366180191279279
0.100899114591326,0.0999002571670558,0.0269456606938547,0.0171457155640937,0.0350780805878981,0.0476649479643658,0.0519251026055383,0.0294267494251168,0.3900561641974596,0.2009582070933745
0.1596264081178363,0.1836114028483698,0.027791606567092,0.0684914810768514,0.0036086664408533,0.0669099874753033,0.0274281189564755,0.0505872161328877,0.2900552314658323,0.1218898807262661
0.1350238320177588,0.1451052041618073,0.0669894003790785,0.0239206382551583,0.0373674630003997,0.0198666171438578,0.0611927312173626,0.0080766073131896,0.3341003505923763,0.1683571557814036
0.1480561912604975,0.1377165705667137,0.051854933343523,0.0514677440204959,0.0392108170695462,0.0566478545969827,0.1513633666073949,0.0190842409822465,0.2092056468431878,0.1353926345528019
0.0824335264216879,0.0797876338660334,0.0134221451009987,0.0500153411641407,0.0439095968250793,0.0012888966263695,0.0084575492824956,0.1052748534321017,0.4004879222573679,0.2149225348749699
0.0659054077088838,0.0257784391695711,0.0304019492717757,0.0482981025836463,0.0306578746571224,0.0326176588818272,0.0644126755511766,0.0246747924583496,0.4490694644112514,0.2281836351307174
0.007989478057971,0.0042971258872957,0.0517879681729636,0.0064224174023717,0.0775845368145106,0.1185388783673594,0.1318417438833507,0.0104703015152798,0.3931422163337883,0.1979253334200338
0.0677741589745192,0.0412280308675506,0.0270266291463416,0.0646386557648498,0.1045136656144108,0.0912132203074971,0.0531519521251883,0.2143511605392993,0.2321943798131237,0.10390814665446
0.0774676494600309,0.0599167105236334,0.0113787177041628,0.0298923223157302,0.031541997698166,0.0334593073719486,0.0133289253782757,0.0538926111657524,0.4418073269199507,0.2473144313168309
0.0599283895593764,0.0251097955013916,0.0355104621319802,0.0149690102129839,0.0115240578306831,0.019611338281954,0.1826274641089689,0.000661320608279,0.4093800525464764,0.2406781090014931
0.0569955409029456,0.0447346017738843,0.0338938289989729,0.0640536449428435,0.0054146094810192,0.0932489723031446,0.0492048973057721,0.1024913986702145,0.5298119932096316,0.0201505122611262
0.0491594382239875,0.0561471973085977,0.053924789590174,0.1048611614061325,0.0592806165446556,0.0369389129092122,0.0631620869800158,0.0883870867930707,0.4011990968218635,0.0869396132385571
0.0539562166813745,0.047477195155044,0.1511187065224054,0.0983179891078331,0.0610845328946078,0.0064432984875789,0.0680935282977071,0.002581105212426,0.2292069367793377,0.2817204906908899
0.0594940777071924,0.0414336510001777,0.1395635056891934,0.0015179099252984,0.1116207057903701,0.0418190910617664,0.0125589478758272,0.0163129698853645,0.4856847263292592,0.0899944145859595
0.0755367910196401,0.0570106263439347,0.146472374956117,0.0072805155731159,0.0805848906474368,0.0368445530291682,0.093073219954862,0.0979975136047762,0.3200425552548031,0.085156959479101
0.1148569121640415,0.0620230303769694,0.1966367605199305,0.0154709553833906,0.0375025453775408,0.0181746645760645,0.0971276268334132,0.0435284519494015,0.3108605347001749,0.1038185179705881
0.1265821289669179,0.0939718412840081,0.1948397074050384,0.0501223997375577,0.025182327786756,0.0909965200965384,0.0240520770890651,0.05211411065407,0.1995573910195423,0.1425814958228226
0.1404366993136072,0.0759349515362944,0.2042243622171585,0.0079043807031379,0.0257699392678574,0.0193758545777275,0.0434716741289041,0.0474146111350876,0.3736621383927565,0.0618053886230946
0.1678810711000586,0.1093484851548366,0.2020856604715881,0.0408991689997622,0.0801380008399354,0.0086156378122414,0.0484218313720047,0.0561558641908349,0.1412897092739311,0.1451645706615537
0.1264229164497387,0.039128985303052,0.1949603473964351,0.0268388658917301,0.0210928411694297,0.0753372989328285,0.0585847749056483,0.0589990274827394,0.3125207243044183,0.0861142180316802
0.1172440332435085,0.0445808378860584,0.1744812720012755,0.0610765943460985,0.0749135749099624,0.0238673197543685,0.0273270012007742,0.0105170965922985,0.2658207945416764,0.2001714753974972
0.0969764376169251,0.010448714009284,0.1862882709788429,0.0158012527878872,0.0002685383699257,0.0903387581859884,0.0845520589097131,0.0506217156330708,0.3751232110183251,0.0895810423375848
0.0348157322866774,0.059396763619351,0.1390856329315279,0.1176668234536968,0.1303536764371815,0.00305281398987,0.0164932070483325,0.1295513735111725,0.339369707169636,0.0302142693625428
0.0037411984190928,0.1085434336231762,0.072600685973562,0.0562300599226283,0.0046335893869102,0.2432357179703304,0.0372024839697738,0.0819523935950701,0.3281494046938902,0.0637110321871846
0.0867137568499018,0.0464737749289674,0.1472298989351047,0.0163161887244882,0.0963354512118623,0.0234422892803996,0.0858435272043144,0.0681613818872676,0.2067471424376693,0.2227365882904425
0.0500467574880262,0.0572206011457993,0.0706467239266813,0.0136801473740783,0.0283959744629071,0.0553718931150859,0.0151503723694073,0.0362926713758161,0.3557070396450476,0.3174878187973847
0.0965967489982859,0.104319434479362,0.0479486401841583,0.0485043087235961,0.001925739882338,0.0639510453167876,0.0175670084445508,0.0978472246260672,0.4594361139687262,0.0619037351807959
0.0242094573121283,0.0105217651081747,0.0487910354996946,0.0130651933507675,0.0282717577865604,0.01007295354775,0.0582134726871435,0.1367206347308806,0.3761861532252054,0.2939475765606188
0.0167428247001363,0.0133404257136694,0.0372720194329106,0.1310836694401148,0.0252174644697368,0.0589339975750299,0.1089089510558988,0.0949905755679469,0.3793404987414549,0.1341695730177085
0.0892777928603148,0.1092089780164324,0.0141557045254377,0.0727897110767227,0.0971363034325137,0.0597022060450894,0.1028897795236578,0.0055424877773228,0.2167223123969975,0.2325747241019586
0.0704094722509739,0.0823075269756233,0.0056107758837158,0.0681554345789745,0.1259753784342657,0.0886221404697958,0.0949165175876844,0.0460282513242221,0.2428548313605876,0.1751196709050514
0.0977129935674479,0.1261176269786583,0.031924513254897,0.043621515134904,0.234300348922593,0.0177280451450204,0.0254422083027864,0.105472707368467,0.0262201973964727,0.2914598437517792
0.0771256540638884,0.0891467624016567,0.0490061232074282,0.209192891339285,0.0345804960720788,0.0140133385466258,0.0512386847414149,0.0646968030398044,0.2741977135167815,0.136801532850398
0.0565789721698374,0.0498478634973077,0.0077620405607147,0.0093077038137786,0.1743984915697164,0.0969552564161384,0.1344505765239357,0.0808381441376317,0.2016317665257708,0.1882291846131686
0.0351066136563058,0.0071276544690414,0.0960535767511404,0.0809548935757618,0.0529256585437274,0.1051879305547172,0.1440095907435518,0.0661362432928517,0.3603541912192935,0.0521436469823013
0.0691023003661897,0.0707354257767399,0.1481523940332099,0.0082790060970009,0.0040076009173179,0.2186396863440152,0.0755374866391075,0.1518787188643311,0.1013507644212971,0.1523166160676551
0.0362551274055028,0.0408587307342475,0.0496491050171158,0.0193272557392589,0.1851654519665937,0.1647431498256032,0.0849346742714135,0.1344214966009557,0.2430035660438814,0.0416414421688645
0.0112761827616896,0.0583834758316532,0.1045604103545596,0.0033540025152283,0.0675319467268704,0.159722164706805,0.0499393780015746,0.0451546551871493,0.1236721529123511,0.3764056308056943
0.0048472447933609,0.0106760669949284,0.0994951732288719,0.056780000180141,0.1469207033776521,0.1432259038931074,0.0198617155198406,0.109746907466072,0.1430775864109957,0.2653686978519767
0.0829748467056453,0.0651600644391901,0.1117092613407042,0.0180220860993388,0.138683038914524,0.0914627646451807,0.018668301025598,0.0488157551151324,0.1856533053019044,0.2388505760766303
0.05313598150051,0.0311003774622585,0.0319536560778746,0.0804876769131808,0.0031540009857398,0.0800793990907596,0.1715990289387181,0.1027084162131783,0.1646525470019333,0.2811289155191573
0.0246117400766578,0.0223014655186055,0.1775009550324086,0.0240251619813741,0.0815836104904033,0.1621834991936047,0.1179192895354682,0.0968806666670424,0.127599374574031,0.1653942366660453
0.0486880044970649,0.0445058742679391,0.1767967627588082,0.0388844969062186,0.1384185331910833,0.1704842956164051,0.1442675251258919,0.001557866504268,0.0260053599985071,0.2103912809346826
0.1069147938553139,0.106775592572884,0.2080046990395506,0.1796550981279033,0.018001267956227,0.0190654417838096,0.0759185750139233,0.1439263473984527,0.0193656819544244,0.1223725020649706
0.0827631298689257,0.1003872265001334,0.1910264103176729,0.0143675761524935,0.1288345492203851,0.0124417930150769,0.0993336859136163,0.019242490109946,0.2787774160815837,0.0728257226083992
0.0652549537360826,0.047782864331892,0.1621687942637995,0.0638341717061498,0.0658142302326163,0.0736667516171857,0.1242103073675334,0.1691569168236317,0.0306819519894619,0.1974290577640133
0.0111128296128334,0.0348538481787792,0.2670294535284093,0.0196527071791922,0.1656582886516242,0.0538525009801082,0.0097611700488814,0.1221339172113275,0.0082005453922389,0.3077447388974499
0.0195952536526312,0.0166181697076653,0.1934786752722133,0.1288023477413614,0.0564199134491753,0.0814284896593872,0.0803536338471689,0.1060829239941333,0.0911092802988436,0.2261113121635476
0.077477005747968,0.0732705510263619,0.3197072642704778,0.0496683431521937,0.1178127357517497,4.168502204559687e-05,0.0633636833747307,0.0795850108449589,0.0479200380085457,0.17115368245583
0.0614266516564593,0.0485731172372416,0.1691033029550977,0.1682150982312789,0.0012315015283493,0.0797491812163711,0.0563184066207617,0.0635687215683265,0.0837219179086531,0.2680921009095209
0.0906125679761185,0.0955191337609165,0.1917526667128995,0.0883306236768607,0.0130136907612778,0.1884965224402243,0.1746773209299218,0.1061510121874672,0.024623369110532,0.0268230922020618
0.0913706623884532,0.0829575761634185,0.1978544023664582,0.0291273388222115,0.018612598081117,0.1934136875673011,0.0502693136182008,0.0200508970195357,0.1444913310264717,0.1718521927695933
0.082124014898871,0.1363843061152723,0.1622039514883783,0.0387865024853673,0.0475846826604244,0.0182183774004831,0.0347984237678616,0.0950056569765529,0.1260987968924609,0.2587952871011071
0.0598643783451547,0.0931438851348107,0.1787732492536253,0.0700754352509653,0.0496066457382684,0.0946550568260977,0.0499329842351751,0.1391165821427759,0.0934254461925927,0.1714063367028296
0.02597447875045,0.0471512623985239,0.315903698389693,0.0560002455136544,0.0445881557425683,0.0529167173154337,0.0546814630269614,0.0304300206594241,0.2075249285248017,0.1648290293525106
0.0134868922418976,0.0290105385835273,0.1847751852822979,0.0021345576308686,0.0857120447735794,0.0579302115241937,0.1639153084024742,0.1383508169675127,0.0392518385648191,0.28543260580833
0.0392076832696179,0.0922425441667326,0.2608599873377593,0.0506313873399236,0.017064369644889,0.1648041225194035,0.0705520804276636,0.1377265084087319,0.1110685411961032,0.0558427754056209
0.0128731053275825,0.0294965983327328,0.0953208699316591,0.1527164718806047,0.0113291846622727,0.0121645926999635,0.1414321019972805,0.0598890437137836,0.1818736613124146,0.3029043699673434
0.0104377251448558,0.1046160405228708,0.1623320717970813,0.0846659406398203,0.0625081807803963,0.0828878045100096,0.1213676399067487,0.0495759983882361,0.0964920797934679,0.2251165181566455
0.1190210262372462,0.0041739651347951,0.0171807874940681,0.1022475539947665,0.0349734988912243,0.0441556038390303,0.0705254980005227,0.0856659220488646,0.3660915837589765,0.15596456036128
0.032239278439989,0.128998855181975,0.1026837160205344,0.0089886908178666,0.0452714876738472,0.0530307283698008,0.0729484567621191,0.1301070508166525,0.2320710100519974,0.1936607256332443
0.0993681628295225,0.1233347566076156,0.1757371446156456,0.0195074937180268,0.0466480434360371,0.0132281094702942,0.0364629225698062,0.0911560015492403,0.1526544585497258,0.2419029064754074
0.0819185130058314,0.0915237954766096,0.1574738006182306,0.2440530060720628,0.0689760109351491,0.0200861431127428,0.0431090230610345,0.0022469207121039,0.251468983473032,0.0391438033431929
0.1186816659361456,0.1237843695284787,0.1548509144998954,0.1087918164589697,0.0726707570418854,0.0268145210417693,0.0369762174819469,0.0569914457602682,0.0580255715704092,0.2424127205373698
0.1015608285964256,0.1244912150500601,0.1341932119204537,0.087413825687234,0.120522905950841,0.0787694648015823,0.0796901292333815,0.1010364812372184,0.0954720596427041,0.0768498777364914
0.0561137813854576,0.1306796567200833,0.0486902978762528,0.1441710176071207,0.1788646860407506,0.046055329708554,0.0827247985554704,0.0739192898984075,0.1513050085409382,0.0874761334356101
0.001687513843833,0.0811588161691613,0.0628106851749242,0.2163263071548348,0.1919857196828498,0.0234107121111063,0.0500818773547951,0.0136215734712224,0.1608882214909926,0.1980285732320544
0.1215951023623892,0.0236560429664186,0.1133144213531597,0.0497276123080877,0.0331905938299934,0.0427133423605711,0.0899245075693302,0.0131953704675979,0.3147556695651543,0.1979273369582927
0.095312652804404,0.0136448680785896,0.0915915893523536,0.0171452046351784,0.0377306229303503,0.0732277519704211,0.1944619219086418,0.1694076120260683,0.1264837097986295,0.1809940663047796
0.0557610984615474,0.1668436082134821,0.0386081405506791,0.1700626550252083,0.0816785857229653,0.0890119414003152,0.1286340773057734,0.0327251568620344,0.1960236755157323,0.0406510607052583
0.0015183306248306,0.0773855392413928,0.0073994234676549,0.2605590618456791,0.0254830490892983,0.0986103385718912,0.1724511328937605,0.0427030252287065,0.192201724376191,0.1216883743686034
0.0818803862441695,0.0712939859596495,0.193586023649313,0.0618714391236974,0.052485842953727,0.0905532024444684,0.0587253244508316,0.0828590560337332,0.2178516535134541,0.0888930853835224
0.0705728514294806,0.0697947899906478,0.1329240607345004,0.0663114056812037,0.012657460764907,0.1213143982781537,0.1036525422920435,0.0222327334760989,0.3187524787182008,0.0817872784327644
0.0632870342000201,0.1375244891695482,0.081502792821141,0.0890100340580662,0.0062404558441368,0.1390389853177487,0.1151567740931548,0.1110006163844744,0.1943671792866559,0.0628716385969353
0.0283840688757314,0.0853876879440241,0.09719714128859,0.0339041561514319,0.188357879718516,0.1210840699974654,0.1159815487133069,0.2046923959558827,0.0449094686215386,0.080101582426191
0.0580919693524661,0.0815868749174975,0.1722273235501496,0.1897220664582417,0.032389847553506,0.093011279453611,0.0487036353856461,0.0846304501660946,0.042022389653066,0.1976141633144112
0.0525803585451388,0.0529636247883263,0.1107808978846389,0.0562431408495541,0.1626855191113038,0.0582219202380282,0.0529144154633349,0.0437493784538388,0.1326807025968959,0.2771800417099845
0.0546920800076673,0.0341072357305483,0.135551751791864,0.1420248419200002,0.1475389728662275,0.0644623736758519,0.020012519071024,0.1261486178814389,0.0375562520812515,0.2379053546505366
0.0589527343373799,0.1017328361237105,0.1820192025973783,0.2162871167195753,0.1473746027612486,0.050169352846422,0.0161051692362785,0.0101713163655006,0.1861577278358313,0.0310299407824269
0.169707445190927,0.1765866791492025,0.0096161018941586,0.1749794922225016,0.0795455883312283,0.0874098002493663,0.1226658759285032,0.025567557725213,0.037166811599099,0.1167546473435749
0.2000632738683564,0.2411101590809201,0.0653461552046104,0.0534805001402561,0.1339426150638356,0.0149050241656454,0.0115562451740963,0.1533253114977372,0.1124690070891256,0.0138017083310963
0.1091516641632589,0.1182427532656257,0.0217094602313819,0.0446067528413079,0.0153318762244112,0.0681037072079517,0.0419448994799786,0.0065327050379885,0.3576456037973131,0.2167305775551181
0.0702596129236664,0.1479230373168061,0.1060389790369432,0.0621853975834476,0.0761010724616195,0.0467393291966756,0.0208015951466886,0.177970699614171,0.1250217695051276,0.1669585070197328
0.0940546663193931,0.1591139160144123,0.0692140599718135,0.0290664212495762,0.0832720857874959,0.0237141408236479,0.0103018420947626,0.0207687708964303,0.4297935645875858,0.0807005320973257
0.0788097859685917,0.138006791294413,0.0700101985816068,0.0436988206323758,0.0706478753296722,0.0553245907666502,0.1041759310517526,0.0712172644034961,0.2104659119864939,0.1576428298239609
0.1637472487597035,0.2780411337127463,0.0130597904895932,0.0799000191835867,0.0262624390818244,0.0162600941151362,0.1376386584887741,0.0121987980620628,0.1650558154488614,0.1078360024439385
0.0438331709711301,0.2150538019861309,0.2049799725796798,0.0456470470127127,0.026589939124162,0.0385811374939799,0.0643198136084765,0.1204264099815295,0.2049104562432238,0.0356582507554793
0.1083153928023308,0.2678425014841804,0.0781126900617305,0.0033232969722554,0.0263981742477641,0.0534437956343988,0.0201985749539083,0.0811589463669655,0.2628568018376981,0.0983498254608579
0.0913821883128856,0.2445661876317536,0.0933119456003162,0.0574274074582864,0.0462998798444672,0.1352276322177617,0.043684975065988,0.0230028592512154,0.2231205025502578,0.0419764219190813
0.0187860500991996,0.190141892753604,0.1700516367260188,0.1068460086299243,0.0539714505826134,0.0932013431338391,0.0841543859747976,0.0782304318380965,0.0568705829284073,0.1477462171880266
0.0154513798552645,0.2551934553592246,0.2710967638314896,0.03312360109667,0.0707543733932815,0.0214933050897231,0.0512698344562675,0.1227703811894123,0.0853714619458821,0.0734754435915253
0.0099376782411509,0.1909283628260102,0.1827127767466186,0.0755233359552687,0.1013826336414168,0.0348072913099102,0.0408016068843361,0.1186578017049048,0.1026763157749906,0.1425721967756547
0.0171388048459199,0.1994741299288066,0.2071754253470918,0.0358549764093172,0.0335622935487478,0.0140735083676851,0.2230378824654301,0.1085346998875755,0.0815450997680572,0.0796031792544639
0.0591316982223464,0.2200930561947346,0.2070926997568191,0.0728332308327386,0.0703618245980384,0.12046511332745,0.0848029229160502,0.108273212680992,0.0432900327161241,0.0136562085469375
0.0372593377336522,0.1135269327182264,0.2101401759686376,0.1182584885099571,0.1588613122771141,0.049983940732979,0.0232655824217271,0.0004420838299046,0.079140118278986,0.2091220273820729
0.093777509710263,0.1175954024707144,0.3254305488638108,0.0145236258220679,0.1457844629054976,0.0311093581512766,0.0319564292718671,0.0839938195806261,0.1235723449151343,0.0322564980683559
0.0664129860089298,0.1031382545416637,0.2435890960531531,0.176080199549119,0.0438937732890389,0.0371998747438756,0.0358254383873128,0.0615564001563058,0.1434442130152278,0.0888597640098444
0.0198428774156271,0.1449361478213212,0.1296228256077276,0.0505988799212618,0.1013938632680802,0.0858246366464976,0.0647807955893278,0.0634261860901536,0.2051482531361903,0.1344255342979712
