0.095590193353725,0.0913821039567898,0.0646958472309673,0.1427358895300257,0.1292273333245873,0.0867642115723373,0.0790662687574149,0.0983384294270461,0.1654542427641924,0.046745480030624
0.1146499402417036,0.1184321598623293,0.0764930215122836,0.1305001386445325,0.115956508722275,0.1107766021926191,0.0841126735628386,0.0570159330409782,0.1576076860135042,0.0344553361493061
0.1056414911060505,0.1079607951535155,0.0679444049279458,0.1505956265486597,0.1308943330392718,0.1087469656129324,0.0954885256412209,0.0875743064779805,0.1113023748639233,0.0338511765641329
0.0975029157440973,0.1095580396118582,0.0549206785535502,0.1539704130971818,0.1878987138805359,0.0412331199620677,0.0667192232451246,0.0662611391813234,0.163046362964962,0.0588893937021731
0.0948153909196164,0.1064272252634308,0.0678180192644883,0.1456758416711396,0.1579766733649221,0.1151320830826115,0.0965888810330692,0.0509009593322268,0.089227012780537,0.0754379132264609
0.099227346654773,0.0970527021171477,0.0825093288479835,0.1812041594463569,0.1195652948144209,0.1024438853887528,0.0785334717197849,0.0920893404115634,0.1133882704809373,0.0339862000589751
0.0954680992519345,0.084602867296511,0.0948562406868373,0.216190589027457,0.1503109358488058,0.0832531020717051,0.0751980658018048,0.0438410555256027,0.1304123117647142,0.0258667326613336
0.0744584510670718,0.0687429023500049,0.0754873685168266,0.1712650239925266,0.1257288289835587,0.1137746300871844,0.1126910891624821,0.1121021665548086,0.0957686783028893,0.0499808609232007
0.1037662463496698,0.0954927886768279,0.0872927492313993,0.181795919072263,0.1708156910196188,0.0630557864109483,0.055900755756628,0.065380318309329,0.172527590874025,0.0039721542211735
0.0795278996057669,0.0700285342585905,0.0749862833827984,0.1502475026860282,0.1771911812995401,0.078814783509241,0.0961479872092238,0.107446133942266,0.1458082120537457,0.019801481986186
0.0826797298800153,0.0795107629708671,0.0700700052067987,0.1683699737352532,0.1731385401126207,0.0626529863882049,0.0677862101995833,0.0818299088164647,0.209010428408666,0.0049514542213194
0.0957295381685482,0.0858664101217101,0.0871708649411274,0.1580949667125704,0.1871943057639224,0.0842233370815971,0.0727610096065245,0.0599065868348305,0.1600177005847474,0.0090352801182663
0.1060110347706177,0.1005269445024164,0.0852532933934512,0.2084846504095075,0.2052235495074758,0.0704872772798936,0.0746004421204577,0.0336654155331843,0.0854363516545061,0.0303110407514725
0.0880269251345376,0.0969975197965097,0.0741808415946504,0.1634055734472257,0.1615273663100304,0.111379657959752,0.0934386074734949,0.0925700090788455,0.1102187611078283,0.0082547380309448
0.0726545415209289,0.0868367996194204,0.0513562634183352,0.18265396404425,0.1572811474456278,0.0514081005055174,0.0643257794699996,0.1003591671293391,0.2066365684927247,0.0264876682936395
0.1037026077654252,0.1241150783778858,0.0742365340108664,0.1741514300202535,0.1838368784751684,0.0387261534241508,0.0455075497098844,0.0617263599688398,0.1891543816527607,0.0048430265181154
0.0692235128249324,0.0958838228989852,0.0335897023112726,0.1414729055609157,0.2287741726289895,0.0685455505030703,0.0335409022518181,0.0782872102466564,0.1981854495722027,0.0524967711416978
0.0560713262626478,0.0865528560576416,0.0298843759968687,0.1886793465369913,0.1228536245306103,0.0965464697538201,0.0584073320505369,0.0719274382722473,0.2808273678913474,0.0082498625842759
0.0225209479334399,0.0632184609219078,0.0176089279053255,0.2531913834231259,0.2291415060652476,0.07122145999693,0.0734915531251481,0.0781888823202141,0.1569097164068795,0.0345071618298664
0.0248211070968291,0.0677533640853013,0.0075003645984952,0.1910137627003182,0.189985483804347,0.0824657531827774,0.1204231154900248,0.0339989176393184,0.229936969562633,0.0521011617718606
0.0534082430592078,0.1107835938286634,0.0065593588022418,0.2301896291813537,0.2301039179126681,0.04583270354177,0.0973376636744353,0.0057537920679165,0.1890919995022629,0.030939098344257
0.0450651899255461,0.1078783748544783,0.0080704028445133,0.2073805718515856,0.1776757873847353,0.0440656580806981,0.0868579524725176,0.0550315117161551,0.2590211981538925,0.0089533526371613
0.0726541939645578,0.1511559576807802,0.0039953889637506,0.1928195019278514,0.1478056525147768,0.0840292920957457,0.1211078075296108,0.0391437417178982,0.1519385821031915,0.0353498814098085
0.0519943710249044,0.116004086079252,0.0056503866341057,0.1867714950287854,0.2197829009300158,0.0495836243719784,0.0935433994205264,0.0342446891306428,0.1952359506305556,0.0471890966796913
0.0511645590748458,0.1124214172019003,0.001288459663385,0.181950958799555,0.1868408967126558,0.1263615664837512,0.0321074150606435,0.0096120881737409,0.2821289486925191,0.0161236900549814
0.0665273642649962,0.1356121963426628,0.0232311602067055,0.2486097645502974,0.1569657620542941,0.0405155944885945,0.0707055677384556,0.0454450527159425,0.1538398924025109,0.0585476451541067
0.0742161841958293,0.1108943871247199,0.0555484676195372,0.2052723355923335,0.1489670878981551,0.0136570031236724,0.0472744490788817,0.0954141723101295,0.1789593067340391,0.06979660624526
0.0800808171184259,0.1237120988097719,0.0521506235681229,0.1999220022721307,0.1894895617636827,0.0336295867843013,0.094882509598896,0.041117229486015,0.1710626870026663,0.0139528835041026
0.0828265806349857,0.1129931168788095,0.0487944417085296,0.150437512813411,0.1630969618968614,0.0385446559814804,0.044637833853722,0.0427715378410899,0.2697007378676348,0.0461966204446103
0.1071992239433733,0.1407987474553154,0.0705008949749033,0.1243560704650802,0.1202909379462078,0.0257682479000462,0.0409484780709543,0.0160235362956108,0.251555810462204,0.1025580524111677
0.0884267286875323,0.1133213614141682,0.0639486464984066,0.1665157427782079,0.1589405501877375,0.0811731864290225,0.0176510816700344,0.0490586407727306,0.2269777083479476,0.0339863531399994
0.0898405723982855,0.1148281324926961,0.0614583119375497,0.1177795421904459,0.1790615878972134,0.0065288582069272,0.0522454470392578,0.0277191931429905,0.2383172875569414,0.1122210670600385
0.0968143068197697,0.1330993581096528,0.056011797099826,0.1571389699746191,0.1321552779103472,0.0622121392687688,0.0110910453460617,0.0875903508159516,0.1713728827539381,0.0925138718073424
0.050153885577093,0.0930305903579011,0.0034390717856095,0.1374759225329535,0.1168797303504182,0.0354805268207528,0.00618833463597,0.0174599615911351,0.3983174290131612,0.1415745472357986
0.0269765212417649,0.0419933273078617,0.0169992994189587,0.1879341582475524,0.150407818681642,0.0599305072616826,0.0925037523613145,0.0482727092418736,0.2877594973957464,0.0872224087368711
0.0252082638272753,0.0411496475615224,0.0018034321106881,0.1276131699911943,0.1422149180681333,0.0433081852203309,0.0793414323925067,0.0473957596866311,0.3090944817117911,0.1828707093337102
0.0185750696595931,0.0138525174409088,0.0629077949526844,0.2107352225970182,0.1736561929690834,0.0315775106079823,0.0090133956366212,0.0125367595685135,0.3765417930857526,0.0906037433507845
0.0532138489600718,0.0052835332567119,0.0949187845895141,0.1415063591053591,0.1213730777981191,0.0642255287090707,0.0321444441472495,0.0976395905832151,0.3009419831354654,0.0887528496206565
0.0309494465500142,0.0182828872189692,0.0898948833495816,0.0789946258974034,0.1367700908586652,0.0625247825746126,0.0661158534938828,0.0210526471463116,0.2968082731266934,0.1986065096841027
0.0543780815079999,0.0070619439497453,0.0678016325062362,0.1104039870225662,0.0117257900682038,0.0496138746393214,0.0349527645353123,0.111691773720065,0.4033387260477215,0.1490314258942729
0.0637136702204477,0.0305991890123408,0.0718420848122004,0.1393603876638998,0.2151023161902249,0.028716868398608,0.0866915714712791,0.0406174184086075,0.2923988178663692,0.0309576758550813
0.0676546492398914,0.0638156715667453,0.0467598629710759,0.1374816469244845,0.147638095417751,0.0189920850260006,0.0621240360334535,7.324160766781411e-05,0.2766552696198193,0.17880544148237
0.0514719268172669,0.0314846358999246,0.0330391455208989,0.1362952858845547,0.1850025446481641,0.0322415956500667,0.0595692978970637,0.0680307870915855,0.3236005703185986,0.0792642101383335
0.0059395452432906,0.0045481271009633,0.039139567711418,0.1350507810819703,0.1419431605345807,0.056649147636456,0.0743213027543635,0.065922039763092,0.4042614858619794,0.0722248421221568
0.0344868823343994,0.0019895072294834,0.0090281900276007,0.1337533916978802,0.1272080320032641,0.0355462985705272,0.0609809346770206,0.0129950773301842,0.4522601843199422,0.1317515016286319
0.049321745349022,0.0082585579916477,0.016284730115205,0.2039913906836478,0.0815071910771172,0.1852222736370862,0.0286095633305942,0.0394408411601434,0.3729261919851276,0.0144375144907812
0.0608775822101182,0.0368038986127089,0.0374983120109302,0.15696740281564,0.1327743118345754,0.0055049078792827,0.0993962976776417,0.0746069724751506,0.3861524210348188,0.0094178933097017
0.0736419514838082,0.0237255374281579,0.080894793796645,0.0574773116444903,0.0553327748814761,0.0393975995667412,0.1213193464584892,0.0754677003891887,0.4043213258277493,0.0684216583740554
0.1198525189790552,0.0055812611570886,0.1386927073853998,0.0257228949736372,0.0530233151243335,0.0186642892867529,0.010835633858592,0.0035725825488119,0.6161456194996264,0.007909176960279
0.0721252302991549,0.0280133757691757,0.1044716557964066,0.02743291143793,0.0589940072042572,0.1199027982817609,0.1000026424649683,0.0125139857507975,0.380682308722193,0.0958610840798224
0.0485759011646643,0.0601314120763881,0.1220941992079022,0.0873553540742704,0.1671147057246233,0.0700947256872414,0.0163458522900959,0.0114606849765107,0.409590206455291,0.0072369581557044
0.0884666313632394,0.0130543155154694,0.0875436598455993,0.094297524310839,0.0317327128414019,0.0185487661376955,0.0292904513585478,0.0165066560359936,0.4117625529157337,0.2087967294677058
0.0365821321293604,0.0161237348412694,0.0497668105912807,0.064303106408505,0.1533471064117687,0.0353774893116169,0.0160045353263259,0.071628153149723,0.4551923796737572,0.1016745519832252
0.0106753463525382,0.1569127951345431,0.1059912101311296,0.1082381245617732,0.0670916703977232,0.1555281374291763,0.0403297254742518,0.004287107461545,0.2605488364777832,0.0903970463100218
0.0153267651374382,0.1020902184420576,0.0905621412930002,0.0328070832392667,0.0396821915676636,0.0108491455553994,0.0724955336408048,0.0283050856297508,0.3124582769093963,0.2954235584236508
0.009032993346106,0.0582404638146629,0.1005249296659209,0.0500214552879581,0.126839355168022,0.0789359762036176,0.0051370946928761,0.0650262791042524,0.297631048704537,0.2086104038247972
0.0036700695726123,0.0017590972822254,0.0543966331639672,0.028678967790307,0.0190822142930713,0.1416891091785019,0.0311503728345514,0.0632217972040277,0.3521626890689289,0.3041890494487351
0.032633301594193,0.0023343511833487,0.0980482940548169,0.0817947350065586,0.0564687851445103,0.0772005927346557,0.0029329013992809,0.0486247199561395,0.3441189116403611,0.2558434071556004
0.0416838635197442,0.0835597586012563,0.0410771216585621,0.0207684457493895,0.022042691939598,0.0775148107286209,0.0144760388515761,0.040676182943913,0.2865947557114234,0.3716063301246255
0.097037157915746,0.1312986394013135,0.0182647555867834,0.0550754866221748,0.0210481535902508,0.0389124884122787,0.1263095647902039,0.0261034219269556,0.3527010473587393,0.1332492842246313
0.1040615404779056,0.1417993921392688,0.0373468487199518,0.0349502586854125,0.0331279788768301,0.13265339760677,0.0257670101712165,0.003304904015316,0.3862238206520506,0.100764848494139
0.1218842224645913,0.1406732702860219,0.0441136750285733,0.0802713803668061,0.0328465265090979,0.0614303769837093,0.0060098159716467,0.023577337467502,0.4488059829929353,0.0403874117271729
0.0147072618809368,0.0483148762705759,0.0708074623559927,0.108583315201956,0.0776262765224089,0.1346450090699737,0.0322314364704258,0.0004133295798249,0.4615284101776296,0.0511426222685599
0.0216937980508773,0.0669096871552652,0.0649092531417366,0.1460351601765381,0.0370233904603325,0.0436670479041313,0.0829854486465903,0.0793115820756678,0.3289440335491353,0.1285205986730944
0.0564982612122926,0.0205779822924619,0.1055232287549359,0.0717161390787325,0.1523990335910095,0.0863815126695893,0.0499029648538417,0.0116361743684101,0.2713694899613436,0.1739952130580782
0.0018392824700802,0.0553972405078882,0.0656784311821279,0.0241665086239966,0.0658590447961763,0.0842425319146784,0.0529590196745748,0.0351470864224192,0.4525031928903762,0.1622076613557591
0.0010624159197409,0.0877351350377397,0.0760957241875629,0.0851943953517301,0.0417259949972255,0.0183503116607709,0.0008089247208297,0.0406394584380347,0.4094764093260601,0.2389112301570294
0.0400846879880168,0.1086687213724684,0.0032051003973452,0.014923870587063,0.0743147358893397,0.0661619438395258,0.0001295953350535,0.0727604753220579,0.4558226647170497,0.1639282043659888
0.0021362875550779,0.1082735142281241,0.0390384668854856,0.0448002316213003,0.1211427226847353,0.0618830449367892,0.0174382838060365,0.1000093880339967,0.3111505051092611,0.1941275549243375
0.049129333514477,0.160565638740984,0.1527286759890416,0.1045919847423463,0.0011663304666488,0.058520374220593,0.0108253038287601,0.1170593901529322,0.3314437669658672,0.0139692010703257
0.0196863441844372,0.1050582637647539,0.0662394266165982,0.048598046793016,0.0556645986354658,0.047257676301837,0.0020016779281482,0.1218523946644524,0.3299784350409316,0.2036631358943941
0.0887453771369569,0.06675496607185,0.1391245850472625,0.0122071976695786,0.097911421600161,0.0929179666299822,0.0285008607879455,0.0239773195171013,0.2861418721083614,0.1637184332419388
0.1084972096012415,0.0719099444889998,0.1802983306509872,0.1258010627568384,0.0098086825658699,0.0858551209625512,0.0292830424195392,0.0277757624940603,0.164744137611522,0.1960267062469933
0.0840526765197704,0.1197147312912956,0.1889715192791859,0.0181889311299039,0.0153856516452586,0.0230961796514993,0.0188713442229528,0.0571943925104274,0.3234187838650353,0.1511057896911138
0.0715331783712048,0.0607038568949764,0.1179404581116722,0.1037279991104164,0.0098580868618697,0.0642882854618559,0.1109189215159304,0.0577151334987771,0.242346429874654,0.1609676501437108
0.0708778240190798,0.1006404296698264,0.1352864773690138,0.0804158554144036,0.0052970833117729,0.0247665577785229,0.0016980168333483,0.0727274089010612,0.3016537181891193,0.2066366283356036
0.111300869981448,0.0777454180694765,0.1474893332779339,0.1050006953072966,0.0897372971255987,0.0065833437052299,0.0643415693801728,0.0407119367192407,0.1573493314177431,0.1997402048151749
0.0910043743343854,0.0443561612773001,0.1292520881950057,0.0492752400882043,0.0401273390098042,0.0011038291262214,0.0593136444898451,0.062255975890271,0.3047425434787691,0.2185688039661513
0.0610542453716588,0.0791811879138526,0.1152461256366672,0.0434698241610822,0.0289818118788462,0.073995600801379,0.0383308462917767,0.005540633597111,0.315574867960295,0.2386248562370098
0.1243361244360573,0.0905751218985759,0.1986467296137548,0.0464730287505098,0.0492026124705503,0.0812018913970909,0.0458708582727451,0.0410285336088631,0.2918321412272196,0.0308329581178179
0.0679819854496875,0.0262924341140967,0.0848648571043135,0.0350353624855842,0.1006569246799605,0.1022300437649157,0.1450058484353758,0.0567719864221089,0.2354937000700734,0.1456668573573163
0.1134957646346685,0.0159055596610606,0.1656301802915728,0.0019784329198607,0.0132761141093526,0.0727010304760741,0.0062230095142364,0.081468778930386,0.3735983371546961,0.1557227921633892
0.1104295012983067,0.0477125976137709,0.2044058648712979,0.0481676716336351,0.0037928984072441,0.070631977626006,0.0798727805609432,0.0607527379819104,0.1460052592186262,0.2282287105988597
0.1211597727606917,0.0775263817219452,0.2349713365690809,0.1112731674021199,0.0955634696664977,0.0355394107271913,0.0090320939797273,0.0077651330400594,0.1761604535545739,0.1310087803837122
0.1619386903663645,0.025006026542906,0.2289558206717948,0.0761247820629255,0.0472648874065489,0.107508459947821,0.0575270535115522,0.0133778191048376,0.1040488494186428,0.1782476107222581
0.0108199599802065,0.1498280634918594,0.1324193697693738,0.0354694675751841,0.0349471475602428,0.0807193616413183,0.085631411232047,0.1241608763895805,0.1045190370699042,0.2414853050622524
0.0298244829060794,0.1430699119524141,0.0734232008018795,0.0398749287106827,0.0626193803360815,0.0529442078231118,0.053918465163081,0.0188843432883016,0.2275956617197196,0.2978454171471064
0.1310723581767421,0.3125439416795851,0.0400978815235246,0.0409940311794896,0.0171245085669758,0.0451712398388295,0.1462192621952245,0.0155920803844026,0.0383282949980861,0.2128564012302946
0.0201659648136627,0.1876176907970577,0.1156080088590465,0.0484486523985045,0.1249770157701844,0.1218728556631904,0.0723218662041115,0.0088783276001095,0.2919001161426225,0.0082095015248684
0.0291646608184658,0.1276062146309969,0.0441018903369303,0.1886779875701948,0.1110945373130468,0.0105558326745056,0.0345361870480944,0.1254465034654945,0.3148715089926755,0.0139446769431326
0.0962024720274897,0.2174838578007046,0.015788846443353,0.0754810402975379,0.0382029477894751,0.0202532208498933,0.1018979842735857,0.0160126308629949,0.3350934125292748,0.083583586936605
0.0939931793990033,0.1998734968564365,0.0328719202001556,0.0872753335997974,0.0239031141253529,0.0496730780286711,0.0607963555621073,0.0354957788348411,0.1627759138388514,0.2533418293940159
0.0833674615500057,0.1889575145564091,0.0348399391892132,0.0575231332547235,0.0147119764645415,0.0009467542214085,0.0591253916287016,0.0120583561523951,0.3845644525096762,0.1639050203120687
0.0034173086081967,0.0806955067114981,0.0802010326537875,0.1633424868047954,0.0057808695525779,0.0802811376598851,0.1313669841511281,0.0661587798675197,0.3818169060773246,0.006938987742792
0.0497065673588116,0.0968246643296483,0.2016840405311765,0.0469654850248134,0.1022359925411418,0.0062712308209457,0.1085745797964277,0.0041153626458988,0.1854852903254535,0.1981367863245501
0.0157414261002228,0.0779885559431719,0.1006217411114107,0.0846607971020713,0.0189199984595671,0.0421776768180228,0.0101426084382659,0.0465954799992136,0.3864579093969133,0.2166938064513265
0.0701611394987031,0.0261942579510656,0.1693235541746232,0.0154323955948644,0.0409538139135485,0.1342531570177285,0.0360463325874691,0.0358596539067735,0.217584172286098,0.2541915229099658
0.1175935666465315,0.0541487413016008,0.216409099340258,0.0965148538622706,0.0234041180632356,0.0531836628952666,0.0558933125825443,0.0599438565704337,0.0359647568077719,0.2869440317360237
0.1405502547893222,0.0608940005703001,0.2554561113094589,0.0044777442298621,0.0441481268671193,0.0480736983868537,0.0779511779195646,0.0087440671700383,0.1033275824255214,0.256377236024754
0.0763589800124763,0.0608711293542162,0.2064711171853284,0.1480217724432641,0.0696906080200086,0.1165174049367734,0.0599649240941001,0.0242790242907789,0.2225246747456661,0.0153003647069267
0.1855615800718942,0.0408686587322101,0.3041116338785176,0.0899720239006291,0.0415318801286292,0.0652533346906715,0.0222220160825645,0.0940656095500447,0.043707275943217,0.1127059867683089
0.1425160402192329,0.0660299736066354,0.1866258061844872,0.033523293535566,0.1202458985703276,0.2135092271909726,0.0500805464290626,0.0281009870582488,0.002710868719638,0.1566573582721377
0.0913236936582592,0.0004311484315666,0.127994547064109,0.0441989473364105,0.0480112377409648,0.1729701575819831,0.0450416050638566,0.0072732502216667,0.2141328809243355,0.2486225317710945
0.066423286281556,0.0105015451344898,0.090093838777777,0.0673826391315942,0.0370289042563079,0.0769085063467934,0.1088040862113758,0.142741872114192,0.2725716073999999,0.1275437141371769
0.040922212959366,0.0818032413522995,0.0976237251066995,0.0254206883573847,0.0663289658494059,0.0898535391299439,0.0920021800061789,0.2190063378172916,0.1545250048676553,0.1325141043041743
0.1203332399700165,0.046533338448786,0.1067426344178232,0.0263829363480919,0.0566906055087857,0.3041923060528021,0.2148490380971948,0.0315416179681017,0.0607739053879445,0.0319603772340768
0.0123406961347378,0.0726779306413969,0.0238527708691223,0.041359865431638,0.1036122013843153,0.0418709947019657,0.101250823167739,0.0983508342531111,0.295714452644854,0.2089694305584374
0.0361435202506875,0.1171348061450003,0.017811769699493,0.0594164250116792,0.0839933326599198,0.1055620390427508,0.046243790240365,0.0175000352145724,0.1651907744406525,0.3510035070436242
0.0440860121981956,0.0468793106323163,0.046647946988492,0.1770529024882708,0.0279174840570333,0.054002281491835,0.0117912752331594,0.1057511295166563,0.0657181859890608,0.4201534711663556
0.0591606175346625,0.0269379306842362,0.0541462788106803,0.0141611941507912,0.1722569243313659,0.0827698222301732,0.1012179837822052,0.187425885178387,0.1864644180085862,0.1154589450588774
0.0377486502350738,0.081724267486814,0.0558252064486297,0.0914894477267318,0.2821511596258591,0.0790034567312429,0.039646713498831,0.1033189524302036,0.0257056003327638,0.203386545117273
0.1191095420880428,0.0114945651580442,0.1372114954353605,0.1323018697263823,0.0132502056915117,0.0550176345139731,0.1739463852502138,0.1124986438378886,0.2297890301300555,0.0153806278432026
0.1070102577085693,0.005169900949387,0.1214567259411673,0.0596021179373545,0.1221317270218265,0.0571162477884178,0.0120622891120132,0.0358550166295051,0.2311471178152711,0.2484485988589923
0.1484448423783769,0.0075563538946978,0.176045836397873,0.0896504296051943,0.0782519489492451,0.0896525913866788,0.0544007977982142,0.1041756349236749,0.0727004874011224,0.1791210770101089
0.1369898413273274,0.0363996987952716,0.1671711411640366,0.0836097346044954,0.1895779931950733,0.0031550602290658,0.0898736818773426,0.0092351021112226,0.18245886145152,0.1015288850451572
0.0544623159912457,0.1456079643619887,0.2488172805736367,0.0039661760249281,0.0757187988864951,0.1805461932054939,0.0216328078374358,0.0963823502198467,0.1727413871671304,0.000124725418587
0.0292248301760121,0.1539412379298967,0.0441008169063196,0.1511811605713326,0.0810084310636331,0.0629613407995529,0.0255309708145388,0.1457376432490226,0.0468032057515924,0.259510362502036
0.0841835906018071,0.1784525148556879,0.0465335606207562,0.0397160405829688,0.0742950986053316,0.1823534291342686,0.0010469734457968,0.0278893577316938,0.2607077556583669,0.1048216784137751
0.1275928465094883,0.0039673715087787,0.1415651408604297,0.0261296474074331,0.1068479929855491,0.3184829149813797,0.037797079062268,0.2299283638435542,0.0050312945527517,0.0026573479629785
0.1215651482951019,0.0271529404164791,0.1158782704376999,0.1230258650384635,0.0494281906602933,0.3495390095348483,0.0237793655744377,0.0865933369039971,0.0840754545832905,0.0189624182564275
0.0873836115209478,0.0727262759827426,0.0267106149705965,0.0319483065792041,0.0186764217609746,0.1335084843295061,0.0316584399817542,0.1116883850648527,0.3488939270266788,0.1368055325069041
0.0790753408335137,0.0522260915114137,0.0013572691581301,0.0672489783010754,0.2126982546771668,0.0683732789989807,0.0014898234257263,0.0999000514692047,0.3330267600219921,0.0846041512974014
0.1919576478059358,0.1875180639287066,0.0114805604537967,0.0577670896665134,0.1048783241533058,0.0354301546564591,0.0268585340281873,0.1518231402762564,0.0546417996352335,0.1776446850309447
0.1435642498921759,0.2248524700550115,0.0061119881600414,0.180111752061976,0.061923218699744,0.043149746120955,0.0524631952414922,0.0823920266720093,0.1344105780763233,0.0710207747113799
0.0535830866882071,0.1164505899565264,0.0436428117238328,0.1308853591998808,0.0219749672299055,0.0552903972118322,0.2315143257963186,0.0577950362743378,0.2423226729580236,0.0465407525714178
0.0706076548910409,0.0422455032352303,0.0098220737479862,0.1789209437591729,0.0298473248054138,0.0315502051657465,0.1093978320312534,0.0707997916643918,0.3717288095029811,0.0850798606348759
0.0598260760254289,0.0377702861931325,0.0294343977870299,0.2482756735320708,0.2845872010245316,0.0404545790849054,0.0441594767392155,0.0161559618046071,0.111221293911138,0.1281150536630952
0.0783643213020311,0.0961365972904722,0.0274994280955823,0.2535721002295291,0.1082828432870225,0.0053604103760192,0.1708881763805378,0.0856301862175788,0.0034651331047002,0.1708008033776991
0.0077775555736649,0.0081053202885204,0.1071965796587267,0.1417896585740949,0.0986173157585395,0.0150114834408045,0.0913486056827578,0.1317226034099205,0.1974459771958338,0.2009849001741626
0.0306244908456789,0.0079864005748935,0.1507855212619611,0.2094808609224455,0.2194585616091539,0.0191518056988334,0.1246309255338256,0.0048933521123693,0.0735436843722674,0.1594443966921259
0.0835816315093835,0.0901821716962707,0.1657273982839036,0.0560641951926088,0.1292247604450341,0.1332454635495485,0.1915389351216298,0.0333215706198003,0.0484615639751251,0.068652309237844
0.1008227340961321,0.0229509454298116,0.2466267831594377,0.0215379197842692,0.054365514987697,0.1091686177942211,0.0947618791479734,0.0724771771663938,0.163226684940503,0.1140617432074809
0.0782507667834714,0.0394603413317941,0.1346941306848089,0.0288783771310162,0.046092597751137,0.0638557488439053,0.0111169513961019,0.0789602779788395,0.4435633023891641,0.0751275055327294
0.0985685034592846,0.0905596368950758,0.1309258443209494,0.0512838400867622,0.0441664554023122,0.0056971896763286,0.0612836031467516,0.0556767764728987,0.2920314024699318,0.1698067478925418
0.1923129120072196,0.1737286101248137,0.1735968712762317,0.0104599410314804,0.0450719728271461,0.0247944629320046,0.0589151468930907,0.0052257070563956,0.2076699074106634,0.1082244682197791
0.1187843180487469,0.1303398153377292,0.0912003436188832,0.1742805670483442,0.0137995812960069,0.0284414599886608,0.0497363704435037,0.0731627902555946,0.1587061496323727,0.1615486041864509
0.1363844623426813,0.0972964775520419,0.1616750760109942,0.064188633365691,0.049617502476301,0.0097179489947634,0.106897674398314,0.0940405348858266,0.2320457542618106,0.048135935451452
0.0791008263606782,0.0493104551815956,0.1204985411947888,0.1990892666682917,0.1178736623698437,0.093804329534444,0.0168509985507954,0.1448550488950551,0.1582029517936456,0.0204139191828893
0.0551589157817662,0.0717820695861926,0.0049474496499044,0.0371535486873299,0.1131368799813734,0.16485134084569,0.0757390788745424,0.0283630207425088,0.3183566164253761,0.1305110792300903
0.0644601465208725,0.0368629073808283,0.1012131314473287,0.0042042911624811,0.0166557330924823,0.0952319475905758,0.1457223804519624,0.1107951690022709,0.2937333207310466,0.1311209724156937
0.1080541604448494,0.0878584734304427,0.104935541923275,0.0540311441339581,0.038916559914684,0.0251150616435785,0.0317258592590754,0.2412577275366123,0.1123902456763046,0.1957152257356968
0.1520337538300632,0.1548240457454381,0.1339204779095155,0.1046436473040892,0.0102133266295759,0.0821988321905318,0.0194171557997788,0.0207334110467595,0.2640980033753061,0.0579173460365171
0.1480678431182918,0.1369041456404129,0.1774527070902846,0.0268560863997608,0.1093165486837004,5.866058230302234e-05,0.0378075125825351,0.0208038966642178,0.1928836210546768,0.1498489779953252
0.0839131233076031,0.1252045642059353,0.118706586922169,0.0246401153204965,0.0834303941195263,0.1332170867405321,0.1109951727323967,0.1102732217548573,0.1344761650440327,0.0751435695501301
0.0770009612213678,0.156850603758853,0.0410969164576928,0.0152749290947639,0.0640383007256655,0.1546839729868796,0.0139067770385825,0.0577778939636052,0.1000498677858035,0.3193197767549266
0.0399665953894306,0.186629068259374,0.0484433128929216,0.0091586600211671,0.1019024798630965,0.0434553081825778,0.1775300911905871,0.245123756284882,0.1148141883923274,0.0329765390967659
0.0027809277707073,0.1152479113661482,0.0139401890151935,0.1198005509468239,0.1523397220447111,0.2832341246336273,0.1153712543325998,0.1768950142503435,0.0124001541634831,0.007990151190173
0.0181576628716409,0.0909632797385847,0.0235665532730268,0.1327925779911773,0.1546546450353915,0.1998857517102197,0.0313109720551254,0.1331528055981783,0.136172762373025,0.0793429890950752
0.0100362306883057,0.1170313380653454,0.0333382178715101,0.2220621999698333,0.0524119684929123,0.0203289886348368,0.1041249047439327,0.0383787695969904,0.2502772693897067,0.1520101122809364
0.0168092707046469,0.1731889885507677,0.0446504605832539,0.0459511759694042,0.011750429249736,0.0855616330247142,0.0258451821222852,0.1002753634054223,0.2602391883381281,0.2357283077421563
0.0691354721048006,0.0557816421866617,0.0515654046238858,0.0154072431802075,0.015438827862422,0.1418085552113425,0.1453617572723537,0.0682599932001222,0.1747068022923627,0.2625343017976804
0.0121548944592361,0.1759885289408142,0.0348723303157364,0.0823596897869404,0.0068867239613534,0.1975114359834337,0.0412895965717695,0.1387184651197517,0.1037208477248913,0.2064974868305812
0.0113537261060714,0.1849121331134504,0.056874140236455,0.0130051411913181,0.0956540736167125,0.0390352419960577,0.1531268852242471,0.0903747071884276,0.229013659464241,0.1266502914605467
0.036686600539723,0.1782880955170169,0.0828401995155785,0.0252746153388202,0.1683662919940741,0.1530987472724542,0.1302083829477887,0.0901928379145661,0.1299882894561356,0.005055939136845
0.1275023356952601,0.2133589978030947,0.1240618723167252,0.1114291585676417,0.020875391427774,0.0713006541859475,0.0262701812633942,0.0857906501380127,0.1327800849020786,0.0866306734845588
0.1199288462084188,0.1859489819146513,0.1411559378338616,0.0751971632572513,0.1557364863206895,0.0455986289246664,0.1035672618188995,0.0715145970633158,0.0817104142610897,0.0196416821905679
0.1162885181598004,0.208511071808959,0.0594723236411656,0.0973656768205535,0.0577701548367392,0.0473484775536079,0.0917277839590471,0.1157433319611711,0.1102693529449188,0.0955033080916382
0.1879615630545489,0.3322883308024481,0.1087883741588807,0.1175089102450479,0.0806183256308933,0.0070460322059231,0.0424738600765809,0.0010611454010585,0.0827724032002929,0.0394810549556586
0.0898024177963251,0.1981340265554843,0.0295305230356922,0.0269016708793529,0.0272602511121258,0.1204619913558734,0.0503917562211061,0.1151510206325998,0.2605578356412446,0.0818085065913061
0.0924984642670003,0.2196376550292363,0.0285372635544982,0.0578198225733957,0.0249307483914821,0.0179897618629101,0.1475375727539951,0.0767805463503028,0.2789935623142301,0.0552746027425427
0.0489621063782899,0.2370470573666448,0.0870762494829564,0.1091635591849738,0.0748985646019525,0.1369618856884371,7.792087852062162e-05,0.0786713666036025,0.1928263222921408,0.0343149673174511
0.1077487090234557,0.2569632604754135,0.0106051154126251,0.0159320683447814,0.0410262561169305,0.1251051840359247,0.0578677864935099,0.1009082498208824,0.2637274618271035,0.0201159082912454
0.1268058673275949,0.2827599739104561,0.0180135964085116,0.0524116551872624,0.0631500233848327,0.1439741008043483,0.1010057883990973,0.0180914430071555,0.1289032149455865,0.0648843363883555
0.1431539376938916,0.2489279885812261,0.0984421439565886,0.0519288079058374,0.033276520970801,0.0880679178645614,0.0112589775846053,0.0524190502120404,0.0988488179748968,0.1736758370368042
0.1291943114237212,0.2100673264103119,0.0824982165095909,0.064888253076283,0.0005734916785543,0.0112073609599145,0.0328382969760464,0.0716281793573276,0.256601485768184,0.1405030776659932
0.0887743631005813,0.2455571763847852,0.0037415770454773,0.0286862128379774,0.1540735054070902,0.1255998950412944,0.1158292493096646,0.1198231937272504,0.0708964816352036,0.0470183451690891
0.0552897114709749,0.0369511834482007,0.080966139546034,0.0857035470015021,0.078429455616832,0.0257584859297371,0.1481670740698066,0.1007706412216267,0.3777257882692062,0.0102379731696366
0.0221562550719342,0.0137439900209008,0.0890966482543081,0.0668775705559836,0.1129707944833006,0.0074055804229865,0.043511215839725,0.24277149547528,0.2338770008224838,0.1675894486893084
0.0241317188479668,0.0398748053111545,0.1473928576860188,0.0652716637627289,0.0702243974624803,0.2006821517198887,0.0294857323062962,0.0450244151768795,0.2717177235509675,0.1061945338790766
0.0536607202056798,0.1198749256994855,0.1160037457650854,0.0391757506753902,0.0322327683745982,0.0107338103958561,0.152282757731,0.1565630798476922,0.2091293938889064,0.11034304712821
0.0521661324328643,0.0636560434657581,0.1712222028298471,0.0492993295693625,0.1109967830802584,0.1523667723470162,0.0021203893234192,0.1381276800972624,0.0168000352843052,0.2432446313503659
0.0098353692833548,0.1777095827039743,0.1739345039103681,0.0312405323143425,0.0778224031346078,0.0098983574476984,0.1124442931286618,0.0547881941196865,0.2855743989984822,0.0667523647047061
0.1179311997043108,0.2604750780116409,0.0811054497037555,0.0153746669147965,0.1725488508818137,0.014344877549752,0.1771384457580694,0.0174739982761132,0.0641846339138259,0.0794227990669761
0.0386078082112882,0.1175846127491356,0.067566491229126,0.0717623987458091,0.1479534299964391,0.0923128590660696,0.0328667496871254,0.0842127794120029,0.2110455625725638,0.1360873081782408
0.0719058835314214,0.1908528294786953,0.0450774727650211,0.0025593725062671,0.0300535513741407,0.0640179233104069,0.0696182463591767,0.0475515338802897,0.3948139351680271,0.0835492514084083
0.0626811356021424,0.1716619965693625,0.0985495985685912,0.0743524193229137,0.0967033688970315,0.1312245960419021,0.0446271399090233,0.2225827825453412,0.0771695475133127,0.0204474147980643
0.1315126580182603,0.2079024643687486,0.0450061367655288,0.0751239712031108,0.121153114719595,0.0472668650105656,0.1362561455103762,0.1057058759460446,0.1115742277594604,0.0184985405055681
0.1139249096969807,0.1801198865898844,0.0521666631907832,0.1259933344708102,0.1321046121540333,0.0649366310920206,0.0517749341072217,0.1151490474828997,0.1426281070627635,0.0212018739328188
0.1344438516917785,0.1510265800246589,0.1698930392140572,0.1092178039355531,0.0069993533648253,0.1861004779539346,0.1190516563837447,0.0766498384480194,0.0313938800355909,0.0152235187580678
0.0612728803018654,0.0891635451957127,0.0953737563577822,0.0417550829812548,0.0848913129943514,0.0376516002417881,0.1302557157277816,0.2616279464780773,0.1200765045872315,0.0779316549290999
0.0188982796144987,0.051020245817473,0.1021738564994839,0.0570445333079239,0.0465327060815428,0.0326979826423098,0.2239493873150461,0.168531690306589,0.2588551482615896,0.0402961699249876
0.099054175073398,0.1299889045497018,0.1341157932431283,0.0030012457309039,0.038216046718668,0.0039851439002965,0.1708291023979226,0.1162716827409847,0.2514513199593483,0.0530865854637318
0.1001064797090236,0.1371158887997242,0.182850506138894,0.0076855002178679,0.1561725974510305,0.0462713515524402,0.1503185658633971,0.0929379200781276,0.104337952680597,0.0222032372958598
0.0937021830315592,0.0684210492029493,0.2035836357831418,0.12912856229909,0.180801590595062,0.0515663758273574,0.0377636723378467,0.0667525492609887,0.030909167223749,0.1373712141937633
0.0909265580759226,0.0674097509226544,0.1751425161211819,0.0594043430682376,0.135527550862396,0.0412900125768997,0.0790130917748846,0.0567670736556067,0.1449076192299008,0.1496114835373216
0.0268330060553239,0.0749607385368134,0.1770678676566472,0.019878168281355,0.1572563523821721,0.0647443448838319,0.1856176516933316,0.092918986368166,0.1756787571981567,0.0250441266860501
0.0365814824147272,0.0366785685647404,0.1349481907080244,0.1137952147797235,0.083054186011984,0.1038233637997736,0.0851025655909374,0.0317875449957908,0.1476584406194669,0.2265704422852837
0.0597666415434387,0.0593426684919002,0.1035501793342639,0.029626818257051,0.049077907610491,0.0289959040410394,0.0511494486549831,0.126350253268183,0.3327838927687535,0.159356285822098
0.0119950150084724,0.0156330254428588,0.1986012459137456,0.0475655998612951,0.1424915059634804,0.0741475818962156,0.1360214068928016,0.1031986915859946,0.0814865070031058,0.1888594201437633
0.1633432431704994,0.0850436750064085,0.2729564959563844,0.0649515706938174,0.010875090437375,0.0252941317521811,0.195259536720004,0.0308270344702494,0.0067244888130406,0.1447247327354372
0.0790574453228987,0.0149632898748887,0.3746142211885893,0.0469646845156189,0.0698969715917629,0.0462523594483585,0.0759110606375323,0.023853606547928,0.0412923525599489,0.2271940079102518
0.10271245682042,0.0901159635407226,0.2103244244289104,0.1227081409314355,0.0054486352306338,0.1402482874571247,0.0367744439335973,0.0751631073494034,0.1813501557739444,0.035154384266502
0.0502504578641818,0.0550833215097126,0.141976061496946,0.0745517467719439,0.0200754441858394,0.0218703085068843,0.0810564613779877,0.2413941687456666,0.0318184104608013,0.2819236187973739
0.0581475275538078,0.0576107304911615,0.1490589063209093,0.0297403846450119,0.1108755255048801,0.0899064888554846,0.0996044367946781,0.182912553230994,0.0300284285188031,0.192115017772767
0.0294786558648391,0.0697441154923484,0.2319342199917666,0.1073377646612411,0.0433997326257499,0.0023737633973732,0.1126212049358324,0.0014745328528506,0.0839346248161696,0.3177013849094063
0.0020542051146694,0.0023834881933129,0.0469147427370131,0.0453257535773018,0.0710111314710504,0.0421417599110954,0.0016102724976093,0.014519537363178,0.3481427645596696,0.4258963445019499
0.0104477914486809,0.0168970540754507,0.0514101909491499,0.0436000952190544,0.0323165727030457,0.0003955207265427,0.0285405111530449,0.00011408391427,0.4040093756015503,0.412268804122904
0.0084621462401581,0.0013152020764535,0.0518756395433729,0.0257136763399484,0.0014161369935153,0.0266476828712077,0.0049094803745943,0.0241787636245287,0.3936894201012192,0.4617918517497596
0.012553903233604,0.0039012076150019,0.0222392992202592,0.0496625321587707,0.0585674406251484,0.0074195733954131,0.0531585859346991,0.0317649675962639,0.2813074790666965,0.479425011068382
0.0510170370091459,0.0508386929697118,0.0017053142232505,0.0246136628159844,0.0172447547476582,0.0245339906858416,0.0079893000141822,0.0015417802633395,0.4143895456545595,0.4061259215358644
0.058132518160565,0.0516579403737945,0.0139855596969329,0.001615098684905,0.0028053803497379,0.0426838850156426,0.0120453094554023,0.0202235435326832,0.3958772003083363,0.4009735643555404
0.043889464259729,0.0186622322282764,0.0139170906504073,0.0071159136937292,0.0211822549469252,0.0405228534802414,0.0373750808515536,0.0561398932506644,0.3461712622050473,0.4150239543600412
0.0419812528384542,0.0014640891497985,0.0271560516053549,0.0266409063593491,0.0256726218891332,0.0396416090895425,0.0223639459497299,0.0045881892033053,0.4020604208315113,0.4084309130031153
0.0484516609683835,0.0084764522174646,0.0213431594647305,0.0031744927855583,0.0008682214452961,0.0011183170955994,0.007684541859005,0.0580683055052811,0.3638568349880579,0.4869580135964242
0.0408628530056882,0.0059898996222669,0.0451857972997473,0.0331770444739061,0.0005932441773048,0.0114466488604044,0.0244362944900053,0.0245265232208362,0.3635237538836753,0.4502579408910266
0.0464995648586181,0.0040482369930227,0.0548837283791861,0.0239908535483359,0.0532691172738149,0.0074838059357077,0.0030269434963059,0.0177545047631307,0.3396168827233565,0.4494263619614307
0.0187864549222112,0.050420983543277,0.0582731907891722,0.0171116902087663,0.0183709822126174,0.0029973527472449,0.0033278839558523,0.0320142550947851,0.3718147398134999,0.4268824666400061
0.0561022608702816,0.00785292703023,0.0871081549702685,0.000138410599022,0.0024639629964028,0.0030423599859526,0.0331818976415855,0.0170349739933506,0.3625297565553663,0.4305452952803098
0.0349068696322378,0.0303514700817146,0.0576968878659889,0.0261109483149922,0.0167041103631886,0.0023044954369059,0.0098202872345357,0.0178435288933419,0.2930416184894119,0.5112197836124126
0.0599084643525463,0.0031660280856208,0.068847574872867,0.0315978972749538,0.0074774718991445,0.0122286437625106,0.0002871911499142,0.0615153267191483,0.2698248722949037,0.4851465295087085
0.0546946246120791,0.009821291348206,0.0660154398388301,0.0041899306679424,0.0004044123657434,0.0539770100934113,0.0181753968155851,0.0214221693348879,0.3609402370104044,0.4103594878522606
