0.0424779573752724,0.0434508930838292,0.0310642847265085,0.183968887911823,0.2374133347610612,0.1565307800498174,0.1171073764152267,0.1456685006535723,0.0264358947264999,0.0158820902426313
0.0253847099488104,0.0281741235428409,0.0050431018368971,0.2076671576339087,0.1843927489506933,0.1623077971195466,0.2000861231253862,0.1724803083671999,0.0043028877248615,0.010161041693701
0.029390697043951,0.0421282635503389,0.002246553022972,0.2356962013867826,0.2288800489878497,0.1500184375335055,0.157945278039653,0.1429214590697072,0.0104685699862923,0.0003044913100229
0.0094476867847147,0.0131124637502352,0.0025796635489589,0.2029558490017081,0.1705825317568476,0.1638249124825253,0.13860402085461,0.1804689077560782,0.0698616053189473,0.0485623586841519
0.0260210857516321,0.02617173202387,0.0117644014026287,0.1885323545608515,0.1874095522199847,0.1753470023918417,0.1698240558605334,0.1737657293269251,0.0249350552282307,0.0162290311670342
0.0216728281485388,0.0164874540885932,0.0176949088871482,0.1887069385195191,0.1986338192157771,0.1601097401905444,0.1610165701063216,0.1284510973286496,0.0638607979651878,0.0433658454893229
0.008134023206705,0.009525354869318,0.0197335651345098,0.1985709086908759,0.2124134398062136,0.1576146100314451,0.1625887018070981,0.135581403042145,0.0451915681791776,0.0506464251677796
0.0029997581798597,0.0152694212577785,0.0182386504138866,0.1895170160154517,0.1961050678735998,0.1626865741093077,0.146852387271518,0.1904661227843529,0.0463675488714897,0.0314974531503401
0.017521185292593,0.0016257303111237,0.0251685122809412,0.182844936612871,0.1990018140902865,0.1238573606617074,0.1766471900823819,0.1841420095835884,0.0222956011681675,0.066895659842655
0.0252594292001438,0.0080444080497132,0.0424594327268453,0.1938353780347709,0.1938151746655869,0.117377964185849,0.1639987217597396,0.1719039895788839,0.07793938441796,0.0053661173023051
0.018979215894886,0.009442921953737,0.0442846737536636,0.1770269013193815,0.1861814821917823,0.1953021631110814,0.1670299439711324,0.1798313948023761,0.0094941651309588,0.0124271378017057
0.0060254085374802,0.0162747836559445,0.0417278789081034,0.1523919666781944,0.1910587217841086,0.1453947288509729,0.1521326803140999,0.1912655547366921,0.0296140940160472,0.0741141824389971
0.0014530956316457,0.0185644877000647,0.0461151813320756,0.1980269864343544,0.1748777636136979,0.1913539710190015,0.1496298475793574,0.1904430540681553,0.0278731335449688,0.001662478983553
0.010708411078941,0.0406884947640732,0.0398810604075207,0.1496154110789978,0.1560875130012826,0.2144444577702241,0.1652349760544814,0.1438212581070835,0.0778443567267831,0.0016740609133257
0.0390653502912502,0.0803813537744086,0.0268928233024856,0.1657484484317518,0.1607624341610462,0.1253105520773706,0.1658175067810077,0.0889647122362877,0.0036203816778972,0.1434364371722386
0.0470385837488535,0.079534418523006,0.017146595716779,0.1996331605533268,0.1484945439080921,0.1333910425283151,0.1564051594427181,0.1812457427146784,0.0159299557545831,0.0211807970222621
0.0727678976721427,0.0940422733315412,0.0113022289855936,0.1228616336131037,0.1505747820738053,0.1370129070292042,0.0987378360238676,0.1747626457025286,0.0509602451725575,0.0869775503123976
0.0426984390877132,0.0639028700700879,0.0080050088395273,0.1898526333614102,0.1995786737160735,0.1460075360957708,0.1294056363036681,0.1775169943915901,0.0203040419526421,0.0227281660895663
0.0254317748897119,0.038549490799676,0.0107830076106534,0.1581584973482939,0.1365253864012453,0.1684688755715757,0.1783569916896258,0.1550728165299976,0.0611400378767314,0.067513121188306
0.0005023289310796,0.0198755152280046,0.0465780080298508,0.1715629539547607,0.1264169976392644,0.1761883383188868,0.1450004562771135,0.1289636083469901,0.1406552286653943,0.044256564515412
0.0199466522416984,0.0135002528035305,0.0549713966375592,0.1294060336812205,0.1097888770793908,0.2043337344288732,0.1750619081756635,0.2255185209718561,0.0624037657711617,0.0050688580957184
0.0512483063060003,0.0277492641395251,0.0822054311012977,0.0509944587234346,0.1828952809483509,0.1539640111954211,0.1412762142404034,0.1659680992737768,0.0271011065462432,0.1165978274287157
0.0766922696783396,0.0264323073447654,0.1346476239455875,0.1296977788549212,0.122139705564712,0.165501886043431,0.1639190832833303,0.0882873393284715,0.0347779122444014,0.0579040935833804
0.0898078595881332,0.0521112722910125,0.1162370453236575,0.0332656308178566,0.1501802994123087,0.201858990985312,0.1371637456169823,0.1338045841112645,0.0773485851885409,0.0082219865458039
0.0881043643135325,0.0685177582689074,0.0903627864889888,0.115099852594684,0.0531323860639909,0.0726135042849425,0.1808774729140242,0.1781759666766235,0.1092186744724909,0.0438972338340245
0.1038098192824044,0.0699089344411246,0.0928740110503318,0.1132926836289348,0.1628169280928763,0.115033694302613,0.1304677861250099,0.1223951698155407,0.037479663653705,0.0519213095131298
0.1215782821533093,0.0855061785977028,0.0806753572974028,0.0990376248142152,0.0798577910476962,0.1443424686931473,0.1107629961448158,0.206745353891692,0.0602584807198759,0.0112354665088908
0.0837079243390061,0.07637399538987,0.0335965360358871,0.0943925556333763,0.1189345796111935,0.1058987458486972,0.1916806508555989,0.2093406089441571,0.0098181465786552,0.076256256627886
0.1142943883054298,0.1122266728970936,0.04019002182189,0.0247357895647719,0.0082625963527253,0.2015541735418196,0.1850935927628288,0.0907123769218709,0.1683237226383254,0.0546066650532364
0.0983195226771618,0.1177421046541124,0.0097207450418032,0.0482559635460624,0.1187875385469238,0.1694197490134203,0.1107013030019496,0.1455557249160646,0.1155634043359226,0.0659339441299589
0.1183163993840497,0.100728037761944,0.0538486068762201,0.105889732585392,0.0671229628433749,0.2002005405126788,0.1344384921268364,0.0673193140131688,0.0454647527968053,0.1066711609989249
0.1642689252343663,0.1465113079295658,0.0474172250573122,0.0600118572187527,0.0488008053906801,0.082351023152084,0.0869408800816212,0.1228837442956947,0.2073204453482559,0.033493786146202
0.1417439583401928,0.1218074709704678,0.0508185031281318,0.0612342407088884,0.0997069050049031,0.1070000263653402,0.0942284353361086,0.0780915722681915,0.1895833345071992,0.0557855532495299
0.1298894411689817,0.1143220985444619,0.053617417232829,0.0695447531007125,0.036414578632005,0.1240702677369334,0.0832732200781834,0.1521145935386259,0.1384583137445556,0.0982953161062129
0.100194550490477,0.1052372652322386,0.0061916132163823,0.0613348565636464,0.0329388686142808,0.0447595388880818,0.1457280804604227,0.159816874977072,0.3103054794828306,0.0334928719231337
0.1172088021628577,0.1175475429220554,0.0276555912041865,0.0311557809164722,0.0056140825476325,0.1576623412587727,0.0928394857030323,0.2057347605515896,0.2400426140261089,0.0045389985635373
0.1400310993957927,0.1529950861799448,0.004825546006065,0.0902815193432758,0.0176075313388266,0.1529327082986428,0.1781158529582119,0.1845298777618721,0.0374356784973943,0.0412451000452157
0.1294189746781444,0.1378655205198505,0.0054776690962888,0.0422625455837697,0.049767060655449,0.106488571483072,0.0759560861749732,0.1937280348765729,0.0917391169808408,0.1672964197571254
0.0546357288629435,0.0747905734106812,0.0749779873309907,0.1021294961469512,0.121315044634851,0.0362341760076425,0.1979469354223301,0.0253767756845579,0.2266567747526741,0.0859365075142824
0.0360789895807775,0.1094417024997469,0.1403103420909111,0.1254984788254566,0.0177800242907641,0.1221813648293327,0.1775440891718168,0.0256024966833035,0.1658863263525536,0.0796761853921253
0.0633057906623676,0.0947378722254581,0.0483252824766386,0.0156417772201706,0.0873132880579789,0.2228149884200135,0.1585487036651768,0.1369818256965764,0.0207181873056936,0.151612284053807
0.0516293695243628,0.0902649925609722,0.0875249082659005,0.0766173558115391,0.1059777910683582,0.0376598299612081,0.1691817489261852,0.1725460896791552,0.1033859554303009,0.1052119585982914
0.070164433776011,0.1241043606683148,0.0951037772578856,0.1253599627991272,0.077506796376531,0.054653633628125,0.0928462487421502,0.1917107276692068,0.1285741721632515,0.0399758867218623
0.1057227803971464,0.1498132876194714,0.0526339557868764,0.0366273618440367,0.091600192590313,0.1569034488580732,0.2106034765046045,0.0484686324252372,0.0938897546354273,0.0537371091320313
0.0685419002920409,0.143567483368235,0.1015149144556073,0.0063692892653583,0.001534988628575,0.1311951679457075,0.0821423147534837,0.1263682417417121,0.2597331126236477,0.079032586736011
0.0243954634025085,0.0952981572718422,0.1856770399911059,0.0167177851874271,0.1646199142968833,0.1325436267034403,0.0837227418149995,0.0132686197908712,0.1138725993163254,0.1698840520120747
0.0125401612588426,0.1054760357089841,0.1925972952136929,0.1755487216052661,0.185816091755598,0.0457250306488692,0.040807795850375,0.160072589745495,0.0611225402307772,0.0202937377728104
0.0761761957569677,0.0147391274349637,0.1767483850345598,0.0898606522659765,0.0564725766605936,0.073979995122482,0.0948741184944285,0.0710546502011627,0.1664924928224936,0.179601806039109
0.0359989947520421,0.063256543620564,0.2692874347228997,0.2086960894745844,0.046782717475657,0.0157106923165326,0.1040412462060576,0.0227818298483321,0.2177716461579046,0.0156728050909301
0.059021445751441,0.017041850059566,0.226926982633233,0.1307334295987775,0.0683528277684055,0.1512730225828629,0.1228347539775508,0.0125854122680568,0.0119463509363776,0.1992839241778099
0.1465656724718581,0.0903885440402411,0.2626246144025054,0.0732421508748663,0.0020444814987196,0.0942245654460079,0.0073584087187743,0.0067093968338211,0.1510688349162262,0.1657733306047995
0.134089510898764,0.0676163469841844,0.2725054205565835,0.0470464096755989,0.092311076469598,0.0943104629841095,0.0606623767324911,0.0387305514192837,0.1034335018991836,0.089294342122399
0.0842413295066598,0.006294119582465,0.2111380560386622,0.1023769905954357,0.0699553461811774,0.006215009772377,0.0041147550739593,0.073617437580679,0.1503409833377588,0.2917059721200681
0.0926239179263518,0.0452160123043037,0.1733578048610395,0.0870207176185999,0.1024547880616952,0.0170335662442507,0.1223496476210118,0.0286831298241946,0.2647042827216806,0.0665561326461495
0.0867099847799518,0.049186849055915,0.1514634621626077,0.1838814919617845,0.0379129561011276,0.0979427753609235,0.0233218075924866,0.0628351782114737,0.0340606675749821,0.2726848270113489
0.0956477271213505,0.0799635379768581,0.1389294500954767,0.0496655384919002,0.1891290221169992,0.0705023953469149,0.0075680711509038,0.1022200667866829,0.0564438030463001,0.2099303876922852
0.1624848590023706,0.1930286497491483,0.1324545935027072,0.041174299475712,0.0649550332823628,0.1163545249829956,0.0492496862697491,0.0495821244522983,0.0795728817826335,0.1111433473263436
0.1164861271151987,0.1353469751121203,0.1300122928608669,0.0463340288000925,0.016539067197318,0.0441847843600113,0.1109694035892646,0.0714170672954426,0.226467557924945,0.1022426955464489
0.1581200054863058,0.2001518847912521,0.2138238242840325,0.0613302155314984,0.018071946049594,0.1206853363423723,0.0801053730393069,0.0241273170162969,0.1234087606172925,0.0001753365847961
0.1646015815125262,0.1720927301488878,0.2261687939407496,0.059737212507099,0.0045584782710463,0.0555291248108594,0.0020827019118358,0.0007218802729446,0.0183915315183486,0.2961159648802271
0.0767056286723136,0.1191160387746204,0.1230219377495653,0.0025549544969016,0.2271741534882519,0.0134187543879831,0.0275115009034157,0.0398204341041356,0.1571813994664922,0.2134951977257549
0.0502162473229923,0.0270154401517682,0.0481426963271029,0.0446923704018266,0.2958427788786325,0.0549609569146738,0.1821553962567976,0.1042621376260414,0.1648072760496741,0.027904699813369
0.0346531529735679,0.0388327439838675,0.1472345626662319,0.1110853904739401,0.1765917710697014,0.0755920403885087,0.0549649091038195,0.0373031651048041,0.0442239399638083,0.2795183240937154
0.076536670602334,0.0484697983431625,0.2159129083783407,0.0095256297420861,0.1440379314896292,0.0160398420618984,0.0025394578880459,0.1732314816635582,0.1864279738314797,0.1272783057961519
0.0556160426434654,0.0416648560356446,0.2070840264377953,0.071481444571788,0.0311606050109282,0.029794083126219,0.0052847603115386,0.1043974528891662,0.2694444543211851,0.1840722744129172
0.0639171255778754,0.0545552253376562,0.1732013778576622,0.1034372512198236,0.0210844170704778,0.0266129049311713,0.0557373529075512,0.0609721107165215,0.227619210419561,0.2128630237539308
0.0560447951644895,0.052937191071486,0.1596859566020908,0.0643784844875811,0.0679123836749448,0.0979250094236342,0.0068401008674083,0.0063652941234763,0.1508269017335668,0.3370838826591223
0.1237471439512069,0.1387446576376707,0.1895004515612797,0.0232576893137039,0.0004886715271237,0.1420431615634794,0.0434213945474799,0.1054038595963859,0.209412025394905,0.0239809447333799
0.1464049924306494,0.1747992906982688,0.1563256847366045,0.1204525425869444,0.1346661602610988,0.1437919817995275,0.0046066796091084,0.0568134300072384,0.0028991618909274,0.0592400758320693
0.2373604150564443,0.2519026516388302,0.2189382435759975,0.0265681558430194,0.0537706977178562,0.0095517388962776,0.0549448887325471,0.0498932315933189,0.0607133256054776,0.0363566511864235
0.216084116255437,0.2221352654918413,0.2042368845026736,0.0794937769776834,0.0886501974431524,0.0619605516207307,0.0251643875227242,0.0083877185374803,0.0628575267886527,0.0310295746846642
0.1497435212649417,0.1965156363919112,0.1052357978395565,0.0215109249063707,0.0877467999024099,0.0383880684046818,0.0195145576635867,0.0818180736529062,0.1668539884691244,0.1326726313214341
0.1739234641924815,0.229596105255153,0.0931737603589152,0.1331581916452052,0.0132109866476273,0.0004036086831782,0.0018838162244344,0.084517371905444,0.0833130031065462,0.1868196917761592
0.1249768428572406,0.1991953986434525,0.0510561437908845,0.0663803869437341,0.0869449325546811,0.0201683940519185,0.0715067136825758,0.049140305411674,0.1882101195622822,0.1424207623434848
0.187433085265344,0.2737618125104543,0.1103767813224254,0.0145531731960661,0.019531794991396,0.0087787462577724,0.0387167015814138,0.0558842424583152,0.0047927949923469,0.2861708672338262
0.1922183486547623,0.3061032299289943,0.1176706039312375,0.0096862929699397,0.0249792085026695,0.1601501016769677,0.0922382044877244,0.0056988424360467,0.0387718272018051,0.052483339986207
0.1194351582349258,0.189783273679399,0.0841897799112373,0.0290304463336983,0.0262004240417384,0.0023345886690306,0.0602537940690844,0.0544969277899966,0.3481933175030358,0.0860822895751671
0.0362391370192847,0.0936947332848966,0.0371119282261487,0.0808717663161645,0.054255642797195,0.1497766262015721,0.1142157254409686,0.1110244048375649,0.0873135506635097,0.2354964850755644
0.0665032044266229,0.1016177808108948,0.081919525257353,0.0945178792212812,0.0528908022759526,0.0014651427470359,0.1106671839111324,0.1420181480172846,0.31890571999006,0.0294946131849702
0.1655270287506422,0.2661095376157037,0.0897582599895701,0.0352240141725994,0.0983356887978125,0.0788926015676373,0.0075084493168585,0.0216049218668708,0.0067815544780634,0.2302579431878551
0.1834099824593202,0.3156069609246815,0.06416673548337,0.0324130786963479,0.1186545677961053,0.044973962173417,0.0205215855810797,0.0092802841073155,0.2033199543617398,0.0076528881766139
0.1754400155320059,0.308486886454583,0.0527527582207088,0.1150103642769165,0.0125417588441874,0.1243211080564869,0.0345979980500593,0.0428779125406786,0.0919927627678468,0.0419784350545003
0.1593149257470127,0.2664703946659397,0.0472569567446018,0.0294285326524898,0.0328735549160134,0.0659202760634362,0.0436583466459377,0.0202516484260108,0.1150558158211934,0.2197695481694507
0.1751270900536652,0.2879185850525229,0.0706021092317167,0.0171701553185529,0.0720787766468074,0.0864055724930995,0.1100040198589824,0.0802917885625067,0.0767077144327734,0.0236941881930074
0.1726363961443506,0.2954118878811159,0.0612732468463991,0.121027201661818,0.0540682291663247,0.0676045668863862,0.0246018879018952,0.0528079594057438,0.0708525254450672,0.07971609847877
0.230356600511082,0.3605976211059001,0.0985742390748605,0.0590930717762705,0.0001833714687924,0.0229313680567792,0.0772966823517377,0.0206096152276846,0.0148121374934959,0.1155452927322265
0.1462362555599059,0.2792419542891751,0.0155129794545073,0.0977450792809507,0.009850788359509,0.0204564758522511,0.0038081344197943,0.0242295579627672,0.1465723003100407,0.2563464743556648
0.1479461046730393,0.3469421748914143,0.0637609745490539,0.0066075556934995,0.053648389605057,0.0535395535330164,0.1083897593143784,0.0839558761987042,0.0421681962680257,0.0930414150817867
0.0414824040725608,0.2445668787138053,0.1612931756351296,0.0332228742210268,0.0137541847217926,0.189000926959911,0.0435275331232616,0.0047638097557064,0.0679293229484069,0.2004588896755674
0.0700113929407415,0.3080422666473684,0.175491482098521,0.0974880573058987,0.1191776390098261,0.0361780321410757,0.075916010705326,0.0271831055555535,0.0759041824952854,0.0146078309263671
0.1285457446967388,0.3781325338328309,0.1320116742503946,0.0675437293296189,0.0268752172312318,0.0232321315531835,0.0105897352290554,0.0342031809364082,0.1599278799212447,0.0389381728175319
0.1015749483373441,0.3154578814389804,0.1183561992939943,0.0767547456617869,0.0782179543393365,0.0073395178824567,0.0383217257167107,0.089105395003236,0.0706997030881949,0.1041719290347717
0.1644430342586262,0.2978923459464106,0.0013414701064905,0.0620358839697558,0.0545230263276428,0.0175537278133699,0.0049548743745435,0.0726000658566997,0.1895966990211035,0.135058872160861
0.1234780319503978,0.2716842473791448,0.009549622661061,0.0110157005054139,0.0507535815872915,0.0382967321568894,0.1159512927464372,0.0138302519612505,0.2355335246878422,0.1299070141955305
0.1226991571821087,0.2501314944890894,0.0230109012656852,0.0110103582245831,0.0568980591873922,0.0033295981167059,0.035079590073308,0.0546115985102924,0.2885747612356824,0.1546544815426895
0.1556578625808725,0.3312038734400472,0.0098111460910857,0.0527935258952599,0.0435654235908216,0.0066376271585084,0.0512414166053553,0.0624771653163392,0.2204561872733886,0.0661557718586011
0.128880925966155,0.2818092596693822,0.0080429451414081,0.017015461112538,0.0702253155531273,0.0415638935133605,0.0118738268103258,0.1018691780618223,0.2213782041809877,0.11734098983035
0.1054766985568704,0.3023774022836972,0.0253446700295528,0.0687540970235623,0.0556247004170499,0.038119542479254,0.1190586119102069,0.0002864051095101,0.2152671164092775,0.0696907555651747
0.0979189038693267,0.2377605539710669,0.0033489761458284,0.0339047359350487,0.0032553249972311,0.1148139317876653,0.0164151627423193,0.0075267868022918,0.2875946169085981,0.1974610066787719
0.1172566990127367,0.2623223734843949,0.004555763969255,0.1042154866841996,0.092693156290486,0.038447451074575,0.0577327669206378,0.0620876991730937,0.2194975149858937,0.0411910882461261
0.1341849520562724,0.2494580374601525,0.0256563348654377,0.1285253491253268,0.0236025039259362,0.0277985104266479,0.0346465859255397,0.0016036186176961,0.1305238643539901,0.2440002431133812
0.1327133782675318,0.2465234343417012,0.040575463900114,0.0318254337481385,0.0553720979742063,0.1672012579150217,0.0742983981247965,0.0394308775598292,0.1263405419612037,0.0857191160602533
0.1546558469009199,0.2490766584164477,0.0550891123655443,0.080220823586835,0.0481333288136502,0.0146338570876874,0.0511256874726042,0.0300211300680376,0.2222758773554413,0.0947676778075007
0.1745139411312905,0.3010202986425451,0.0786710449802212,0.0396611933787732,0.022774835397913,0.0144713146304203,0.0519791087451095,0.1007815806265924,0.0223871922230334,0.193739490055792
0.1338977574035438,0.2385757455907792,0.0785946733020525,0.0254891180313887,0.0189159810143606,0.0630801586030358,0.0117540043437928,0.0337115437762978,0.273334439060834,0.1226465787194181
0.1006975689316606,0.2118436721120986,0.0290287652279465,0.0345854389029574,0.0500218559197511,0.0560551103301585,0.0187031485773333,0.0929568381030218,0.1966689576891588,0.2094386440704323
0.1052990545080178,0.2205504763368482,0.0506287469897042,0.1250300850421971,0.0173348778859622,0.0610019707208816,0.0173962799057085,0.0655209613306976,0.1811715438741971,0.1560660032123734
0.0223889262505771,0.126735419529566,0.0201437346632848,0.0290696805334307,0.03213432214338,0.1012158568569714,0.0141148925027367,0.2716708997703307,0.2594622151238346,0.1230640524020638
0.0479998078345113,0.075097555794172,0.0729391438335295,0.002032803727782,0.099285944407183,0.0421622126153093,0.0893434912236528,0.1874715170411752,0.2730131190303111,0.1106544043012474
0.0336972027166032,0.0656228281959375,0.0229608857818804,0.1043976273925634,0.0056718236227285,0.016876569015403,0.0503603194992628,0.0866221876827506,0.4315180305096046,0.1822725253884212
0.0669962526432344,0.0336407426139531,0.0227601427091347,0.0721380378037215,0.0995778750481457,0.0735418163677871,0.0741543407722006,0.0369682216450778,0.2986364702083296,0.2215861000051678
0.0381492746190616,0.1252108643631858,0.0258945197587578,0.0302667404456282,0.0819702894863218,0.0205155838110607,0.0829607704823121,0.0214775619631911,0.4811903209631227,0.0923640739031258
0.0236503942947186,0.1167874769004967,0.009919446399688,0.063124552277442,0.0320706536520498,0.1279861732539959,0.0517500895056985,0.00302164656257,0.3149331233127163,0.2567564436542041
0.027446610689329,0.1521773672585985,0.016295084182525,0.0150073642865372,0.1494367376516217,0.0044627045065955,0.0088037563202163,0.0122584206725616,0.4260492587631458,0.1880626954348963
0.0195670121013168,0.1308843898713484,0.0291194255986212,0.1595262315762302,0.162424976121734,0.0327435945447293,0.1330499386913189,0.0430378948461384,0.2302417381349022,0.0594047983451383
0.0681553171608911,0.0530120061769455,0.0416653843407866,0.0942670331456272,0.0743681943339813,0.0167529858858179,0.0032066921056682,0.050992034462989,0.3932424676062958,0.2043378846141074
0.0319256926246486,0.1345274864220878,0.0557671394543695,0.1420277239049663,0.0676458953324278,0.0757215664244507,0.0175780736980112,0.0270001528402339,0.273227203823979,0.1745790653250907
0.0980775024704815,0.1922936782356785,0.0801104249920675,0.0141030096347742,0.0976003583766349,0.0552877513264435,0.1018537677463046,0.0221505368038133,0.2342855358247641,0.1042374344631512
0.0797415245458088,0.1558038082565362,0.0588852819444501,0.0536364654995964,0.0050049145075605,0.0242646939355919,0.070423162269766,0.0597761088957358,0.4128893893689399,0.0795746506734307
0.1320396135832924,0.2321257217204418,0.0701921570229929,0.0788095811015122,0.053288182637142,0.0034313764382262,0.0069751992084988,0.040602702848201,0.31175893727657,0.0707765280424842
0.1409233141329453,0.2474326474225565,0.0621623252010842,0.0829238356258895,0.0175351826389279,0.0247004829155031,0.0500286892357218,0.0197294737465867,0.3509467059865725,0.0036173429797394
0.1627837396653201,0.2604647132272971,0.0924052399322199,0.0598634943194599,0.0296220116309888,0.0721587268140313,0.016293591479823,0.0268109574697867,0.2137643220264418,0.0658332033204373
0.1529100888217447,0.3047362850924189,0.060830325880527,0.0062972567804161,0.00209120419666,0.0227441771911965,0.0639372843309366,0.0057613627587054,0.3312916355141566,0.0494003792755597
0.1548765539126399,0.2830139208850841,0.0729770701816506,0.0705596969373002,0.0440098455918244,0.0225099498021922,0.0052138082051614,0.0367678549354877,0.2497928305953138,0.0602784688277307
0.1426876876247786,0.2701793009909656,0.0540501992947266,0.0584750074854788,0.0546039493383443,0.0684899271001797,0.0330941614878981,0.0149632096022801,0.2914881064826477,0.0119684504684304
0.1546903042806963,0.2456890434500022,0.0769984353873101,0.0087520740276012,0.0141261582288891,0.0251554150841253,0.0509390060455254,0.0307723929938913,0.2819999816092183,0.1108771887943433
0.1802170760041945,0.2666923999948656,0.1140365845093483,0.039258512472558,0.0091819453807458,0.0126997135242314,0.0165308415748719,0.0056127748381051,0.2587801473942541,0.0969900042200078
0.161289464897064,0.2452312738831031,0.1037439837453381,0.001675059959598,0.0054323308994705,0.0218708230070741,0.0272324121425932,0.0540633286259583,0.1901623944877442,0.1892989282549751
0.1927134198014836,0.2521618019406511,0.1465468081497683,0.0039307944148348,0.0157390784384794,0.0224918097394197,0.0126950862027448,0.0709477910629628,0.2103933068132902,0.0723801033446255
0.1459786671238779,0.2235241293089759,0.0812154789590078,0.0547296653361225,0.0195551212611399,0.0255222162631902,0.0501039054520662,0.0075332829690784,0.2808852169386566,0.1109523162949955
0.1739014246116384,0.2505245207455015,0.1310091783656812,0.0075962813294214,0.0357252203105927,0.0387600899662282,0.0476034276720238,0.0378079985194983,0.1953504318094656,0.0817214265444086
0.1225628353880809,0.1741447390289527,0.1389468996635356,0.0397713747084886,0.0106213741415308,0.0968438673336169,0.015379981689328,0.0454699487004183,0.2333798466173224,0.1228791326130534
0.1593414623154357,0.1920859564276512,0.1614595214496941,0.0266960510881884,0.0358625129821639,0.0136258548447379,0.0546541414255597,0.0097119441987681,0.183881577987337,0.1626809771750987
0.2098912495183015,0.2445036470987338,0.2369408118896583,0.0522413490800992,0.0316474740633902,0.0058659589249317,0.0084710992163866,0.0008968317650604,0.0406449595151523,0.1688966188044056
0.1951012571831173,0.2256489118414923,0.1931409089614008,0.0152770947524494,0.0701107089301235,0.041906544169403,0.0294795073968468,0.0146800639376798,0.0219556926696596,0.1926993100562112
0.2247872592170852,0.233045706708396,0.2224403709268652,0.0485367794722454,0.0074109078520823,0.0184756998329803,0.0161322869736139,0.0117509573510723,0.0653921165819563,0.1520279149876595
0.1974230210191586,0.1997077502763913,0.2103545808744651,0.0219414402627307,0.0272244278779858,0.0475535156353345,0.0321149148149416,0.0758541530957108,0.057107818881982,0.1307183771799047
0.1456965746998104,0.1533916147221734,0.1602282482512408,0.018564307895912,0.0326418884885336,0.0009766917302012,0.0481075300710918,0.0190370814187762,0.1960395731503817,0.2253164894989578
0.172925468069442,0.1724744884386383,0.2022556378968931,0.0324560243629004,0.0008798630577862,0.0110839551913734,0.0058569697171771,0.0076832989269049,0.1963099351979215,0.1980743590559715
0.155583721065938,0.1617940746703973,0.1891741260415487,0.0443534429982452,0.0201578608382494,0.0193092138503023,0.0202596633639666,0.0309520577020857,0.1468755757178291,0.2115402636726464
0.1314036736614033,0.121150061861829,0.1741407203704478,0.0051956049866058,0.032305965348249,0.0187036949054671,0.0066891195508367,0.0566423332176577,0.2167575753868739,0.237011250638339
0.1609774028062661,0.140807602926449,0.2162409828427273,0.0173722377997696,0.0061732952300453,0.0041135581602008,0.0280070326561305,0.0735597359288761,0.1977369201312634,0.155011231442462
0.1588155558516053,0.1249548952979455,0.2294722924956314,0.0461894129758166,0.0023325706284258,0.0230071122295747,0.0117934866529471,0.0025268976898117,0.2448536891812665,0.1560540869264176
0.13085350219346,0.0919604743243073,0.2127670554402276,0.0399546750342147,0.0353451185030517,0.0684408686304824,0.0157996010252757,0.0304249090879564,0.1485159762528608,0.2259378194368117
0.1444708991419595,0.1149745233121635,0.2015960287475575,0.0433567214682091,0.0230475085500891,0.0305772154616465,0.0550697048656396,0.0156081924485783,0.1640889646453261,0.2072102412871949
0.1497113978260394,0.1106737217497601,0.240388810980997,0.0056153174055339,0.0331231610753541,0.0467137290875964,0.0011962138566685,0.0098111382340483,0.2239499973183895,0.1788165123850561
0.1699316301054348,0.1554798043378496,0.2098009847413839,0.0251363834802492,0.0014445942090449,0.053192436033559,0.0187714540182204,0.0303192592674882,0.1325119041419727,0.203411549587297
0.1861984710234393,0.1774202185269776,0.2357966699169408,0.063189359727741,0.0058075964301516,0.029743259980871,0.0093265522381844,0.017436196126239,0.1647007230976147,0.1103809528483586
0.1896222065809554,0.1685794385769044,0.2533838634654132,0.0129613054316991,0.050938672917878,0.0505542740187698,0.0119103590541702,0.007078939334388,0.1733211732607201,0.0816497672812504
0.1555143224790689,0.1407372860544831,0.2154754662980366,0.0284080898181073,0.0102585192432053,0.0056471568653339,0.0171086804141054,0.0380922971287254,0.2309856317865387,0.1577725498400111
0.1700264401784821,0.1743095295709339,0.2120324042456543,0.0316081596294995,0.03267169912819,0.0092035377902447,0.0205825497377913,0.016708878819927,0.1711639725758588,0.1616928282445967
0.1544984387677274,0.1568510574900513,0.2199102108939943,0.0083382328949621,0.0217625649446299,0.017770041408841,0.0224094444475188,0.0384550943167112,0.1902943367812394,0.1697105779652452
0.1791222522831096,0.183511611662471,0.2308045178488956,0.0947888172638013,0.0179873885976323,0.0023826142813155,0.0316446026582123,0.0327245931575293,0.1611113656477685,0.0659222364946415
0.1499030242264324,0.1557763415780159,0.1951700984414666,0.0399481207177982,0.0776154710600262,0.102161056549485,0.0215910003604682,0.0021086981085986,0.1231644367406088,0.1325617521287695
0.166784040795214,0.1804701469506895,0.1909512488690506,0.0274823067728151,0.0324972831231255,0.0276759818133603,0.0236444177790705,0.029553598439336,0.1400743981732822,0.1808665771994849
0.1739763842934158,0.2000377786771217,0.1784686643698571,0.0204628627349615,0.0063399938874022,0.0360709892133662,0.0299888284782146,0.0520508044673527,0.1539785785846745,0.1486251152060999
0.2187172839674444,0.2510076208124913,0.2341347816091552,0.0741322384606908,7.016822466403623e-05,0.0012295900130345,0.0268109391416379,0.0312080965172816,0.1071870367454917,0.0555022444020566
0.1874485730611126,0.2093993950509376,0.1982688739121396,0.0163913328857513,0.0061488073875008,0.0536963478657112,0.0370466664190426,0.0184468228927,0.1583911596203359,0.1147620208212829
0.1581921905407669,0.1644054572593769,0.175733713304075,0.0211546920769946,0.0289363976844641,0.0194082267864512,0.0359880172638616,0.0327779759795054,0.1730065685411201,0.1903967604896191
0.1722281007251501,0.1991470011205735,0.1768218924777782,0.0328180778588321,0.0046440285325815,0.0717067029647435,0.0061027749010472,0.0003642251904862,0.1793889265289457,0.1567782696189399
0.1915586011530709,0.237787980087498,0.1740725581463462,0.0320767346015876,0.0140375888936744,0.0185033010076918,0.040377747412371,0.0272617137327409,0.1626150350943198,0.1017087397703281
0.1467751944593979,0.2097163886114625,0.1394563524433967,0.0096722424333409,0.0426057136094677,0.0215777387403404,0.0188042518803808,0.0569094131474225,0.1816463104809951,0.1728363940870053
0.1601312696818255,0.2111605770527746,0.1471846203160565,0.0403526339685062,0.0590256710217365,0.0120499939284937,0.0047578103742572,0.0762723114384514,0.2141956871051457,0.0748694250004854
0.117274355894479,0.1993532492648715,0.0744174572348262,0.069754043903865,0.0083775805096581,0.0222921881006925,0.0927133732661756,0.0094629229011294,0.1747414512389641,0.2316133775811656
0.14038063326655,0.2109765429127433,0.0768398483471963,0.1217905255661188,0.0042253184189613,0.0033723771200239,0.0424730310258817,0.061192141166302,0.2232858926553552,0.115463689414001
0.1445380255984326,0.2564979760165945,0.0474139721421304,0.0876448277481614,0.0085443438579704,0.0170412340032176,0.0018748261803252,0.0836317146163088,0.2922094287405461,0.060603650973843
0.1548257901994076,0.2743030207551197,0.0437673112421924,0.1006765659129227,0.0391729687709899,0.0412276002579159,0.0621987264493754,0.0268851036028055,0.0620849247148386,0.1948579879382509
0.1242221530350603,0.1943189056792675,0.0582808655931155,0.0620646647874401,0.0210533958752522,0.0246837675864618,0.0778205149507397,0.0527366946142562,0.1814968328839666,0.2033222048692002
0.1243931598900012,0.181999858209369,0.0614484708610384,0.0394133934739015,0.038527437120698,0.1004925515786165,0.0535165401397875,0.053945592469562,0.1673534691608969,0.1789095269706433
0.0839459298003507,0.1429725363831231,0.0444865520976846,0.1039870984755197,0.0048013871206207,0.0234495475987632,0.0515360809196496,0.0691626743807324,0.2183693754433288,0.2572888176492287
0.0979675662136969,0.1507580119129418,0.0646507217506278,0.0807606442828514,0.043012088764259,0.0167800599736208,0.123833549672011,0.0421174274877758,0.1750737456159517,0.2050461842010623
0.1035961159585503,0.1571131630677243,0.0681729586864478,0.0869523325456764,0.1059811350490042,0.0904836021940481,0.0167494045890793,0.0201733708999095,0.1496580792650061,0.2011198376273185
0.1113618285224494,0.1797630900110507,0.0638796428413585,0.0284346771811066,0.0062280320468267,0.0168672007392741,0.030686112660648,0.0231974342362269,0.2731975285580961,0.2663844530593313
0.0843295719010662,0.1881443194805478,0.0058933232234711,0.057767324626133,0.0268789161835136,0.0261029098056349,0.044216322104912,0.0466463101655175,0.2912029446418017,0.228818057734807
0.109987524368913,0.2146038583434302,0.0502988192725551,0.106604119680886,0.1295998353479115,0.0700924150702367,0.0047658566078584,0.0427922460979115,0.1644592050461834,0.1067961200373137
0.156683278120994,0.2239959276814401,0.0982753944880787,0.0214125604847197,0.0341290502710154,0.0352733731909344,0.0197613908796844,0.0071316415502862,0.2351526315610343,0.1681847516649547
0.1418635766772179,0.2270083129670101,0.0579728140172192,0.0614772178786687,0.0318974442923439,0.0170721140943085,0.0038288493784536,0.0102579218530363,0.2220123242938939,0.2266094244250978
0.0924485203697232,0.18486288236149,0.0151283787870477,0.0929334930467829,0.0150784810027644,0.0073660739129452,0.0403529845065862,0.0949483379809733,0.2312574635058028,0.2256233843992454
0.0340342917456344,0.1743448165034171,0.0582528609786657,0.0970533350650112,0.1064699843436358,0.0616180416304893,0.0071553899614507,0.0512720655561525,0.1327142753456982,0.2770849387329268
0.0361006734297831,0.0967343096299125,0.1034430050783715,0.0008079086361583,0.0681598339611396,0.0721843718126154,0.0454025972558851,0.1067799183472123,0.3483862406094318,0.1220011411173053
0.0390034086768973,0.1178920084624766,0.1000175922039412,0.1331481416586608,0.1259780685762282,0.0137548745646845,0.0824805822840422,0.117061479171241,0.1396892011652038,0.1309746430751449
0.1012927595155826,0.1017685255265764,0.1876509789905943,0.0802478450458818,0.0396876864901583,0.0256457725211538,0.0453653150967507,0.0295515679233579,0.1423190650548662,0.2464704836553966
0.028545169810229,0.140643520626213,0.0631771363841516,0.0910689009135332,0.0127406661831823,0.1257623210248353,0.0389240827383748,0.0179680187071101,0.2690557488786302,0.2121144345818485
0.0258137514420668,0.1631632817687991,0.021265151586036,0.0669657548871281,0.013837178437438,0.0348898863355971,0.0135918547249983,0.1034131754455393,0.3384306628453795,0.2186293023727051
0.0142606389772351,0.1908917993815978,0.0162005527192105,0.0944643434091571,0.0607372789180681,0.032619205744452,0.0410549750749139,0.1396358414814057,0.1766092558812347,0.2335261081800891
0.0526677931049602,0.0741752695845899,0.014176317835302,0.1975822501418671,0.1088218049439866,0.1523982534706115,0.0234968929068811,0.0640341703241777,0.0677676946597959,0.2448795528290386
0.0424059040730158,0.0838928963615947,0.0141178685120899,0.0977352593277823,0.012960388293402,0.0172842251382001,0.042718474689396,0.2655554215417791,0.1351242327530943,0.288205329106595
0.103696248190415,0.0929939923674888,0.0510833294135584,0.02384139033717,0.0488009673837912,0.151698621339106,0.0419012490122367,0.0569602509360624,0.2965235551079832,0.1325003956405583
0.1381091838456778,0.0180245484039427,0.0228425688848588,0.0471977300777964,0.2296191823715738,0.0149571837966696,0.1681163960253396,0.0499488254885499,0.0444953151294152,0.2666890656929703
0.0550188059003693,0.081482553099777,0.018001741499449,0.0214127472015984,0.0376546362645656,0.0410383348146685,0.1842714822739975,0.0306068116503238,0.2830684814775219,0.2474444055648188
0.0227925031606387,0.1103043153657799,0.0371979009050435,0.0819544679795642,0.1000868769171966,0.0439193262219414,0.0499450322376903,0.1076409038613202,0.1254572053857485,0.3207014677973134
0.1021614427387686,0.2470147033235894,0.0909273143907945,0.0552206533647944,0.0787196538906219,0.144247079619409,0.0201772858094878,0.0297651078372946,0.0212795615524402,0.210487197267182
0.0302769200734533,0.09414327678443,0.0511477941519951,0.1341110485454178,0.0967764701504991,0.0088727904010587,0.0691701675860411,0.0800319656374887,0.172004848929581,0.2634647176045274
0.0100226166073325,0.1180673832232251,0.062224355819405,0.0184874976137314,0.0955773906187279,0.0283427388696296,0.0516579182036057,0.1442797121624965,0.0970920450916622,0.3742483415048011
0.0619179702349353,0.1081148284088231,0.0905747363637476,0.1593611898931861,0.1191805301878524,0.0293600144768573,0.0844971611154316,0.0017733158907441,0.230814289756971,0.1144059634785494
0.0598546447384833,0.0790525716225008,0.1297699370960575,0.0128333867062179,0.0346453892118922,0.0685890346863597,0.108394954267245,0.0286598179818536,0.316103374597878,0.1620968889005455
0.0679630382949208,0.0539204753590866,0.1529293828534867,0.1138345008088484,0.0611311068711665,0.0130244935106206,0.0035867566616144,0.1039378121847949,0.2715305094049657,0.1581419238883467
0.0861245601510942,0.0738127182581068,0.182097186711766,0.1076837884825724,0.0859236981988402,0.0908785167149471,0.0618667798168266,0.0220989701205001,0.1910835478909699,0.0984302334505259
0.0718578244669217,0.0380504414747575,0.1555662886871757,0.0466370316482352,0.0178940626757798,0.0470999053218424,0.0683337236373857,0.10812287995464,0.2958844343854031,0.1505534076199316
0.110830991889385,0.0543778391106457,0.2233270150633167,0.0182228641164347,0.1039359122747898,0.0117130590689681,0.0647541473038134,0.0067143637973097,0.3680683624069013,0.0380554448322224
0.0355041836314922,0.00236089475534,0.1861000437711914,0.0897759676396911,0.1030717462812976,0.0260278746402691,0.1523844063724378,0.0889883113560039,0.3065432012134561,0.0092433701698561
0.0168635966562905,0.0493992458113056,0.1633703504789901,0.0253371111592842,0.0915684855953976,0.119552100210698,0.0391255292088018,0.0382362531165016,0.3304222231479157,0.1261251044776797
0.0761654062356003,0.1681271872776888,0.1395446635545154,0.021381633900005,0.0536089517751171,0.055980298760753,0.0499043533950235,0.0411262047596834,0.1950636790668665,0.1990976210851726
0.0707727552319874,0.1497538978705867,0.0820557909246312,0.1083006830203016,0.0569130712428471,0.0163807475294821,0.0307271142244306,0.0503576116998171,0.4160772152892082,0.0186611127961292
0.086485248081275,0.1400174408379183,0.0667490598627168,0.0331923523201353,0.0701718641162152,0.0531549867790409,0.0944457860926245,0.0325853399805521,0.2854532907060522,0.1377446310646672
0.0760268423903657,0.0847237888615043,0.0148003240856487,0.0027267442204569,0.0569285641151115,0.0087608492233349,0.0573023389786881,0.0788521150514454,0.5702546484786991,0.0496237844282049
0.1653632972237779,0.17200522125778,0.0453970096958978,0.1554119478505987,0.0807829554578771,0.006931607427003,0.0155148030562574,0.0103857055977349,0.2333532696468783,0.1148541825057429
0.0833075273711726,0.0543506377709526,0.0669918232252758,0.1191849049174411,0.0238038556249455,0.0467426374475209,0.131309537572369,0.0274701206182543,0.4434869945522504,0.0033519606923831
0.1731362195478919,0.1216621810101631,0.1477727486974893,0.005726115662571,0.0119958382231261,0.0099042186272895,0.0587542420066828,0.0180875225780522,0.3309129412509148,0.122047972196222
0.1053610002020239,0.1629251241687884,0.0035489501574629,0.0318632070188479,0.0545837140831841,0.0645743662150436,0.0937145913834797,0.084243848449681,0.271468841378419,0.1277163567612258
0.0292623971433974,0.0402680865028863,0.0147246349064224,0.0315521334627614,0.1201839602709729,0.0161162927459839,0.118756328660546,0.1423967516527608,0.280539516790432,0.2061998977241719
