0.0152225625607104,0.0160131292959061,0.0310971941652514,0.3723313710861748,0.3827054764413458,0.0203787375905972,0.0131885750853766,0.007557527060691,0.0969604356832392,0.0445449909614297
0.0137710028955896,0.0274599073519557,0.0354159292673995,0.3331288681950322,0.2966791357156135,0.0393691996425422,0.0161545192495827,0.0079131130005262,0.1446179498531742,0.0854903747664075
0.0454271696320698,0.0373468765808491,0.0748812165758163,0.3554695218824141,0.3219313389596445,0.0153629263743749,0.0010849283042553,0.021018134019122,0.1014805983276881,0.0259972892803716
0.0461036431522392,0.0329571814565282,0.074620508963019,0.2901772614854725,0.3156336394317047,0.0263578224942416,0.0115991296745405,0.0264020100925051,0.0735598837524934,0.1025889194406707
0.0609483852800497,0.041367772931318,0.0938632647414088,0.2860557509895836,0.3393980380723028,0.0046443740535031,0.0238542854226578,0.0028854858092149,0.0689734470856693,0.0780091955547804
0.0552140762814613,0.0329270032038345,0.0837643074564478,0.2940401014470882,0.3104741165476017,0.0076800180574584,0.0348196500939902,0.0154705265887641,0.1034195865857942,0.0621906136787442
0.0563056356056257,0.0286238687546472,0.0923592077645084,0.286970521475308,0.2780084146217258,0.0110464805927699,0.0306127977427687,0.0219030735804545,0.1179882973023913,0.0761817025020132
0.0547669416588184,0.0274162318570767,0.1037499095981702,0.2733055824866009,0.2614977422536974,0.0098938534002717,0.0538722880632409,0.0012735201646151,0.100177023798721,0.1140469066572805
0.0570412351848377,0.0254378777870381,0.1011717026171357,0.3375631795109912,0.2552936016398839,0.0312456208126694,0.0442537622755979,0.0099030527933507,0.0258990875484694,0.112190879767164
0.0592026809386339,0.0180030161108464,0.1058344461238131,0.2861183421485124,0.2753394557364238,0.0639892481245101,0.0177657667974333,0.0232464455396077,0.0644549691049572,0.086045629311033
0.077013416382071,0.0502842323939834,0.1107986391184665,0.2330936267956617,0.2766145289888778,0.076804393834935,0.0262658391931914,0.010333612755808,0.0279948986716533,0.1107968118043998
0.0473355862953724,0.0239683797958497,0.0790355487358282,0.3161997301953455,0.3011655931871028,0.0133595445119189,0.0196159907785943,0.0048281264068846,0.0797131453714634,0.1147783546560784
0.0733438233923934,0.050293157741536,0.0925822595127471,0.262272892498914,0.26908001295257,0.0148832751777318,0.0130874904620039,0.0049226710178084,0.0523264759262751,0.1672079412541044
0.0589263346185971,0.0425586132093737,0.0721973463470316,0.2522409413860949,0.2977293091201433,0.0560123593748494,0.0037622015271862,0.0099957883485984,0.0594752659014863,0.1471018401015484
0.0535145526249041,0.0317898022704703,0.0724048886591736,0.2916259134468686,0.2799295279328458,0.0201815719084555,0.014434019943534,0.0283039108388639,0.0367991445709715,0.171016667735269
0.0734832924755318,0.0535221769623193,0.0901435339764165,0.2907026013718795,0.3455006894165723,0.004661223187843,0.0059971605233993,0.0012223009947991,0.0206381232420399,0.1141288977654371
0.0673067559882368,0.0466650422030089,0.0917832075748212,0.2425567064608595,0.2810426675540092,0.0041951575897693,0.0639695995010182,0.0020705753403254,0.0665460430191718,0.1338642446940423
0.0643280807338342,0.0315681017874845,0.0943097108861557,0.2643982883035413,0.2509153065598364,0.0584746335960389,0.0329791130308323,0.0102602671952074,0.068358267357732,0.1244082304809218
0.0712053074773938,0.0427357803748109,0.0925812658999183,0.2546420024876803,0.2281425288924657,0.046426012655085,0.0551958859243705,0.0392707989581538,0.0777015406003365,0.0920988766677778
0.0924325519147114,0.0719805995767944,0.0964726072622491,0.2374361075939044,0.2258528859062885,0.02207016166281,0.0308072962594528,0.0327712890343258,0.1400340544317703,0.0501424462841668
0.079663313518848,0.0733635002059435,0.0782087324347721,0.2210165594639442,0.2573482367059718,0.0175587732912062,0.0383660843257087,0.0132970363490784,0.0988485530131304,0.122329210619345
0.0842699527874481,0.0734064974962018,0.0868425427579471,0.2178699531312592,0.2404089095035526,0.1034788965384412,0.0373912869223767,0.0136578053096369,0.0687952751912145,0.0738788802884432
0.1133891845161139,0.0925446232762724,0.1063227516233025,0.1886802346860665,0.2245966990995858,0.0815979311281817,0.0031552699870503,0.0484886609414722,0.0649158022281907,0.0763088424450344
0.0992148595389663,0.0894504508697371,0.0942332662633647,0.2090328827613952,0.2303171223992265,0.0306859840547288,0.0450205964619232,0.0729345226852724,0.0947514321773381,0.0343588827160307
0.0819573828535001,0.0756770421151423,0.0735507247533073,0.1614236224273664,0.2207583970781872,0.0432502240302741,0.0410419843365862,0.0689446419283888,0.1376985117267042,0.0956974686734063
0.1056155537316354,0.0938707709615854,0.0919627279429267,0.2409842549859538,0.2699836576530123,0.0434817925146072,0.016792314144534,0.0555357252224645,0.0278123570353399,0.0539608457147229
0.0833273682098955,0.1126418760380451,0.0424524252121196,0.2307894759814263,0.1751121633104181,0.0679117018832969,0.0726762743288651,0.0402856923679952,0.0120371340401214,0.162765888553114
0.1050119224458099,0.1269614328775925,0.070603404625245,0.2087530293249723,0.1360375686759226,0.078103600941701,0.0695553060251244,0.0706746451011267,0.0457259644361913,0.0885731254751747
0.1031783566765913,0.1399413273491218,0.0587378636588811,0.2222588208368121,0.2016988365049464,0.0537399265535729,0.0543649846944035,0.0050934345001057,0.1025418583288028,0.0584445908166513
0.1200409846785012,0.1758826539673879,0.0591093375696953,0.2044578805242342,0.1671120893764958,0.062636779918457,0.0728913373116731,0.028639732736512,0.0906067969919185,0.0186224068332186
0.1536990881847415,0.2308542354633259,0.0394253386547493,0.217057123675511,0.1694541504319365,0.0202746497723281,0.0304115484777961,0.0963528074287545,0.0171569124184241,0.0253141453769378
0.1041721578199278,0.1368788362887688,0.0586437903659035,0.1908531267653387,0.1503183538208687,0.0135929255493476,0.0542255306997782,0.056540343071496,0.0682828669222814,0.1664920686157481
0.1353466313900292,0.158778698504956,0.0886537092267697,0.1326689173445306,0.0740657833187123,0.0769765380505182,0.0564931836051622,0.0211082188092625,0.0973957975686296,0.158512522090055
0.1299367778689588,0.1570334807985101,0.0805133064352525,0.1713346692450593,0.1432380759863558,0.0851202973756262,0.0630409721153314,0.0035684170713694,0.056930890281824,0.1092831127441159
0.1591872471526041,0.1885875370075249,0.0995363991342781,0.1280456817551467,0.1186650935122606,0.0219151022599176,0.0283803844052122,0.0252824682216225,0.0312836033040376,0.1991164831606578
0.1887943994128653,0.2254597657533704,0.0945999151229627,0.1519485075938306,0.1201815588671752,0.0178702131540695,0.0419083609276103,0.0735369559935037,0.038083494461538,0.0476168286308446
0.2036009387896665,0.2504881471458118,0.1018584361490953,0.1130229520008924,0.1122618591335442,0.0233887458399328,0.0859634841143329,0.0426821965081634,0.0032380064222769,0.0634952338183029
0.1992565399117192,0.2663438510087362,0.0760278123975341,0.073787663282649,0.1270236032289074,0.0654941630106039,0.0397592317981219,0.0271823778456721,0.1105790094273644,0.0145457480018454
0.1715656139492127,0.233073724294669,0.0525207780804981,0.1448591592955332,0.0600879608211746,0.0261439976723471,0.0443267810001054,0.104528883816628,0.0209755462432059,0.1419175547483844
0.2313044573252921,0.2908472007520898,0.104278835248561,0.0584710121635775,0.0577496951750382,0.0117827108316316,0.0828340465424696,0.0875936571362326,0.0311845963379072,0.0439537883956894
0.2550352390528294,0.3232609891898591,0.1073129807023386,0.0660720978574763,0.1459748316213988,0.0226916228115217,0.0376966728263373,0.0206171413107553,0.0065913000717943,0.014747124443638
0.2482132882902666,0.3069118591545003,0.1265798498790479,0.0357196416365716,0.0743885062089124,0.020315425565461,0.0171082333528653,0.0400739110489754,0.0613448577651158,0.0693444270015649
0.2402857618840183,0.2972715291995129,0.1028717648960712,0.0335493587257568,0.0328322282061747,0.060035199027253,0.0482556015048997,0.0229872921399537,0.0267297316534658,0.1351815326706208
0.2666964169163983,0.3447012658713044,0.1157024966014582,0.0875913561521526,0.010619448362335,0.0152386315819127,0.0055747846820799,0.0177142684578505,0.0542637802000378,0.0818975510751385
0.2501549598110668,0.2990067811849213,0.1230375743982615,0.0976018866583964,0.0609528220120006,0.0783052744997318,0.0223417882301878,0.0037601351799039,0.0031533800363364,0.0616853979064016
0.2354311198925583,0.2887402180314311,0.1077980439233838,0.0445521265606405,0.0222010043938344,0.0843371470128993,0.0761220486058638,0.0197325545724685,0.0450389612670418,0.0760467756660372
0.2856025099991749,0.3393826915750588,0.1414770226719463,0.0223643451520162,0.0175196745454813,0.0122560682138723,0.001706068121233,0.001061434734933,0.1533687669546024,0.0252614179399665
0.2618803861103084,0.3229753292886335,0.1141322066417496,0.0653146393559872,0.0292979430582593,0.0547599396641099,0.0303518984527551,0.0378699391294799,0.0003897668117225,0.0830279513946689
0.2898992189561449,0.352665563802235,0.1184064111941682,0.0115114875578506,0.0248058023744081,0.0420838161781947,0.0099892086663231,0.056161063186818,0.018262150672917,0.0762152773091882
0.2981303637607708,0.3712981475590004,0.1194116942496029,0.0008465559953716,0.0037602182099341,0.0128285807488307,0.057299281240026,0.0203927323110404,0.0532878471359939,0.0627445786944762
0.2836434723317339,0.3332932504665075,0.10876241404106,0.0196375472875343,0.027569306187351,0.0091613993120984,0.0012305728648704,0.054169424166445,0.1021238281304548,0.0604087851214522
0.3235371595722583,0.4014167329562093,0.098726370983695,0.0014941376873386,0.0058603545079781,0.0223127350892146,0.0339771354269843,0.0530650003177054,0.0321811194481711,0.0274292539091936
0.3087817498745215,0.3666222734537012,0.1013599846390661,0.0123418620024506,0.0331000705762645,0.0362093446941541,0.0375945258177286,0.0311302703909063,0.0677169183648248,0.0051430001029
0.2886427591418624,0.3591166602981924,0.0822388349986184,0.0098854195816506,0.0041675923558064,0.0557609576810818,0.0050317432916293,0.0396073330515184,0.0859509188868896,0.0695977806333079
0.3228066838843993,0.4063851379680272,0.0839128222614075,0.0314120391414581,0.0071900745259008,0.0556587629352634,0.0046542244463525,0.0172132991507632,0.0159704545985673,0.0547965009917446
0.3153953590870665,0.4291652633435173,0.0408039334600354,0.0542563587008605,0.0151161721804425,0.0186627544838621,0.0072477317403371,0.0349240969592308,0.0029863079504161,0.081442021988929
0.3122258972370952,0.4163127737229237,0.0571142478197107,0.0396696984106335,0.0523213506340363,0.0058219013123466,0.0418097756084505,0.0320856961847639,0.0079336916218586,0.0347049673473134
0.2819015127169972,0.3558889415971868,0.0868200050796741,0.0240523244549709,0.0347583638008043,0.0754343345558092,0.001318420541121,0.0689586680274013,0.0015473889286466,0.0693200402129837
0.2998149850054198,0.3574249159888915,0.1336358872019354,0.0207958376566146,0.0071553734380796,0.0226644906720462,0.0732320987156782,0.0277515549224047,0.0124470155078319,0.0450778408154479
0.307109761384267,0.3694055521637805,0.1257546253018272,0.0291351135911389,0.0088073318080157,0.0180409627159462,0.0122203458754023,0.0862655316170924,0.0085730107303588,0.0346877647371217
0.2822663496839368,0.3593584392442492,0.0995998502997207,0.0046079867670826,0.0179344326833115,0.030315481714512,0.0490729279190367,0.0095603961087845,0.1228588788192485,0.024425256684572
0.3184501470429201,0.3994213489923074,0.1214710112949201,0.0157691832197006,0.0073447056624255,0.0509017581340611,0.0235743823838865,0.0085230803463369,0.0194783090886713,0.0350660737545746
0.3105010944763793,0.3981803242017772,0.1075346847660901,0.0320044586773558,0.0171097449867647,0.0097478622586063,0.0075150213078319,0.0082120843961073,0.0943231543007756,0.0148715705500707
0.286131954526389,0.3680291861882622,0.1037167774008349,0.0367031434736096,0.0439437134585783,0.0278557463963671,0.0165263265284049,0.0400990072471808,0.0630442466723414,0.0139498980327748
0.3055693394189771,0.4366493556197239,0.0471146708031929,0.0476797680723064,0.0041552395271292,0.0033627878615789,0.0027024340634704,0.0470344739006585,0.0744761544179346,0.0312557762138012
0.2889183919399772,0.4125359091588938,0.0513800724452535,0.0715612523818959,0.02419528498237,0.0427590517452261,0.0413687634431288,0.0077211893147251,0.0522995845718582,0.0072604999261635
0.3006127574997184,0.441929681682174,0.0070377342659609,0.014249691556228,0.0011667256313604,0.0487569300174715,0.0326108228854683,0.012124223359708,0.0379668535004176,0.1035445794958104
0.315700410826309,0.4287284023275519,0.0508295170154814,0.0146261311859517,0.0067164807929785,0.0368754278745017,0.0804392759650462,0.0029708275804801,0.0045757578720944,0.0585377684667289
0.267781404961343,0.349046600856516,0.0712924037403401,0.0288411410487428,0.0015675024321136,0.1007374284297265,0.037661003629805,0.0003931123528862,0.0962591093792275,0.0464202930930184
0.3070086835909911,0.3894799554705062,0.1072909079144583,0.0147376759849995,0.0047246296217227,0.0378103798348654,0.0091715417799585,0.0468017359163386,0.0754901015576372,0.0074843882465951
0.2890852950750082,0.3602227191143481,0.1086559014653839,0.0374105821699175,0.0100095925959725,0.0188786089140769,0.0207648067803587,0.0510910410026849,0.083206458251154,0.0206749945559298
0.3150189993091808,0.3882910165142397,0.1354020884766806,0.0235356434288281,0.0060793089895374,0.0227768791310842,0.0382557426912759,0.0087879567154137,0.0406210631199139,0.0212313015389942
0.2460733243616524,0.3017100030663643,0.1252048107939313,0.0583662477811167,0.031863231599219,0.0296124552597897,0.0300974238217054,0.0372408086975055,0.1195027658153978,0.0203289287324339
0.275589320146227,0.3396507476820524,0.1196594611997988,0.0543275901497942,0.0232346761660605,0.0075209167110664,0.0117582609408684,0.0138562296187127,0.1325175847816407,0.0218852125154733
0.246614793956854,0.2929338108404382,0.1222558704594955,0.0524422201555188,0.0548520000493581,0.031357164234559,0.0524695373899658,0.0100287672566416,0.0838843272988396,0.0531615082831803
0.2388976600311965,0.27528928888807,0.129534973155524,0.059017233485367,0.0457288773121156,0.0481930901143694,0.0576879967199863,0.0046242822294427,0.0864557042762535,0.0545708937151464
0.2789361989289426,0.3056917731664956,0.1550778012059145,0.0537804480262621,0.0119075617598606,0.0328138917399865,0.0216536536113166,0.0239176399742434,0.1089861563013443,0.0072348752010461
0.251375021604686,0.2866839546754263,0.1268893933726116,0.0297264244474865,0.0220969882145814,0.0756275138662022,0.0275320355259889,0.0275447183352067,0.0959973222584407,0.0565266276092085
0.2611242837470964,0.310041612963144,0.1249919055554455,0.0470296921339623,0.0161323472049655,0.0017129803784874,0.0029867770857291,0.0146479854947328,0.2101055808541803,0.0112268344847306
0.2423305201732034,0.2789690790695218,0.1244402332273035,0.0227671903301826,0.0268928648644583,0.0073534664711287,0.0016926902455794,0.008670264258318,0.2201530876057838,0.0667306036695855
0.3155303251346751,0.3583553324771851,0.1621488003719894,0.014631835624808,0.0024986855192914,0.0196147639709247,0.0505055473460314,0.0201084073134436,0.0503765197728735,0.0062297823586428
0.2452704271296632,0.2637349511624792,0.1401719942602564,0.026416557410795,0.0297580481707342,0.0126526384859172,0.0100018198849791,0.06044176007296,0.1588994064085379,0.0526523969347898
0.1955593056494262,0.2054951116362446,0.1236464736864641,0.015513375684074,0.0044305184951845,0.0702847226055222,0.0199513428364058,0.0733599917878064,0.2292777317052806,0.0624814258461077
0.2561519929233146,0.2653098493057787,0.1593440293800417,0.0097512472248965,0.0275789371398906,0.001805547576477,0.0277544628698914,0.0353397349924536,0.212056278208339,0.004907920290066
0.2380485509824922,0.2327743823925278,0.1614157589536571,0.0216773173406298,0.0370512646621626,0.0288307945614812,0.0038612334900472,0.0088907691254897,0.2372111442409328,0.0302387841713101
0.2622728911662752,0.2599507529480601,0.1803628826534657,0.002249197087605,0.0035158037436725,0.0298714715396668,0.0469970455076137,0.0251541571686638,0.1862384133508287,0.003387384740769
0.2601767029320898,0.2759910934160537,0.1628121336320177,0.0260191631682859,0.0399549186698359,0.0034605154626372,0.0025882082513383,0.0001260894722076,0.1653836322573216,0.0634875426393347
0.2770719164009863,0.2820950894856503,0.1776599387995845,0.0051249418050532,0.0162611616756434,0.0288196627321495,0.0004221021130376,0.0138149652974917,0.1911018584264233,0.0076283631673091
0.3099490038800844,0.3069446099153199,0.1787411840640876,0.0067649425809978,0.0517117438293898,0.0029241848990932,0.0425450826859768,0.0812738313579175,0.0133035585873014,0.0058418580728534
0.3037258803639101,0.2829319438627791,0.1687865483648175,0.0074502790622013,0.0745504972760589,0.0150166853044353,0.0598466016752331,0.0163172681206804,0.0219484943292615,0.0494258015298492
0.2317387307285386,0.2193861382246749,0.1323867122497668,0.0433398818250372,0.0187324845466934,0.0240138472421803,0.0156661013351759,0.0488028158030918,0.2438323260455255,0.0221009619061451
0.2067200612207713,0.1988941188429093,0.1027743296081625,0.0153385056902438,0.0262904714401339,0.0442886053508806,0.0424875488745715,0.0519830270828113,0.1988743321000672,0.1123489997022271
0.2475189615787459,0.2311702260512925,0.1255699484322105,0.0709605021219107,0.0347768763396795,0.0786130011934922,0.0053607944673346,0.0351807189767553,0.1519492355311594,0.0188997351954199
0.2117784196022714,0.1826920048361251,0.1003449743001919,0.0517504569345127,0.0221849404251001,0.0399191254043532,0.0546686735276265,0.0144049556466479,0.2764783875402227,0.0457780616797913
0.2204344014141326,0.2239600975431194,0.0937279898705459,0.0443659200840096,0.0581011141811574,0.0346059688934936,0.003595025888703,0.0318251104679598,0.2792591721060232,0.0101251994454057
0.2041284746376805,0.2089657559380182,0.0799832909699761,0.0914401544532148,0.011262555152352,0.0919955515103528,0.0192797855080471,0.0364850231787419,0.1784828786000918,0.0779765299415223
0.2205641253514716,0.228941151975129,0.0713255153302233,0.1108063150206165,0.012644386213345,0.0399242611189714,0.0336785100079141,0.06084862979237,0.1823376943857928,0.0389294106831616
0.2362488782571629,0.232430418445428,0.0982521520308771,0.0452057495215685,0.0772471938386698,0.0678348273203624,0.0240415031280484,0.0235381797504412,0.1858474044685814,0.0093536930950365
0.1924398728735064,0.1850833603992241,0.0600053128820517,0.0955867824917835,0.1285012385055417,0.0578885346413503,0.0796792883090078,0.0340961398665542,0.0474782022324429,0.1192412676462193
0.2588498508545433,0.2289175378780171,0.1407959580304185,0.0150181036023314,0.0293651999108878,0.0148863949524017,0.0223720013060112,0.021273819422923,0.2246640512181114,0.0438570826837892
0.2260148082696477,0.2087666075886715,0.1105447053226859,0.054058061099626,0.0311023272464875,0.0098348536981994,0.0447118860684836,0.0296451176176852,0.1320748243844797,0.153246808595892
0.2740221615361215,0.2793199955330741,0.10543408224379,0.0619525238296908,0.0024921060474468,0.0257082117306789,0.0127831941828436,0.04840183256197,0.089050136705282,0.100835755483721
0.2618866953728192,0.2573322515346217,0.1178601642441947,0.0055516729908056,0.0293852339596413,0.0066892391678854,0.0296814114018567,0.0301557859139609,0.147537037959616,0.1139205073030621
0.2293691087546018,0.2053471682765366,0.1430645702374137,0.0881618880513821,0.0017507388049376,0.0725220195749981,0.0223126575557244,0.0016141190252563,0.1725117735852519,0.0633459560200109
0.2169733659427386,0.1972113024718439,0.1502511680718588,0.0039131045554039,0.0319118909275235,0.0384662250893706,0.0732841727976916,0.0177626476774959,0.178703729880594,0.0915223924968541
0.2650202817886317,0.2273356385285202,0.1858284259115892,0.0121428505780986,0.0191772482086468,0.020207408251041,0.0239517057398678,0.0295829858953982,0.2163263566965244,0.0004270982879415
0.2605491972823068,0.2139191921920387,0.1711187345813056,0.019980989094729,0.0004418330857534,0.0146375012503974,0.000707885748671,0.0290174664277661,0.1574671035227118,0.1321600967086496
0.2295519187375344,0.1881604501228118,0.1607912094445655,0.0273095577465581,0.0295075745441925,0.0464049560088788,0.0166131121714571,0.0155008287884853,0.2246236072688177,0.061536785082521
0.2706196505809033,0.2235647079355743,0.1993754234756139,0.0228393908303674,0.0143263735824806,0.0081209719362062,0.0134008470030852,0.0206084155478669,0.2041369716744163,0.0230072473213983
0.3020271483094845,0.2478106321872452,0.1957489327791247,0.0018755111355091,0.0896555203912535,0.0625455212198755,0.0092473135194454,0.0305000742393701,0.0157704190335028,0.0448189270594442
0.2581734343159639,0.2063389606505599,0.1743136260620106,0.0012066277025895,0.0104390564202013,0.0685368249590555,0.0422592414575516,0.0347490668424531,0.1702763504262591,0.0337068110509192
0.260507411440896,0.2039689226512395,0.1728150705614386,0.0561956936616893,0.0712811672275708,0.0260813909197706,0.0760636492353238,0.0389719845191168,0.0923550889469593,0.0017596207243015
0.2797444558166989,0.2406578072986764,0.1726348086274496,0.0827659548773384,0.021297133776354,0.0475523831286535,0.0708925834007218,0.0143039938791464,0.0555120738870312,0.0146388051965455
0.3087297843413644,0.267622203332541,0.2122623715270152,0.0064817305910055,0.0473196118901968,0.0058822134623251,0.0173248504491215,0.0167243366787756,0.0917235497701029,0.0259293478150436
0.2467984617344134,0.2309363555456263,0.1168548006277611,0.000748043527363,0.1215366212571064,0.0068517585008149,0.0021268559333113,0.0389828446180259,0.1955717607131098,0.0395924974033182
0.2366543899931666,0.2120055340464305,0.1548227301043976,0.0971820867643918,0.0242612825559859,0.0603738212159483,0.0160559118226956,0.0218961716205902,0.1203317269236926,0.0564163448181386
0.246433340456549,0.2015559843228182,0.1752361649110662,0.0041787692225532,0.0288210934265318,0.0210287024150615,0.0596344882816934,0.0667677604142318,0.1681987530239247,0.0281449434015741
0.3122141050833333,0.2693766660166051,0.2035007241738358,0.0035612247076993,0.036957849202373,0.0268514387261783,0.018484645650239,0.0043043397914738,0.1121981513718388,0.0125508551079433
0.1401140233376135,0.0828992701252339,0.1314805445317093,0.1482022825916974,0.0800125138066746,0.0214716338147904,0.0407409829506172,0.0498435396761985,0.2289569955297424,0.0762782134933561
0.2057501381454133,0.1263196452401296,0.2000885569357873,0.0757723820266791,0.0081834989954945,0.0220798651971005,0.0678478561390423,0.0720439067646353,0.19566205020999,0.0262521001580819
0.237821117080397,0.136371374011737,0.2104111713962544,0.0146291756215259,0.1651045974911327,0.0003146782994,0.0055249395525788,0.0942404909286517,0.0631819620811987,0.0724004933019146
0.2992258847451017,0.1434468977888162,0.2934757002323613,0.0442328912861425,0.1081708488363532,0.0224792461770271,0.0234986556283202,0.0241318993071652,0.0150642361764411,0.02627373956173
0.1976020065560381,0.126395112514952,0.1731076625945662,0.0979559611004073,0.0293732827161591,0.0747873697083042,0.0402160307157386,0.1063848809479228,0.034925926100645,0.1192517668982348
0.2099754749963423,0.1583115844565468,0.1774933396716692,0.0279576438382518,0.0402750511808197,0.1178496041583316,0.050256774433272,0.0269842118595456,0.1658885402919424,0.0250077749848921
0.2992352127038575,0.1922602323930169,0.3293806686824361,0.0235286194518676,0.0208123224902301,0.0036585415020079,0.0406567641718897,0.0400444840435553,0.0249476740072033,0.0254754803557554
0.1996490405160954,0.1617317392852399,0.183713561788919,0.0532482467515733,0.012189810178006,0.0187318513006768,0.0589589362295128,0.0282978312347102,0.0863804215085812,0.1970985610993238
0.2224124981446818,0.1746112180789734,0.1968216344385607,0.0007163438779661,0.0199726039977845,0.014737778559994,0.1579638312735944,0.0656699100477163,0.1061076480208498,0.0409865334344327
0.2826257137751479,0.2051650083534394,0.2451538783522289,0.075450648414414,0.0927836069061708,0.0282661473292949,0.0533624965964271,0.0124647183748964,0.0007549641614767,0.0039728175649831
0.2363275334248641,0.1699207915967964,0.2381964869071977,0.0728747628925104,0.0570045535889529,0.0085766155213227,0.064741158691973,0.0427332250443684,0.0862794624450018,0.0233454097408736
0.2246897300470974,0.1456370082710693,0.2145561121143774,0.0467121384926885,0.1151142262300184,0.026169125325062,0.098213886094604,0.0799455477403207,0.0221192143018152,0.026843011229111
0.1790206690317472,0.0896225476867854,0.2099255789433892,0.0563165717097206,0.0725979880378108,0.0962520935996677,0.0149025834806642,0.0708400977546001,0.1402630520647279,0.0702588175565152
0.2460921857621764,0.14051608453778,0.2690946343704832,0.0855690384121882,0.0189009988535139,0.0981547063520442,0.0179757292548532,0.0004442483316111,0.0330172252679586,0.0902351487149292
0.2600660529219129,0.1828730897441886,0.2666074890405582,0.0305312126475988,0.0087798290290177,0.0346024025110063,0.0484222948428771,0.0782548446254889,0.0621131966716004,0.0277495878368748
0.2697370867243,0.158184925702773,0.298558807921404,0.0645554055767635,0.0581133814504589,0.005604742150607,0.0214106881344303,0.0395504262815002,0.0246971786995306,0.0595873572089701
0.2583133430063259,0.158073979327084,0.2620756991121883,0.0693206069713401,0.0466943649421306,0.0705202058924713,0.0179621387890126,0.0488132726527867,0.0032272407881829,0.0649991483850379
0.2571780025568069,0.0960870893040211,0.3025637522203574,0.100329842869311,0.0088397251954195,0.0161376713963342,0.0099278504320261,0.0011835730643789,0.1275038000188174,0.080248692785902
0.2414717156350219,0.0861935650005548,0.2996802800830034,0.007033368432243,0.0693409710743956,0.0692465063239723,0.0662073047364006,0.0652327355255521,0.0300781990701458,0.0655153539551417
0.1868805262825595,0.0687748563826364,0.2205880532041621,0.0195577771653263,0.0251933247708631,0.0164751842160539,0.1232034570544643,0.028301960530743,0.267700494876708,0.0433243653734081
0.2103200612750382,0.0002478794716465,0.3081484441575942,0.0113336227199348,0.0538868665028159,0.062935956335439,0.0205574507314238,0.0037307618360097,0.2538793217638316,0.0749596349975187
0.0923641403929175,0.0527437832883553,0.2069072051105083,0.0943350725754439,0.0142759077432443,0.0190361105569796,0.0254292047249792,0.060897034543243,0.3141314242829576,0.1198801166175388
0.1432204419146704,0.0054231872810415,0.223737581828209,0.0926794013206013,0.0368760563987274,0.011214326922197,0.0887839593873063,0.0802403765125603,0.2782309370140047,0.0395937312560144
0.065834659142193,0.0550725121555582,0.1489192379716923,0.0328175025847957,0.0552548322918804,0.117545779476537,0.0047893053983859,0.1035176125586851,0.3211570375360346,0.0950915207208323
0.0651971024963692,0.0452479983652717,0.1600773897100749,0.0161072880940268,0.1240400835843321,0.0976700566542751,0.0945797127035241,0.0934394454501812,0.2807019740707144,0.0229389487062524
0.1022568353792435,0.0280461564036039,0.1357304958157174,0.0562830556032706,0.1603570621467046,0.1123202719513633,0.0331681003909208,0.0178852396552991,0.333763975396202,0.0201888070961489
0.0687081911350227,0.0187250715526221,0.0973854844879454,0.0521362262029246,0.1121716786226585,0.0177604391558708,0.1101738334884009,0.0151711664082334,0.4041354706379857,0.1036324381608879
0.0630372154605152,0.0508926385889099,0.0423184612731294,0.1019271518595449,0.0326364914251264,0.0813459891125346,0.0815475464350605,0.034394120648334,0.4572301333533941,0.0546702517084785
0.1486079007840152,0.1225424672389719,0.1093499097751175,0.0058878521407082,0.0559623131907365,0.0179897997417338,0.0281425114861841,0.0424108322216167,0.2440716809127276,0.2250347323645923
0.1190850735203422,0.1172371115696097,0.085444671092996,0.0205689990072965,0.0963561576583765,0.0115972725818518,0.1159908396106224,0.0058392895780505,0.3516557394343479,0.0762248458260157
0.1329873619611881,0.1502272115848359,0.0555149486496698,0.078618096645459,0.0199504733471359,0.0758968423842865,0.0181842241944596,0.0521515789773142,0.3051867119683597,0.1112825501607724
0.2042024563863212,0.2315617119187797,0.0087951047294314,0.0286356997456571,0.0577635815677943,0.0502367083394564,0.0766505355197109,0.0126890594499698,0.3195165187733182,0.0099486233536783
0.0757318784212633,0.0531232761422128,3.0650059820533434e-05,0.1036967337325251,0.0370858978056412,0.0011490013709458,0.1026726895799652,0.0510918900451089,0.4630112137589868,0.112406768908201
0.0794515970532476,0.1561970389554157,0.0854680027204482,0.1570746145971676,0.0337550755507568,0.0744778863033511,0.0526955156747017,0.0230808886573498,0.236812128945202,0.1009872513547493
0.0354515096002129,0.0775032751865577,0.0609423029053327,0.0822233961095461,0.0880676680634049,0.1115018613375621,0.0417433824554073,0.037204191803011,0.2989918380760833,0.1663705742808851
0.0931616073666144,0.1454515066880133,0.0185165396877237,0.0049548111329987,0.0714424228611163,0.0288960984356246,0.0697768987704497,0.0612212956031333,0.4094045999878832,0.0971742193482396
0.1014788958284581,0.201572971289018,0.0760763557855783,0.0903866976476797,0.0445999810413122,0.0086478143227082,0.0215344053093676,0.0543889764128435,0.231737059641123,0.1695768425742161
0.1449054219536485,0.2244059655931121,0.0117832320744028,0.0428505881792775,0.006431516460732,0.0305119619860995,0.0351522490139654,0.0235678300274655,0.2862273559855056,0.1941638786092092
0.1745167929184198,0.2513474783835329,0.0088184470225433,0.0097389756744504,0.0198740364677491,0.033351139836444,0.007814246446719,0.0501767270136727,0.3114657032463879,0.1328964528694694
0.1643223691228843,0.2454239171102848,0.0062820223826571,0.0542297897737468,0.0027892983869967,0.0495584319414411,0.0122679677576664,0.0971109643378736,0.18142834108635,0.1865868979977325
0.1002096457370537,0.1645776581615779,0.0314705970579953,0.0989228828385251,0.0419839799959583,0.0228663302184822,0.0221017820180897,0.0056611472010372,0.2926998020816079,0.2195061745914038
0.1363086937126982,0.1804457845618857,0.00997743454652,0.0022550642049426,0.0542069981224005,0.0402248099685276,0.0222908608751431,0.0634009965637678,0.3452073509090022,0.1456820064190527
0.1822733721634572,0.2585193281847425,0.0256683743615675,0.0284407732541439,0.0078857134633592,0.048670836320023,0.026007532693046,0.0344595042231857,0.1448204032034567,0.2432541619871605
0.1923285488465011,0.2450265838102606,0.021984059696483,0.0388512052194997,0.0140139257967896,0.0191253488690767,0.0381516779265911,0.0563046840002524,0.2645995196802329,0.1096144460417894
0.2086876021257868,0.2468401004938788,0.0487905944221909,0.0483818317528488,0.1008405701539585,0.031602031370165,0.0040597018215614,0.0060981141896926,0.2439069081654934,0.0607925453989851
0.1987518322885679,0.2733721315982053,0.0314476388601815,0.0846434919973218,0.0574154590352862,0.0566860685726333,0.0104236313769083,0.1313584509124677,0.0963269084121128,0.0595743868403118
0.2049804532550772,0.2881881410854882,0.0493994549973044,0.0450847600927189,0.0287884165432054,0.0036064050040631,0.0163295440171602,0.0141739367602923,0.0633693631000158,0.2860795250317285
0.1814092961891537,0.2574044810726794,0.038672537179146,0.0746454849071563,0.0383505592521502,0.03214837282174,0.0914451854065355,0.1190076501776417,0.0495972185984841,0.1173192142691326
0.1341503668317977,0.2128077142484844,0.0072080190104444,0.0415113546531556,0.0019890632024366,0.1122086471955072,0.0340277660310544,0.0604203339705304,0.2041539193942379,0.1915228153452165
0.1893819001376584,0.2820133776946018,0.003210921068343,0.0307565893388895,0.0603916707949611,0.039785108094828,0.0187952587013361,0.0164955683903395,0.2220469006217558,0.1371227050184746
0.2461527183404509,0.3900513194665763,0.0282007542645225,0.0671280286173724,0.0501851834390062,0.0192832566383778,0.0420956203498501,0.0253356182468111,0.0225812763616784,0.1089862240953126
0.1525019211465224,0.2591987569768528,0.0377393268400444,0.0311462265623342,0.0276483148601307,0.0029344444915635,0.0134387454290851,0.0259913504993195,0.2823648555294423,0.1670360575340049
0.1193060640427617,0.2176930332406433,0.0665228244464402,0.0681097840706589,0.1817552260194872,0.0041833903036533,0.0664439471961293,0.0723246744553307,0.1229047097021326,0.0807563463917842
0.1567196442394464,0.2872723115915337,0.0685423322734912,0.058515200469817,0.0430745471401494,0.0779661901592374,0.0152523805129815,0.0442425134146284,0.0367461446349402,0.211668735404197
0.1674289605340441,0.2872386023858507,0.0627132836642889,0.0664479898580348,0.0662531825680224,0.1209223081755526,0.0122978296757124,0.0862218514145511,0.0470622723697822,0.0834137192249544
0.1475649440990874,0.2746846868351992,0.0951486668233912,0.0745982423590992,0.0414428039789878,0.0118061567244573,0.0046124228789106,0.0229842772449875,0.2115277825358034,0.1156300163837435
0.1687869011418467,0.3097762696827189,0.1167795519268018,0.014446831468629,0.0051436850326813,0.1057808725172899,0.0152256672660722,0.0074015946774122,0.167985327522352,0.0886732986067085
0.1532130015163264,0.2526012415537755,0.0725872625744207,0.1415143022241611,0.0121918745100248,0.0288271351409234,0.1209048851823986,0.0289511970359953,0.0649536451142443,0.1242554550186679
0.1558560716371689,0.2858589011687072,0.1018923016990199,0.0769181524709038,0.0026910678248432,0.0456390513281989,0.0163329421111258,0.0882446153032072,0.0492786492458019,0.1772882470561737
0.1911623373650256,0.3113186008124043,0.0827203968839017,0.0513182928973924,0.042172778145126,0.0495669069631741,0.0158804649852345,0.0003533193770785,0.0472837923017763,0.2082231101094612
0.1479863222896889,0.2629499459492131,0.1106339270218173,0.0342580230887588,0.0913541146386723,0.0749251889185872,0.0424241329750131,0.0360989898599854,0.0182548064068258,0.1811145486951011
0.1325553674673704,0.2655365843994293,0.1359830974090783,0.0243450461572455,0.0457605391202395,0.0677498615775006,0.0450750995824465,0.0239269728091556,0.1482967312239271,0.110770700059807
0.1431105953916497,0.2213764226197834,0.0600282318819194,0.0408153107882896,0.0579603008357526,0.045263708363904,0.081876446387612,0.0409074669813721,0.1154628510476581,0.1931986655605915
0.189568130229531,0.2900911393230705,0.071665945176283,0.0302520210272833,0.0302341770455763,0.0923709016846452,0.062768037687148,0.0010185370865002,0.0519271987662513,0.1801039117913622
0.1954680686436315,0.3125405432712763,0.078229670325574,0.0600085707758211,0.0887241108855342,0.0904191015270668,0.0215338193106952,0.0308609033937089,0.0549447036226217,0.0672705080839489
0.1912170800380717,0.3034728971246069,0.0577198480456013,0.0054142370873804,0.0583558280343062,0.0028465022826763,0.0598670379734985,0.0472498765969567,0.0711300201631421,0.2027266725195107
0.2549483928465578,0.3817849087066467,0.0388731170788038,0.0246768014214504,0.0488991930635367,0.0309310783134023,0.0415885677949408,0.0343415090212412,0.0380048111289152,0.1059516204813175
0.2586269012649102,0.3674038544442163,0.0100095258675892,0.0494105512865123,0.0469282382647932,0.0551173134899647,0.0506202802861351,0.011632385181649,0.1307251389217762,0.019525810845175
0.2566561780756526,0.3225394713263851,0.0639691388501026,0.0476909972884472,0.0115018227015141,0.0294621660822387,0.0293393227130685,0.0124791466880298,0.108103173125067,0.1182585830269215
0.3065612043318589,0.3894344977085426,0.0278142534783945,0.0367093914084759,0.0267093611071151,0.0188053687231015,0.0039742248940096,0.0104903628523588,0.1128845825219004,0.0666167528070013
0.2380154559582222,0.2944650737376912,0.0033475564896661,0.0908171908294845,0.073543146131518,0.0481591982133455,0.0851188479838105,0.0092688758445132,0.0460617113188398,0.1112029433520962
0.2057119153971963,0.2683871121896589,0.0120013976285522,0.0455927939102872,0.0569393142463892,0.0157444074652326,0.0361405916415029,0.0783806391259227,0.2111164361269109,0.0699853921438083
0.198126725130384,0.2358980137492886,0.0231261668856005,0.0098170913308409,0.0320290913174115,0.0223777680927681,0.1080352867738032,0.0268452325989246,0.2007523138699634,0.1429923101297336
0.2345709068378542,0.2846975589803177,0.0226584147335844,0.0329452102843898,0.0361311116665618,0.0750274615665985,0.0806494087796906,0.0492993562693666,0.0689339969017164,0.1150865738363374
0.2061566988325702,0.257528365136042,0.0386496063606082,0.0047341731305393,0.0183492619430751,0.0948081620864156,0.0705349020182164,0.0681296024911028,0.0609959518249895,0.1801132760477941
0.2074538624273778,0.2309352940545062,0.0498745279535748,0.0185571843102539,0.0344144081976519,0.0767522878315201,0.050431660435851,0.0010569223684506,0.1883643960216857,0.1421594562782254
0.1991917042959744,0.2268297158183845,0.0558559861639378,0.0055640469380887,0.0509662377418729,0.0604846775614685,0.014350173106656,0.0292154103586853,0.2187063451593756,0.1388357027169019
0.2406575112410669,0.247727660130635,0.0012197362821536,0.0324431301550177,0.0363071612487382,0.0383776496604669,0.012684116550283,0.0291076736831348,0.1409712962718128,0.2205040645604112
0.1617181269770231,0.1607646372090249,0.0130246333641922,0.0870327014106854,0.0426788793184049,0.0719176974789271,0.0331153526182099,0.0644321070669348,0.2349571135718824,0.1303587508475851
0.2398032243467961,0.1871304387011438,0.0928929923725968,0.0183640878264907,0.0757240597221799,0.0850546158292099,0.0826199060679737,0.1040193641801111,0.0210630994181597,0.0933282113292047
0.1666152572003498,0.1769882719044168,0.0065197496587493,0.0569612443496105,0.0247394519244056,0.117643042926817,0.0955157625112751,0.0283459446783954,0.2719983082921631,0.054672966411598
0.1741143584812174,0.1935590564529884,0.0199013929220435,0.0333393680632354,0.0396494060041564,0.0220896005161046,0.0074981817767545,0.0400436830068908,0.308197791370734,0.1616071612898348
0.1959434789247238,0.1861854277953182,0.0784770532363073,0.0590872912974004,0.0670254799108861,0.0277180623713758,0.0312932261777394,0.0470907760465321,0.2238495659940554,0.0833296381203239
0.1998268860904584,0.2114792646311521,0.0481434240535821,0.0669954539336565,0.0470988620217832,0.0225543438227621,0.0261024390505633,0.0111432929286616,0.2186717976783287,0.1479842356496123
0.1585682169386187,0.1329584108949028,0.0672928353597206,0.09459945114909,0.1069983234923495,0.034044865785574,0.06937294284284,0.0208679840480845,0.2234524623301634,0.0918445070233562
0.1362579880427277,0.1027674313449572,0.0672490227774317,0.1024564177922046,0.0018378004712243,0.0445820579293291,0.0708563089347799,0.0323392277836862,0.4119141308899999,0.0297396138715327
0.1969114210499273,0.2064530811224538,0.0618482309496692,0.0175984754544433,0.0993421153225231,0.0291477872357749,0.0535400585425032,0.0228413222410089,0.2835082128822367,0.0288092950289019
0.1929941789388181,0.1975949988209827,0.0547782313898344,0.0249905888986153,0.0404009519200582,0.0378699297211402,0.0429559460736789,0.0567849062314279,0.2545625431281272,0.0970677247176482
0.1803524907119947,0.1718252410765906,0.0452685310339772,0.0779809371063528,0.00667577777855,0.0179617301840385,0.0916116322975027,0.011923791478896,0.3948061573190533,0.0015937108298075
0.1298273069936926,0.1202958609257195,0.0219940507758419,0.0159540329498331,0.1370697621848391,0.1323604518370639,0.0956208324831466,0.0764880699804192,0.2568935966431107,0.0134960350226285
0.1707255680848886,0.1809680086234088,0.011271245701141,0.0724541274594152,0.1000445689189342,0.0167215582285589,0.0532979190531571,0.0125030884812191,0.3370820361037972,0.0449318791224644
0.1451189409412882,0.1994232433295958,0.0663523594138196,0.0922242192533929,0.056227066229424,0.0548538351122833,0.006851331898157,0.0082653803660807,0.1777790749779758,0.192904548220452
0.0721318290447269,0.1394646769169067,0.1610690873599295,0.0731288224658276,0.0952667590753257,0.0765525333228295,0.0098974693206183,0.0697038073994741,0.1692255184315356,0.1335594963699514
