0.0773625762956922,0.0433481221291773,0.005525790627152,0.1675519750447321,0.1365795744138143,0.1366283319415097,0.1641548747005103,0.18888257683707,0.0696941484612371,0.0102720294931807
0.073435185900621,0.0400981782801512,0.0033713230026509,0.1568478686644008,0.1673660577755381,0.1283384264256898,0.1303841234327403,0.1192089913941205,0.1410680314547933,0.0398818136144807
0.0939697388192714,0.0379198431060794,0.0367864819635868,0.1576065329677518,0.1429293478781117,0.1467819163342217,0.1624931005529011,0.1283873725267171,0.0833295531001449,0.0097961126908556
0.0966304984235987,0.0332541534818924,0.0507976183783299,0.1477514099068123,0.159257061587023,0.1546813419998201,0.1367214927890564,0.1357717684217365,0.0652459419812128,0.0198887129713047
0.0921781275623815,0.0324726117449989,0.0381299062561383,0.1655551964533903,0.1705618417309046,0.1395759111637159,0.1824837805798636,0.1664545898004417,0.0102688651531232,0.002319169491402
0.0805098419392622,0.0121122501525434,0.0360466744986795,0.1387408499423577,0.1740329122867177,0.1878376664053338,0.1614070814493546,0.1243837708174577,0.0281551781580609,0.0567737742859081
0.0966958673982897,0.029173084951596,0.0346270507645186,0.1208261637217328,0.1602570861131099,0.173891906141802,0.1893991815238749,0.1549741062769719,0.0233259594991627,0.0168295935429388
0.0808568815112535,0.0175672897464445,0.026915260625869,0.1173948975156509,0.160512395907125,0.1463153627237932,0.1601322097433386,0.189695498033042,0.086068279496113,0.0145419246354322
0.0819254768667951,0.0125665415950449,0.0271331993940684,0.1545385124071195,0.1082706855379684,0.1679956034714501,0.1621543524055027,0.1011043488188782,0.0992900492562231,0.0850212301786715
0.1089393855212878,0.0091126988175613,0.0344838736000834,0.1036582808437156,0.1380488604022768,0.1903692530224198,0.1500406163179875,0.1989004217214958,0.0663017479568637,0.0001448617020967
0.0618438083318971,0.0324554864158668,0.0226831569969602,0.1377167205822055,0.1606002082875324,0.1575561514490406,0.1576341326560705,0.2103449106591627,0.0204917320430239,0.0386736924959326
0.0559900460401639,0.0658245064884996,0.0202353067487573,0.0837224105963226,0.1540120812754804,0.1845324877755189,0.1444695805523584,0.2262487541987426,0.0470321793994762,0.0179326468244598
0.0683473807292325,0.0438810075767288,0.0286346542645617,0.0503037836852864,0.1664790497807583,0.1529048015871634,0.1814860631556033,0.2075486255682775,0.0299247227091917,0.0704899108560753
0.0855109094073457,0.0206354324287717,0.0312717875441527,0.102042547956304,0.1511643355060176,0.164363352281725,0.1768794034785929,0.1601026743839448,0.0801005388519065,0.0279290180729867
0.0665512242661025,0.0551760270785618,0.0382176076708585,0.1197727192198068,0.1358667112036508,0.1633344195229908,0.2003591695447847,0.1596633244217776,0.0369999969456388,0.0240588000358809
0.0680989643836959,0.0477123622546423,0.0335680689612752,0.0943203281848345,0.0802977755390486,0.2001320090376245,0.205757323251,0.178370279485799,0.0627522686919843,0.0289906201196245
0.0752987010126984,0.0667802269142647,0.022808067550267,0.1087733615176463,0.0584797767779201,0.195223483533501,0.2503661453714182,0.1543954231351202,0.0009838131680223,0.0668910008947655
0.0596852337375145,0.0523383677154595,0.0220842372412952,0.1218482588589786,0.1221856583153599,0.114526473064461,0.2296693003182015,0.2322223675594175,0.0272736692129132,0.0181664338729705
0.0479343345723801,0.0379077798347357,0.0249772330107163,0.1078694569062393,0.0992412019948576,0.1739491710636599,0.1460610173190022,0.1865581347430846,0.1694496758233394,0.0060519946236701
0.0570674929260095,0.0466220425967184,0.0201608842337059,0.1063424131140482,0.1285511927087717,0.1968110253051888,0.1322756561790763,0.1703567203411529,0.1208128333558367,0.0209997391219567
0.1030155130289519,0.0020411193195233,0.0181871060061562,0.0272794045933114,0.0426117634038033,0.187612225073722,0.2125384784725937,0.255267828817368,0.0605919988447536,0.090854562318547
0.0439624181536096,0.0381486480219962,0.0434102255264041,0.06565656904724,0.1285867036714859,0.1652198921259192,0.2022166434635595,0.2504258152275121,0.0163052948081397,0.046067789821267
0.0499431581158109,0.0131385713103884,0.0997530132620846,0.0011696865090051,0.0619311955124081,0.1800934040445722,0.2762489593454689,0.1986215098470713,0.0781839831574121,0.0409165187504574
0.0617684300305462,0.0150270330356728,0.0835680793213407,0.0371379306025647,0.1217399847153636,0.2153117362729122,0.2349197897131349,0.1642184299979691,0.0003225757440221,0.0659860103933562
0.0953470522628398,0.0361884638328703,0.0378779757924098,0.0390969602637577,0.0452588533879094,0.1526979316721985,0.2117868732749597,0.1894832123857825,0.0083068627273003,0.183955814210683
0.070802262406937,0.0271174541204152,0.0736223716412249,0.0450546266566259,0.0096727116981612,0.2301697247756088,0.2236851871208969,0.2414934316037212,0.0193935207142237,0.0589887090747201
0.12836329888977,0.0512720225333404,0.032950993736936,0.0069211132631636,0.0197130566092326,0.2457740970970301,0.2426734743514287,0.130543061061304,0.0858584813789492,0.0559304009014235
0.0662367631574028,0.006064582392428,0.0536402163409503,0.0573024844441163,0.0066256943145001,0.2164485366970648,0.2974221610561486,0.0950088911760776,0.192255012695396,0.0089956575817658
0.0174057055930276,0.0430273865396297,0.0938520354332677,0.0698386361213418,0.0617949388835814,0.1504524988974013,0.2187406382637142,0.0631488138697682,0.2530798842254251,0.0286594620272434
0.0418055369081359,0.121335221759374,0.170209590394665,0.0135192604145124,0.0662363034437278,0.1678099539105075,0.1500154907992788,0.0931810172476786,0.1515984501035364,0.0242891748325297
0.0446239996770118,0.1311384079690389,0.0988337376724823,0.0604419888489954,0.0186035455703075,0.14738415301396,0.1477519246585319,0.1746955067867658,0.1653469572596407,0.0111797784065563
0.0685984688117135,0.1547886009345903,0.1044999833516286,0.0361934201458496,0.0117800923562697,0.1407947851090654,0.0684526162884361,0.11506182134022,0.2758392823967087,0.0239909291330987
0.050667867059359,0.1307902011221712,0.1038879907034036,0.0127937953444804,0.0759197070967378,0.1403743458911617,0.0520634398086933,0.1342417963126638,0.1396677665642514,0.1595930899587587
0.0426857318034892,0.1039689029053227,0.0934841005823638,0.0595209110483651,0.0175491785650717,0.0666760060116416,0.0766472397591593,0.1893712617651306,0.0867761924646325,0.263320474974217
0.0248243465438793,0.1410915728143324,0.12252478937997,0.0248251608677488,0.0717128002565027,0.0601406241646741,0.1818702066948045,0.0148515571942208,0.1694046407976718,0.1887543011047242
0.0443093560637213,0.1186884497732593,0.1357575994954729,0.0890849571008845,0.1305552534823766,0.0975334457171262,0.0198344331478835,0.1519364870708887,0.1328409212222473,0.0794590967653101
0.0726864247626242,0.0990337641295516,0.1258533904830453,0.134029324307622,0.0362581179121077,0.0274222741536282,0.1596524450145811,0.1356690890243811,0.0457350430808435,0.1636601270105047
0.0895780876682966,0.1068460871150584,0.1821007985358929,0.0561165640065116,0.0269996063317915,0.1616392484203821,0.0540944911513374,0.1041882774836591,0.1476996598559108,0.0707371792786877
0.0831394633636876,0.1407639882113565,0.1779013616308635,0.0031319259307999,0.0927331463457634,0.1141470823137588,0.1007837657849002,0.0519237010120722,0.1975576921876929,0.0379178730462797
0.0240506832265447,0.0824063532466833,0.1435795089473944,0.1271966103089475,0.1056724955547618,0.1181212351401311,0.0195171827206093,0.1036357604595858,0.22611770370156,0.0497024665258371
0.0100003988007881,0.0643889767611945,0.0965035918089945,0.1596867550142425,0.1648850085198816,0.0687349327545139,0.1107432405147904,0.0654398916146713,0.2249342148290689,0.0346829892067472
0.0092264837394475,0.088153645545076,0.0967198591755821,0.0461604245503376,0.0063213069368154,0.0918470384394246,0.141713272585603,0.1330234803338065,0.273116209181855,0.1137182793288914
0.0240350762212342,0.0647453313831632,0.1075392269617765,0.16866949194241,0.1372283751032013,0.0013760828190938,0.0992304302685516,0.120402746339933,0.1265684245552034,0.1502048141962977
0.0501424547871843,0.0337983485333633,0.1544238829667567,0.0541608768825831,0.2242414336485966,0.0448446771343135,0.0291770186084493,0.1842110383366069,0.0527950022884816,0.1722052665126537
0.0317602456435032,0.0647138302924179,0.1040433052584457,0.0982921705034138,0.0104195266806466,0.1136512244336842,0.1813691406880199,0.0026442059499117,0.1664784976260956,0.2266278526973524
0.083004045666291,0.1054942891864966,0.0311196767866923,0.0061595395311662,0.0725214180665817,0.0047471699981306,0.1080406769240957,0.0504340994488589,0.1316056259046276,0.4068734581727186
0.0910551342515513,0.036950760467039,0.101460543267452,0.2479653635679027,0.0377980962407456,0.0624626225431448,0.1443771328358845,0.0659003607892678,0.0448636531752682,0.1671663325432764
0.0774638119794566,0.0917339959520831,0.0277247720130474,0.2085949718429704,0.14662177062089,0.1079835864666516,0.0209614581167049,0.0358951337769012,0.039820606974852,0.2431998920029977
0.1046663787925299,0.0067584225504689,0.0231344625588021,0.050896840035643,0.0437358983437953,0.0364010251528231,0.2231205906272685,0.0110680549617744,0.1800596672760868,0.3201586595087464
0.052384334106814,0.1089303700121402,0.072105510972171,0.1255366486728238,0.0770619764843289,0.0276119276722107,0.034219278741626,0.006730585524957,0.2462640494256829,0.2491553180891132
0.0610129858652895,0.0760326073659996,0.0140714122731119,0.0501339399307697,0.1626082290491221,0.0907911524827275,0.0544460442567311,0.1088549021989891,0.0481372402360445,0.3339114861451284
0.1161200527877389,0.0274098903041166,0.0318600013720618,0.0598652631467476,0.029920992718805,0.0217352644485335,0.048666493060123,0.1114739787350184,0.1406020507490093,0.4123460124051545
0.1331178536567726,0.0061790070547689,0.1071806028912541,0.0572375577644723,0.1623011680104729,0.0442500025379357,0.0535277331509963,0.0045999878450608,0.2577846892691667,0.1738213976187303
0.0485796201246414,0.163680159603046,0.1071951897968648,0.1104055146201787,0.0530723362441748,0.015089852478612,0.0135524958357693,0.1296718003449843,0.0083341432789205,0.350418887413817
0.0487940258500255,0.1094239996999086,0.089420025280296,0.0120799662333578,0.0055052938175931,0.1225626135469998,0.0787455697585021,0.0535315959366901,0.1718210586213607,0.3081158510748754
0.0757852653988326,0.1224232317557283,0.1038704147029402,0.079176288004187,0.0995729853424027,0.1024878573250399,0.1593066783725275,0.0017946159327598,0.0702098689547957,0.1853727939948454
0.0992955721810869,0.2320635874451681,0.0868881614664763,0.0623518363205926,0.0017844765893625,0.0131119035033735,0.0142891955052403,0.1611109674663641,0.0333479089708053,0.2957563900076086
0.0644768832643598,0.1167362928025348,0.0204438180126485,0.1158381644270884,0.073956550258004,0.1135092657393237,0.0037988112175797,0.1209978912777791,0.2462410187809522,0.1240013038455142
0.0399600825167614,0.1097606505002396,0.0846364470620705,0.1671712342978331,0.0204752416611861,0.1091209628834297,0.1209935070646274,0.0883195670026977,0.1408793806694639,0.118682926149337
0.0084352472525161,0.0716543723298341,0.0948334863828351,0.1266475069838564,0.0032604674288051,0.1376600553790325,0.1369956788868563,0.0821884535726809,0.2245325296412815,0.1137922019126687
0.0384405504325449,0.0766331938226094,0.1256096294826371,0.064880089124912,0.109253361173957,0.0356039322822342,0.0259776528445488,0.0355414862037553,0.4420040746454876,0.0460560297805753
0.0256416263170926,0.0187053786015862,0.1596442179900697,0.0802928076902082,0.1724014589209992,0.082226747411642,0.0873470560907286,0.0109476705108446,0.3282974184522486,0.0344956177839404
0.0399254823123236,0.0090087002632674,0.0855994544912584,0.0197318585462682,0.1029805656004316,0.1077094865130271,0.09338023679158,0.121810664425123,0.2688456072036419,0.1510079436401428
0.0071996878676226,0.0135183121518612,0.0661063030621674,0.1095937801534408,0.0584324358586697,0.0588268761133796,0.025355801935717,0.1112631022288494,0.3689024080305825,0.1808012924067214
0.0427821500044635,0.0529957926794919,0.0227252634577076,0.0751734756103504,0.0871318750137331,0.239265965515586,0.0869152624089786,0.0138237282824089,0.1773017740886254,0.2018847127357634
0.1309380003117602,0.0579293125219711,0.0738410819888155,0.0057535198781858,0.0539204511980723,0.0196889015419199,0.0770954265266422,0.0673961145727184,0.227980131643725,0.2854570596376141
0.0325226716948331,0.063224303587539,0.0403523214791646,0.301739008156718,0.0016451290000943,0.0508958568882854,0.0324244194316236,0.1116642671111,0.0846437351190401,0.2808882873122815
0.0471934728550939,0.0273661451659501,0.0682467913544524,0.1087879409314119,0.1823946067301624,0.0546933532218193,0.1164983759191341,0.0579877999115825,0.0853407150436862,0.2514907986630394
0.0586566540367393,0.012694544556938,0.0478363729759913,0.1844143053302356,0.083588602555779,0.0710104308967066,0.1382873057272651,0.0051693998970173,0.2956138878399011,0.1027284960007341
0.093152357262365,0.048133328200538,0.0779401220035699,0.1123828438215688,0.101215548041283,0.0004488723752399,0.0139914816199718,0.0799471776833762,0.2645834746981687,0.2082047941156765
0.1724926443634276,0.1203478688977915,0.1461221164522422,0.0002803164022081,0.0316937029917877,0.0818060587649076,0.0145459535374768,0.0297114766605068,0.1688530877622133,0.2341467739697229
0.0983338112932934,0.0609566862172937,0.1168798516802886,0.0560821779627682,0.1050146656513278,0.0199536736202065,0.0064894432931386,0.0798848208059407,0.310996488825984,0.1454083805047922
0.16746014183152,0.1205798091410835,0.1507668254932168,0.1251333662878446,0.000971255031415,0.0798015480754355,0.0366087209030403,0.0174320676582675,0.175128055735731,0.1261182096249785
0.1705681167175083,0.1065145519810261,0.1412758511095691,0.1199426652260564,0.0849575554037056,0.0395228939460753,0.1712455600545604,0.0865105784793083,0.0470706736752973,0.0323915531393812
0.1710121958876482,0.1765785088212309,0.0897374428155784,0.0032431669371401,0.0757116081472096,0.0232373629540746,0.0302861945558468,0.1393801753686191,0.2069654046916735,0.0838479396231601
0.1406860330703737,0.1068430635547933,0.1099210194590175,0.018589946271786,0.0139297966673403,0.1072089146500945,0.0493772734172675,0.1293961772925135,0.2762675874838435,0.0477801879128104
0.1110950037173907,0.055434772304888,0.1053322092229586,0.0571232149488255,0.0903022101707424,0.0215661042941548,0.029582300908919,0.0723594375080613,0.3868796171754273,0.0703251295788891
0.0946822578513204,0.02943485191857,0.048993638094575,0.0183251623706573,0.1138565560494396,0.1645502907500289,0.05803454493531,0.0582318253402679,0.2666186730729397,0.1472721994441582
0.2172362851516987,0.1033637757534557,0.1791776957209809,0.0131927652008756,0.013047616487626,0.1784535885847288,0.0758568943831844,0.1087866487896323,0.0814651571026292,0.0294195725899191
0.2190908392915725,0.0872178767532103,0.1370376071745829,0.0086305003616287,0.0026304937715932,0.067093858616697,0.0452155520366644,0.0551106825960312,0.1455105382845077,0.2324620508566238
0.1799154966540269,0.0575412743451357,0.1101193084572919,0.1177893898399483,0.0320484810747734,0.0436457620483876,0.0160965980118692,0.0692294661253285,0.3017545157458792,0.0718597075057626
0.116252815266897,0.0101883251829014,0.0859843645526418,0.037180191597856,0.1068077846980041,0.124182511404329,0.0739014412586955,0.1175414791241368,0.3011672844631339,0.0267938022936541
0.1251399114301662,0.0258807826899552,0.0940928851338179,0.0587757021691121,0.0835564419537807,0.0145752129246434,0.0243438239642806,0.0451058551460067,0.5055626997887849,0.0229666846408083
0.143104715337159,0.0099246209005706,0.1018433491242442,0.0124374827116339,0.1676413967116352,0.0103701232022835,9.866016439880076e-05,0.1307518672843345,0.3995778616553078,0.0242499226839404
0.1454638461049579,0.0137183656351717,0.1242697033659382,0.1011295502097414,0.0612149554864366,0.0807741081379654,0.0791742277818912,0.0344361619544092,0.2999130057073273,0.0599060754545833
0.1833733259594232,0.0503328735633702,0.1005230830371222,0.0153072777266485,0.0234043573642986,0.1536438087565424,0.1196074937320714,0.0914598042916306,0.1855638154250174,0.0767841598933
0.2688632816465389,0.1815712962286724,0.1339711429817072,0.0461310883058083,0.0776551562765055,0.0261906312358546,0.0009355345244926,0.0346710393298825,0.2228239815158511,0.0071868477403385
0.2120018417582597,0.1580307223340184,0.067116212651655,0.122380920212022,0.1415784341417884,0.0090458233501836,0.0829251527930814,0.0837551973015832,0.0352697070221551,0.0878959882659239
0.2008011425623697,0.1037532153724297,0.0501622005671248,0.0205812496268308,0.0986899807787452,0.0176821295022229,0.1692706103270607,0.0938555655227587,0.1803430717769543,0.0648608337778222
0.2845954149427674,0.1989984200027276,0.0475647078018671,0.0350837947601515,0.0204238449951647,0.0860326350311602,0.0655410942029796,0.0621154646969861,0.1498159033591788,0.0498287199296851
0.2164040026861943,0.1575383842691493,0.0208499554212856,0.08340878263285,0.0521340871723296,0.0953211172292122,0.0208854425382521,0.0163745531721969,0.2676323242060572,0.0694513504525412
0.2287732932679954,0.2004513504285021,0.0281625928931832,0.0208407339022678,0.0916510111741188,0.0851584300839674,0.0149699877727788,0.0220105307123991,0.1103439013475187,0.1976381681892587
0.1235990787026084,0.1233836972765976,0.0890466977410643,0.0751828268686706,0.0960951477024667,0.0254406502740046,0.0305020667294842,0.0149720620100675,0.3204636460682543,0.1013141264490214
0.1354975689526765,0.1393069059704753,0.1702354430111771,0.0461831296843471,0.1128480543775761,0.015695006878747,0.0023733553970862,0.0474295084979103,0.1983219819255626,0.1321090450371338
0.0840826589478678,0.059069122458371,0.0538394639391532,0.0209244538709681,0.1066926581312383,0.0434877718699617,0.1794013987510987,0.0162674829293736,0.2638321369640918,0.1724028519594508
0.0857208932905824,0.0512979281948507,0.0962047873084566,0.0901396215066971,0.0384344822957901,0.1835917615290111,0.0858660913494378,0.0482421478938069,0.2434269187724921,0.0770753676158405
0.065796739137603,0.0279914898445409,0.2949993822129018,0.0730213552596788,0.000797600887518,0.0584801097952605,0.1836499394957612,0.1114440033309296,0.0173974770534862,0.166421902703459
0.0521067278780209,0.0508291564772049,0.2037463054030919,0.1769665759870634,0.0606349835906259,0.0186303246859628,0.0781513000445169,0.0001434102499419,0.2041185718965183,0.1546726435921687
0.1463142338956632,0.0727983516539399,0.3689564155302386,0.0478152245748229,0.1136080559996317,0.047343144512172,0.0067770049704428,0.0318649108138108,0.0116917296160026,0.1528309281986089
0.0476184328787033,0.0445161461542979,0.2050693984606566,0.1210045541859805,0.0238431911735265,0.0246185277333631,0.0818699977543078,0.0104517323410831,0.3114664648358503,0.1295415542727732
0.0056776281122596,0.0146913212425925,0.2855011011176787,0.0469102440600787,0.0323186228775468,0.1908780646849718,0.0532332116087417,0.0475173869139541,0.1618553065261363,0.1614171125814459
0.0435382807701571,0.0209996988475839,0.2766081625076751,0.0452771035978148,0.0181747133399211,0.2190479072527571,0.0612105878922464,0.2140220915889728,0.0708361633411542,0.0302852905691783
0.0029397800643745,0.0232228571612552,0.2220571116716563,0.0080145086678948,0.0256706211056212,0.030921792528163,0.2323745470872201,0.1091331051893005,0.2930674820857652,0.0525981942136646
0.0247416724257713,0.0039172917865903,0.2319750838320802,0.0041962273246269,0.025754906038055,0.177484471046756,0.1510073785495583,0.2167559328383875,0.1085686284639046,0.0555984074220319
0.027602851405419,0.0474120785513569,0.2205068866495949,0.1489504260969801,0.038136037052242,0.0526390725748079,0.0105167860731938,0.2510749916301455,0.1605439172566407,0.042616952413002
0.0708862757191422,0.0249135114006911,0.1792082729835961,0.0820124248114255,0.0875663392317274,0.184169782500921,0.02805911087278,0.0934608001343533,0.2490518178512914,0.0006716641924494
0.1142426716193876,0.0365113615066866,0.1786455983006553,0.2395279336256099,0.017270777256829,0.044478043749997,0.0513629609868401,0.0400025579609779,0.2612556142606127,0.0167024804225645
0.0376926369595058,0.0601015589364939,0.1384982738018334,0.0650014159161462,0.0326247422876527,0.0946281795369018,0.1086689037375833,0.1485648730486484,0.1889926338533134,0.125226781687783
0.0889106639031628,0.0169656800647845,0.0870602640739981,0.1728483753861862,0.1613926864110584,0.0227568011635073,0.0374095932954512,0.0814776634273014,0.093217105103154,0.237961166953496
0.1096692152939346,0.0088050209682376,0.0730365139874841,0.0534905285018037,0.1826753303364784,0.0392657575187818,0.0682519500910815,0.2053176548416035,0.0197372378563378,0.239750790382049
0.2395062143543225,0.0006402163435081,0.0106621347056583,0.1186988126381622,0.0537469196687191,0.0953635588887727,0.0654230142543685,0.1269997563104668,0.0020913059481585,0.2868680664532796
0.1421549770318074,0.001218967717829,0.0178714461670538,0.0835294955083997,0.0256566486907128,0.0160616450660181,0.0280122599138928,0.1296189960419801,0.1330704347472429,0.4228051288557157
0.1778069883428132,0.0254777699151151,0.0713423404228458,0.0099916292712521,0.1444830861435941,0.0627488258076132,0.0061829863935228,0.1692851829126057,0.0679873840663834,0.2646938063871155
0.2464548958750176,0.1685179812903767,0.0079921925912403,0.0349201333449806,0.0120642867220024,0.2565603449303716,0.0075114815754915,0.002259818265742,0.0546494802229162,0.2090693848824769
0.1542325300502128,0.089035413989311,0.0793213716448277,0.1095167811807399,0.145514007415915,0.1754018560767891,0.0260446743021771,0.0554651119135013,0.0721541896290517,0.0933140634803553
0.1818138330798721,0.1034381988396219,0.0091964541823425,0.2082038079370032,0.014797286001437,0.0666832480747064,0.0358553007363553,0.0365321003790596,0.3052812285872613,0.0381985419742064
0.2841642670058752,0.1485567903050327,0.0479240653507313,0.042845910483122,0.099877034411097,0.0207603329616367,0.0942964788953389,0.0876530763730706,0.0004275197394076,0.1734945241449414
0.24604996569191,0.1694492732952217,0.0874855834040258,0.0719648710581528,0.0829284817296845,0.1285791170889223,0.1643496518792358,0.0172959450133209,0.0250864749150238,0.0068106357192467
0.1695743984870558,0.0653222188495184,0.0001517726367222,0.0120274235163003,0.1081398729573911,0.1231639377683076,0.1195092980493006,0.2080598341000333,0.009911291680532,0.1841399517102556
0.1531670153020866,0.0575206141100284,0.0321873424646417,0.0932975515974545,0.0537477609879197,0.2067636044861174,0.0103863549917154,0.2159852679521157,0.1221833898271446,0.0547610980058592
0.194992093299381,0.1235199682817397,0.0147795939398017,0.0430675048529341,0.0444204225828933,0.2193031143910986,0.0478966766292901,0.0873652873361009,0.0935833281033585,0.1310720103489392
0.1524136454028485,0.1364053244811585,0.0487265294316135,0.0698610797667937,0.0755607150852985,0.1286112666812822,0.0540823424723419,0.0432660571740351,0.236137606595074,0.0549354326852898
0.1090280732391969,0.044232060063308,0.0077910192776109,0.0860524578863592,0.0711412714858904,0.0114301365294524,0.0092262831349921,0.1149825731179048,0.4093413751284656,0.13677474994232
0.1613951355644691,0.0472115917429474,0.0787009600346373,0.1092314643330042,0.2465042905068716,0.1237287771741893,0.0392413772481345,0.1860363734900355,0.0071578800803594,0.0007921491221145
0.1091756047049516,0.0024760975036967,0.0058902296826636,0.0755435875255294,0.0926752952751873,0.0244802410437593,0.2588097758823315,0.0006357410880057,0.0065346365480464,0.423778790413783
0.1042909981281019,0.0338830091524474,0.0692239428687547,0.092162372894222,0.0678145665368529,0.0292328945515419,0.1031215996202944,0.019368587655852,0.4019116396554487,0.0789903887558499
0.1498538795526967,0.0209155405703216,0.1255678574966988,0.1074998878251768,0.0144031565909267,0.0446329781454944,0.0330779053319015,0.0717654828727773,0.1361770247413264,0.2961062866143233
0.1184806818838551,0.0439429096142414,0.1015395094534611,0.1924766735040411,0.0460811275128148,0.0287288575606944,0.0146708787615876,0.1364253101260732,0.2958719911039387,0.0217820602307462
0.196974751913142,0.0108892759506885,0.2012103280578267,0.1584725950770633,0.0094487727678923,0.0529159905216196,0.0377925599146,0.0599589997116315,0.142659180411436,0.1296775454404203
0.1122128666637215,0.0211528048216039,0.0923368562902858,0.0491567571731666,0.0381652886765947,0.1282127666231572,0.0483504522512216,0.0725946431392823,0.2022572315770555,0.2355603326627369
0.1877123448175845,0.040516731084456,0.1788926850108776,0.1082008132231854,0.0966491031459229,0.0947117060085068,0.0966475117364129,0.0205100035379258,0.1633176922885976,0.012841408976113
0.3072581280693598,0.0958735752914105,0.2141306890586297,0.0864298772226502,0.0340895007483292,0.0495703365574809,0.111158484552233,0.0224582714216251,0.0744469258945967,0.0045842107369774
0.1743693199598973,0.0987283753550217,0.0771637440792163,0.061678169256252,0.0587607667392383,0.0215467283703541,0.0116375022713733,0.0383310911280217,0.3666114424267594,0.0911728602246758
0.1058309676875962,0.0661408384738197,0.0084292158332455,0.0836267324905114,0.076225590617326,0.1351081496490487,0.0397311209442753,0.0971618464858895,0.3325092803273302,0.0552362573286333
0.0259245153605122,0.0307339773775346,0.0849876680257123,0.0988391482082498,0.0522047748223436,0.0248985517083391,0.0500628652428728,0.09276250197324,0.4383995513861185,0.1011864457251939
0.1483327817232453,0.1593618075777914,0.0770950964339994,0.0519028888369278,0.1155256270326757,0.0758963007169089,0.069150371897208,0.0008502969070318,0.1727885080465113,0.1290963205275311
0.0620128414513979,0.0709869907984591,0.0516908307927286,0.0231401330734973,0.0482693147138557,0.1559353634876144,0.0127860613218858,0.0607465952656706,0.3478204191386445,0.1666114498099228
0.0353319729708867,0.007842559935799,0.3121728909760004,0.0310473079589627,0.0513549919482546,0.0843098587014081,0.1175507186369816,0.0028312359100709,0.2337787284234228,0.1237797341515795
0.064124238492452,0.0772775555551535,0.2448960180444031,0.0254415391552302,0.1994548252150611,0.1000679113033318,0.0190074042937065,0.0002751750838833,0.2217198841929171,0.0477354483940889
0.0821142945983466,0.1175679414426569,0.1413913682714282,0.1332717054087594,0.0818958350338594,0.0669375300819155,0.0678890882983774,0.0586598416011516,0.1713941564192012,0.0788782386674832
0.1122279338821388,0.1541127385088461,0.1425633424717974,0.0342828490170327,0.1598053299607743,0.0601274791093712,0.0202030386379946,0.0524662495394167,0.1815814666695937,0.0826295720420442
0.0383634912715445,0.1208291862720409,0.0521523523078394,0.0006025988692092,0.0418627003914509,0.0786479637462867,0.0673396130750118,0.0911835374655814,0.3925781381663194,0.1164404182631616
0.0564521281646369,0.0940708329070081,0.0315590671135204,0.0029714340070788,0.1078743183180763,0.1011014455626869,0.0574078046798503,0.0869561124327563,0.3925745642474531,0.0690322923479732
0.0881479221064553,0.0724375904877957,0.0667932409126154,0.0486477128726259,0.0412998774569982,0.1361918685727929,0.0819635062834165,0.0975145344505906,0.0612432781724317,0.3057604684623903
0.1658600507287951,0.0560289273534658,0.0004800527546529,0.1316775224812701,0.1687530810718784,0.2397252741950922,0.1201718415548382,0.0823533588807387,0.0230011977478792,0.0119486927509891
0.037182966073659,0.1013790590401959,0.145865719407605,0.1243075498024927,0.0255883463630852,0.0220760208103297,0.0919197315408579,0.0123309355282929,0.2772350743389671,0.1621145968924079
0.0081538340678354,0.0875084023012802,0.1289258055711271,0.0476687351745838,0.0362654183399013,0.061696217721411,0.1292715932506136,0.0393364000514268,0.1560397586384632,0.3051338346805342
0.0581584714322068,0.0320465040326466,0.0796913004196752,0.1055157294156605,0.0086749411502768,0.0158717543712289,0.0682061620043616,0.0691366964245645,0.3655613170474259,0.1971371234662152
0.054924326561443,0.0415968739883823,0.124539730437026,0.043831890246087,0.1514028553963325,0.0964084297826628,0.0541162489321755,0.1155870260140508,0.1817821716095418,0.1358104468210701
0.0355703135950268,0.0034924158907754,0.1236602487642345,0.0245041386142271,0.0584209251276995,0.0072743007701419,0.0401295273344273,0.0724028030137663,0.4643368774541485,0.1702084492185828
0.0952661811776002,0.0670909602281307,0.0152214307799967,0.0777945223715292,0.0282227704666529,0.1170968749877,0.1111847417349248,0.0522859309680624,0.3044410300931466,0.1313955570551735
0.1597368345785567,0.1167065004892977,0.0058520353769218,0.0911514489974281,0.0288851120921907,0.0193916365682865,0.1185812078773564,0.0238483059009897,0.283509975456049,0.1523369424628015
0.1374026670692427,0.1126130737441997,0.0147445115672139,0.0892354277637122,0.0229917104975721,0.0664131135979765,0.072386895226034,0.0583263934985679,0.2242105552446578,0.2016756516513631
0.1845463423796067,0.115036145084064,0.0880571631225643,0.0311365602149105,0.1738469036571401,0.0161429232781441,0.0117445461126417,0.0806228793819068,0.1835303533181904,0.1153361833008015
0.1911075513872155,0.129564322506956,0.0601725966617239,0.0805270334050783,0.0127293711105836,0.0307984104603373,0.0553897044278422,0.0455597836890702,0.2498265554156616,0.1443246707621756
0.1815397725300794,0.1271996684665983,0.0682409638007578,0.0510898242885513,0.0211931245712404,0.1030374926190176,0.054573340126846,0.0112926886493629,0.3289991385576381,0.0528339862312193
0.1280914158593425,0.0759357815942443,0.0286925110353554,0.0910038272169098,0.0471129139293372,0.0909417409807043,0.0520687705544662,0.0067715014256741,0.2316854358667702,0.2476961013543269
0.1348048365172966,0.0980957491233742,0.0164961348491099,0.0938407980875015,0.0050538356230377,0.0269183656199297,0.0315373273264866,0.0524934800886255,0.2742201600312423,0.2665393125697188
0.1977907216876468,0.1624554143008738,0.0672586949375786,0.1355506713255419,0.1053775155820054,0.0151815705691084,0.0362806163469298,0.0675332245240519,0.1745428986329851,0.0380286719200557
0.2270100098040249,0.2083206374710772,0.0574748813597979,0.0198410284420355,0.0841888408332875,0.047641211927673,0.1383517444973589,0.0054143093106515,0.1158046334290327,0.0959527027481024
0.1822603609802919,0.1883641637106695,0.0257980088574797,0.0056146475529369,0.1510190646458159,0.1376936843692503,0.0221275583839442,0.0774438656467188,0.1479998405538286,0.061678805094004
0.1989067603383253,0.1803079480960586,0.0860834240121493,0.008797201827195,0.0115074478231724,0.1092461631864968,0.1159779985861415,0.0143862914931865,0.1306683008202449,0.1441184636466576
0.1758623630823269,0.1233062897511987,0.1019178104132397,0.0165981059217914,0.0609461139314278,0.1377283702294677,0.0672436330768494,0.1065086548553235,0.1644615235288306,0.0454271350475175
0.1308036798465095,0.0646894581814786,0.0913732897158974,0.0329313293580756,0.1417164859483825,0.1610399613728527,0.0991777208598746,0.0669129840866482,0.1312720961463937,0.0800829943173151
0.0784273690544729,0.0462728368864725,0.010054908855985,0.0588981747076221,0.2979416639196186,0.0342631443040193,0.1088978320706482,0.0737896931689242,0.1202471167175995,0.1712072600348736
0.0273896158177863,0.0457301789144455,0.0051426048016343,0.0574060369712096,0.1016490667278987,0.0069655823266032,0.0945418043494808,0.1083819929074265,0.2423693060171839,0.3104238109163424
0.0980244232718722,0.0232546606240731,0.0834325437549901,0.2304810467557075,0.1151616802049367,0.0343086323833859,0.1075039615288074,0.069211417407955,0.113562090338872,0.1250595434965746
0.003351122730562,0.0307204988405027,0.0298453043836224,0.0743973333040107,0.193061556561441,0.1286581350763751,0.0508465639886569,0.1472372520647377,0.0699202055787953,0.2719620271096122
0.0002148962035233,0.0547896248394261,0.0298816743826898,0.0272985222792555,0.2829718454942371,0.1542520118186726,0.037767798125599,0.0162896135360088,0.229347645645381,0.1671863674033212
0.0369517488145361,0.0398260849088078,0.0198469058904787,0.3332249388157679,0.0272282015385219,0.0928134906927666,0.0656739570609234,0.0531924281272166,0.0364540489689534,0.2947881949034367
0.0173461319195939,0.0719228228926145,0.0205944719477466,0.0119928400037113,0.0022737737003263,0.0044768748780126,0.2648262473144222,0.1716467678250148,0.1626591228274309,0.2722609463866675
0.0645442088022425,0.1081708776307811,0.0116477789566714,0.0211176473364885,0.1576691393978444,0.184730247137149,0.0516997646728348,0.0197041837188914,0.2640129932958266,0.116703158819599
0.1426572161668828,0.1752246244341071,0.0865638963541703,0.0477827600765556,0.0132517796552979,0.013874441223462,0.0099210502680773,0.1524761462376791,0.0980726518634736,0.2601754335708175
0.0793974853627787,0.1389210774106811,0.0519996608293165,0.0461154085653792,0.0363328582445463,0.1602775614376637,0.1149948388117833,0.0640507192855767,0.0953128489543188,0.2125975409362652
0.1111539602488182,0.0988888648964578,0.1206222951758446,0.0057477868712036,0.0295661644023827,0.0853452061856174,0.0168230052053856,0.0886491222195271,0.2535336465535265,0.1896699480868324
0.0828752734271517,0.0722121726873883,0.0901672259227739,0.0868704463305265,0.0955583932173163,0.006352149066825,0.0835885374386124,0.013353467234865,0.0815986084302254,0.3874237260697626
0.0916404671820868,0.0487128309148454,0.1372555534871949,0.1325435336177435,0.0197776250207939,0.0231553847975021,0.0367482162195855,0.0324736337347412,0.2011897661671508,0.276502988704871
0.1497514587199838,0.0903125713982968,0.2240697752833787,0.081119167740329,0.073255697764841,0.0111599208843995,0.0826271087373134,0.2158957195489695,0.0418585641092612,0.0299500154435308
0.069497729503851,0.0498434983904645,0.0997191551828656,0.0723273141610436,0.0770856248140551,0.0066009732084689,0.0563726680240945,0.0853222848608386,0.1653299903250015,0.3179007613940144
0.0492095709381451,0.098873485839262,0.0753528502295022,0.0986918535511427,0.1486349950299202,0.1459998115159599,0.0263619250345017,0.0466431814654013,0.1440795854696197,0.1661527406607063
0.0473061970928361,0.0276872485184981,0.0236222818823143,0.0343929505702167,0.1005459495328458,0.0162293936660595,0.0463252551823649,0.10943759775411,0.2845187913977019,0.3099343342499448
0.0646299532226701,0.0197901866334189,0.0160563743709109,0.0597296370355855,0.0392977600564567,0.1806068439398442,0.123835575211291,0.0553915981461953,0.0017714192182877,0.4388906519291996
0.0695749950471701,0.0759821799852422,0.1243957992504783,0.0902608821099449,0.0782135163511108,0.0207909474040902,0.0295893427074142,0.0773605498036424,0.1837401691123651,0.2500916179908033
0.0300068258419653,0.0059110992543871,0.0316907338589064,0.0114269974491477,0.0598481505611468,0.0726254312151261,0.0444090053723533,0.139852661937137,0.1879039803655337,0.4163251138950604
0.0457496248737915,0.0667093810082453,0.054454615736733,0.0837850351691661,0.0108458102612354,0.1158510583975878,0.0873078339197897,0.0211123299259898,0.2061642267284952,0.3080200838164773
0.0512210500176695,0.036634431858097,0.0417009567190167,0.0922088445570693,0.0781178672214701,0.0595572539808712,0.0513886833194085,0.0161954546748992,0.2101584755954793,0.362816981860069
0.0427341082491702,0.0404425336706598,0.0293850006723614,0.0818426869094005,0.0287611322760869,0.016884963614223,0.088286966550587,0.1086040277335182,0.1075805574297579,0.4554780227453606
0.0252864110921335,0.0666644576928703,0.0947221443298389,0.0644268883940559,0.0594746780704811,0.1129968467947133,0.0614842160199316,0.0252925569856547,0.0715666411263687,0.4180851593151045
0.0166943029351205,0.016839550437029,0.0827497119156589,0.0065698376985448,0.029894945839396,0.0069679236894609,0.0591481911669235,0.148812257761174,0.1720592710487953,0.4602640073108139
0.0433569860102336,0.0329233654328343,0.0786683567039754,0.0322876505810652,0.0247558571559555,0.0414451903066091,0.0279078730762888,0.087670732720212,0.2430158097426929,0.3879681781230992
0.0383014525418368,0.0712434524142029,0.0185188434027665,0.0159591365317585,0.1096399712790203,0.0434014208404461,0.0657712486858008,0.0807876164837092,0.1713426837659737,0.3850341738884532
0.0139426491614268,0.0673684593345263,0.0162967110134648,0.1033979568272373,0.0810179831780986,0.020815217889759,0.1216978810619237,0.0732768944204501,0.2174597041972011,0.2847265426918491
0.0213020370070315,0.0269618890564263,0.0572487901704908,0.1108944302212907,0.0224327413821619,0.0555977854520919,0.058369314628446,0.0371706299027862,0.1565586062345159,0.4534637757416659
0.0483936890502752,0.0225145079755195,0.0927102222781147,0.0225659565149536,8.594543978602227e-05,0.0474747221789958,0.0622882847381723,0.1283228953548138,0.2535484245923705,0.3220953516651208
0.0093672891029751,0.0077100906662403,0.0707935671829117,0.0954124792020901,0.0436545654866169,0.0532865218400236,0.2271001443876798,0.001498958107558,0.0547996847674029,0.4363766990145052
0.0823471926416075,0.0283266739063655,0.123261040735159,0.0897989090905376,0.1113692890907659,0.1667055558774476,0.0078349160150608,0.003234741508114,0.1087905138479801,0.2783311671037258
0.1179661965899258,0.0787552399176778,0.1386679894269734,0.0450517217644348,0.0247903770533393,0.0230907641223625,0.0142054849773258,0.0837415174673895,0.1931338466995121,0.2805968618322482
0.1388495969057789,0.1123081904271352,0.151549486301512,0.1150116213898084,0.045471109973838,0.0622012906799513,0.04063740845803,0.1312273761775701,0.0192071867834819,0.1835367327510035
0.1510634487794808,0.1356895785219557,0.1664808441216481,0.0304827090289021,0.1046136075919082,0.0157518673516765,0.0058780224108471,0.0381948247872978,0.0527609101536606,0.2990841870841155
0.1914697557069911,0.2006466128309841,0.1649738172649254,0.0207201928424855,0.0470321408341636,0.0007861990522569,0.0695554077411472,0.0334110448327677,0.0157915530363717,0.2556132756909007
0.2091506378452053,0.2447663951323885,0.1657847557132433,0.0487807612440392,0.0589384759467414,0.0172083712546254,0.0528073388472585,0.0522577837405374,0.0117949132672119,0.138510566835331
0.1280797468238808,0.1532657567428786,0.1276108782488107,0.0473944980274056,0.000916300772511,0.0399074991022199,0.0740829040811529,0.0041429055538754,0.0699888093573154,0.3546107011277444
0.1355739573050753,0.1818049475902397,0.1066397892163806,0.0281769504263637,0.0052383616979891,0.0108800689721711,0.0182497535587872,0.0479414530658137,0.2059199703090855,0.2595747477011039
0.0961831128894763,0.1227826816821118,0.0662546119590908,0.0064708676094097,0.0336207534945122,0.076628475045962,0.0984947682786319,0.097655343828819,0.1789866217007626,0.2229227633848702
0.0732182261343926,0.0999408422067805,0.0404393614900724,0.0830260120198982,0.1160575467195299,0.0372068597508736,0.0280648545239417,0.0871945332122698,0.1826102454536249,0.2522415183205835
0.0087166694811662,0.0875228241682942,0.0622775551909902,0.0218347234811221,0.0199129152678677,0.0221216057564023,0.0258693715653661,0.0287253177684073,0.2776092245781013,0.4454097925288684
0.0280363755034731,0.0512354238689014,0.1272188281622935,0.0133501989940351,0.0199492877309268,0.0779103347701641,0.1245684690413968,0.1184293018424984,0.1281770095114326,0.3111247703213613
0.0289818578891888,0.1139864977394505,0.0951449101371499,0.0650786102055424,0.0459357925029904,0.039805684646433,0.0155602410834797,0.1152619587799777,0.1749168631134087,0.3053275837204805
0.0983211300088017,0.1767703711621664,0.033713162327838,0.0206270345405386,0.0042639705230049,0.0417652816684972,0.0243203476722375,0.0686291049952525,0.2981363737555242,0.233453223189978
0.0667714977387513,0.1564917319094512,0.0639351366452517,0.0340078916636929,0.106106483882837,0.078101514305151,0.0832928286395982,0.1383867563947331,0.0527690415171256,0.2201371171388637
0.0122291653617196,0.0988382540028981,0.1340333598876486,0.1457608759647422,0.0318783685796448,0.1557452783152794,0.002623654502029,0.0170024947887935,0.2830890643354064,0.118799484090716
