0.023701031948162,0.0442778815225782,0.063339211766797,0.1193022489286929,0.1323053529616209,0.1087391980168258,0.1734964247238412,0.1781277643988703,0.0904274254283018,0.0662834602135286
0.0007136497366173,0.067568847576102,0.057460485820291,0.1102829085019863,0.108807891608929,0.185582654853122,0.1557052685369625,0.1400422534105525,0.0958055744731915,0.0780304653854292
0.0247472761105449,0.047338365839446,0.0680376235059937,0.1200270092930514,0.1830850959534075,0.188315303456706,0.092504642726719,0.1323304831640827,0.0951213679186905,0.0484928319384215
0.0078578222459066,0.064792295740534,0.0292235774281715,0.1129858010709651,0.1375595158200677,0.2614539098641663,0.1927967035865326,0.0816778938846093,0.0048818106135068,0.1067706696389467
0.0132384449535966,0.0701943314813358,0.0272173650526102,0.1330270359480543,0.1053310178315691,0.142623412428196,0.1462401404046639,0.1416551027027707,0.1004665514086,0.1200065977130647
0.0296438343951964,0.1112882967007959,0.0194623312238395,0.2096238763476662,0.1125157813708478,0.1143442988238386,0.0956635266712339,0.091366051086428,0.0586253128089639,0.1574666904609144
0.0019053779259456,0.0793155089322186,0.0304158233268962,0.1848133842474309,0.1157445671334574,0.1546955213121181,0.186778482016002,0.1213218479451403,0.0091363377039361,0.1158731493606179
0.0250843962394404,0.1041378900076783,0.0117597795043573,0.2209209166065652,0.1621849803822792,0.0670654098774039,0.1279458448776407,0.1119469384639242,0.1123969906238323,0.0565568533175405
0.0568557789968583,0.1294447542970434,0.0071978804804994,0.1278333101457754,0.1713454191727656,0.1187530624868472,0.1344105088115302,0.0976701832060038,0.0649412815916921,0.0915478207169054
0.0131814437764014,0.1211416973992205,0.0592491286442518,0.2536540589408255,0.1443763887781068,0.0766676733007333,0.1280047540013366,0.0929964435767046,0.0561049624487237,0.0546234490322258
0.0215149330009413,0.0688118047078911,0.0736693092960404,0.1341237453908378,0.1927457501942115,0.0933768522382658,0.1204908883977152,0.0967425884128917,0.0590672259000846,0.1394569023697748
0.0195479780626707,0.112316906358584,0.0468204289192475,0.1533875822831533,0.1586133938763325,0.1181628495314075,0.1381688905881004,0.1250663394183007,0.1170311837567972,0.0108844471131399
0.0139711186442107,0.121478974075388,0.0693140825597139,0.2061862774950937,0.1244711107234373,0.1024389789690018,0.0856076660901953,0.1453561596747343,0.0534241090320998,0.0777515226457667
0.0183152103291832,0.1135135422080167,0.0602601467217286,0.1426840809243492,0.1804952903062091,0.0897681220463764,0.0823080833962025,0.0912576368364679,0.1606451534606292,0.0607527336882521
0.0135530111600327,0.1069299627042973,0.053548388931117,0.1639617460797554,0.2108124440585058,0.1156824194404161,0.0932698050092515,0.1513340492585681,0.0110025082060473,0.0799056650679018
0.0369784559242048,0.1457084594463858,0.0491878519867821,0.1157804960793638,0.2048099461751969,0.1000651332120229,0.0919097264982427,0.0774273247488554,0.0449011055842955,0.1332315002535281
0.0308384590445279,0.1310993200298179,0.0456925343345974,0.1779655553084339,0.1511128821506767,0.0823218838033727,0.1160032621482002,0.0829338562066152,0.0418662364598064,0.1401660104320538
0.0131477980547109,0.1324870400884043,0.0793994893991417,0.0898876982286917,0.2216833187782795,0.1178325735136593,0.1026438579870933,0.1550102482153278,0.0732767260374445,0.0146312495813607
0.0097158773871769,0.1139137354012533,0.065057501410244,0.1090552081892386,0.1607954945210081,0.072897202398817,0.117282210331954,0.1462269421990854,0.0764831942283911,0.1285726338491044
0.0191775195894641,0.130696371927891,0.0540760802311406,0.1483981252458617,0.1569195974198631,0.0601232549526725,0.135987787914502,0.074660458818559,0.0202043399745056,0.1997564638340448
0.0085636815053583,0.1029524578139983,0.0532421161684061,0.1863186724476547,0.179241503442099,0.0721222223158142,0.0890776871055141,0.1081567599003934,0.0760659303567555,0.1242589688509827
8.290846495914379e-05,0.0867376603735729,0.0656997957153793,0.1587206541163428,0.1951032113854357,0.0785916169318922,0.1224979662914082,0.1045144284636957,0.0203027128288362,0.1677490453383991
0.0178291347313473,0.0905497478452408,0.0453430265520281,0.2395129963642814,0.2413520826659134,0.07330457214568,0.0262454983955566,0.0017949101832448,0.0393210516250131,0.2247469793896401
0.0417652017773658,0.0548813860926196,0.0804890980851372,0.2159615019121089,0.0855891874430695,0.0864757879658792,0.122858006258902,0.1006383192587541,0.0052232761405504,0.2061182349392158
0.0216501076564755,0.1178359311839471,0.0508053611214182,0.2062684703293087,0.157003733090185,0.0727008110105296,0.0668706031623085,0.0592564995147745,0.0301306169086758,0.2174778659159994
0.0180528981402289,0.1160938787929365,0.055567056410112,0.1870138532914107,0.1688070079000222,0.1029752534782913,0.0227586750486955,0.0707434495872431,0.1144567117262268,0.1435312155383206
0.0489659285519619,0.1541506481861641,0.0389193244002012,0.2273459828376802,0.1579144481428248,0.1073294706187994,0.0311490652502961,0.0413421415273126,0.0020475467240853,0.1908354436568345
0.0459220108444348,0.1245448159809676,9.982523633854384e-05,0.1221765188155808,0.2653641239675591,0.0447907711611592,0.0946317651887556,0.0325422121223382,0.0368004021578855,0.2331275544324546
0.0403410787520242,0.1446868142766158,0.0398212179395886,0.1513510874111849,0.1779126435381087,0.0723290855872884,0.0516770022897481,0.1160501893029612,0.0497693783673545,0.1560615024347669
0.030947917784109,0.1239757184150261,0.0421854994716197,0.1682713169928981,0.1015870358298968,0.1037196265478982,0.0446325586528231,0.0595781330763028,0.1891993980554623,0.1359027950696359
0.0138778166399999,0.1177281422894105,0.0570200031170122,0.1993157607232606,0.2366420020601975,0.0715432490256448,0.0359207778729312,0.0733538194489999,0.0792036096994124,0.1153948190164963
0.0110487643814877,0.127559240136837,0.0933013230923648,0.1233179640886353,0.1612685851423792,0.0538372085970137,0.1016997245208484,0.1225517352420716,0.0076668103903522,0.1977486442905379
0.0283589276046455,0.1624181892945989,0.0657185795725775,0.1745022049430352,0.2316069151019589,0.0686635333279556,0.0124114612542938,0.03399840229179,0.0277146330332672,0.1946071534702475
0.012672849327512,0.1151160791476232,0.0945182339364693,0.1700386601165063,0.1832757179476005,0.0475607626266555,0.0070938287942346,0.0890777416420771,0.0807638927400606,0.199882233633992
0.0020993177888723,0.1807558199278314,0.1284551569202005,0.139210796003063,0.1332788553647732,0.0965249341660742,0.0664228659773325,0.0004143125379888,0.0228060289290132,0.2300319122677219
0.0251344098526659,0.1128564530089972,0.1293572020101479,0.1351951772909966,0.1221101456694558,0.0811553277721366,0.0439453519371512,0.1295344860394824,0.0660128485367564,0.1546985977846558
0.0593484669002156,0.0727855274469559,0.1406949331295883,0.1593068239308561,0.1440745233360431,0.0261279408314851,0.0506271552181578,0.0616989904237588,0.1124935429267266,0.1728420957701477
0.0395237550482056,0.101242854634964,0.1280382292874854,0.1147152234707181,0.2060464611775883,0.0502816508398844,0.0694635564998999,0.0470790985458639,0.0482720672945782,0.1953371031020207
0.0128519577361451,0.1768523831432882,0.1460810083929566,0.1798671881934514,0.068072232897943,0.0373714032883353,0.0437003694596856,0.0535602136688266,0.0032571773517334,0.2783860657362901
0.0050909522116899,0.1733907654351798,0.1185117734015378,0.0938926971068891,0.1663582538597103,0.0425151566027896,0.0735698864331537,0.0057907934903784,0.0615056632147985,0.2593740581318265
0.0089162011316602,0.1309914792991595,0.0920559427097804,0.1756382753274388,0.1665863737581765,0.0370706504029172,0.0248891251745747,0.0579494235430369,0.0399205382670605,0.2659819902646489
0.0330139856044545,0.112061416881754,0.0653188828615308,0.0772754179438037,0.0895112455024229,0.0783960136454463,0.0597747470433294,0.0275034171220251,0.169741163630533,0.2874037096252196
0.0730695470531026,0.0487127410279202,0.0852928487172268,0.1112155775034043,0.0709476407133579,0.0101519467398707,0.0594788778420313,0.0466616981039712,0.1946783174250933,0.2997908047700363
0.0591668341072869,0.0712994100657282,0.0898485700525089,0.0998728390437785,0.165306361868018,0.0784832694381301,0.0233035292213606,0.0041166186826923,0.1314358700296559,0.2771666973685593
0.0920312460836546,0.0229487056425124,0.0999367681009792,0.0918861180857543,0.055741680559442,0.0379007898797244,0.0368823604834713,0.0367133781316042,0.1022163605302701,0.4237425923770989
0.1150205910516679,0.0115096468619491,0.119311183915714,0.0411862767187485,0.0353987554328095,0.0660362445449132,0.0289916447692393,0.0465599256337571,0.1206563259937219,0.4153294049451018
0.1379545284656897,0.0653332531647503,0.2028530186026108,0.0368239639950609,0.0589690375579819,0.0807750329681182,0.0287844538219636,0.0477482903644032,0.0881537052477346,0.2526047156337783
0.0352789074056976,0.0845662736782788,0.0966639932874753,0.106820869823298,0.059866430138876,0.0307263833771097,0.0451575314912099,0.0135831483572632,0.1893503797659154,0.3379860825605669
0.0523489080107257,0.0805208208617581,0.092202506519725,0.0758518180163565,0.0872310288601865,0.0475902880331149,0.038455009271805,0.0480470959813534,0.0376321970566239,0.4401203272116777
0.0165810465293669,0.0828820817389961,0.0389262415014624,0.0729651531681028,0.0075195321458748,0.1008839622157118,0.1378670576647352,0.044785531228191,0.1588010252200981,0.3387883684388184
0.0437711758079603,0.1880233336253707,0.0362578375575014,0.0845324910673144,0.0946027956262399,0.0543461230076119,0.078495428524095,0.0446627632647773,0.0599045559632776,0.3154034953249148
0.056393598480281,0.0799100969668136,0.0895427353119444,0.0703799217336624,0.1074788627003835,0.0871634619390263,0.0862654424444133,0.0646498594881349,0.0182615498027129,0.3399544709539047
0.0788521174493241,0.1773209659267495,0.1370125743055179,0.0505819712667859,0.1268563620184984,0.060114546844366,0.0448917111066937,0.0233549019326072,0.0956577072552605,0.2053571415826768
0.077037568293952,0.0372147755814476,0.1053712194650009,0.0323118963571623,0.0814228484279478,0.022625204091042,0.0623611380034257,0.1381775378433295,0.183071952345535,0.2604058594334234
0.1335753045302654,0.0419912600023525,0.1475466296512636,0.0314939704077763,0.0633215446682855,0.0505316000577245,0.0539746039046406,0.003859599833144,0.0712992469288045,0.4024062398354708
0.0589306529076524,0.1552014002632762,0.1100564078059523,0.0198753956804697,0.0277081452501042,0.021525230560728,0.0114012426540332,0.0045791902588403,0.0876234277963584,0.5030989065640287
0.0777687414277928,0.0622359089231838,0.1345063537119975,0.0439464124983196,0.0715102522322279,0.124309561924398,0.0868252444472844,0.0800101893653525,0.0579989198792001,0.2608884154422332
0.0208246132203848,0.1261169091170284,0.076958049132957,0.0357583904682528,0.0673546518754221,0.1161913762765544,0.0139509760704601,0.0660368917614563,0.1033284835416935,0.373479658367011
0.04793929093399,0.0906958766733212,0.0892536987085992,0.1025502220229341,0.0182547391593348,0.0095321450140112,0.0542826931256118,0.0224492717559817,0.07818165565644,0.4868604067015156
0.0146190557304181,0.1090788393773716,0.0321924428901605,0.1240221760566023,0.0233764732012666,0.0164661789129334,0.0172515873138178,0.1756026719801388,0.1538241285772123,0.3335664457868396
0.0353448390461088,0.0440145075359283,0.0652968695720027,0.105880247589808,0.0004054364287241,0.0365415794726248,0.1036716065147279,0.004380768080398,0.2136219014920508,0.3908422440832338
0.0420846438425796,0.0199065760807695,0.0270348643652945,0.0440652168601755,0.0664735701802647,0.0691651092803262,0.1403784004347707,0.0493370490810848,0.0926830949811122,0.4488714747183965
0.0753724281947555,0.0197178918239712,0.0677249902105214,0.0640230231903302,0.0066527478919523,0.0766204763257614,0.077513352818384,0.1528976862152023,0.1362094689806792,0.3232679341952622
0.0288104656254951,0.0605280458271953,0.0667749506951947,0.1311939752811423,0.0464568837211903,0.0877999116292961,0.049472237218979,0.1021681674724505,0.2069085877589762,0.219886774564455
0.0079341303866409,0.0719158360416561,0.0361017534979685,0.0943338109971885,0.0407407570350195,0.0749687944852211,0.0308145696725784,0.0613262784965675,0.3519703460117357,0.2298937232138468
0.0424235740688665,0.0643072051595275,0.1034219377276344,0.0274618609060192,0.0541715265788166,0.0043119664721384,0.0368235587328151,0.0069500913310492,0.2028711086344081,0.457257170242481
0.0380192929265442,0.0408723501318209,0.0742044592572672,0.0244207626432657,0.0016168113156045,0.0254949990161004,0.1426912024900512,0.0136863943805358,0.3318922524519532,0.3071014752515559
0.0129396091041238,0.0619767711649685,0.0614334303013096,0.0558928998957604,0.0324461574227013,0.0249081760113111,0.0726742491225679,0.0448554427902913,0.3402185579780164,0.2926547060820445
0.0530835341775454,0.0287392458050538,0.067575065554041,0.0722028752056911,0.0651800467294829,0.0893378285981725,0.0661927080597473,0.0102061826040812,0.2150164815061726,0.3324660315753754
0.0135431138156065,0.0752891535286015,0.0491398145296159,0.1011136508924268,0.0403894762190812,0.0233304757792784,0.0149321794088592,0.0182723398014526,0.3023432940694967,0.361646501799511
0.0809061844683101,0.0093677873862254,0.1026560063647285,0.021629849765973,0.0306199052423328,0.0451678616946842,0.0168466039568734,0.0418522670425738,0.2790303587007547,0.3719231751900781
0.0597364038911137,0.004350253143683,0.0798065099051616,0.0495714157444201,0.0349843794209807,0.1000436904291089,0.0223061942706158,0.0028152681551283,0.3722856742249637,0.2741002106561908
0.0192795468346546,0.0750749198701459,0.0313296953564153,0.0600783542159952,0.1091382134901212,0.0351500445570285,0.0244372333741238,0.062245260850776,0.2852651127643054,0.2980016185560814
0.0696154438148389,0.0948664359101118,0.0525284235488421,0.0079566384082465,0.0608913723493434,0.0002660660580678,0.0038242612329267,0.0974264137665184,0.3034928566039087,0.3091320882067169
0.121055087384589,0.1528357468252642,0.0893386526213509,0.0801849068088671,0.0235377888634296,0.0105259206149682,6.413132518615119e-05,0.0180902945276526,0.2351277773126507,0.2692396935933154
0.0722868758418355,0.1166210877089445,0.0461102755931637,0.0193123118507341,0.0077287865801062,0.0476179745187172,0.0576505137629547,0.0506051154894803,0.2974720748313428,0.2845949837069783
0.0789379907160837,0.1537161106022761,0.0153003302235251,0.0612785348931455,0.0443116731962488,0.0272618566390827,0.0580330614333144,0.0563199647091769,0.2593987091297467,0.2454417683215662
0.1175293859357791,0.2105084540415167,0.0412416797636334,0.0320957546541566,0.0520327994989711,0.0229566807256502,0.1033542176169736,0.0043861953602645,0.2625119303500677,0.1533829019213746
0.0983727707244265,0.1859244751420974,0.015089945138839,0.0233702201353676,0.0370743486749316,0.1021295941455948,0.0021543815474725,0.1263491228249843,0.3391438090837856,0.0703913324671962
0.1209662758621202,0.2184974405054982,0.0253566200346328,0.0566093248206581,0.0450490291565301,0.0325026182554795,0.0423629275804132,0.0062733289655071,0.2252531986366872,0.2271292360512292
0.1027661466216645,0.180008105081132,0.0250054109952152,0.0169027583749412,0.0537138205464938,0.0198123890823957,0.0105424539224044,0.0188226989855193,0.3942065456556601,0.1782196706154986
0.0359798544611136,0.1146723244913445,0.0139240207095239,1.7075843767539736e-05,0.069815837078476,0.0267921693033392,0.0123269566878276,0.0199906327228247,0.4744022650358878,0.2320788635408126
0.0180969599369045,0.0904806963065281,0.011293138066984,0.0788866144965973,0.0036306195889339,0.0219790109339679,0.0398156720440296,0.1360128752525138,0.3324437718176985,0.2673606414481114
0.0539561649846604,0.1267145514200001,0.0235163737961968,0.0413039272139398,0.0526852493396243,0.0805744209473468,0.0079295158823052,0.0291356788530247,0.2458156197474804,0.3383684976674757
0.055049833040363,0.1267510531786099,0.0200402695734849,0.0745391680242596,0.0046984253099413,0.0306160351474004,0.0344965827935796,0.0269448095495007,0.2379938299434492,0.3888699933066801
0.0892241839573196,0.1604616258953971,0.0611796901999092,0.034552224296241,0.0089029604384812,0.0040611512460133,0.0521022855929479,0.009561242616909,0.2086354584568099,0.3713191771785851
0.0708031288932289,0.1166829415463503,0.0740236104223514,0.0874144097740427,0.0344276421246974,0.0480123933548402,0.0149429229719749,0.0248880779127249,0.2991483403082576,0.2296565325819874
0.0096335548846254,0.0778084466114207,0.0140509873206126,0.0860669750254766,0.019246328632491,0.0395412970138189,0.0108701959573774,0.0788824355002251,0.2024370976751813,0.4614626812454477
0.0237310183033661,0.0934759301308701,0.0243260642143414,0.01016830973052,0.0423860759850154,0.0470083521882698,0.068612692307851,0.0224659243176716,0.219584533509806,0.4482410991813524
0.0083491048111309,0.0850427623325835,0.009506632583797,0.0070490658511713,0.0706230871148014,0.0341841772117338,0.0358975303275614,0.0716698740069816,0.1987352939475233,0.4789424716446884
0.0077076731500324,0.1380199744846403,0.0306928391824838,0.0013226933901724,0.0615682926122853,0.0263165410575974,0.0262172632228215,0.0377566644419603,0.1859627417869081,0.4844353164983744
0.0409181067059578,0.1301827219733833,0.0155114514507273,0.0224185313010343,0.0306040175779497,0.0289513550572536,0.0615373648071758,0.0715600936571028,0.2080941607683488,0.3902221965620429
0.0032480558825335,0.078507966609433,0.0009786138525577,0.0526948880273008,0.0771048228423975,0.0110564161046327,0.0557896575385192,0.0126401628709243,0.2052789822709675,0.5027004338623997
0.0263575753084852,0.1073081530108437,0.0161671093951223,0.0551586099961175,0.0122069679726673,0.0193268929679763,0.0246638166425112,0.0179451964806515,0.2643963217256492,0.4564693563546113
0.0469183508593461,0.1067404496072173,0.0401518011568679,0.0098417305919099,0.0624528647393164,0.0302971512432511,0.0307395712945302,0.1059282082508253,0.0421896287359217,0.5247402433734293
0.0209340038265543,0.0421991730047302,0.0002915659320529,0.0374279881479363,0.106292851434586,0.0159998231120261,0.0167468577853235,0.0356574747051834,0.261973644114084,0.4624766177871438
0.0657418313110079,0.03530975197166,0.0058037914137123,0.0644682706544558,0.0850600128752653,0.0014356869096973,0.0226422352010691,0.0466616567406973,0.017584295127052,0.65529246763737
0.0603604198171338,0.014952444129132,0.0423806170121579,0.0251869894398789,0.0018276377495094,0.0008497191039723,0.0721690360177022,0.0638130749311682,0.2010458666322487,0.5174141949673456
0.1026459036350914,0.0627906200730991,0.0171927189768697,0.1521324851679847,0.0426097022480418,0.0162182574105648,0.0303131218097301,0.0324026500309602,0.0322608994292928,0.5114336410614516
0.0617925802055173,0.0151943820424736,0.0533093347651674,0.0605439498172579,0.0366272279861137,0.043487392314426,0.0863995414846474,0.0324874618665678,0.1087522307465766,0.5014058986010201
0.1117529088429867,0.0574147283453408,0.0696827789749339,0.011260210371915,0.0182106082443771,0.137922358173272,0.0263695169285774,0.0457852190678072,0.0245707831741228,0.4970308877154971
0.0778157361999893,0.0193601991754895,0.0552548730672623,0.0289781614395722,0.0714393262070785,0.0106775114379609,0.0484788067553738,0.0047548659831296,0.1939954674456833,0.489245052121179
0.0543072207020968,0.0077048666363522,0.0525549634621534,0.071586293998188,0.000674724228619,0.0323376932465276,0.0424063545493972,0.0451593689290098,0.2102979626278032,0.4829705514898142
0.046024456504138,0.0282608475002369,0.0303665848879378,0.0198457896389898,0.1162225316217888,0.0567849319155236,0.0954637206847738,0.0061851948151733,0.2069269174255336,0.3939190248505838
0.0395858413802946,0.0022710107466544,0.0142445459390494,0.0604796306213004,0.0391452155189467,0.0920124615365407,0.0492641869396194,0.013974528015277,0.3313344145262836,0.3576881646286636
0.0575402287532094,0.0292097707157972,0.0868368352480356,0.0228690941520999,0.0934406658465598,0.0161236271520173,0.0658664728967459,0.0544276700261559,0.2597525179811219,0.3139331170318983
0.0730366231476838,0.1122908692972414,0.038588225784267,0.0776452248560327,0.0293964946407147,0.0258007381178011,0.0639418016236915,0.0070268618058368,0.3384294958814677,0.233843664682103
0.1399337943783145,0.1897578682196366,0.097555287859777,0.0414932275034848,0.007515064945963,0.0497465845806505,0.0500724720616556,0.0056922237036846,0.171784535525175,0.2464489410919586
0.1323572947800897,0.1866949154057505,0.0744805433843561,0.0249508362502371,0.0079833717444042,0.0212190853882519,0.0602530944127547,0.0683706647603644,0.1668589672277656,0.2568312265226125
0.2010570178473137,0.2436295712682794,0.1373913711255797,0.0664017463029917,0.0204267848675844,0.0327658805322199,0.0538686727582348,0.0117684244098186,0.0247543487808007,0.2079361819786447
0.1639588095995886,0.2201683807788236,0.1038352927359094,0.0006242309020745,0.0426948380603189,0.052751355271795,0.0150896854090399,0.050425813823655,0.1105451650732931,0.2399064282326291
0.1290847260726987,0.1913699302170078,0.0680470343531544,0.0490870858313068,0.0417338249889408,0.034877753336869,0.015943842731468,0.0192731114824872,0.2213529742122193,0.2292297166705517
0.1465226990146798,0.235126253322735,0.0800260171622651,0.0846784726300641,0.0971415390227076,0.0265513555433539,0.01950882165782,0.0059093968037833,0.0942651671971835,0.2102702775144695
0.121535201809342,0.1862785945523098,0.0666222709934317,0.0323219300371993,0.0483974293317025,0.0813594222346446,0.0527047262788658,0.0088486919112705,0.1757043715687089,0.2262273611420323
0.1029273670156888,0.1892511567721971,0.0379846662155295,0.0957580774340615,0.042314516886184,0.0139025578219992,0.085357512669633,0.0840183341502782,0.1771051680949358,0.1713806428101628
0.0498240257459595,0.1907271916689637,0.0353284522059389,0.0644714252814776,0.0449433226819659,0.0458480149304438,0.0224948574750186,0.0657226420698702,0.3025599165051182,0.1780801512619824
0.0280641016734844,0.1661477040806269,0.0469192806186003,0.0831066373442571,0.0722374091896386,0.0385963266401547,0.1495023402556355,0.0399213109699401,0.1887956388413199,0.1867092502118132
0.0511452499574066,0.063131157429588,0.106943694720366,0.1364168704422476,0.0864633846115164,0.1145124123800112,0.0770646951788008,0.0027748095627751,0.0978323296322765,0.263715395938992
0.0506561397939623,0.0967651035343204,0.1358696522422215,0.1408218230258835,0.1733977432752063,0.006077095021662,0.0823289886899104,0.0620237200758899,0.1684999286856368,0.0835598054589077
0.0482143704727815,0.1005475957558798,0.0938611138814164,0.0822549536686093,0.0552615297905268,0.1337946298914907,0.0107276695544431,0.0205156252898106,0.2869265057537913,0.1678960057347917
0.021733504126088,0.0870422425464859,0.0533938974073023,0.0125937351662232,0.0599522708363582,0.0436975917755443,0.054817585504263,0.0264379971491959,0.3124184783322322,0.3279126969996137
0.0052369617999068,0.1247135917826005,0.0847680607634149,0.1408635906452945,0.1024332513085706,0.0608444494635511,0.0651788448407781,0.0192454700296136,0.2642008620208005,0.1325149171836198
0.010281260728237,0.1532002814162372,0.0914559998653271,0.0046727367793783,0.0709300748491488,0.0199960507792824,0.0521406951017633,0.0813017659490631,0.3529130272017845,0.1631081071499221
0.0708706068007056,0.2042454608046414,0.0541109991214205,0.156602959124023,0.1655512053203478,0.0323509061729135,0.0333159004125574,0.0106086521790612,0.1739003536614305,0.0984429561884249
0.0710705858405535,0.2698165688950583,0.0911268158595723,0.0056931609071614,0.2687740125998479,0.0121246719428058,0.0405372259916263,0.0215632108875145,0.1261280831358938,0.0931656636055791
0.0352886788671549,0.0908216975310116,0.0055329608751805,0.1214345092122468,0.1838038195603575,0.0408587325393747,0.0550265789144652,0.0184667249625756,0.13902889903406,0.3097373982965336
0.1172508380140487,0.1642568090401401,0.079954856155395,0.0582016305862689,0.000501814597691,0.0599708743864768,0.1556283233891325,0.1567210934922508,0.0206303097022652,0.186883450448651
0.1690197204297916,0.1825889431725723,0.1262661699908616,0.0632459081434151,0.0965088082964997,0.0316716380131596,0.1302111485598124,0.0428655093344951,0.1031075110727245,0.0545146427945221
0.1155877484346954,0.1419812796927154,0.101675765380986,0.0406804336549349,0.0180677946860834,0.0449363119252284,0.0991188099245151,0.0387626204176954,0.3406392710062582,0.058549964650872
0.1427976234984801,0.1905558482944153,0.1400744830188842,0.1023102824452335,0.01814158418757,0.0564950346819658,0.0169510195660236,0.0819251533553385,0.2364058513455323,0.0143431193900128
0.0988387677845171,0.1618671346312561,0.0914577123240083,0.1373724597796495,0.1451998594941851,0.1063802815385582,0.0879943048113301,0.0097669538506696,0.0674713300398707,0.0936511955291306
0.113213715121874,0.1264655126045571,0.1677224418547785,0.1322233210772072,0.0079742333172605,0.0655886365989744,0.1694281121864557,0.1070466889351334,0.079906814010517,0.0304305241054723
0.1094531304468461,0.1277124808612737,0.1429973472318527,0.0577874492844066,0.0981712288503968,0.076960267565291,0.082424332878852,0.1194499449750099,0.0854157140574132,0.0996281036485991
0.1289005977253746,0.203878696843295,0.1487461730259114,0.1757221691622523,0.0963809096619744,0.1325617922873333,0.0229337976451613,0.0201047195033793,0.011149787487848,0.0596213563831395
0.1751041576532905,0.1980298511689039,0.1837856542717645,0.0296683014548557,0.0248303187836499,0.1318284320350778,0.1309222492749354,0.0520020596653187,0.0471748731929828,0.0266541022940518
0.165780029048772,0.1494772240331651,0.2157669958869527,0.0572673215877366,0.0231356821744406,0.0662843816020264,0.1097525861363274,0.0992607106951523,0.0422237412776465,0.0710513273668164
0.180794107858469,0.1336733891605505,0.2465898954734873,0.0027277613110304,0.0295727774013017,0.0146553196038025,0.030895842129145,0.0368094614910795,0.2257432881076614,0.0985381572843775
0.1904721349682788,0.1514373186494482,0.2548959478070506,0.0686983097641911,0.0221915281656284,0.0614597657971669,0.0110629801306157,0.1315884742389221,0.0107696252430402,0.0974239150277484
0.1262360633224238,0.1008614051132883,0.1924946763930817,0.1586620313541209,0.0137282951404903,0.0123362402386821,0.1434424719586796,0.0318738086653352,0.1500315867788456,0.0703334208563059
0.1231979213607973,0.1141252138138699,0.174632060522672,0.1590066946859496,0.0032171591063514,0.0428146791388211,0.0115960912990438,0.0800298601839371,0.1958995409816699,0.0954807787195308
0.0882727333109948,0.1232644336666574,0.1165839140756778,0.0722445390198836,0.1718329173802677,0.1170161303645432,0.1832161806092784,0.0585221328817898,0.063754514758541,0.0052925037178074
0.1504459891454714,0.199792340412973,0.1282811633016855,0.0334824514497514,0.10542491431327,0.0284971688272537,0.0142374073354197,0.0013836138885633,0.1644739028244486,0.1739810483433106
0.164271473978106,0.1853078324910082,0.1223532129054632,0.0284677720119995,0.0762208399990921,0.0904499004849492,0.0190458852724258,0.0078689665371987,0.2167473368588811,0.0892667793429087
0.1655600555557392,0.2018825852729904,0.1200388919543745,0.1337110152756749,0.0102764589129992,0.0716369389848338,0.0465547470424443,0.0342884173604734,0.0295114232896763,0.1865394661814673
0.1380795205570482,0.1545597079746518,0.134171310925015,0.1192123543812133,0.0158991209109582,0.0280790324766972,0.1077326230577307,0.0215357068005136,0.1284208030309318,0.1523098196917264
0.1181336611531684,0.1314257236650639,0.1723619081574977,0.0070717919720176,0.0083539683601698,0.0575063824947422,0.1443144178444722,0.0894339072384808,0.0122886270617236,0.2591096117151614
0.0392967257832624,0.0451286844585633,0.1027405176997457,0.0346319678928657,0.0064732197152972,0.1035674335249224,0.1118107935178424,0.1338648047162356,0.1829739784379507,0.239511873873466
0.0309328527542153,0.0124496157909945,0.0191818779112813,0.0537151697932631,0.0342778093001618,0.058271425904477,0.1284202361168565,0.2787635070267635,0.3410782965048194,0.0429092086434764
0.0987964373247688,0.0742783454328844,0.0220539611850905,0.0781625717458244,0.1244878194099827,0.0740789598997989,0.0470604504000971,0.0858416148174327,0.1696256668100984,0.2256141727808564
0.0707427522782105,0.0865318878459444,0.0491875359749356,0.1647500790952035,0.0201026761558325,0.0271863919018773,0.1068386592279619,0.0495629926691117,0.094698797046738,0.3303982276169407
0.1159112775602316,0.1293369308239807,0.0134456624669875,0.2069644173706646,0.03869804771659,0.0331404658875283,0.0354253659939318,0.0440250313117863,0.194728834871627,0.1883239657890618
0.2179778113592482,0.2407224227839842,0.0494512592051517,0.0617020410093655,0.000845216471427,0.0478927190637676,0.026247957751291,0.0199036225629183,0.0060583629906577,0.3291985865803473
0.2106651527433749,0.2404218015656099,0.0404411264744308,0.0598909681443618,0.0299447342767633,0.0561474949618869,0.0472172310480697,0.0624935405886583,0.0882554070004799,0.16452254301388
0.1200458983477349,0.1405849502709737,0.0371605929685469,0.0762220652243445,0.1246242520728177,0.1586233122464916,0.0488043295806286,0.0869558542900097,0.0147061826197636,0.192272562239252
0.1258219268253778,0.163302987247089,0.0106906839811751,0.1216213794265293,0.0264776140903576,0.0573788417946823,0.0461737349976695,0.0292200429982475,0.1313650785275309,0.2879477099611205
0.1896585062029636,0.2218451466560251,0.0169724674885481,0.1045075484021016,0.059077091610111,0.0088559520554292,0.0951888884158841,0.0965110983616254,0.001536393149258,0.2058469074526669
0.0738265269910197,0.1372324096028976,0.1334605972304765,0.0542260172789221,0.0744143688358711,0.0410276860977888,0.0162995931209843,0.0264207880339689,0.1632141829553718,0.2798778296552646
0.0352023505385104,0.1483871298625125,0.186648471300825,0.0649988341718072,0.0886433937687901,0.0425455080895608,0.0072929646091049,0.1050086522898838,0.052895743054766,0.2683769520824182
0.0288859186989288,0.1000746529806036,0.2404797346746812,0.048658896607614,0.0679222618255572,0.0674726192066074,0.0648204398722959,0.0278274515237726,0.1664255774012638,0.1874324469877061
0.0591645335964632,0.1193833043620586,0.100713607365235,0.0944944294248532,0.0930680927417884,0.0378847072616286,0.0215270407179498,0.1204212392928431,0.0178930301658061,0.3354500148373481
0.0827416231272818,0.1550024089626669,0.1157921302308394,0.1187474609834569,0.0099835579261313,0.1477963279278921,0.1768338007973624,0.0289852847604698,0.0326427044645686,0.1314747005037826
0.0429900172487456,0.1138935461118212,0.1265009865073261,0.1142127933710922,0.033757011097726,0.1241430977152147,0.0275387779301301,0.0223993261984589,0.1257322102248791,0.2688322334223859
0.0376904986679057,0.0284007319787757,0.1894354704637707,0.1101241557228849,0.02691061905148,0.0453296674995875,0.0710415194341379,0.0407220480373143,0.2924511174010316,0.157894171576396
0.0379389143131474,0.0087884295972869,0.1922053765974132,0.0062071993964845,0.1156048314362985,0.0669695891627393,0.1534937093220333,0.0394919007040778,0.206248150999223,0.1730518982886166
0.0412297632721761,0.0127365763776825,0.1562398780451323,0.0410173348348204,0.117211155575279,0.0649960920455696,0.0184811069886208,0.0576752732937092,0.3270911530372165,0.1633216663920663
0.0619611936831922,0.0571943540562453,0.1455478951633531,0.0830850550321459,0.057152191177528,0.0744604951497142,0.0059330940045997,0.0087781188793008,0.250585473545992,0.2553021291327534
0.0372987110163514,0.0255141580117097,0.1339470615808937,0.0532632936317603,0.1053693652860013,0.0548489234264553,0.0237673924251073,0.0321226757477124,0.3184172959875776,0.2154511227387682
0.0121724196855087,0.0063573450221653,0.1229521705891362,0.1111543231124473,0.0978914717045575,0.03454977285307,0.044116585173489,0.0818232539312299,0.1437951175044403,0.3451875402713219
0.0159093571610538,0.0188114827038494,0.137726126857507,0.0509139413132306,0.0015512460969011,0.116999572710364,0.1706249615826341,0.0237083924193736,0.2308031819849598,0.232951736991548
0.053331166311782,0.0926185093643263,0.1311539234376095,0.0636489421108917,0.0752087273274646,0.0059662933122712,0.1761857278923549,0.0230654190451506,0.2910188315648862,0.0878024594795506
0.0122700080029124,0.0853495172375228,0.1313359571730924,0.1567174174530922,0.0077696535459748,0.1625759662716109,0.0510886952681908,0.0946918102049556,0.2724036334208126,0.0257973411595979
0.0405252880372324,0.0880228071295118,0.0783676295066746,0.0974207223203725,0.0681530041559573,0.0075754174090542,0.06925823541476,0.037318540656952,0.2821137845414296,0.23124457067768
0.015702099268785,0.0764848571401225,0.0785421890378542,0.0271987861158141,0.1216869443319207,0.0068799909582329,0.0807102062444321,0.0048250511067657,0.2075156127583949,0.3804542628434976
0.119566579645508,0.0037490622010775,0.0701604941817355,0.0522783844691496,0.0359516489187602,0.0875042781210386,0.0004542101537746,0.106632919733275,0.3997277601464284,0.1239746622304834
0.0873909110180864,0.0303603287782243,0.0640059906458465,0.0086403460250886,0.0426336930926202,0.0053873792535927,0.1183828261944776,0.0015167390285456,0.3737310964492361,0.2679506893578624
0.1234140114818231,0.0282588649779084,0.0589784644726481,0.061901212127908,0.0319989101128205,0.0720726321394888,0.0442170658034165,0.0114979771066175,0.181082251754385,0.3865786098570852
0.1081641653475955,0.0677605033294318,0.0139127147589887,0.1266123579481046,0.0254136359067792,0.0115476350156967,0.0562313904397705,0.0656260326462702,0.1996048716481256,0.3251266928277689
0.09124154236771,0.0051511201424556,0.0249872741536207,0.0801706655669195,0.1007383357582453,0.0006326721927387,0.0248509010671524,0.0911407544590808,0.1416379732757727,0.439448760847462
0.1443404136684937,0.0869604925606027,0.0227878827616642,0.0668267705292185,0.0435727413424141,0.0608981861146587,0.0892594186343748,0.057185893882574,0.1579222244776966,0.2702459758527072
0.0995356218578488,0.0827258475321697,0.0121075084993566,0.005937372653526,0.0115569693474518,0.1051903512479196,0.0695634469998822,0.0211646366770104,0.3064857951215574,0.2857324499480101
0.1035287477494814,0.0299010637059226,0.0579712478805241,0.0903976405578498,0.0198284513873674,0.0679271915179156,0.00234567139953,0.0388868393392769,0.2322938886797023,0.3569192576321879
0.1112154882292702,0.05823057192151,0.0569906241485427,0.0715103007521967,0.0767300492791531,0.0777092994994257,0.0238272066526113,0.0313639718462101,0.1948585917179688,0.297563895830471
0.1194259682058131,0.0673903785541557,0.0602515125371628,0.0582538926328702,0.029869835790968,0.0692862674923989,0.0157601224807702,0.0236798299598118,0.158813154497184,0.3972690377255689
0.1024301353740135,0.0571087497319139,0.047346341487991,0.0116513736140221,0.0830999336368317,0.0707901997258688,0.0453856137677419,0.0615894721257679,0.1361663835230214,0.3844317968928739
0.1016669281601052,0.0244126985964595,0.0441727135547,0.0403989716845019,0.0093659895200976,0.0359575721862622,0.0497718314823051,0.0217829752171775,0.1691855914478548,0.5032847279713024
0.0865599545799112,0.0415298066031603,0.0417949274483045,0.0291257966719366,0.0091945916507331,0.0851305060778338,0.0338154801651362,0.0328131461902431,0.2149337895043537,0.4251020009699137
0.0861189836061003,0.0316696825531177,0.0615486428748528,0.1380793822409055,0.0003133850485071,0.0549849454370763,0.1080350174094883,0.008487178373576,0.1258363933304682,0.3849263889909201
0.0987157409055987,0.0491710139673551,0.0712025023413357,0.0019261738234731,0.0048495293840149,0.0035672826290407,0.0366131318186159,0.0235746785022092,0.2347861449922032,0.4755938015047679
0.0564214193307751,0.008873694301473,0.025391816323789,0.0165377957338787,0.1616484335574431,0.0565679729684937,0.0212035709704233,0.0575233105100125,0.1569281465672176,0.4389038396040225
0.0464255598761343,0.0354939717890291,0.0715932898748488,0.001638308010053,0.0478318275579847,0.1484582580439896,0.0426669387639669,0.0467677626697729,0.0679733210392098,0.4911507621834184
0.0122440334557801,0.0729540170555541,0.0049928052676151,0.0671524840301886,0.0809145839656435,0.0527078848011813,0.0448337941869118,0.1466389775163236,0.0148438821055707,0.502717537445977
0.0342800427447071,0.0835747894157237,0.0213208606556449,0.127596497784273,0.0168646924969868,0.0400357249249129,0.0575943462169666,0.0118038811308718,0.0482166594940099,0.5587125049835157
0.014293548551673,0.1230937507447564,0.0554643048385187,0.0100250090938686,0.0339804161094704,0.034037086878841,0.1787334300525531,0.0227172893330263,0.0478225652093852,0.4798325990115368
0.0226136813299269,0.08706565267951,0.0424909231065365,0.0505276391908121,0.0524651979957929,0.0001737297614175,0.0374811131763091,0.0577697797859485,0.0117382545976836,0.6376740281869803
0.0333536872487401,0.0863257695951088,0.0275645220570526,0.0624934780188505,0.0497162764687936,0.0606547796671148,0.0377414635716597,0.0013499979787959,0.2092467190047682,0.4315533062294437
0.0922053040310951,0.0857632819674776,0.078048704997681,0.0115622788845845,0.0221249708305332,0.0525940102283721,0.0072653210859247,0.0187902921843625,0.2091698896299389,0.4224759459973987
0.0562818135656991,0.0578436007752237,0.0501069796213473,0.0678299376961765,0.0346768480043666,0.0324569859817606,0.0469213407500894,0.0080387193678774,0.121060706565307,0.5247830675195384
0.0681112531179008,0.0269142779502706,0.1088657101794945,0.0846865622901774,0.0149189300247077,0.0918183250982236,0.0076439558420203,0.0157427727766201,0.1195298667808699,0.461768345790277
0.0255097203906515,0.0291280424417914,0.0634672856850182,0.0115640609807093,0.026230535411765,0.0264571811923111,0.0516234653332439,0.0169951710730141,0.1892499879016401,0.559774549425423
0.0305391442379598,0.0317032366567801,0.0606791032866795,0.0497924602056188,0.1346035006814269,0.0098159726681031,0.0530333188375822,0.0414340589516495,0.1075773107630662,0.4808218935969331
0.0646638990039272,0.0590742722819413,0.0834261871005864,0.0030352535111777,0.0833148696626483,0.0655611399197659,0.1263328588475742,0.0260399341964555,0.0686238220767849,0.4199277632711459
0.0234873898630253,0.0156800305989271,0.0849706475028496,0.1006271272876486,0.0156844649646616,0.0795348469066554,0.1266418231303686,0.0256954316136628,0.0276594314169064,0.500018806558516
0.0159861573459614,0.0303158602032798,0.0516594926995782,0.0580998327967412,0.0905648102635115,0.0160763723947188,0.0282138632454408,0.0292548973551996,0.1490213232296319,0.530807390279918
0.0453193126459609,0.0250377297913914,0.0136050885009547,0.0341125609195299,0.0999894562934806,0.0396861330921184,0.0868407920936336,0.0735868648312006,0.0514935882265092,0.5303284734485376
0.0304892323775965,0.0101374820030297,0.0181235405198924,0.1126446147588011,0.1317077384573875,0.0084804367451898,0.0337317814577612,0.0010600030369883,0.0432768354871384,0.6103483350087906
0.0512307437872401,0.0056456739087541,0.0274513329828301,0.0589986476543262,0.0773591782031352,0.0376466994105083,0.0399216442807226,0.0213899750473337,0.0400233833405656,0.6403327212188326
0.001889610628267,0.0981598164118928,0.0218162510855917,0.0496084965281746,0.0764911259872927,0.0756004401871573,0.0159478800473819,0.0181393263482619,0.0446225083212433,0.5977245442878301
0.0388921944462035,0.0512264349156356,0.0831332567891195,0.0193913314073878,0.038239113994852,0.1095373489502905,0.0336401145876308,0.0237483396295376,0.0782637929255555,0.5239280722071381
0.0867119740783106,0.0402424546490832,0.0561493267763638,0.0065375437267744,0.0827428824512716,0.1098145633000703,0.03207181007059,0.0386734046584478,0.0592351611361045,0.4878208789985656
0.0356726132776903,0.0292623680214032,0.0371405985898604,0.0507829901013008,0.0073915157842454,0.1035802344167426,0.0025902888511704,0.0378691235591294,0.0076433784807816,0.6880668887475827
0.0818321197179,0.0422151565659686,0.0459044094941993,0.0110926103436042,2.318348743407273e-05,0.0619486686791995,0.0709740649805678,0.0466578146640324,0.1233114224378269,0.5160405495078775
