0.0585936711805226,0.0308258141946188,0.0879248923536356,0.3096600547344103,0.3144864195731195,0.0587087106282075,0.0382922991024097,0.0418585398656541,0.0061224588064808,0.0535271395103642
0.0459480698638646,0.0007350608782094,0.1076862246148105,0.345611082829975,0.3217405841265421,0.0436189613846706,0.0135193656037914,0.0421938770286377,0.0026195851140887,0.076327188488172
0.032607502983415,0.0070564666716591,0.0946971230337054,0.3897805901281883,0.3655293964714515,0.0721300577024023,0.000411635797822,0.0304911180917223,0.0044151744304525,0.0028809346222805
0.0014496226225687,0.03838047156026,0.0880246701789086,0.3253142789662038,0.3427773816227918,0.0519374719030977,0.0671841081206121,0.0320989490314479,0.043379402145201,0.0094536437815657
0.0491869492127955,0.07280264724436,0.0312206624779152,0.3207877646565794,0.2737233608712949,0.0536554997231172,0.0516493375811064,0.048101878359229,0.0637763765018723,0.0350955233134011
0.0803973241365516,0.1091591460067195,0.0029928495140202,0.340924348424661,0.3251343472346603,0.0725908092577856,0.0413526491991735,0.0221413425927363,0.0050386950065578,0.000268488562743
0.0802113336883374,0.1003717797176561,0.002288533726847,0.2963622457213747,0.3140302719869067,0.0302875954793953,0.0441943354114203,0.0725384174002368,0.0351141421070555,0.0246013446967972
0.0848881885627296,0.103625420198786,0.0015822720006282,0.3168189553305953,0.2882488932846833,0.0270032074242488,0.0345071715232966,0.0495662746227092,0.0931188428963215,0.0006407740892585
0.0864212311134591,0.0988454479500205,0.0182614171485208,0.2330384378508496,0.2619420806920666,0.0692415389574028,0.0765192262744319,0.0591492597005274,0.0767082974854758,0.0198730627762401
0.0786623398550124,0.1172703368257072,0.0266428254649408,0.2912631746563888,0.3245195434972177,0.0260950662116183,0.0300993014502644,0.0317890414572034,0.0467947586104883,0.026863611905724
0.0710925984302052,0.1179542615264991,0.0443657834562845,0.2479231197911476,0.2235980622408867,0.0559988881973303,0.0577915821754396,0.0681089442662162,0.1083191875301227,0.0048475723270794
0.1022970223618669,0.1404542608226553,0.0127441624344805,0.2660169251278017,0.2599748702977003,0.0150584955867326,0.0378697727645922,0.0442126772755244,0.0841069818941186,0.0372648313632294
0.0962610844441635,0.138415659598964,0.0065071291809443,0.2255859221850828,0.2516518294942193,0.0502341316208393,0.0583013582998864,0.1027073005594917,0.0336639764393225,0.0366716081134424
0.0843248790851341,0.1212244354208035,0.0173698797531474,0.2558127310368529,0.2538476900016628,0.0768548338247321,0.0261409636864911,0.0820386118830848,0.0561832436771745,0.0262027315674596
0.1028071944309323,0.1425531948825066,0.0141795889008829,0.3023619755103651,0.2618904066768133,0.0021548082958826,0.0401097687902588,0.0269283886127969,0.1034565897830059,0.0035580840462123
0.1143714547287177,0.1341241136520027,0.0131061996817994,0.2580618504216387,0.2757005328048585,0.0494534300975434,0.050763122759887,0.027823437872759,0.0727131937647538,0.0038826641446848
0.1116414987444244,0.1159000791561287,0.0208387975938929,0.3214087347302137,0.2797133140616458,0.0140234873639252,0.0732475259679534,0.0426915039156984,0.0117752867469769,0.0087597716402643
0.0598144770211488,0.0692420400218476,0.0171775593746482,0.2597959410382369,0.2641102945226667,0.028270486759884,0.1027197344273392,0.0373735452903037,0.0812227104158014,0.0802732110556561
0.0936115485443981,0.1122333297207945,0.0171118609089727,0.3337272129560648,0.2558865075236206,0.0068087677976405,0.0174514424491501,0.0453387275255918,0.0889155999659116,0.028915002516252
0.0570544727271438,0.0706607031221057,0.0138506662644739,0.228267439539847,0.2586356191969673,0.0923046261834429,0.0398203800449273,0.0579587766706866,0.1609344198653131,0.0205128963201456
0.0541070984934471,0.0712031884603254,0.0180130762278952,0.2652123843930023,0.2471715017810403,0.0716484554107299,0.1137950698230608,0.0601014729783181,0.0548381058612183,0.0439096464924443
0.0980310065227749,0.1178893659102236,0.013140173694419,0.2436556729452444,0.3088863219565858,0.0062041513536522,0.0168028328100738,0.0783282671078528,0.0759074586347644,0.0411547489756653
0.1300482599902846,0.1348778764995114,0.0346674399850953,0.24721573187889,0.2315942651374161,0.0445596080013138,0.0635741586708393,0.0520613838939903,0.039430987416856,0.0219702884469568
0.1194911228719789,0.1189063359531374,0.0401708150752942,0.1938461185064891,0.2508662300915218,0.0522577229760483,0.0397095131326145,0.0584315314256126,0.1196644706344758,0.0066561392599268
0.1372949207002747,0.1377283455456813,0.0447834689033106,0.2344268827188959,0.2084856285696719,0.0588612233175842,0.0239407855887641,0.0428028905502886,0.0584985289412235,0.0531773250826544
0.1280373910574528,0.1196401911637137,0.0467283645966895,0.1733179885119661,0.2165583329281052,0.0656875685234939,0.0786377593622137,0.0714983864122423,0.0989795759577549,0.000914441412051
0.119996585098582,0.1073963669512601,0.0449819634943378,0.2006896279005477,0.176984103032117,0.0163954139538676,0.0236356263647205,0.0695025588241223,0.2129585805535475,0.0274591737491541
0.1138839324840581,0.0966608744470489,0.0593119085305142,0.2105100825765601,0.1484787614562478,0.0608263932918135,0.0578725262880839,0.0541935838782599,0.1528426997501712,0.0454192372194344
0.1347844966915241,0.1047174020045602,0.0844043422909861,0.1859707465120328,0.2104794170152242,0.0152679602404533,0.1035241409699618,0.0490584242579475,0.0968887015044627,0.0149043684309142
0.1242095045205343,0.1033906417230288,0.0654405241936938,0.1856121078833225,0.2115995641443074,0.0787318330910685,0.0451407054242023,0.0118461385416139,0.1217701012521458,0.0522588791389682
0.1532295013732864,0.1017769225523081,0.1024602514707111,0.1474344660763226,0.1905726068544456,0.0580586646046317,0.0995868360744381,0.0860167791256605,0.0417226346980244,0.0191413370827131
0.1488680368313825,0.1175058955820842,0.0767839142093383,0.1114253105519526,0.1852931906119514,0.0778972959818655,0.0974622411951508,0.0670601114841295,0.0949365396851916,0.0227674637907482
0.1611719640785761,0.1365106485034268,0.0540213148505875,0.1440691201964952,0.1662449936187215,0.0171374861201402,0.0326551048420491,0.0350855400966442,0.1569851136940499,0.0961187138987185
0.1308784489194218,0.0964761415141291,0.0454505329648559,0.2185620860075366,0.198224128526469,0.0102565216295779,0.0625587832854496,0.0790817114095691,0.1577530507848614,0.0007585948709799
0.1368451526015213,0.0791490373826149,0.0688360715760127,0.1311743025248389,0.1389864704147088,0.0646970489603631,0.0390495616423938,0.1413633353746104,0.1250567595715832,0.0748422598397853
0.0913228116132028,0.0180944276826745,0.0460694935880389,0.1207038290679625,0.2287803085345014,0.0098960039772305,0.105297455196235,0.1402060279713361,0.1397475713328881,0.0998820709133099
0.058455474963703,0.0084085826712435,0.0073378237932554,0.2154942151556655,0.1675138732063005,0.0932226776617164,0.0366850811714115,0.0551195915704919,0.2878820769185465,0.0698806027778323
0.0382474398071585,0.0375586374545412,0.0211754290789479,0.1722535126672269,0.2144296730564882,0.0715093364101174,0.0302662082774679,0.0865403254647046,0.1857520309528048,0.1422674067004331
0.0420434608378088,0.0270907548137675,0.0125634031895239,0.157152176015831,0.1529094635126789,0.0821712169430943,0.1021250192018144,0.1768516556041197,0.0348809534087476,0.2122118963338388
0.0256783045667348,0.0839990923548122,0.0666747376887194,0.2941121630518971,0.2198122033655876,0.0645187791808494,0.0674655601347696,0.0020572223224234,0.1642734979921502,0.0114084391214376
0.0580476557250692,0.0177267970774164,0.0753856666352784,0.0821120526224243,0.1479395817625946,0.2121635220546405,0.0531881393119203,0.1371968345518825,0.1178533149470162,0.0983864351098897
0.1260818945720015,0.0560587498290466,0.0157484621754495,0.1333778983399089,0.2173536836239712,0.024160501155371,0.0527277479002612,0.0644878121675066,0.2602539791664575,0.0497492709206353
0.0959592713136372,0.0153765969331057,0.0301040585708008,0.0732935208949085,0.0913813936300906,0.1181961622472335,0.1029750997167337,0.0624509731799508,0.2194077257120748,0.1908551976645824
0.1024351672560716,0.0402187297981868,0.0277366645847278,0.0230316704687654,0.0956994252926624,0.0214611700271813,0.0575870599627098,0.1174045294870992,0.0742317125267437,0.4401938703952177
0.0964589608402318,0.0967513018399264,0.0983419475367211,0.0010069324073123,0.0908259979259179,0.0238577167157604,0.1752502657945413,0.0190833034862951,0.0884205053898884,0.3100030678807814
0.0576879486619228,0.0160497501843869,0.1329785636631403,0.0192240914730305,0.0406874379774506,0.0772513396004393,0.167837664218584,0.0060133602064186,0.2473487753414983,0.2349210684314367
0.0211645052701943,0.0020359575228516,0.1021912933146876,0.1181115111501834,0.1193740251719646,0.0418205446185781,0.1141241303911575,0.0467067388673462,0.1671073894363409,0.2673639041066393
0.0345246846272186,0.0125999080341391,0.2717835859079711,0.0054571534398162,0.1121501165617527,0.0377452269986626,0.0928666080083093,0.1770168695525932,0.0429453106172949,0.2129105359103106
0.0288003224502537,0.0515884910866645,0.1140794165636357,0.0258447691819952,0.026037526139745,0.0001256973860185,0.0981054226263907,0.0968502523512987,0.1218142791284481,0.4367538229026724
0.0927932924330774,0.0215217975729503,0.2634357927201994,0.0189944816321678,0.0147527410468353,0.1362654723186603,0.0416615809559452,0.0358962757963109,0.1313330137335301,0.2433455515891494
0.1098009297787514,0.0892059927439922,0.2333504260528122,0.0429043984016584,0.0429531405016816,0.1245672084376624,0.0145926921344458,0.0952327372526819,0.0575395535797378,0.1898529209398036
0.1137260546995546,0.0750862423544466,0.24495993816742,0.0086452454161561,0.0952173834864267,0.0253907550471967,0.0725581587026896,0.0494718600738935,0.2328162939301762,0.0821280679435075
0.0829847947342775,0.0390758304383011,0.2729584807044904,0.0163101132731422,0.1332183962875828,0.0003881758453948,0.0143053386542331,0.0382274246697368,0.0602667199910388,0.3422647252002487
0.1455612155659765,0.0658228346625185,0.3332665703494265,0.0522583372519185,0.0706271866649943,0.0360462220183953,0.1061668624793616,0.0464557491858455,0.0895820146142514,0.0542130070039454
0.1454420398345141,0.0784542928989733,0.2359306699567506,0.0133110980449519,0.0926366868674662,0.0483989780291864,0.0935480853633604,0.0056845300562233,0.1301225639873834,0.1564710548346632
0.1669691324655,0.1025100777687109,0.2474706589169772,0.0447018826115615,0.1689271646176281,0.073131015262626,0.0121395902291202,0.0387608014457172,0.1368867632446145,0.0085029132840247
0.1256511157727119,0.0978972087745114,0.1676063778731419,0.0264304368539046,0.1668725518670387,0.0323569521934698,0.0376368648490199,0.044560696578724,0.2162145464391102,0.084773248656386
0.1426670992608013,0.0572520195373646,0.2694214932006331,0.0352455653495551,0.0464682940949544,0.0287749285718301,0.2025717772013722,0.0800723872522326,0.0865964436184851,0.0509299916452432
0.0077353173418803,0.0500146842242054,0.0874150595655966,0.042441752700024,0.1017883365622678,0.0519818167146552,0.1611922017077647,0.062882950964722,0.3260908247350516,0.1084570553161211
0.1152880064875391,0.0016482896838396,0.2673452677583481,0.0577093417700212,0.0010995170293522,0.1252518103002238,0.0086933383612446,0.0596730002230474,0.3587119341480323,0.0045794938890037
0.0156178123313588,0.0971319274207753,0.1220352164258527,0.025945455999225,0.2706028523746012,0.0224547985594195,0.0331912902735081,0.0256198399397816,0.0218705224455286,0.3655302839589371
0.0275181125876098,0.0947904012042717,0.087292151030642,0.0384937831969545,0.0622723268525076,0.228493778011993,0.0301868421402392,0.0014637427302772,0.2953683373047154,0.1341205247737049
0.1052505053475658,0.0273000919380964,0.1936603775952598,0.1037374841200385,0.1234103102497025,0.0168142370642938,0.0185243515590749,0.0849345894913708,0.2801941701878486,0.0461738821712833
0.0550960020333907,0.0427001756318148,0.1008875866233948,0.0628784280789028,0.1666114517195025,0.1435463002235338,0.0546663582379695,0.0669032868375153,0.1382136472242228,0.1684967632173812
0.0795978627463433,0.0177826655386036,0.1143434312282682,0.0455023414220776,0.0758109774357255,0.0993776826865869,0.1044469854404678,0.0669972756381773,0.2237716773177512,0.1723691003411602
0.0912012652088292,0.0524680113168664,0.1296176351152396,0.0449960055125434,0.005351454202673,0.0981388635401191,0.0554526375602112,0.0329932394754122,0.2587677737108065,0.231013114208708
0.1233932173849612,0.0737281210811048,0.1445601156452856,0.0496326508599738,0.0762683394264166,0.02059525941906,0.0750905793896142,0.071739781788337,0.1802970727769901,0.1846948620678986
0.1226749400534652,0.1198012612026281,0.120683815696795,0.0720526826554178,0.0777521460220567,0.0088342396677524,0.0603980660818066,0.0287167697379898,0.2481254791715409,0.1409605995710656
0.0218312658592472,0.0110209693583031,0.0529851759185895,0.0067099811632052,0.0115415129391096,0.110977750767418,0.1172030848112422,0.1099942368626778,0.3978342102289419,0.1599018118936694
0.0839287326160092,0.0507597744111014,0.052981996843348,0.0087343656948534,0.140148680818527,0.0206377817509862,0.0082262445237147,0.0035503822031687,0.2678315466701241,0.3632004941745625
0.099141343411153,0.0909470368466231,0.0669966599142415,0.0150675626988595,0.0593199102487238,0.0310503668608356,0.1095776524818519,0.0779732120701756,0.2012182001962571,0.2487080550813524
0.1580403347264998,0.1812186726872563,0.0948841658095956,0.0523952321386087,0.0614733008269348,0.0897608330695055,0.0061230052921387,0.0240953053489807,0.186477601807962,0.1455315481343979
0.1046045621948531,0.1314841145235571,0.0587127947374629,0.0320356077439281,0.0899732225758238,0.0210495663505088,0.0592228573978436,0.0354091660424822,0.4099224297897235,0.0575856784763215
0.0878479572196138,0.1151314239898422,0.0410170379161381,0.0917969133247284,0.0098826415477476,0.0615709985520356,0.0685266590051897,0.0323047107908267,0.3950388048995195,0.0968828526099612
0.0646467775813784,0.1217062062936181,0.009424984601412,0.0136804937317195,0.1614052146422445,0.0153539697460565,0.0904345160648896,0.0474271517890373,0.3625591005025343,0.1133615848547085
0.0241880177089158,0.0739797798198847,0.0601488923987807,0.1682304148395094,0.1025480653485055,0.0857860510585534,0.0115435325053018,0.098811596225928,0.1490188257326364,0.2257448242298833
0.0534215777557845,0.0979480012886396,0.0420766883513641,0.3134354787771061,0.1238965735519717,0.0133619685604724,0.0012576111330725,0.0461723448696453,0.2772768691291127,0.0311528863434357
0.0198012797588618,0.0717743002885654,0.074328563458702,0.04713885846472,0.1215789978090233,0.0025346619561856,0.0519290609516139,0.0917690384427612,0.3035538849490737,0.2155913535619055
0.0731037537499574,0.1192843240681265,0.0050093461593808,0.1215735610769316,0.0373535554424478,0.0056243152503591,0.0034063296728642,0.0429231242567617,0.3563695582732549,0.2353521318813299
0.0113758779008303,0.0852423670916138,0.1498920650605706,0.1464209283958031,0.0763698250328107,0.0090587757997764,0.1010925886467136,0.0670542566646104,0.3456780483226114,0.0078152668487515
0.0502769447932723,0.0404554913914623,0.1887036699784923,0.0008694554457672,0.0959785892684962,0.0189789645909819,0.0927222296399184,0.0369606635265142,0.3457097658602676,0.1293442252909119
0.0185358501018594,0.086932095650128,0.1437428666951169,0.0003710226615908,0.0448578507400593,0.1589496728451125,0.0864321264624425,0.0355938339935672,0.41625970549594,0.0083249750976262
0.0277849931944901,0.0897836679546891,0.1544470506413228,0.1866516300127378,0.0033122829089694,0.0541712802017366,0.0853612972850507,0.0364727322268032,0.3486567703437315,0.0133582950436699
0.0995373827746004,0.0081564753734181,0.263462707537662,0.0952215726299018,0.0776835360437064,0.0950701998952961,0.1003464033022878,0.0313653991656078,0.0458976485118711,0.1832586745460406
0.1089384634743688,0.006809906634582,0.252781364234148,0.1273160647697012,0.0963358054727215,0.0106776264738687,0.0191274131104186,0.014510452602263,0.2702393451708229,0.0932635578495106
0.0913278111141004,0.0002864486922038,0.2204728122948546,0.0114723845404756,0.1369701395594907,0.0061427046850518,0.0892899881656329,0.1491720831897381,0.2007448834849494,0.0941207440693695
0.1258395000921174,0.0483188825340098,0.1734848471038542,0.0255407034863943,0.0944256991134382,0.1294626020047755,0.0849818058694363,0.0504976321129034,0.2239055492339087,0.0435427782933303
0.1240205381200064,0.0806428891325067,0.1585714354546895,0.2043402708696958,0.0782104184930867,0.0132407961565595,0.0202400437000546,0.0683311522723348,0.1945525448902019,0.0578499106586813
0.0897289681635408,0.0726651208775055,0.0870172651320735,0.0854018863686489,0.0026516630752635,0.082592267758196,0.0590714887339109,0.0449360038593467,0.345536556493174,0.1303987793541286
0.0490465052765136,0.0783797613941252,0.0044078202145787,0.209547116058691,0.1139002050809526,0.0162440173496625,0.1273288631355105,0.118083940219362,0.1497455496925046,0.1333162213332716
0.0657944692528532,0.0796773333727191,0.1152191544609399,0.1006499637688339,0.0296711294977058,0.0846760652724182,0.1287316340097584,0.1729839588411454,0.1130893105687872,0.1095069804287185
0.0561120974452099,0.0581185929250929,0.0368825545278056,0.1531486878778996,0.065433312663926,0.1505990438660765,0.0240831646244572,0.1338165195743775,0.0237928069960251,0.2980132191412254
0.0804890904629981,0.1031782331178804,0.0346448864426972,0.0790550260819504,0.0533589598344853,0.0095096567041613,0.0756914686374531,0.0080444297530865,0.4716585524277105,0.0843696963095182
0.0325783834157006,0.0932482731579331,0.0102819300295707,0.0198645756587737,0.0579857086803861,0.014512647507449,0.0456133290514147,0.1020685363638375,0.4719621767550676,0.1518844390288499
0.0090230705274344,0.0293689326548771,0.0081211750679458,0.0561489469896142,0.1413153213630785,0.2485526851670765,0.045925440755675,0.053366082019226,0.3306567443008328,0.0775216008304667
0.067790341560425,0.0233713801936546,0.0110818308510171,0.0099004494381233,0.0926579277872512,0.0567504027839542,0.0630886431892579,0.0090618381899249,0.5975334989748738,0.0687636865903511
0.0822962551120422,0.0629133082225853,0.029617084613207,0.041476118986365,0.1566988413344341,0.1004308357294253,0.051641022238235,0.13220434668124,0.2507004110540424,0.09202177588224
0.141071935232838,0.157611479652246,0.0332979811150793,0.0748398199730241,0.0037715040973648,0.063087150384482,0.0425872361598911,0.0661613312069675,0.3993817136413248,0.0181898483583119
0.1374977670091245,0.1635741225997242,0.0054423793806595,0.0432193095978826,0.0138389474735912,0.0243690810128301,0.0794073079798496,0.0263760336064076,0.3716840032687389,0.1345910478722258
0.1317278323593701,0.1433599677638884,0.0184902347253188,0.1395085622905008,0.0219493514060976,0.1136833483197696,0.0692342977135128,0.0484988621208094,0.311043562019986,0.0025039810552115
0.0603092432774428,0.1064644717886893,0.0313687097865586,0.0202598937846037,0.0904285016274158,0.0629658715553226,0.0824320814594921,0.0412997457775151,0.3864104062729739,0.1180610744813106
0.0072437812273125,0.0168284332475326,0.0914950690070927,0.1088142268109843,0.0854847659282085,0.1016976909321307,0.0802289375544107,0.0573243956645461,0.3916283513015409,0.059254348094181
0.1339245485065462,0.1631243386151794,0.0080967111040699,0.0162496901906256,0.0093957169354494,0.0037217515367715,0.0483985664096377,0.0474032212299343,0.5327578864091722,0.0369275687791749
0.1034960551401411,0.1019788335566067,0.0560034333845234,0.0466175923528486,0.0425503811165458,0.0111799052455908,0.036747223363609,0.054915123158501,0.4281009451584741,0.1184105073962315
0.0806150098036227,0.0445644313806942,0.0814964966015079,0.1063812797884268,0.0856700662870222,0.0742979455500459,0.068596726581213,0.0682271651133721,0.3156845941231377,0.074466284620173
0.13970027643771,0.0718603875729293,0.1065283002798743,0.0591380840164465,0.0425068348445261,0.0532999602903116,0.0367099874657963,0.0252230993693141,0.3957322394037924,0.0693008301527693
0.1197369916846535,0.048752334783046,0.2106414937861486,0.0009408816957262,0.0031426833062293,0.0196611373633889,0.0013296805927469,0.1019697806890864,0.3076010214798287,0.1862239943209624
0.0207878342070653,0.0412881677875021,0.053034749966069,0.0118239306691832,0.1084149729729907,0.0264024951808187,0.1423377616166371,0.005552961951016,0.5700157452890703,0.0203413800463591
0.0438878092030803,0.0988494920668816,0.0012195248808541,0.1125350225660034,0.0350352110657227,0.124083704570704,0.0226194590199743,0.0346370369222347,0.4659419095480794,0.0611908299731266
0.0543933199656088,0.0828358373512054,0.0480144216203423,0.0077435196091148,0.087606803333681,0.0891707922436018,0.0358046795372202,0.0659902583628546,0.4825624393436636,0.0458779284938599
0.005932148804548,0.0062646327555129,0.0698033041004044,0.0376276406879781,0.0010452598478787,0.0278287626974147,0.0360700811980904,0.0884669337268868,0.4149432363061949,0.3120179996477813
0.0050684260571001,0.0070944047524057,0.0361148082143492,0.0955851349438949,0.0331198658960786,0.0786466577775308,0.0917349210458771,0.0576598313731646,0.4300713261451934,0.1649046236566385
0.0763725459281506,0.0668698005129175,0.0292585908578032,0.0262233349137999,0.0574342555542649,0.048814038145034,0.1592502554547883,0.0171875773339208,0.4130113567677883,0.1055782442754295
0.0455128417387286,0.0214459510561985,0.0266811439513244,0.1011605530772843,0.0435493577186545,0.0069120370082053,0.0245618509172143,0.1322144457735499,0.4004660411814588,0.1974957773052742
0.0656898271517828,0.0425563234234601,0.0596329757351079,0.0121867855379945,0.0280032801071122,0.0875685651991834,0.0949705769497234,0.0730246486884737,0.3280260070209254,0.2083410099932324
0.0405815474054183,0.0223331214843493,0.0735945395206901,0.0400546986579114,0.0316648171136593,0.0434726523838134,0.0612717860130635,0.0201125619327113,0.4131844413865754,0.2537298338992306
0.0429708343358898,0.0832130369640998,0.0160587506743441,0.0473171479030978,0.0142503631602544,0.1084919621327182,0.2403629481367908,0.0436248104514727,0.3901212260645216,0.0135889199399281
0.0069132498382974,0.0021606847357588,0.0237285724267748,0.0803928768076739,0.0609591462576742,0.0939573913553916,0.0322621815205892,0.0953002517901635,0.410571317490366,0.1937543275870431
0.0197955078516332,0.003508448085438,0.0457611199884948,0.0738560654555735,0.0869569363245426,0.0795938071286741,0.2019447921336671,0.0585095329170789,0.2686551743400734,0.1614186155972861
0.1267355040757281,0.0538334595237432,0.1225698274964753,0.0209460699906817,0.0573560740945675,0.0076339134053623,0.0315043167869035,0.0253215816187591,0.1384505330492856,0.4156487197157332
0.0887375188101499,0.0152012503762376,0.1100561370819887,0.1500724463570551,0.0173828293546733,0.1215440896217911,0.1360373794463846,0.088210146047386,0.1980897423028599,0.0746684601998054
0.090173337597583,0.0397290174143984,0.1164278974692347,0.0646533689361454,0.0330162900894145,0.042675778431183,0.0088394312540328,0.0125876092541616,0.2555246526742966,0.3363726167146261
0.1067945246733688,0.0713697346605691,0.095757462449622,0.0011672339377946,0.0871328356890117,0.0389036375268166,0.033999123493013,0.1209547204118401,0.2665149505971633,0.1774057764361963
0.0567976214139185,0.0129093744206985,0.1193541082105868,0.0698306804588942,0.0285927121433674,0.0502334856335658,0.065713273556584,0.038411673335328,0.3708775971319896,0.187279473513753
0.0260460969487237,0.0278642614391047,0.0884309465988993,0.0738614805548153,0.0963475072076181,0.0708888294320793,0.0323864697932294,0.0685022984550837,0.2984795267799275,0.2171925826214393
0.021609815180218,0.0689020955195747,0.0778585819502651,0.0497643739772258,0.0263419347534807,0.0393109670552994,0.1100306886541694,0.1375787447860938,0.2753728011707071,0.1932299967562232
0.0251765371976337,0.0873597966953188,0.0655237297975833,0.0564618326280457,0.0485175866553082,0.0424358504323136,0.1256204987027893,0.0809013560930072,0.2795899578545626,0.1884128537774037
0.0037579790099951,0.0675329912047671,0.0592468981190009,0.037849537511941,0.0779910798330326,0.0370831833483337,0.0420869645445123,0.0271845517497734,0.2470673429662763,0.4001994715174025
0.0419952780901154,0.1573637381146073,0.0946022277197432,0.2804448391923911,0.1177728703061987,0.0401054948641781,0.0695694196376642,0.0081059777355233,0.1482806063992185,0.041759547671903
0.0386372773370687,0.128339406470923,0.1327176245679897,0.048971698326,0.0292794317954951,0.1268286525482997,0.0569307543608041,0.0517947368756818,0.2970244876942739,0.0894759298110476
0.0544942315113748,0.1194461092447831,0.0946982609750755,0.0535377907298308,0.0381435357399172,0.0262116395898679,0.0238497162129245,0.217842321145904,0.2121678895959388,0.1596085049495383
0.0504698477345386,0.1182455144909162,0.0649455798839517,0.200795178062546,0.0134855388364468,0.1770080976400316,0.0462027349176938,0.0022802330621481,0.1168692328471403,0.2096980423007935
0.0136344424988141,0.078795238125563,0.1407663824788259,0.1266314539559521,0.0093677303180307,0.0470970878926398,0.0373204372837133,0.1086130908532037,0.1574156155458309,0.2803585207823666
0.0335792492320771,0.1360773552763882,0.1761179357195206,0.0434964313428906,0.0941649047514572,0.0955747203884245,0.0392878708590244,0.0075049265675595,0.0364920515062142,0.3377045540033969
0.0119555969098656,0.0501747501002185,0.1093127751553328,0.0067343110658234,0.094071375063465,0.1438860627938223,0.0240957916682344,0.0095387201034424,0.1757149820661925,0.3745156348309386
0.1225045866717435,0.1630376590980303,0.0110278103744728,0.0569356366088605,0.0301412497471134,0.0501202116116217,0.0184750977287679,0.0279268421588982,0.0643683046329223,0.4554626010505747
0.1128550877119601,0.1367994397223326,0.0242440909533715,0.0649770480614533,0.0293946622246737,0.1317708490665196,0.0419023067933008,0.008404744711341,0.1636087023209553,0.2860430682748937
0.1518036749656586,0.1785826226449332,0.0370349467172424,0.0247886598170788,0.0733415362258379,0.0810973671133721,0.0841323555331826,0.0425715371620587,0.1407784768774046,0.1858688227350294
0.1538875120996862,0.1741058423804956,0.05843480245934,0.0187514617341719,0.0319824770836845,0.0633668188321916,0.0052817011736764,0.0037981069843751,0.207881382583807,0.2825098945093879
0.0887209584834682,0.1057582392356922,0.0325200845731869,0.075623486441373,0.1241756727826821,0.012166915329945,0.0608568916003322,0.075294766851773,0.0296217267889204,0.3952612577419785
0.0098997861387645,0.0103818074135074,0.0630196612949202,0.0516770534449471,0.0151738020056371,0.0042790530771353,0.1001506756611751,0.1262388981019613,0.248019292381359,0.3711599702835831
0.0074960117963696,0.0309296971864411,0.0531322490617081,0.066213315655936,0.0543942233578474,0.0606036068760348,0.069315017069791,0.0032322205265659,0.2466504709759444,0.4080331873285941
0.0439010620519686,0.0201630093278605,0.06604831024103,0.0118568450686708,0.0620846768991905,0.0978589297054604,0.0089598597908049,0.0373643615845529,0.1500260865450599,0.5017368585947095
0.0674901932735524,0.0956275917742331,0.0160607231096888,0.0384128401848758,0.0018028856960124,0.0333979369792466,0.0265657867947718,0.0259810064145989,0.295666229402756,0.3989948062027857
0.0384611872703909,0.0501797750109189,0.020821203245909,0.0688905536786188,0.0924849119684678,0.0592703724991483,0.0081660162243531,0.0893623559518952,0.1418912501594335,0.4304723738128231
0.0434993928621283,0.0712665947040713,0.0129183117196344,0.006827275720749,0.0779286194505643,0.0607581034578766,0.0301525346377576,0.0635180389849517,0.2051665999301139,0.4279645283509393
0.0357747400949144,0.0072141108701967,0.0597889630814818,0.0318093153967976,0.0435739135264209,0.0329453806863054,0.0851838720641652,0.0635316337737817,0.0872347944555937,0.5529432758839302
0.0553054610798437,0.0063091548902388,0.1010985320131978,0.015640445672748,0.096374602286631,0.0412826700609523,0.0755742487539635,0.006593219296848,0.1132402931576117,0.4885813726450292
0.0312628033548305,0.0180632454617832,0.0817360585008901,0.050373814535766,0.1056913784610167,0.0322415180466877,0.0231173073681537,0.0507760138603447,0.1886741637738283,0.4180636965145819
0.006138584045884,0.1081618989894614,0.0975046080254135,0.0509263114637167,0.0562487120440483,0.0118211289127196,0.0413064466431513,0.0530134487105639,0.0842735655991449,0.4906052953924454
0.0203583060612313,0.11276205724276,0.0703871527679805,0.0434979152525811,0.0192955244948983,0.1066983908497178,0.0180975663506729,0.1457088019505349,0.053790273706353,0.4094040111283042
0.0387246751934111,0.125187873433312,0.0352168993073426,0.0425446655248864,0.0539529336459214,0.0997401620417218,0.0729812560554902,0.0054916944716337,0.1028481327749065,0.4233117074273562
0.0497084396474098,0.1646373939310961,0.0815391218390124,0.0189171593425884,0.0350249861627544,0.0441422534269709,0.042116460881936,0.0689856285106935,0.0216489629938871,0.4732795930576394
0.0003592234760837,0.0720913207717337,0.0750618173510951,0.0280826949945984,0.0684858512739323,0.0531692035733553,0.0423386925725969,0.125730867639185,0.1222445601383555,0.4124357680994895
0.0179810176773048,0.081756989431676,0.1042974925829841,0.0580981206212132,0.059956965038976,0.0148909834081864,0.0667648834707286,0.0722057077152404,0.0589134232839768,0.4651344166009771
0.0128150179032411,0.0564312729043896,0.1005803107722877,0.0302197017924753,0.1186198412707444,0.0417218318362944,0.0408269404742499,0.1651831479316819,0.1101625129986972,0.3234394219344575
0.0374350916072226,0.0373576884240131,0.1018525012973223,0.0602381798487777,0.0415792003355297,0.0372356339823656,0.0331290028448195,0.0706348063056664,0.1183226217697284,0.4622152733715393
0.0728984169842218,0.0371566581456495,0.128318999134358,0.0330688523671565,0.0147762897549498,0.0696507474947211,0.0216571273630756,0.0078515035400894,0.051006840592717,0.5636145644585945
0.0631935106987316,0.0123208513616719,0.1291680375111032,0.0592132699301653,0.0684122070277015,0.0137946446909845,0.0307267684165253,0.039469942643502,0.1192392934371536,0.4644614741305045
0.0611236856891465,0.0046693499788883,0.1256118416576077,0.0032934574874058,0.0339735835757334,0.0418826500810501,0.05772801094018,0.0180797338401492,0.1095863222447826,0.5440513643329032
0.0135054616274823,0.0270667069963262,0.0559684624751472,0.024453684152328,0.0441784636098328,0.1053994632097804,0.1255136747566212,0.0261645384127374,0.1568936848612203,0.4208558597318012
0.0262002472938926,0.00349257652286,0.0447140466609828,0.1010407327637701,0.0188970924469224,0.0777901853476487,0.0857157599271586,0.0255212864509197,0.023383770864705,0.5932443015464012
0.0703959185052884,0.1007735526646159,0.0140079569212019,0.132566164589917,0.0103024247579161,0.0411188883536618,0.0114947033448244,0.0315396360861005,0.1012807550857258,0.4865199995314997
0.0430487926184809,0.0786231519245087,0.0241360951839595,0.0553054050066515,0.1106414193958709,0.001554164912526,0.0377671490543575,0.0265278854802358,0.0723019047591397,0.5500940315367401
0.0012613701709,0.051091466542834,0.0622457465625749,0.0413471457450081,0.1361495894552428,0.0661434651214691,0.0183170243255761,0.0698171369000139,0.0340454946709665,0.5195815602492514
0.0523885593587943,0.0024180498821193,0.0628161019864175,0.020326491906519,0.1222651837095967,0.013446092970043,0.0146899911517369,0.0389777768859757,0.0079247591522162,0.6647469928119992
0.0738956556920782,0.0240628369661459,0.0885208792962844,0.0609532096163651,0.0275766347898923,0.0261894732553153,0.0550119952535996,0.0607264854065846,0.0509625823097706,0.5321002472632144
0.0026398213709813,0.0529127432447158,0.065003183037293,0.1104754713235524,0.0210734491075282,0.1319079990283685,0.137506471331494,0.0302765698091962,0.0337812002804798,0.4144230913230018
0.0075948393157639,0.0217040842946969,0.0916132027568004,0.064365856899969,0.0072675988171032,0.0228208631235508,0.0486640902485161,0.0009821166806902,0.1513124788224655,0.5836748688741334
0.0048508861946043,0.0166137890470717,0.0725156084344683,0.0274371877205631,0.0059165455815625,0.0100280935954252,0.0047270502171042,0.0977167531076649,0.1764818198908161,0.5837122660438633
0.0190155109779587,0.0170832705061016,0.0367231563418068,0.0994363193826573,0.0732397497130803,0.0740426925174671,0.1468709039252788,0.0064657847690244,0.0433652757989791,0.483757335861453
0.0068483868693442,0.0117109534260085,0.0424739700423125,0.0138076542228932,0.0818050008492348,0.0818991424693943,0.0316167436812152,0.1325988155675693,0.0639365457547262,0.5333027869811687
0.0566098931085573,0.0671568496896088,0.020491217175669,0.0370062376482428,0.1048300244004494,0.0059998656778485,0.0096832756897534,0.0518221536520491,0.1314127463218398,0.5149877365074971
0.0694806567333901,0.0664766013596689,0.0158980806061185,0.0799384800807914,0.0804569184216135,2.1943231435833327e-05,0.0234169295412002,0.0584326530145523,0.1416693545710798,0.4642083823147433
0.0221651590007759,0.0080885203562861,0.0550521615779402,0.0811145535190981,0.1053737941629172,0.0721703955933769,0.0229353476920767,0.016924301429228,0.1922141145690436,0.4239616519488609
0.0125753578042776,0.0437380317173147,0.0057746319896373,0.0212282451009419,0.0823546679568532,0.0043549453267726,0.07783339341722,0.102742139579254,0.1959130945249557,0.4534854924280631
0.0346025273132951,0.0075554287329345,0.0215995415566717,0.1492543115695724,0.0751832066242027,0.0153014764167982,0.0037783845062895,0.057958786934879,0.1805640803876091,0.454202255844176
0.014014359848632,0.0613102116468559,0.0376687138028313,0.0706559074572587,0.0097899397565249,0.0270365390729991,0.0591249324192867,0.0128995169349866,0.2008430166401156,0.5066568622621761
0.0517738918660633,0.0352846299234323,0.0132473451712048,0.0237926543777557,0.0609733527482692,0.0537651263340181,0.0170798462119028,0.015440239536485,0.3455650704185576,0.3830778432421446
0.0447485885735423,0.0053544205899801,0.0579763295263123,0.0461176058150122,0.0276137391817373,0.1155488542306416,0.0130719829147964,0.0427223573826934,0.1569304851298769,0.4899156365149562
0.0749034797916379,0.0240278854634483,0.0841756355063655,0.0987264402747937,0.0135092459157366,0.029088049298711,0.0224127184670844,0.0340204295324979,0.2488602909014426,0.3702758247233479
0.142789029015646,0.0664076191608044,0.1382793760138538,0.1303913883942158,0.0345201293373984,0.0079406309711313,0.0222260624494811,0.022162921538581,0.1539408074966024,0.2813420354992392
0.0726200314467871,0.0291485000959477,0.0779373443910473,0.0396660392794925,0.0864053085976077,0.0658934545255571,0.0139198186513077,0.0666745635139163,0.1729409590435415,0.3747939803451964
0.0101722914245963,0.0645832217427311,0.0190287498840808,0.0250706987199569,0.0235472311475417,0.0047223562709247,0.0282024275001531,0.0276784377218118,0.2258846458460338,0.5711099395803645
0.0216018376498979,0.0434480661666793,0.0454401998651017,0.1402055328497006,0.0476550587026589,0.0185732763947922,0.0576997641045373,0.0789315020353856,0.2204894875856134,0.3259552744838145
0.0004092166376696,0.0645088070246171,0.0207392758294243,0.155804463388201,0.1573918573586022,0.022591482580526,0.0580120295744781,0.0416527841551931,0.1872434397098565,0.2916466436000938
0.0177053558510963,0.0763285749353754,0.0181191346359631,0.0041853646988448,0.0627573800661544,0.0112335078073525,0.0060636969487037,0.0225498250215126,0.3257709683848604,0.4552861915146991
0.0216640007760847,0.0734638391471152,0.0263001118122962,0.0432378113312073,0.0999452233870938,0.0555158574262494,0.0219822066814085,0.078800422785972,0.2040974480537191,0.3749930784318762
0.0553301402781202,0.1045449331081582,0.0345056385034437,0.0476884357524139,0.0629694351914573,0.0187113850978932,0.0534513128527329,0.0790883037982826,0.1852301242139252,0.3584802910843602
0.0460267754995756,0.1210861266563085,0.0208737341630072,0.1044584198270713,0.0335725622094266,0.0381678443389744,0.0315817006835475,0.0379277149135289,0.1201279346007144,0.4461771869499827
0.0204398742513121,0.108493050503217,0.0500465356370102,0.0224362567235955,0.0194144591174065,0.029367505829324,0.0015041096398347,0.014445657230212,0.365655915215044,0.3681966356936947
0.0515197406592761,0.1393484385118378,0.0480338100474568,0.0180318363124023,0.018994985393928,0.023639850370171,0.0359356418108848,0.083099072103908,0.2471566411707845,0.334239983466365
0.0187881672164926,0.1463436251205569,0.0002677142060624,0.1041357297666958,0.0663051894213335,0.0962474204579076,0.0821723624340285,0.0238647944392723,0.0884013172707629,0.3734736794887255
0.0208671018672629,0.1725075199717362,0.0404029432585931,0.0668885381679039,0.0079483019224156,0.0692973956371989,0.0188476194598395,0.0570111338412301,0.1040119853608068,0.4422174603461208
0.0510944583000655,0.1774653885576921,0.0347374674740564,0.0425663506834623,0.0688937298232749,0.0338813209372772,0.0313403206993367,0.0601137629824242,0.2046378619856091,0.2952693384264342
0.0668141923751792,0.2050160187076277,0.0312120994644911,0.0335500785937028,0.0057455293926954,0.0179395196034009,0.083563143600182,0.0536620644944055,0.1064761163647925,0.3960212372648148
0.0649783707525848,0.1815209031529406,0.024920890604233,0.0724235673548416,0.0248669832100015,0.0105900534059851,0.0637970567414161,0.0114926898089469,0.2567321540981208,0.2886773307368626
0.070394148020716,0.1677209316328838,0.0281600311884516,0.0636000073262324,0.054333632965543,0.0210079453451905,0.0204241367701928,0.1208107692981953,0.0456784307948308,0.4078699665138894
0.1000680133187871,0.1768985836290799,0.0800782010888189,0.0002958730256231,0.0377550438622445,0.0634386407290163,0.0596285747168326,0.0482363099997922,0.1496730635592415,0.2839276959287332
0.0908684515114595,0.1273812582707785,0.0906749271524829,0.0413104311188525,0.0037771692007733,0.0523954796352797,0.1130736002649866,0.0961938409966573,0.0965567488849002,0.2877680928675944
0.1061116617970354,0.1834778595389062,0.0985870715101476,0.008002502033466,0.0326274043368377,0.0993591746529857,0.1036371647084702,0.0169496829019575,0.002951039168298,0.3482964391815092
0.078438567979876,0.1466371874798381,0.0500587907675474,0.0246477804472838,0.0078450569022028,0.089737523199317,0.0487193239921857,0.1001840062238764,0.16056471974979,0.2931670431224351
0.0524737799871982,0.1198791274247091,0.0534803337740894,0.0229501039190761,0.0342364977895155,0.0509706867308224,0.0448784919894359,0.0908913724114205,0.1499495403894539,0.3802900654257707
0.0691430293075221,0.1274246433678663,0.0701434250271297,0.0123560349167393,0.0490074562754627,0.0527695896348098,0.0640926395595877,0.0111267551847503,0.1962578383687045,0.3476785882157879
0.0271774751611223,0.092761792700675,0.0441636419611604,0.0545749406772296,0.0616167038451778,0.0234472918420708,0.0758217746801861,0.0978828935507555,0.1332886871300408,0.3892647983019713
0.0187755318873253,0.087456789937879,0.0420170772486642,0.0572688273711115,0.0812164267125238,0.1470398811529852,0.0118578032488821,0.0713076422302105,0.0554830284408533,0.4275769916300017
0.0684179329906958,0.1714050216935118,0.0716486024762004,0.068299714069507,0.0596157015967238,0.0012776536139994,0.0391764296848551,0.0377444128363706,0.0428291184728907,0.4395854123732523
0.1080506612744742,0.2079871766614888,0.0850776708006948,0.0433156374321859,0.0490307372322274,0.0600899808396601,0.013843641749897,0.082396106340245,0.1038279835820965,0.2463804039388734
0.1217227183875142,0.2129133037667948,0.0766303052725118,0.0628796524594814,0.0369613371076875,0.0071547108195644,0.0135026022880814,0.0146103870476525,0.1429197331067422,0.3107052496234726
0.1191978243071623,0.1900091005228703,0.0946827616954294,0.0514811198880962,0.0059521469621324,0.0294533830428662,0.0329174718700427,0.0498172458046816,0.2009694197549235,0.2255195260399748
0.1498841480440587,0.2803364367742214,0.1168804643128623,0.0511898658709137,0.0615589745078343,0.0199240849559845,0.0077942634612898,0.0021977805748671,0.1291900295328393,0.1810439517703107
