0.0007816982815425,0.0373474477238893,0.0551060671256933,0.1751639884112159,0.1767908812512458,0.1250197482431059,0.1140148463444807,0.1361205350658615,0.1499019145779927,0.0297528729309882
0.0032354932336949,0.0529192812527262,0.0629869433966455,0.2076444053570312,0.1733389190687916,0.127873095031641,0.1369983272997059,0.1184288669188842,0.1008911213545192,0.0156835470344725
0.0102810208082253,0.051603243664787,0.0467116872122031,0.17104422825359,0.1850394905694759,0.1201833882362366,0.135112821241659,0.1309292531864453,0.1044607118256978,0.0446341549553159
0.0059815992144258,0.0541581918672938,0.0480946696719923,0.1929464069580134,0.1581096993427356,0.1190372665452878,0.118541219355312,0.1490303350297115,0.1310125584551733,0.0230880535137105
0.0020706876877308,0.0484155386389326,0.0496418729881012,0.1672642775593424,0.1763827176721457,0.1443809263976219,0.1635274763675245,0.0911314071439509,0.1472531389412856,0.0099319565433751
0.0142819453602156,0.0195921274717267,0.0542657342586121,0.1754040466492953,0.1875973285633749,0.1219280334569488,0.1502420571947764,0.1815826083337205,0.0875819257633228,0.007524192894288
0.0216879103491052,0.0129960102361669,0.0567944487544278,0.1823320068555532,0.1776344053755735,0.1053509071594866,0.1461281799477995,0.1100044411414505,0.176823573884071,0.0102481162370441
0.0150430872413829,0.0207191270642355,0.0466323088751514,0.1513766035678617,0.1595297062875238,0.1679870010493696,0.1392138023861169,0.1707613311100759,0.1164320293792783,0.0123050029848334
0.0230472156175116,0.0055415973978473,0.0540886293623909,0.1679340288622074,0.143827470290779,0.1223842536473672,0.1933736803707995,0.1506024133521787,0.1304341402007509,0.0087665708371732
0.0237188086143767,0.0023065839739346,0.0561674384560857,0.1243851920232356,0.1863741745244372,0.1254195668299492,0.1325998683216289,0.1087649024412012,0.220979124687336,0.0192843400653399
0.0350297510034506,0.010781960820134,0.0660577926776337,0.1889001484416196,0.1648642452143064,0.1221496404444903,0.1406701430236909,0.1609279723569354,0.0856678001079869,0.0249505458370677
0.0216625740304166,0.0059556863080632,0.0488959893976674,0.133494284494692,0.1453479323728788,0.161010161042319,0.110818569823454,0.147745684551732,0.1661203137787155,0.0589488041356524
0.0402069275975881,0.0124869276108991,0.0723221349700939,0.1274243545651242,0.1255072245778681,0.1541586403596978,0.1862462308613683,0.1263645411074072,0.1422385381684448,0.0130444801110905
0.0241632530424087,0.0038641649512738,0.0548338557526013,0.1536074936209164,0.1597098583797567,0.1521609698170111,0.1460438964655012,0.1268582462426385,0.1506715538941972,0.0280867077649625
0.039401047029116,0.0086835545441611,0.0605679676305459,0.1502640250237507,0.1638969180542519,0.130081498129692,0.1005683202225384,0.1876554890471484,0.1410875213981383,0.0177936588527751
0.0671148567182622,0.0326168192417836,0.0957145021844799,0.1250067374294565,0.1351747471427735,0.1234362306449776,0.1608060786643996,0.0848330868577089,0.1694138903651292,0.0058830506852152
0.0485657606247871,0.0109312207174691,0.0842306429326891,0.1727839070796613,0.1629926307070107,0.0957112175851934,0.1254332386003734,0.1262705083651267,0.1460118367351756,0.0270690365843332
0.0772540493793741,0.0198112888127351,0.1278841584324498,0.1377400311696724,0.1120774191589272,0.1140218130937273,0.1374588144198043,0.1369308779323679,0.0882889453304313,0.0485326021906633
0.0622556819585422,0.0092370438168102,0.1290129496430084,0.1069816509283105,0.1108079796537813,0.1206873607832312,0.1811462088027705,0.1061496462313572,0.1328854573610663,0.0408360207465805
0.0611011950021982,0.0284142847360056,0.1150578152310647,0.0823170646908841,0.0963844450362086,0.1563368663087938,0.162390659932871,0.1508420756881564,0.1275435107684211,0.0196120825333766
0.0825926415648048,0.0375325087869804,0.1510894428397128,0.0790153491439294,0.0754125647926482,0.0941175213531188,0.1414784293955197,0.1307019735986065,0.1621765340196265,0.0458830344290687
0.0407370514726585,0.009264458707065,0.1325043771559508,0.1014896373607568,0.101483817050938,0.0873724176659269,0.1342986168312823,0.1985858902770318,0.1893225198202106,0.0049412135757595
0.0327196576744729,0.0455495511734572,0.1381509956713054,0.1237832320228887,0.0998706264563333,0.1039197062932646,0.1623066482989968,0.1609099567164369,0.0379821275978314,0.0948074980067388
0.0860021748495331,0.01336278313248,0.1714514464839596,0.073879113436151,0.1841141860924811,0.0765407388977952,0.0937143157742296,0.0862162841079865,0.2061816140651177,0.008537343053996
0.0962783784028637,0.0423746104663202,0.1588137161533666,0.1257867819485812,0.1245670685129546,0.1383765051765926,0.0348895368703661,0.1595890792867628,0.1036651346211292,0.0156591884466423
0.0822099978701987,0.0407500405143334,0.1269155647682924,0.1223662163935944,0.0597970880463007,0.1775903111489548,0.1829989637533532,0.0980088723349335,0.0504024870356685,0.0589604580098469
0.1072797608235193,0.0715816431556333,0.1482319498420635,0.086374020735102,0.1248859542529596,0.1421847045382087,0.1362945305815321,0.1726960345958146,0.0062636188146357,0.0042077825448604
0.0685676851745296,0.046156859286654,0.1072657460497561,0.1264474084312609,0.0889212632005288,0.1041320287645403,0.1535741504119872,0.1437244385304318,0.0890216599892031,0.0721887600235071
0.0551007281919852,0.0373548062300754,0.0819012944533058,0.076297321155305,0.1640160914254382,0.151487925088063,0.1061819890336114,0.1480779889727801,0.0950709283400725,0.0845109270057392
0.0432008864875248,0.044203971199136,0.0839773285391792,0.2178242282001442,0.1329498372396935,0.1942417990584528,0.0844827619122811,0.1203731138209548,0.0596296055257822,0.0191164678890153
0.0553998320426159,0.0268658810735814,0.0897301721551842,0.077277770734751,0.0258222430726694,0.1795416593840718,0.1474157580706673,0.1472703874188058,0.1987994980339414,0.0518767979060302
0.0001886570469294,0.0089604371015297,0.058662662947419,0.081470427526733,0.0990208184151308,0.1083184979521088,0.0481071807144843,0.1884625611917691,0.3523230133067913,0.0544857436808658
0.0033913553433606,0.0311944765706067,0.0806681633913933,0.0528785589966482,0.1083152674430485,0.1260813460314985,0.1302204934994394,0.0914568668609442,0.3526971669124539,0.0230963048371155
0.0457938601429044,0.0119447290880912,0.1318819275857902,0.0609621739574537,0.1695253874961482,0.1500949101900202,0.0440855055070092,0.1673135893483444,0.1881712676383505,0.0302266488924573
0.0656845373614706,0.0060689215862664,0.189426271730879,0.1029356148438172,0.024016272179026,0.0961866046131178,0.1821022370213328,0.0672361773675226,0.1660651425506817,0.1002782206087931
0.1021296032908005,0.0368241367962907,0.2053530253510539,0.0821979277198269,0.0648237259296273,0.1020905235051741,0.1050847570989785,0.1043459536593571,0.0726194187454611,0.1245309277541127
0.0922082543667,0.0254708981425193,0.2418408098674925,0.1297841536119397,0.0301881661022886,0.0700253502909256,0.1029303360345795,0.1855669409541276,0.1082225222440224,0.013762568170762
0.0786928120317074,0.0082112712698444,0.2275322363959535,0.0949125786582658,0.1308156035881627,0.1022013363778723,0.0347236726754338,0.2927275689280765,0.0176452817184445,0.0125376381017232
0.0421387690686819,0.0174163716066461,0.1280537983901563,0.0216023275535602,0.0837518764210749,0.170852204766835,0.0173343204901393,0.1499169767788833,0.2717979973925571,0.0971353573780781
0.0117915239591718,0.0349401736408829,0.0793187353474388,0.0973940986014814,0.034042241819594,0.1092838190203147,0.1009564649182012,0.1941385634807927,0.1450463945728406,0.1930879844637967
0.0407232785286317,0.0355430912251313,0.1080512296712554,0.1246892102293044,0.1066412221469145,0.0545494900926163,0.1530840622878377,0.138638639091382,0.0713064193354958,0.1667733572130978
0.0470067113142266,0.0489625529766036,0.1599728861439977,0.1050455001448582,0.0063948805689131,0.1011110298219612,0.2292428856340461,0.1292797063141735,0.0086450150640316,0.1643388317656172
0.0732671212688012,0.0708345357261775,0.1825509283863863,0.0500115001464128,0.0467133703779702,0.0313111105637492,0.1550280209582928,0.2280565262506047,0.0920531207093668,0.0701737653351939
0.0400664468451756,0.0413704837894894,0.0301528886299626,0.0070089233964821,0.1132737431683948,0.1251588229605276,0.0562570746308501,0.1500638471125279,0.187535141820258,0.24911262746868
0.1075519885293539,0.1005302206803373,0.0428779003717084,0.0169151752668834,0.1670982458883258,0.1603715814177145,0.1121721815720028,0.0680529690204797,0.0963208824206437,0.1281088546739941
0.0710621998261191,0.0713257901426055,0.0242325739459184,0.0191660715961531,0.0385911238243126,0.1042976223529813,0.0623407474558012,0.0994547281534746,0.2976091952408032,0.2119199473115273
0.0060034799192216,0.0238014880638203,0.0465299329990914,0.0373343412095049,0.0889022419550993,0.0301957969885009,0.0051357170096699,0.1002644952062758,0.3808102504452194,0.281022255989434
0.0133396982982367,0.0055645015279491,0.0350477223965658,0.0613256486117426,0.082114560022831,0.1285098158033576,0.0044890323793104,0.047543793987979,0.4663972003030875,0.1556680264614959
0.0727801644320709,0.0749905298985392,0.0389678077728923,0.0726868581038728,0.0642550438338364,0.1274964627692187,0.0004756842728719,0.1312352559659978,0.2719312817715456,0.1451809109741028
0.0115713342643458,0.0079620389761499,0.0109494450636856,0.1602758453976799,0.1478677152459587,0.0109217580875745,0.0059274837958339,0.1376133830534325,0.381844314045016,0.1250666818964813
0.1563029418019148,0.1366494207278373,0.1053832333945345,0.0496656568587078,0.0637085483763552,0.0080703268882986,0.0111979917543586,0.0659234370859979,0.1938680938558578,0.2092303491105273
0.1244774096395254,0.0921793257054894,0.1236582310355317,0.0147497175939277,0.0449537911441005,0.0964265601832372,0.0204347976072519,0.014134393501318,0.3155736861685529,0.1534120872845809
0.1070260112884642,0.0739094977273233,0.0989972273826625,0.1124237848230567,0.0004756449838502,0.0445166812109182,0.0291031139850419,0.0211612767988656,0.349053622651173,0.1633331390105498
0.1352039391921828,0.1253527972565928,0.1055663736415695,0.0293764518405586,0.0215751758817835,0.0322113445177873,0.0297679422254396,0.0460291011153871,0.2052026376288964,0.2697142365687691
0.121612388976025,0.1254728033568012,0.0783561507091765,0.0175166982329924,0.0651035530951635,0.0334947449459372,0.0402278086342047,0.0378525406805809,0.3054760205360223,0.1748872906820118
0.1249681295442732,0.1514897137869656,0.0432481527900784,0.0498485938884746,0.0302282179195353,0.0695187294604171,0.0424592281737064,0.0352727560265333,0.1745581066566164,0.2784083716265356
0.0916258337669887,0.0935551755597637,0.0376383569817178,0.079969664513167,0.0166418121109114,0.0712143743332447,0.127837265701517,0.0357294896043406,0.1586561708121314,0.2871318564523404
0.0615553546098732,0.0735341811794397,0.0101610867921027,0.0225697163832485,0.0649359652910173,0.0136156715114645,0.1177518365478679,0.0971397709659417,0.3174759612525104,0.2212604553190619
0.0953971439465508,0.1118447140101688,0.042034742028517,0.0109007632230052,0.0633987203651357,0.0279588683552873,0.094882902361112,0.0408256252335781,0.2686157098701262,0.2441408104434941
0.1344626705300831,0.1426716117786172,0.1010380848248986,0.0196670217519308,0.0104899820880318,0.0205914730626116,0.0110923419119879,0.0591998693876669,0.4150354879418392,0.085751456562133
0.0912146740837285,0.0416306949585963,0.1303078107437616,0.0774206418041912,0.003720200088326,0.0426770068479986,0.0303951167570991,0.0958965522387361,0.3077538998183792,0.1789834025037774
0.1173629362540212,0.0533435186157802,0.1631799012680473,0.0891209858860245,0.0365787164982237,0.0277968586411804,0.0403944361282979,0.0645248287383236,0.2151608959561582,0.1925369218956298
0.1404426177795947,0.0325405535346012,0.2355261821450086,0.0703685957022384,0.0226332606073182,0.0213965489974083,0.0805429469426785,0.0378520230623717,0.2613072167312916,0.0973900543353602
0.0990560888097162,0.0182341192017978,0.1529972356811877,0.1182111591322779,0.062365705833445,0.1117141415965148,0.0442997560778489,0.0456288233936016,0.1799399749426568,0.1675529951989079
0.1492159029582259,0.0400255633907355,0.1965964103687265,0.013374306857396,0.0029517330883393,0.0661666398836244,0.0376097331778038,0.0021526890609189,0.311466589482719,0.1804404316053218
0.0551772337507573,0.0643589763712535,0.161902242865437,0.0515085770451007,0.039861445039202,0.0182641945029456,0.1451114836663511,0.0601107512724607,0.3214439887094109,0.0822611066397058
0.0361823020492856,0.1202195523284895,0.1791495089071675,0.0515796870384361,0.165756791471311,0.0514704729581555,0.0164409766125767,0.0641736442567717,0.2760985833079442,0.0389284808914796
0.0236187841465547,0.0895051155761287,0.1340788494372748,0.08779384273994,0.1282598617510428,0.0021300564143533,0.0202474910105768,0.0356550347468132,0.3203772919163979,0.1583336720604547
0.0192909166832271,0.0984100329415073,0.1166184275403908,0.0464499236284096,0.1217421439045074,0.1265857411224636,0.0569641433923807,0.0570681374173045,0.1467136816599697,0.2101568514934132
0.0587997429237718,0.1568867133100443,0.0494235860354805,0.0292604913165937,0.1065199091832485,0.0050165732556732,0.0982896894424795,0.0888221376425187,0.1982291650700563,0.2087519916082981
0.0053133527684642,0.0391273098076912,0.0443840403683101,0.0527952038577858,0.0898816312866296,0.1521325009519768,0.1553333604334053,0.0638783023157752,0.3073102879378557,0.0898440100296871
0.0812926764874532,0.1071461355770505,0.0380473607055852,0.0707543766741585,0.0138635700184609,0.063457295293742,0.0665204827388325,0.0680031051004709,0.4290351444568354,0.0618798527593794
0.1069663402316781,0.138494676515707,0.0326223104531363,0.0691168772719642,0.0597628393008144,0.033246481882367,0.1711105029191142,0.0250954998219046,0.006455875696247,0.357128595686952
0.1073295108331901,0.1066167799209312,0.0750878956615379,0.0435691887060001,0.0832795363947581,0.048489271329043,0.0520803096649981,0.0653034276898787,0.1556508516080396,0.262593227955008
0.1073921187136344,0.1242573888814543,0.0712008150922493,0.0486207263591251,0.035739780559037,0.0919996793696179,0.0491320435990222,0.0287093850118981,0.2823022503400275,0.1606458118922553
0.1191343361810797,0.1391544306052593,0.0798054555520977,0.1119394213506024,0.0189698018944824,0.1091353850500309,0.0237916586547006,0.1466199543542424,0.0102313214765763,0.2412182346187081
0.1203035324433433,0.1657855981281666,0.0673741530434224,0.0541815471180637,0.1795439373758797,0.0254981648733403,0.0313570252463047,0.0336611939945082,0.2000390760258119,0.1222557716041671
0.1286738256944843,0.1846327678565975,0.1187953296842334,0.050038148870805,0.1042387095221623,0.007801318814906,0.0193488162242124,0.0270759624095626,0.2094971959488163,0.1498979246958939
0.0676799305431547,0.1427362577322279,0.0586847771190081,0.0558786523197335,0.0141736351651014,0.0770159711741857,0.0795034089934466,0.0123132905789531,0.2179952733964626,0.2740188027277712
0.0094304722096648,0.0934279729581205,0.0204981008675603,0.0346878694076903,0.0908557906342654,0.2618308291847197,0.0561724531492969,0.0193734824805365,0.3478282389517931,0.0658947898650795
0.0293393252374503,0.0356303288533843,0.0201883894792918,0.1224206634936544,0.0806281320359693,0.1293248010962754,0.0424584191509083,0.2357448189633352,0.1413617061585007,0.1629034152644038
0.0084750202690216,0.0240887189675987,0.06492733144011,0.0226724692030096,0.0378442373264019,0.1976301572726488,0.0895823255079423,0.0430626622155573,0.1656666044225384,0.3460504730706638
0.0079813086138578,0.0423216214861177,0.006732121573302,0.0804091640987291,0.0126956735291671,0.156339164839647,0.172773856663037,0.0315399427178534,0.4853062856294828,0.0039008605716508
0.0376758373208586,0.0468575945883013,0.0811445642418019,0.0947831283573892,0.0450751026712828,0.1239023918103786,0.061182656045177,0.032209301966143,0.4082727809301232,0.0688966418593874
0.049985085210399,0.0271349043986383,0.0281205081039289,0.0121789431436892,0.0685846921055437,0.0048475086383238,0.0847725063721641,0.0627648066389165,0.4569588615600415,0.2046521836011927
0.1050955475069805,0.0769742864404031,0.0974667101623258,0.1716513010560127,0.0680682602292544,0.0387024618115572,0.0222929230940735,0.0113336384456165,0.2219822120305989,0.186432659079894
0.1546414163643707,0.1168457993846052,0.1298873120673074,0.0598461771884693,0.0465651729239662,0.0526905677479562,0.0440461226792842,0.0398221702939432,0.143269052467329,0.2123862087023086
0.1445072099219125,0.0952595660160953,0.1560838295813719,0.0051369253907482,0.0377591912196657,0.0702657744542373,0.0723368184198833,0.0951709868516342,0.1664743700997185,0.1570053279059075
0.1434878848125091,0.1289741327906494,0.1170785783502584,0.0764841549822374,0.0206949737941856,0.077434659713316,0.0640008838827239,0.0415795178557639,0.255283388423445,0.0749818252733008
0.1523405240468048,0.1307486499945969,0.1217560060502105,0.0056080663945037,0.0810019953731214,0.0888113281350305,0.0855683600685522,0.0158796171675198,0.253384782044103,0.0649006705631567
0.1038835824061769,0.064959026607519,0.0928998917791162,0.0087971627936087,0.0058401180099529,0.0693718240745767,0.0446762159163085,0.0768422720620027,0.4952519682266407,0.0374779379804548
0.1243960443298941,0.1255238261644753,0.0449351325539826,0.0098749901222568,0.0077375990972321,0.1081783008070414,0.0962063862900987,0.0719298184635515,0.3211182167588398,0.0900996852167654
0.0234047864791918,0.0396280079506607,0.0613829493810398,0.0985973029009892,0.0041836326288874,0.0268840971462717,0.0318395994396011,0.0606446297026548,0.63745485296693,0.0159801411713742
0.0005054851203359,0.0111039959374754,0.0251745658704603,0.0763538706238896,0.2038443565058688,0.1022805229991321,0.1276642567296781,0.0089378180970657,0.3529880533446444,0.0911470744831637
0.0339321610735909,0.0454683711536927,0.0185629703106168,0.049707544167007,0.1316191349150923,0.0297893670143524,0.0407782670161297,0.0013695631676634,0.5159577488041247,0.1328148722067558
0.0471197989515171,0.0406661582849754,0.0679901922641082,0.0068704738938034,0.1067893141412274,0.0232062385403868,0.1005956538771696,0.0262269816048343,0.3977848104256106,0.1827503778422554
0.0572823850101266,0.0623163922273762,0.0423531299750875,0.048288096969005,0.0667282312240083,0.0681303736648004,0.1100046915102086,0.0136220126574842,0.4106324222859109,0.1206422643241151
0.0200929383786673,0.0037667711252399,0.0086265664120913,0.1354168261104036,0.1160847523953907,0.075481927313229,0.0408918986529606,0.0164147837883093,0.561021483422444,0.0222020522006504
0.0399716589970114,0.0512351468861865,0.0349328235702021,0.16749284352896,0.0205198207695564,0.0041301650307475,0.0118156519605819,0.0637839581403105,0.5447890079404915,0.0613289229979714
0.0832412280375776,0.0977103769480034,0.0893614277023947,0.0808369174078036,0.0012348591984502,0.092286613400738,0.0180233822300352,0.0248123273664885,0.335650810892826,0.1768420566368959
0.0512397405454453,0.0335535727466761,0.1071038976662282,0.0326804027104134,0.1051972219088662,0.0412565447112738,0.0171908756503379,0.0867243680285022,0.4320219088555886,0.0930314669628474
0.0352826043545182,0.0316176061371388,0.0313638353989063,0.0909768332955845,0.0369168843268445,0.0155146796114112,0.1096564193630482,0.0062065213934768,0.4589538102985993,0.1835108055693819
0.0311577301423579,0.0110216995166002,0.0838796638358374,0.0058586257771131,0.0339322315984763,0.0482517399980295,0.0220924423768824,0.0139955634382464,0.6314116227834718,0.1183986802965142
0.0013137723378542,0.0109844985222093,0.0383378215612052,0.0447680456764129,0.1969108609746448,0.0105155057078743,0.0230480440821918,0.0014417091791128,0.538673988080588,0.1340057536928968
0.0887745519242107,0.0760813199214366,0.1333073462720343,0.0182610086599081,0.0041284741915051,0.0441177208501102,0.0048621192632439,0.1249678163433475,0.4082614935942708,0.0972381487830135
0.0571160550488405,0.0857548361480983,0.0359750799830079,0.061940418136398,0.0494104579851321,0.0363860898500046,0.0782536829036004,0.088996523774937,0.4870351293507978,0.0191317265924242
0.0630291258430057,0.0685779361936847,0.0530171382502806,0.0049339991518154,0.0225463136606911,0.0429987611787328,0.0450892853525162,0.0310825091549371,0.466578083700044,0.2021468473428793
0.0255780506880637,0.0261314790573489,0.0567331874777021,0.0447699749000787,0.1055280757652908,0.031383163535678,0.0425888929114076,0.0481727001199051,0.5588167790501509,0.0602976963366758
0.0189396268005004,0.0121995167890726,0.0073166053701386,0.0319219873930255,0.0598892534220593,0.0739430791315789,0.0336401575972486,0.0252314693000755,0.4550485019236412,0.2818698020945724
0.0440121595268152,0.0309675472761807,0.0277808977707098,0.1582747536820225,0.0116581444974677,0.0417062699525386,0.0057615056251831,0.0750726592052707,0.447349044639398,0.157417017618643
0.0155211560910461,0.0023245313346373,0.0619027188944654,0.0103259742742297,0.0472510888758122,0.028058263766955,0.0699828643032286,0.053398945122524,0.5014552090654699,0.2097792480938059
0.1305918220485604,0.1252251673465929,0.1486732417320415,0.0358925926022164,0.0080635862414377,0.0043975647155024,0.0719435932653407,0.008858342803519,0.3226975065964457,0.1436565825068987
0.1001488432237679,0.0886804720091631,0.1106681987306776,0.0317843107762707,0.0553815278894168,0.0332950161829219,0.1043969094075218,0.0338382004456433,0.3748762158131528,0.0669303053875991
0.1401625870561108,0.1161975903948981,0.1570245037140152,0.0434413312117378,0.0592561078104886,0.0086457172247445,0.0321987125626678,0.0466365254425563,0.3661537030609606,0.0302832214044818
0.1482592280458852,0.1039271217569753,0.1893863164045439,0.0425131921254606,0.0346199773463182,0.0258370022502411,0.0603812723320973,0.0850779944487052,0.2532647222141848,0.05673317295205
0.1186258337653309,0.128985955258659,0.1100244510451865,0.0980105881393499,0.0317307779979793,0.045660945958083,0.0419755978944744,0.0384044789468148,0.381440794005137,0.00514057687001
0.1702766439128469,0.1535630107057878,0.1731590989565545,0.0552842014552607,0.0181760471591208,0.03210806840317,0.015110983300628,0.080437160979899,0.2926369459484407,0.0092478389971944
0.12148119022447,0.1365563016305805,0.092113385616919,0.0647358408879371,0.0392878601820793,0.0320150510059932,0.0350492478964518,0.0545796285084729,0.3838418499780394,0.0403396439405849
0.088280910617759,0.1230583178274981,0.0539115583658082,0.0645497980184749,0.0162219170143443,0.0104125337876194,0.0413008251300942,0.0390846071664273,0.4904712641426857,0.0727082678274201
0.1246063845315943,0.1758946490275094,0.0551760006692389,0.0552201342606803,0.014483120761712,0.0405541861584996,0.0076985426406887,0.0408892308851964,0.4608813739259557,0.024596376977942
0.1503063035205983,0.210270601510169,0.0669852023757677,0.0695431904581488,0.024581754182932,0.0091154656041293,0.0617048458878907,0.0641037371505929,0.3124454843271693,0.0309434148553644
0.1303073683515236,0.1711094030511402,0.0876135225683897,0.026521016667074,0.0022379871330594,0.0295979248479934,0.0906600341979433,0.0596956389788333,0.3689183606543119,0.0333387434548063
0.1442460317488257,0.2088179568940358,0.0691693724528313,0.002249816285377,0.0275588624034138,0.009412038953029,0.0608926017416268,0.0179006350864106,0.4471804032615804,0.0125722810744256
0.1642511375411589,0.2129768275892762,0.1019584627829355,0.0100113842021674,0.0131430402054241,0.0085325365598066,0.0199854300256335,0.0121777990985298,0.4018302846307387,0.0551330972726952
0.1491213992351787,0.2230252019838783,0.0716294567186748,0.0423663497554401,0.0306214262214839,0.0061735099590021,0.0141462467320182,0.0401853146563552,0.3879181536311738,0.0348129410090615
0.1214667105131762,0.1871178103737053,0.0569976184292018,0.059533019450392,0.0334921508515417,0.0616864912695189,0.0098633014740298,0.0619135000819739,0.3443741901893967,0.0635552072867995
0.1417206290043552,0.2296426330659039,0.0573074255651478,0.0531177752426678,0.0533715815643552,0.0100775228495348,0.0276610426934058,0.0156302890554568,0.3535781645921501,0.0578929362770029
0.1574386728945764,0.2496106899848252,0.0745151684043642,0.0417481040475521,0.0058193776369182,0.0374653531995841,0.024173568292756,0.0083967405116229,0.4002827123129389,0.0005496126089823
0.1379566410401011,0.2074184991193778,0.0680519243267082,0.0240205891575617,0.0520456641333329,0.0441759459207814,0.004353673838063,0.0111369034074549,0.3660380573894068,0.0848021015564949
0.1203550078801245,0.1870139300497841,0.0503781111420074,0.0423466621913058,0.0111612124813561,0.0411549651915353,0.0270017614031396,0.044088705061248,0.4235964307300544,0.0529032137669387
0.1191761765218987,0.1785796994665067,0.0460216689095899,0.0154069287554548,0.0140758631783887,0.0393690914012437,0.1031462237191007,0.0518290202642612,0.4007280133400628,0.0316673143467229
0.1712276490639836,0.2232839773266827,0.0771191947248085,0.0035445916604268,0.0174677709562043,0.0658287890482157,0.0418049149161565,0.0034878332493649,0.3785234117297538,0.0177118672147992
0.1467299892836401,0.2131792171964132,0.0594620221917662,0.0186503105202303,0.021861952690439,0.0882666395402113,0.0277078379698901,0.0124766326343882,0.3323067984738774,0.0793585994046972
0.1606119664500016,0.2203436399673523,0.0581813100722066,0.0061175101803567,0.0035857777301115,0.0320184970801171,0.0006552345811815,0.0716433491093747,0.3772491639637859,0.069593550778342
0.2052874010952561,0.256106596980715,0.1036004901878595,0.056220256583585,0.0344657611442253,0.0030576327027611,0.0042730138925993,0.0247579563160603,0.2957903600184536,0.0164405309866349
0.16906909655483,0.2206239199610928,0.0837305550075833,0.0143357445044708,0.0307160282774298,0.0137760730070071,0.0388552187584598,0.0119315779612847,0.3524372994702445,0.0645244864204754
0.1400770154357233,0.1931875240842308,0.0625710154831373,0.0410452828774231,0.0406763512050414,0.048387755430914,0.0356439995736263,0.016976828517897,0.3387933093405061,0.082640917984753
0.1483391465305192,0.2226051684944001,0.0498124671157503,0.0150531353122373,0.018268205448093,0.0259677631838038,0.0056418786970488,0.0201626847334489,0.3931180500292656,0.101031500366643
0.1763132170926241,0.241547948227542,0.082574837269803,0.0146677016120809,0.0042887375043373,0.0306124675296786,0.0665596380000515,0.0254085436013423,0.3266310492736519,0.0313958597973051
0.162558703992358,0.2490687294909797,0.0370118452662445,0.0528513718706348,0.012133377175062,0.0187849935208655,0.013625699376429,0.0128851854753931,0.3252265349680867,0.1158535587589215
0.1372267818740642,0.1983542999166203,0.052953167605405,0.0189682819212184,0.0026551393982116,0.0117402507979127,0.0204601944155944,0.024185410893269,0.4462590590461094,0.0871974140504308
0.1420163459240367,0.2029678808997497,0.0613239794385993,0.0198034605315381,0.0242166797219386,0.0106700975178079,0.0239489617480009,0.0150840455843194,0.3997438424901069,0.1002247060581302
0.1705874115678423,0.249997838713387,0.0539815761773616,0.0292241560841473,0.0090203500427073,0.0132356868781007,0.0017256384165353,0.0470033439272469,0.4097999512961989,0.0154240467993691
0.1642477695623981,0.2374759099017635,0.0496465156119411,0.0013453868434799,0.0035749436997576,0.0129314174849841,0.0326265744388694,0.0307120123549728,0.4277944324161866,0.0396450375910579
0.1302841000957261,0.1979387075628533,0.034417867161068,0.0261873682242762,0.0139803492125877,0.023615491027018,0.0432667038678845,0.0476478736439405,0.3994300358122351,0.0832315033231601
0.1334014692585499,0.2237540904641686,0.0178164204912628,0.0130705772379805,0.0812525821747823,0.0039772886095066,0.0290011830467303,0.0357596009631383,0.3330641395213786,0.1289026481313284
0.1467672281527458,0.233144392720194,0.0448956274553654,0.0554289895149675,0.0241810799373902,0.0166683119738183,0.0375499515277245,0.0097772503218839,0.3923585136739504,0.0392286546250103
0.1545028649555113,0.2339384946658963,0.0525205625493906,0.0349375515197376,0.0190252562002465,0.0424809452255614,0.0296590003564282,0.0321786850176077,0.3976781003419094,0.0030785390744646
0.1333042592903709,0.1964658183024604,0.0584023279944859,0.0068272222721432,0.0392901838847798,0.0004454295938016,0.0167897335711725,0.0176357896739158,0.3554115101993156,0.1754277251164754
0.1538192069415286,0.2173110191480278,0.069274288374672,0.049393642189923,0.0276895194602623,0.0259266790996153,2.559466557862251e-05,0.0589494211308721,0.278764131041875,0.1188464978591351
0.135288480027737,0.1825088611597607,0.0883555972149628,0.0604423633384967,0.0027297311339216,0.0686925100741676,0.1007069649187743,0.0038102124477819,0.2767696393332318,0.0806956402703318
0.1421950267168771,0.1694297573299135,0.1158772775266276,0.0212692306282861,0.0418579328543481,0.0699884189060285,0.0061722012399164,0.0073847493342685,0.2881436409417293,0.1376817644376326
0.1546597107249845,0.1995756525687202,0.1134834764314594,0.0245673266923019,0.0345909091683293,0.02040062448353,0.0459376870789159,0.0412653709909106,0.281453072925173,0.084066168846956
0.1143911865858358,0.151390388214918,0.104936582040759,0.0630736115507768,0.0305827678815275,0.0347232081546584,0.0375020564290516,0.01709355885574,0.2836517388953392,0.1626549013064949
0.1275905688775791,0.1598613532077203,0.1076624323049799,0.0024495890288701,0.039580522566846,0.032918978045346,0.0530113846910809,0.0291713929468643,0.3452828104615541,0.1024709677795149
0.1420061157201254,0.2046752343677139,0.1138856776648237,0.0648634792495882,0.0091424945898102,0.0431214922077159,0.0845936547803328,0.0036199225604961,0.2649800056779635,0.0691119230204251
0.1040252881911307,0.1533651566534079,0.0685874185045483,0.037458996229461,0.0999394089389693,0.0469145659246793,0.0226277849273524,0.0364270472496801,0.289520185675112,0.1411341475615169
0.0768130469101343,0.1247399792197717,0.0697458639826704,0.1430725393776641,0.0192123277035755,0.0627607163951841,0.0227326564702536,0.0541717179920645,0.3369849307802268,0.0897662210389929
0.0730023308652924,0.0741315095395452,0.0939188259766622,0.0173927297872333,0.0164444720082039,0.032868088433632,0.0017167981063899,0.0142227412967817,0.4216742503234912,0.2546282535021722
0.0518604739133711,0.0313484685023181,0.1256509067944597,0.0524635746936483,0.1108081003824758,0.0629338339792178,0.1434561630922619,0.0208291584146857,0.3702452762411873,0.0304040438056641
0.0155677530759967,0.0431932886125484,0.0823069493976587,0.0208022102846192,0.0739899425121105,0.030313249885485,0.085194839077789,0.0846866868599925,0.3459002320190072,0.2180448481115927
0.014877240856955,0.0592771731173107,0.0730606100999797,0.0480382570327864,0.1177875563039331,0.0210670052503738,0.0969400549653924,0.0083503213529313,0.3992201843716182,0.161381596495068
0.0445141533910808,0.0762930166994333,0.0271061496125548,0.0372310534261693,0.0914340564167643,0.096607623522647,0.0354050454694715,0.1250698520553466,0.4037583328170755,0.0625807164260512
0.008066811385663,0.0620623942052246,0.0864812564504875,0.0071451827556232,0.0541920799470404,0.0291294024144191,0.0579527191483201,0.0699635319203633,0.4223676863778926,0.2026389351937802
0.0549213520932938,0.088792325479713,0.0028579848693842,0.0748989313985244,0.1483385602242207,0.05030005637607,0.0927015882130743,0.041929359606981,0.3926546308172028,0.0526052107595051
0.0120742247907635,0.0335429339943602,0.0584713592794927,0.0866414116314479,0.0555147189306372,0.0063412097337597,0.0404890137617814,0.1242682565983491,0.4747968042815791,0.1078600668240773
0.0474805843231441,0.0288707813569832,0.0302043375233118,0.0404112368275707,0.020807467074625,0.1500386129590147,0.0463356646354412,0.0610074470560465,0.5445807289898975,0.0302631390278294
0.0002731688483633,0.027062611168276,0.1109940892926063,0.0674373957308582,0.0071297369425386,0.0153564934603942,0.0714820832883483,0.1474014195966648,0.5475776547764543,0.0052853466865298
0.073716960284016,0.0572805636335815,0.1555623179325845,0.0469020515149149,0.1424930513694579,0.0527367029696684,0.0170458696440313,0.0471310646391639,0.3930332972293031,0.0140981206234407
0.0886696257807184,0.09543711607246,0.1282805232233868,0.0270055016437695,0.0179179228184022,0.0837987914162641,0.0807927555709109,0.012213073662538,0.3374002866979768,0.1284844029683272
0.0845226645015522,0.0711549286523692,0.1298594403763906,0.0028634722268168,0.0286600814847494,0.1006906194989705,0.0365268306223357,0.019254140349948,0.4163558400866118,0.1101119820646027
0.0996004092977785,0.0920942942954582,0.1116717554310605,0.0189552589460715,0.1292734565080225,0.0273818420219594,0.0089582543936075,0.09531128383013,0.4092696699112402,0.0074837752249089
0.05187097661309,0.0073566746264991,0.1235173211566001,0.0297735082938327,0.0739426074041699,0.1412113712385189,0.025774238209568,0.0226280387051647,0.4374908783491947,0.086434385235814
0.1050082218043292,0.0691957834963745,0.1709046733625506,0.0313902488603212,0.012918275379768,0.0284698126617562,0.072672886876778,0.0035799568160545,0.3524693590235413,0.1533907815826453
0.1120563907409251,0.1044166379683548,0.1402253141176315,0.0039378660621216,0.0061123535980701,0.0873783931214723,0.0452008843479774,0.0858440785558234,0.3207282274232588,0.0940998539397768
0.1454022192224232,0.1355701925320777,0.1685665707225697,0.0029872108825888,0.0474236633583708,0.0903941143558298,0.0381744938581642,0.035338221817658,0.2941051530233775,0.0420381600878692
0.1530561905303593,0.1241035667598801,0.1837037953504783,0.0321294548699235,0.0253882854116048,0.0278094295011504,0.0114462192813724,0.0204660259731508,0.4060413757597141,0.0158556564524764
0.0989736400749202,0.0807981665732823,0.1158307451639721,0.0416892529880988,0.0178551250154544,0.0185226429305107,0.1362961859430654,0.0155196239118919,0.4313960334808534,0.0431185837855332
0.1000102633056099,0.0660748993799844,0.1383681685428937,0.048209366559714,0.0169040914905668,0.0677520306352936,0.0602251314083507,0.0419173046202937,0.3748123787293376,0.0857263652131473
0.0801132551015836,0.0746973059911122,0.0857901437476784,0.0088549588010667,0.0648123491318375,0.0195298705135157,0.0572994497688297,0.0494694849451372,0.5053133542411644,0.0541198276177623
0.0820220988340403,0.1003363075383196,0.0512975981764153,0.0229581673338484,0.0124717621220293,0.0183168050463767,0.0068009816907078,0.0623180094487834,0.6110646863489829,0.0324135833128303
0.1136851986383173,0.1507089989714426,0.0607217210956558,0.0675742230374081,0.0405241803095504,0.047689182937415,0.0115601860578102,0.0347664949802572,0.3095553624440489,0.1632144513338644
0.0139537686793005,0.0509854615695546,0.0211412947382557,0.0226835729599063,0.2197006571131257,0.02933429478549,0.0799519253888251,0.0645044850054454,0.416798194945805,0.0809463446094905
0.0623284812824026,0.0622597317796246,0.014713116671063,0.0347333375240113,0.0728311994086147,0.0491259415184464,0.1627655877250616,0.0510115801969719,0.4166212711755692,0.0736097525246119
0.03543875593604,0.0633473624547149,0.0057924783139163,0.0925900698015366,0.0499766841774708,0.0901661997362262,0.0684847738256448,0.0544263708534073,0.4266089809661595,0.1131683237885538
0.0015934783581217,0.0480484998272941,0.0258835461861799,0.1230328637287522,0.0739023735700426,0.0597248452037665,0.0494321431127516,0.0587900660027936,0.54811227601992,0.0114799078215049
0.033471069174242,0.0825145206310101,0.0051381603043664,0.0332832943027692,0.006849044672626,0.0036721008546437,0.0271280596575267,0.0700712313281026,0.6294802919005963,0.1083922270029288
0.0349317134122363,0.0763110499471462,0.1488028055288461,0.0145344308761128,0.0393314186628004,0.047652688974708,0.0200196539792166,0.0444464903541755,0.5440662330749632,0.0299035149260434
0.033181844507257,0.0897298589902944,0.0318132729443274,0.0173398756562214,0.03742828551977,0.1460792974551014,0.0160387058781206,0.0641680746561665,0.4527304236740731,0.1114903605407509
0.0084593826663972,0.0048923732296444,0.0120291414189569,0.009941557099441,0.0772441430322066,0.0329594279873955,0.0486827297625613,0.0416626323865803,0.7560896382493395,0.0080389739522132
0.0133606488974145,0.044543766273966,0.0936226163754128,0.0721147452202336,0.0834489262613813,0.0326656549946607,0.0515645701487147,0.0247222246135889,0.5372036104548883,0.0467532365570149
0.0284653760097082,0.0014427572056596,0.1223473316332091,0.0194652481243026,0.0606933196078412,0.0532445338764474,0.0567565842432948,0.0123447235486973,0.429813699766592,0.2154264258074236
0.023166256441994,0.0255253798779741,0.1446726650831677,0.0279418240274225,0.0714782812306762,0.0670137682517573,0.0322451494007662,0.0743863479886939,0.4758255673784781,0.057744760044325
0.0161816465923953,0.0042568955173517,0.1185409966266746,0.052858987905002,0.0750951857196992,0.1451005334515081,0.0517415502173933,0.084308670821021,0.4426815317382653,0.0092340012760882
0.0624235600328077,0.0982045666244269,0.1181482547496498,0.0840225644512694,0.0038128987932142,0.064972079415135,0.036524558416251,0.0063920137500069,0.354452735119374,0.1710467684607415
0.0661081715517324,0.1452356408423575,0.1388966793311041,0.0838388912001121,0.0550316208489608,0.0596308870774468,0.0498445299772687,0.0844198722099806,0.0887129117654234,0.2282807949381889
0.0578095690919837,0.0870148020530339,0.0946866623799176,0.0544129071129544,0.0607259376403187,0.034099966814841,0.097355641447342,0.0208385814305171,0.4462234128398845,0.0468325189949592
0.0214258291881086,0.0528152123633919,0.1279891850797452,0.0891684487953267,0.1487092412019585,0.0730617609819495,0.0222874961142632,0.0098867761852429,0.361790403065065,0.0928656468132124
0.0001720494735578,0.0226005391809986,0.121589868434965,0.03469834209049,0.0270718570366455,0.0935923291860625,0.1095270317194763,0.0365424366831073,0.3128683203384002,0.2413372256929508
0.0195510442994127,0.0185303847890008,0.0702311620339234,0.07556359000112,0.0147130625482887,0.1802462584388379,0.1057112511940415,0.1458487841337473,0.3689049836369272,0.0006994787097874
0.0275370915083077,0.0020082187637302,0.0428955531194171,0.0299179047567786,0.0229477202216131,0.0416629944153149,0.0614648515249146,0.0200777193165888,0.5136517741990384,0.237836171959433
0.0510421875884534,0.0122517075483714,0.1196190245267238,0.0179585625433677,0.079286955434715,0.1017889132772429,0.0434799303732155,0.0288232026876615,0.1166585657133118,0.4290909500312983
0.0698596670010463,0.0285898638885706,0.0943928379200121,0.133943401460567,0.0931680244493267,0.0564920164914708,0.0792811629981388,0.0081903977346049,0.3784929742430267,0.0575896535651729
0.1512782176464326,0.1013150440802497,0.0487499943098398,0.043837237653972,0.0159664886743695,0.0884397393887902,0.1060944614930686,0.0436596407733462,0.2953952505896955,0.105263925110018
0.1467962994623033,0.027360502055233,0.1863942229259371,0.1548845540145309,0.2202779149848774,0.0597525576530128,0.1051962682861736,0.0376264136106596,0.0124219404695389,0.0492893260780746
0.0275827667484623,0.0117924101272002,0.2324271998417502,0.1713305524838493,0.0747185998920995,0.0121699094776603,0.0747445608392293,0.050752932220776,0.1867900109056769,0.1576910572048113
0.0008565480432411,0.0204910328193238,0.2181329303320208,0.0214630241001522,0.0868350182302971,0.0295348975929546,0.0037258340185461,0.0887191070759118,0.2605437273276478,0.2696978802623666
0.0630411236548353,0.0980308440317325,0.1692271609105439,0.1717113190804129,0.0843462889733368,0.0455373864309092,0.1014682438696662,0.012635941334779,0.063476525857416,0.1905251656696791
0.0662403013869649,0.1186353966612397,0.1579416319024341,0.1151737463407294,0.0305484474806767,0.1218724674563937,0.0747149067074759,0.0366131018523937,0.0977195538730325,0.1805404461800401
0.075093435799966,0.106470152575819,0.1252109790313867,0.049185592281643,0.0593553271426952,0.1400051711203392,0.0743803933819658,0.0970960722498745,0.041844696055148,0.2313581801915895
0.0429679599383824,0.0859250562318469,0.2441209062846475,0.0295465909052572,0.1369087751486223,0.0507521554249691,0.0024491244843893,0.0225537486557855,0.0797071518128632,0.3050685308146464
