0.0434079309088973,0.1051512132061467,0.0133220210169851,0.2464123641976427,0.1898462010054463,0.1571493993406619,0.1573153905649093,0.0651122974452187,0.0186859385450256,0.0035972436851427
0.047798411800951,0.0915473300524332,0.0132327472060529,0.2457378392911973,0.1555618837177765,0.0909167787930076,0.1341203701004372,0.0841927034288998,0.1087431934831386,0.0281487420567426
0.0436502767346446,0.0787503548577139,0.0186645206857952,0.2600741508803496,0.1559252352410115,0.103159854560372,0.1616819987526868,0.1125422583584605,0.0649088473925484,0.0006425024479509
0.0038120990961814,0.0273011905316283,0.0160353636864931,0.1472966949543668,0.1397717901845977,0.151245030077708,0.1378464388027232,0.1206059064267072,0.2264518536795323,0.029633632488995
0.0143234421309459,0.0168600369078219,0.0291983409377368,0.2303870841860791,0.2158459506721238,0.1426959004367947,0.1542610124181708,0.1326403514198402,0.0600888429803346,0.0036990378147711
0.0018391270066816,0.0113742145979914,0.002960117379169,0.2521799767289386,0.2182455904281679,0.1479247605296441,0.1509754665516271,0.1629561509266985,0.0247342177371146,0.026810378023986
0.0128282237121465,0.0055179051415984,0.0087959761975358,0.2208960548697799,0.1985064917751972,0.1656746131117802,0.1263966950701239,0.1027270797760727,0.1577195289094069,0.0009374313513019
0.0224953766451411,0.0235173024763368,0.0101901365467619,0.2176404771588458,0.1708523706864399,0.1215144144857447,0.1297051864640825,0.0891828669747245,0.1676474860884799,0.0472543823887246
0.01256949633168,0.0054265044716295,0.0342484566993609,0.2210939564884853,0.2187693932420263,0.1301790738400289,0.1407578910965736,0.0613851579038645,0.1502105419088974,0.0253595279271603
0.0107075622481972,0.0359664765312665,0.0314123425766878,0.2801089088419194,0.2638601541466833,0.1323309570189988,0.1466700625912177,0.0005624312400616,0.0071656470676352,0.0912154576427625
0.0227012323057736,0.0380641963833453,0.0090929589016352,0.298636357193975,0.2838807768634667,0.0763508340659877,0.1120326843826855,0.0423927475114895,0.0287481030654972,0.0881001092246675
0.0178651006864225,0.0352028225541673,0.0039545398891804,0.2667576229809669,0.2435329728900726,0.0964310971218295,0.0768276145631215,0.0668298865942939,0.1292589316607115,0.0633394109622768
0.0214511455946541,0.0155629275374755,0.0158252365950648,0.2955176643150176,0.1972455316643255,0.1534414290682985,0.1096264154567561,0.1079473263327563,0.0428638682957723,0.0405184550424887
0.0240540344362002,0.0370102498337002,0.0042327196377543,0.3472267714299604,0.3695391022976967,0.0737095434352095,0.0369197138153179,0.074414194506808,0.0097226198645902,0.0231710506081278
0.0108938596154673,0.017101869723944,0.0144880771778514,0.3372071260864053,0.3474214202149119,0.0639515836424099,0.09460713403911,0.0223994887550948,0.0473379624724939,0.04459147816068
0.0397466184219577,0.0572692973252902,0.0312754067752671,0.2692235504346974,0.2137496088445888,0.1417579439223261,0.0655845865551942,0.0569234970721427,0.1034870449702093,0.0209824455887178
0.0296896287787626,0.0443575400582781,0.017315758166263,0.3562838453502813,0.2587997677205648,0.1047187692595838,0.0891163738497059,0.001478875234669,0.0831414605367622,0.0150979809441117
0.0069345987780962,0.0148242158392444,0.0200066016553655,0.2506456758083756,0.3710273771935758,0.0389433912481604,0.0467074212395858,0.169591111918431,0.080057184021782,0.0012624221747776
0.0152581784745625,0.0072441044208943,0.0198069433518415,0.2213285174461385,0.2623128179803167,0.0787279809617573,0.0758136082762471,0.1413974076423033,0.1480867636123915,0.0300236777534274
0.0150031501907103,0.0025313687587674,0.0240530657294242,0.2824953770173551,0.2545837493407598,0.0680973379411899,0.1257900326926034,0.0908801565618469,0.1228957075525787,0.0136700541208481
0.0256482257721801,0.0082814196208795,0.0301247566390997,0.343621681950336,0.2357170619034301,0.1357008032579107,0.1291248234088845,0.0234613656618347,0.0356841712366778,0.0326356904323644
0.0039839439756644,0.0106549964568216,0.0098618664404577,0.3039810070790142,0.24235054411141,0.109700016103537,0.0244833799693625,0.1006434829910063,0.1132743785542848,0.0810663842015813
0.0228246986514638,0.0386169985528709,0.0014768036803619,0.3684239019806223,0.2907360834038511,0.0301152904110289,0.0865967753771051,0.0908574641653338,0.0308554187546052,0.0394965649018875
0.0259239413586936,0.0162062150066059,0.0365293054174964,0.2805984969034478,0.2551986554253243,0.0722829754034088,0.0868626797942694,0.0770017307494462,0.128766021606588,0.0206299782289818
0.0207120920643366,0.0103185264225603,0.0448516298210154,0.2780782709837892,0.2977796382301198,0.0049892645013763,0.0287009137163207,0.0692783531150835,0.1499439198049359,0.0953473912013708
0.0158575760767789,0.0219791288175199,0.0207302657828663,0.2665526198018028,0.3192912820381924,0.0822078529295655,0.0662846320520226,0.0365817589433384,0.0789610350435531,0.0915538483959352
0.0482796878763598,0.0006666514644534,0.1182732676277666,0.3131072002811405,0.3231190951134717,0.0094416596850103,0.1189639153160387,0.021662913121033,0.0068260830068862,0.0396595263656083
0.0467947287126647,0.0250303581798177,0.0861707933085018,0.3158543533749882,0.218469337473458,0.0958966906434112,0.054287088811311,0.0631043806009693,0.0917336127597952,0.0026586560139144
0.0812048306365324,0.0806065556713316,0.0765214007486826,0.2578859562317432,0.3493915789415617,0.0214580401291794,0.0864172418708598,0.0337072315288736,0.0073156182158669,0.0054915459019838
0.0312452681458101,0.0216876763460395,0.0508141919997116,0.2349693169958189,0.236733490927424,0.1287183611237667,0.1229934011924019,0.044445125815997,0.0876852950338801,0.0407078723280085
0.053411936846799,0.030167534747947,0.0841045145496924,0.3357540537612509,0.2283984221674908,0.0336906212237498,0.1287557935619877,0.0282262250722912,0.0127706105730368,0.0647202873744084
0.023090238872244,0.020792840705758,0.0809721283546048,0.2479752481547722,0.2321774092446147,0.0964890331298515,0.0826175201652326,0.0543340614667774,0.0841472473873862,0.0774042723819514
0.01802926873778,0.0559633659480609,0.0440671569870821,0.2111482054333268,0.2805484711357735,0.0698864645233269,0.061493264401938,0.1184828920184508,0.0412019942938291,0.0991789163781767
0.0344473838212135,0.0968060591157172,0.0754909985840379,0.2536870081191547,0.2677450020967493,0.0933845177661986,0.0734813019309409,0.0054004074210952,0.0792045751866155,0.0203527458175348
0.0476235478030435,0.1211635342778311,0.094096175507969,0.2767193226062437,0.262959867698326,0.0026307505167159,0.0615362082936328,0.0409851223221873,0.0262459796678632,0.0660394911576185
0.0575510136787861,0.0935936433567353,0.0318382357700041,0.2739111998002019,0.1563144468145363,0.1159560222439816,0.0024452927114964,0.065850575758159,0.0114494275275073,0.1910901421846046
0.0921588820123635,0.0936565287084809,0.0136987091272694,0.157431057194882,0.1738295798003071,0.049044857802626,0.1480582439506063,0.0891935273621015,0.1048586151715059,0.0780699987446726
0.113741461938972,0.1296671549070301,0.0122502549085544,0.1890125772521757,0.1907903364051889,0.056116090033181,0.0355914592206588,0.0135723849026042,0.0294537949366617,0.2298044853461358
0.0615351752088388,0.0863255996944358,0.0012244883489256,0.1995961693293422,0.1249819288214778,0.147871110890648,0.1582796894714739,0.1126819355283003,0.0396418744297535,0.0678620281410045
0.0648114316508785,0.0698427659956798,0.0254765079406622,0.1836470190282959,0.1792439100765152,0.1395310888881924,0.080089308728927,0.0856577315547239,0.0888412269809217,0.0828590090083143
0.097785521763586,0.1427461062838581,0.0263628810693907,0.1845125338435219,0.2312325499768807,0.1062886451063781,0.0928720028090598,0.0804694828338505,0.0183174167960885,0.0194128593474551
0.1429548639320796,0.1944357321727192,0.0524630560055495,0.286128120887691,0.2028529938705924,0.0030675638229682,0.0028853611028913,0.0803060113325027,0.0096218295796174,0.0252844671186704
0.1218719815392055,0.1196108084261935,0.0765053713403851,0.2495003511806084,0.2126079137314984,0.0006450182296628,0.0576347584373852,0.0783346364112156,0.0229996171808932,0.0602895433457411
0.1266948065341793,0.1255615854359215,0.0808514848169774,0.1744514263532632,0.1044267716622312,0.0420641554275079,0.0545142509835541,0.0873859053692992,0.1373390708371155,0.0667105424094425
0.1086455105321702,0.1035207835924286,0.0712998791110126,0.1331028473041212,0.2187485400486798,0.0803995217959881,0.0356050987053702,0.0318912895693947,0.0541913109288735,0.1625952182165769
0.1691787718134481,0.1565541778932944,0.0970505669412654,0.043602247487199,0.010436770733545,0.0121376526046527,0.09368617773338,0.1588837432543431,0.0445932057539247,0.213876685605934
0.1224040724676448,0.1280413585692203,0.0445930108028878,0.1212730231768378,0.2474012792440625,0.0901030280361088,0.035556690923073,0.0014987700424803,0.1609349062129068,0.0481938603441875
0.1035753160675526,0.1208367686854176,0.0128005427113176,0.0802630203542666,0.1492697307340653,0.0699596050607296,0.0238875657993675,0.0675903378243072,0.0650918725896245,0.3067252399955548
0.1002358417696465,0.0916593123071373,0.0180284301824051,0.1654555581445659,0.0507015161672576,0.052084912310988,0.082458496268695,0.0857994079103847,0.2241358367477907,0.1294406880422345
0.1378041604234787,0.1158723440912796,0.0046628941339628,0.1075165626276807,0.0937681918330157,0.2407817735816443,0.0431106074884914,0.0441322115238198,0.0286854436863516,0.1836658103824259
0.0074355588548602,0.0601709734381792,0.179470715913159,0.1186239119257238,0.0728177991985057,0.0995691811874954,0.1549208326964541,0.0523423423373314,0.1449818644763894,0.109666819759514
0.0028898871148095,0.0099541548746167,0.1979518997613659,0.1084044752572546,0.0176312132478286,0.1041274647308543,0.1184259613540726,0.1056969505809834,0.309357784470815,0.025560208295369
0.0634827218483888,0.0436385473684456,0.1410417640829535,0.0663202084829597,0.0385180874097572,0.1069513708585728,0.060689331648804,0.0318975783495766,0.2410342908425616,0.2064260989390177
0.0938644259158871,0.0603106531850318,0.146613488727506,0.051907472755746,0.0479026673871076,0.1214898464428022,0.1522805028607119,0.0893018041431856,0.0871330793440511,0.1491960589695332
0.1345542864954579,0.1623560031580639,0.0983749645322367,0.1401666270313253,0.029361880452586,0.0707542820365082,0.0404900210706525,0.0218857798209879,0.1377890574961267,0.1642670976531269
0.0034501778508013,0.0049084919159643,0.0782677489503036,0.0067502902342188,0.0601949429215681,0.036253250342481,0.0732868939411256,0.0918747580218179,0.2639659685010049,0.3810474770253087
0.0113425288751079,0.0233439747317249,0.0733964399181481,0.098721199104461,0.0967342988906215,0.0033325243493763,0.0152437060804884,0.0516062536582463,0.3992764087551892,0.2270026654628469
0.0506991318702595,0.1059654704024884,0.0549551245890364,0.0339880218170511,0.0480446345614633,0.0299122882232451,0.034947820884981,0.0861168126808844,0.4003810899420981,0.1549896048878566
0.0054942984155019,0.0232630029023916,0.033303637612214,0.0635179622698555,0.0117956581445409,0.1001953981625319,0.1872693553197527,0.0406144249849401,0.4674527350484532,0.0670935269306049
0.0129215446150202,0.0341987292809998,0.0382987720063973,0.0973890061867038,0.1050268697925419,0.0781161815695666,0.0081100500739607,0.0299425818174931,0.3401205003710622,0.2558757640326722
0.0200036414322739,0.0012501250187528,0.0351933379228876,0.005549855714103,0.0403759598535888,0.1116790326670926,0.0545617368450467,0.1074233208317848,0.3928220563036754,0.2311409332040991
0.068461289848764,0.0349579903808452,0.0990949977874516,0.096198328408403,0.0993539893663864,0.0931769677897498,0.0676247286058734,0.0581844285431549,0.2515469160767709,0.1314003629768654
0.0352806980980503,0.0435387225560214,0.0909356122740469,0.034644373904016,0.0364357350435478,0.0526448516375533,0.0964170426376118,0.0244809597855304,0.3425021028954527,0.2431199009403845
0.0067461746284527,0.0667693953184872,0.0698254691083771,0.0253029932759171,0.0487969881680544,0.0387867567483467,0.1643734437664389,0.0087418875385141,0.4375921998438237,0.1330646913160751
0.0662042867766169,0.0775515186367008,0.0564961809601635,0.0062330691389671,0.0726644640976848,0.0066796711419308,0.167175762046239,0.0251760841638603,0.345018294781681,0.1768006680718634
0.0057151482213526,0.0088219696252856,0.0004249970759707,0.0911574657355741,0.1309520739367774,0.0015132909093716,0.0593314657557463,0.0322808542704499,0.2829052586358883,0.3868974756383119
0.0281780910131646,0.0333831248857922,0.0069823348224611,0.0692712282286933,0.0256595343377526,0.1122430068272533,0.1703041583219305,0.195547359254068,0.0980290300247329,0.2604021320801332
0.0481980777598891,0.0024657675049994,0.0090929746583027,0.1360512816029453,0.0016698129216775,0.1281672877756273,0.0529463620157394,0.0250427302460863,0.0957827870403269,0.5005829182271248
0.0293214948538218,0.0054931258520223,0.00808487423876,0.0033835196721853,0.0565201089085085,0.0469512548314145,0.1851718102086548,0.2413501215726853,0.1387606726070289,0.2849630169861896
0.0331979272810971,0.0663620679380325,0.0263634579518007,0.0483071443087863,0.0610572939773292,0.0946400788377572,0.03019997232751,0.052335372429562,0.2308557188665083,0.356680965882276
0.1266023975496341,0.1429116934904381,0.1204558567798258,0.0580851208886598,0.0921236013393051,0.0081928194328905,0.0488303652201817,0.060180344722637,0.1271080274145992,0.2155097730128212
0.1257620641316892,0.1617706992882629,0.1242086410361482,0.0176555327201556,0.0113538834700137,0.0102850056015504,0.0595757927125114,0.1221589944504844,0.3050935457663304,0.0621358406359536
0.1342285391712272,0.1514656152275343,0.1077376505859389,0.0800761287156767,0.0729591739617595,0.092653117749089,0.0633671301435364,0.0324816179256461,0.0907538563109403,0.1742771699482758
0.1417746233669458,0.0822510224904678,0.162280801376705,0.0216634912842995,0.0727045263062299,0.1566044373067828,0.0394216185199725,0.1118030152725373,0.016526282578505,0.1949701811728068
0.0690234217185751,0.0666131489871473,0.0055939176102765,0.0117023753974056,0.2447378036748836,0.1333551862964525,0.0430175530017031,0.1540913285809925,0.258906289719586,0.0129589746133535
0.0224036189679353,0.0096292590373219,0.0355580523645823,0.2006443853030206,0.0955855643179305,0.025974625694348,0.0305382945401453,0.0468616108208577,0.0105181960422302,0.5222863924591588
0.1706312068949438,0.083065152862498,0.2537383628847443,0.0272122025861815,0.0722794274579821,0.0011892185368386,0.0305765102655196,0.0680623899674913,0.2329700721390489,0.0602754558753089
0.0258946741837711,0.0606109565010854,0.0085389659708026,0.0439542957762289,0.2461127269272097,0.2032618785764539,0.0379965132540949,0.0263615871919841,0.2103696559907095,0.1368987451857846
0.0116638434046433,0.0350094803500925,0.0609059673153145,0.0375671887140664,0.2111116912136847,0.0854247299596654,0.2354009428653505,0.008359537590832,0.0178373022281681,0.2967193161044069
0.0432008972883943,0.1322675605552962,0.0184855528566667,0.1045254582898324,0.1658780954656917,0.0979764562035948,0.1419619601402119,0.1260377763386663,0.0800937055853245,0.0895725367278541
0.0334725496609463,0.0676674612748415,0.0044630217618582,0.1012146871672808,0.022135982809593,0.1637781237781065,0.030063952944189,0.0421811100798389,0.380271359710531,0.1547517505517863
0.0489257518837022,0.0361058485467194,0.0384723291090226,0.0460804378051146,0.1968631933604846,0.1632720360097354,0.240656460773132,0.1137998799263684,0.0865742076647782,0.0292498546795514
0.0847101210860433,0.0334292836125895,0.1237913416811976,0.0036135704119091,0.1553972970709472,0.1548460387734523,0.1891926807305309,0.0287275346034406,0.1608796635935269,0.0654124680584633
0.09206635029742,0.0770301056932427,0.0898345174875709,0.0050862457307962,0.0579955933655655,0.1010210537187139,0.1382518486458795,0.1133606297121433,0.230847103287148,0.0945065518539496
0.0918413205696182,0.0587952394325703,0.0590760758920915,0.0282654262131372,0.086317063543823,0.0307763298360726,0.1872539956090588,0.1033997818926742,0.2416450028771088,0.1126297638732687
0.0974049025788106,0.0846088585916758,0.008688639301826,0.0987457030241903,0.1622285427928523,0.1179069714049099,0.1330484978648691,0.098756361666721,0.1937392664981215,0.004872255687246
0.1062437325870378,0.1377990788443562,0.02004436354988,0.0082716886960041,0.0309079720463809,0.0748411270965447,0.1113835026138103,0.110501151820256,0.2453812985322304,0.154626083958373
0.1213803826887273,0.1074439166367722,0.0558425036081628,0.2005078714537644,0.136835716686076,0.0168851705010497,0.0293562996595015,0.0033547670226785,0.1611490507150624,0.1672443207204342
0.1593888014003349,0.2537898798542092,0.0313039477402977,0.0317405002691904,0.0658886959501435,0.084549069354281,0.0314712701039271,0.0087418710085168,0.1111224219290412,0.2220035419999028
0.0017327951685337,0.0467908117386179,0.0936742992719674,0.1100138732932779,0.1288155110697379,0.0722579143505331,0.2141174163769727,0.2226795496421542,0.0661792840858452,0.043738544702324
0.1351795725304069,0.1418712192636187,0.0446927137444026,0.0712233545299652,0.0728623119747321,0.0857025738601141,0.0671589049242442,0.2036430629700107,0.0347171322557076,0.142949153689041
0.0686562407221047,0.12205727891444,0.0599413872861635,0.0541412097891582,0.0574923775354745,0.0292805705105388,0.2364478546316811,0.0791294536508363,0.188575609399332,0.1042780171974351
0.1123791138704806,0.1055841156167376,0.1520067949052187,0.0587541405455876,0.1251291577953938,0.0526226722337023,0.0607677178651487,0.0572835957662205,0.0416114052399053,0.2338612858335838
0.0108871640943894,0.0131380871311506,0.0966908651087699,0.206512955135757,0.1163811091472624,0.2384807258728659,0.1001737056767287,0.0672846793497947,0.1205325056333644,0.0299182026204125
0.0107288350824652,0.0188459403349577,0.0206400406660593,0.1141282129189966,0.0717421913295617,0.1329830496601935,0.1542625411028358,0.047652823945987,0.2918452044347456,0.137171160334836
0.0685260320829601,0.1062540664251485,0.1094848809127833,0.030894301017241,0.0993530126881136,0.1113445765054513,0.1150765594366906,0.1523406537528898,0.1604432405256545,0.046282676280341
0.0447134003280669,0.0358132322652688,0.1068200231905443,0.0785951115821104,0.1504484939516749,0.1470182083430663,0.0554442831100674,0.0515991513430766,0.2546649885850107,0.0748831070241839
0.0371655214551995,0.0731223452536391,0.0642186093357969,0.0971676254915992,0.1030331176985122,0.0205044278856695,0.0463570800585874,0.062474981175095,0.3253900661833563,0.170566225227236
0.123424639163869,0.1220621087358024,0.1621213311694651,0.0694921948822356,0.0305324635653071,0.0477880008428794,0.0247410470890697,0.1138219783610244,0.1610183020020723,0.1449979339856975
0.1074150053525484,0.0792483460456854,0.1754532951169761,0.2677334071469105,0.1249057388728312,0.0067768425858478,0.0575334366281172,0.0482350907903773,0.0955361310647509,0.0371627061597727
0.0551628143851315,0.0105939219576165,0.1690622624856795,0.102379183034371,0.2115046993749186,0.1851757645019722,0.0085570118779149,0.0294699050144196,0.2263074441644556,0.0017869929991485
0.0484752558724912,0.0639645062664303,0.2911185766182089,0.0742537875199405,0.1150653659577154,0.0640300699359355,0.0216856624605146,0.1625564251858327,0.0403615187006394,0.1184888311862224
0.0554912255237407,0.1470975939457396,0.1799388826735758,0.024601881099405,0.1631818776452467,0.0456842865549324,0.1771133294244523,0.0153990457175301,0.0238568034826023,0.1676350735942446
0.0244572018603265,0.0050155651740135,0.1889253568287597,0.1745733716988008,0.0494634806893782,0.145671258025876,0.0458929088509407,0.0906001194987558,0.0541640453912737,0.2212366915569455
0.0663644542776172,0.0260094074851188,0.1383090289618312,0.0971906825934627,0.1961131077044387,0.0183485675638663,0.1209966416812828,0.0971242135937189,0.1796499087266206,0.0598939872279098
0.0841378580034659,0.0385203109348676,0.143670062120378,0.0293234919021522,0.0341849901289934,0.0262393063546756,0.1522238995338737,0.1506085133408503,0.237716401057663,0.1033751664003526
0.0486617449596878,0.0561682798809794,0.098317023813808,0.002211776129088,0.0110803364384433,0.1136588280890131,0.0103347713562313,0.2010533257570136,0.3288748491259348,0.1296390641566923
0.013235682706131,0.000308522007337,0.038851748879208,0.0495137615507693,0.0935866967372252,0.0056419855693512,0.0206669349119982,0.0856638248626029,0.442912789845844,0.2496180525581908
0.0590821586747225,0.0914265609249642,0.008278746075411,0.0146548208162325,0.1959710690189463,0.0049268118465933,0.0336302594172364,0.1108382359240002,0.0843737951436778,0.3968175418397178
0.0133476380691602,0.0172736264362525,0.0097165159814808,0.0558129350362144,0.0359123293427896,0.1102001386060999,0.0274933185417288,0.1443533857815892,0.3261456721957285,0.2597444398079105
0.0691406969930978,0.0999093168097266,0.0504170159555251,0.030264636663418,0.1348072450193374,0.0546092499338302,0.096096331593926,0.0329661982794347,0.210748973050043,0.2210403354566627
0.1189648972631136,0.1483992877886372,0.0529586163854857,0.0072810161297538,0.1028102238136237,0.0430196514783259,0.0099037249069609,0.0114726963884128,0.2693215779350171,0.2358683076988983
0.0004055439558757,0.0458360112134828,0.0306393544019349,0.0717700603897057,0.1216983651612813,0.0612284606839204,0.0140780316528612,0.1616122131884474,0.1556425693416369,0.3370893896767059
0.0976106992923045,0.1212363524029164,0.081324409338969,0.0468842457976495,0.0046482998911143,0.0006818971986221,0.1469426079282018,0.0056859919911375,0.3258432448518026,0.1691422509333036
0.0129991285765574,0.0056379875723024,0.0860444348725232,0.0108810769869524,0.2009074583463148,0.1116686514297174,0.2237537336450423,0.0557363722455119,0.05578332459144,0.2365878314342178
0.0321231173147447,0.0619507616288685,0.0543668324183971,0.0743878268596729,0.1085924301726781,0.107472392353924,0.1000049424263878,0.0033818760822864,0.0067625013154482,0.4509573191128213
0.0278694690002234,0.0797346833243309,0.080698707184103,0.1370623737820678,0.0279590555763827,0.0288126841991639,0.0469392173268253,0.1208073650421201,0.2997025835468794,0.1504138607707324
0.2103385730479604,0.3324814581157311,0.0713317005160502,0.0225445489126792,0.0281543177589332,0.0608883522290373,0.009203325367865,0.0967191524046225,0.1381273389014205,0.0302112323249076
0.0228652962598554,0.0306048285833363,0.0274682202347881,0.1806190769573349,0.2035186073019001,0.0137696914688172,0.0006620715884204,0.3028080342329993,0.0989182735719676,0.1187658992361653
0.0953838837336138,0.0337103474565833,0.06497675221211,0.1033455785519135,0.0523908242977917,0.0187798583227556,0.0922751038043427,0.031839456860994,0.2690222079163554,0.2382759866207118
0.0858597854802239,0.038650705070442,0.0658862398047775,0.0313809762530394,0.0463464791858501,0.0882611710806518,0.1684091753675239,0.183553333369613,0.1215494995980301,0.17010263459342
0.0378939970224104,0.050599310190968,0.0714105822963255,0.2604617689836713,0.0700014281913941,0.1105394150718011,0.1274498200333114,0.0670929094672135,0.0920397634916216,0.1125110049221313
0.0119239885761942,0.0064246889511773,0.0717328676115765,0.0267510684336238,0.1848390806577501,0.0623597670537151,0.0579264734548502,0.0028419378219685,0.1967996428724101,0.3784004843273949
0.0469982978311866,0.0545027749215028,0.0729987256246478,0.0121681237979381,0.2149187923163233,0.10745470462017,0.055908355868634,0.1138406401964698,0.119623771070627,0.2015858135400567
0.1601904247459631,0.1304229050757081,0.1180682971311822,0.00290014539947,0.043030933379431,0.0214945957801911,0.1089571140004394,0.0555835023760522,0.0491340445791914,0.3102180372873337
0.1413372319977766,0.0905734188041467,0.1060374011066668,0.0271489898652244,0.0722488502786121,0.0453933057395863,0.1386127942249334,0.0157663741763474,0.1496731954742456,0.2132084380325709
0.1144362115555547,0.0382451229511508,0.1589499123440562,0.0269242030070052,0.0155251124116539,0.0368975054695266,0.0363971390230982,0.0983605778601227,0.1707646847551864,0.3034995304229115
0.1119335947571072,0.0189979816267893,0.2004379608163338,0.0706026943566744,0.032741773663739,0.0309671790648711,0.0048056534386655,0.0040884787307252,0.2628671248504083,0.2625575584876929
0.0971460975804124,0.0411172574579524,0.1756029450536594,0.0104155622488317,0.0028229678542379,0.044291075642341,0.2144252565235004,0.0826339893263629,0.0714403392250201,0.2601045088262442
0.0824057096011031,0.0167654700386782,0.1409253391281954,0.0695212142089101,0.0535617649640696,0.0716313461570561,0.020141836422792,0.067707503539231,0.2219649426377881,0.2553748731337082
0.0866782443817252,0.0088428112419294,0.1833527571622506,0.1180514190250371,0.0852462162777665,0.04478792232865,0.0306694153365574,0.1160194919162014,0.0315509720306106,0.2948007501145397
0.0241967681476586,0.0676500101825032,0.197832416360801,0.0173451192874552,0.0416565966073503,0.0869221415547122,0.1234409529137102,0.0621536389647507,0.0640141188879531,0.3147882368793613
0.0088734123192468,0.0689382164616674,0.0816285554728781,0.1390168938820198,0.0438658079809653,0.032347791816588,0.006430466935881,0.011184953804246,0.242469902397116,0.3652439987650461
0.0636374005411176,0.1127190761158091,0.0188107638790223,0.1299309289169565,0.0473880661455837,0.0435748993115204,0.0068519888341035,0.0454157766285039,0.2647906647306308,0.2668804346880074
0.0722338427283608,0.1145874776847907,0.0107881815200094,0.0633827414491604,0.0344663383469552,0.0387108344568277,0.0910335685831573,0.0872755008719744,0.3564099157725696,0.1311115984592949
0.1704847198672812,0.2243511006137607,0.0358781931448006,0.0190549946546794,0.0964137290462284,0.017571023254066,0.0888248742426384,0.081692673644354,0.0900749108599127,0.1756537804774631
0.0735749655059064,0.1058093825614763,0.018536679234732,0.0637325204272679,0.0148234551492269,0.0135059601533457,0.0793518500384974,0.0650632133713449,0.2451283189183895,0.3204736544693246
0.1066610721585289,0.2028527333551473,0.0952598515752571,0.0029908072753255,0.1074049302476222,0.0109145157541074,0.1710389511463846,0.057300110428114,0.0904929965199576,0.1550840312696972
0.0518329163927408,0.1188467109502448,0.0474028126331576,0.0872754241439329,0.0147528618945837,0.0009803488757013,0.0647626258181908,0.0302464307292006,0.2590955505481799,0.3248043178466305
0.1088398837438702,0.1936539529730307,0.0348205487521896,0.0586020232390938,0.1470836498346536,0.056918464903711,0.0133163916135237,0.1260638314518516,0.0690029662040169,0.1916982870576885
0.0108826288221834,0.0881160008396174,0.0951338594783978,0.1184017786086627,0.0100847088426533,0.0215365439487333,0.0054296024402752,0.1636599692582704,0.2347502289278422,0.2520046786346253
0.0156551175678507,0.0665468548248,0.0371420082432836,0.1627090604328664,0.0760911278993604,0.0405977439856742,0.090941431824876,0.1472824705519748,0.1673709719695109,0.195663212488028
0.0181177247198599,0.0747805996668364,0.1045336225022937,0.1417289689341488,0.1968668585623906,0.0063716480986687,0.0005403472110814,0.0136758969484904,0.3631712792716006,0.0802130538031473
0.017852166012839,0.0740559395490324,0.0744512264281574,0.1245602307895542,0.0053700405642519,0.1016701443593075,0.0314432550592305,0.1724742327400042,0.3954805657979693,0.0026421984948263
0.0682018399831103,0.0102145256468093,0.0973097781527162,0.0185755835154198,0.036172879456291,0.0293230553541673,0.0518559015875422,0.0987846473269531,0.086810137865859,0.5027516508627702
0.156402811536629,0.1152168271657157,0.1709691685695495,0.0602412538796316,0.0024180782378576,0.0596621135049016,0.0071373527185495,0.0993653239298408,0.1032620868160762,0.2253249834847758
0.0837132745971717,0.0215589364455036,0.1487629387094155,0.0408911638652735,0.0028786536610191,0.1553844512240047,0.0655247180225507,0.0425325740748495,0.2249372423053098,0.213816046955882
0.0852057967499362,0.0311917428820011,0.1264557108959975,0.0642874521928813,0.0276259886201622,0.0748155782521513,0.0234219431952661,0.0186608530228618,0.240079295289248,0.3082556387602893
0.012540703834511,0.0697374344479484,0.0830416543821768,0.0822288479186497,0.092962131319338,0.0461540309789777,0.0009501280760974,0.1009452655956641,0.2066809102246928,0.30475889307762
0.0687735803540816,0.0949349364557389,0.0150790073683776,0.0057672442052207,0.0231231590104888,0.024384004660611,0.0586483725951956,0.0331755662130038,0.2859431823591065,0.3901709466367009
0.0458773826140394,0.0859059719190625,0.0006706646916262,0.0454706939721217,0.0504014202900549,0.1112311041241448,0.0250237608680602,0.086950357311341,0.2968088178043288,0.2516598262721067
0.0675173330802217,0.1161051842346591,0.0328839715748327,0.0022428098404319,0.062635477977434,0.0039957137032054,0.1135290174638054,0.0776878174618106,0.2390978504455609,0.2843048240449719
0.103975724366428,0.1062412018886997,0.0866296667280601,0.0748825103590664,0.0554506533316153,0.0292881016123873,0.0257879000571503,0.0036320991170709,0.075640460758412,0.438471681616957
0.0641857603090235,0.0753705843954102,0.0649415339931365,0.0670372371271807,0.0152211371140471,0.0402256452755499,0.0557378372937402,0.0055502154534273,0.2891379158975843,0.322592132955821
0.0058632642703246,0.0451963524277687,0.0617598898172024,0.0469121152592952,0.057391057433298,0.0151827740223545,0.0363236751888115,0.0988969203509187,0.1652209042208376,0.4672530467373649
0.0934595035348853,0.0836899182855875,0.0382542953411913,0.099893546210822,0.0242801489628048,0.0772106807415132,0.0093690845806963,0.0443725043195392,0.0740551668581933,0.4554151509638096
0.1130821201449706,0.1207402305316557,0.0563362014569494,0.0293331509469482,0.060602917584295,0.0465677256363132,0.0389169540420004,0.053574828861598,0.2559380866320453,0.2249077838881788
0.1003523720060998,0.1633623175959775,0.0049200636631803,0.0676797663529607,0.0838847889881178,0.0389551491929341,0.0299227416296651,0.0283222733272798,0.094481699228481,0.3881188278303894
0.0681297284743123,0.1110529525654474,0.013351222858376,0.0542772050545761,0.0038022581795519,0.0707451138366894,0.0294910765983817,0.0816706708706255,0.2183396582802111,0.3491401131400039
0.1134360391177806,0.1524616274015131,0.0354021688397086,0.0337724990176542,0.0749533415671165,0.005593586074188,0.0541137177277192,0.0465456243620188,0.1058704146652976,0.3778509810556385
0.0931675579444303,0.0871885050436014,0.0715767415212616,0.1318218389141877,0.082991658411515,0.0033143434648977,0.1082253724225881,0.064464965254712,0.1340190131960141,0.2232300036741236
0.0199989904631136,0.0104522646249925,0.0793723507641663,0.0109609078343307,0.098943550710898,0.0318741519668372,0.0476919719521739,0.0952947189820551,0.2294217528387689,0.3759893396798247
0.0721316247114266,0.0732604226746035,0.1011288110006186,0.0416653324765324,0.0100496482767625,0.0542438876904058,0.0855636719558902,0.0112966165454018,0.271829745269359,0.2788302392139842
0.1172679387001288,0.1065008792442709,0.0970685169544084,0.0836230853654853,0.0402668733807098,0.0168961302532355,0.049089327311837,0.0619618106152119,0.0706380189638573,0.3566874190652344
0.1491895424089813,0.1295352638075152,0.1218863803990195,0.0644675461901196,0.0323802045261139,0.0529365538990291,0.0421993367670131,0.0084437981697494,0.1743782412348119,0.224583132439309
0.1494249739264127,0.1353823560472171,0.1434204612236911,0.0252561170373541,0.0278117315660235,0.0240321985174735,0.0229730666997092,0.0059549212881697,0.1969450114033062,0.2687991621712761
0.1329432439408669,0.1138996844873327,0.1328288297146126,0.115025260675889,0.0566567227102495,0.0218230148469716,0.1437368873533749,0.002959978713958,0.0614681996001401,0.218658177807862
0.0797971191654168,0.0327772821766217,0.156653985540029,0.0291415345354097,0.0508065968930415,0.0557833381105114,0.1072317597129047,0.0565090229772002,0.21891460618937,0.2123847545064807
0.086249460062736,0.0883783943829598,0.0651115428917641,0.0022393209085318,0.0601000269107492,0.1199419950907214,0.1117041796336861,0.0007928812195039,0.2201704038999662,0.2453117948074033
0.0206204125243408,0.0235212535046367,0.0251002777170557,0.0250424297698581,0.0326785391953378,0.106950688392141,0.1002267061769731,0.1197070375696436,0.0196267784759508,0.5265258764419584
0.0629868187572602,0.0152704353622958,0.1079235854485083,0.0317519785924299,0.0333518804159771,0.0175454890571571,0.0302392952802545,0.2321035401250576,0.0689496191208334,0.3998773576423372
0.0561257543054371,0.031349589598653,0.186087388623588,0.0804120633417128,0.0897411084417751,0.0045739021089716,0.0536058797073712,0.0071618918143732,0.1266261568938772,0.3643162649300864
0.0130450527182079,0.0107047452516146,0.0975768123578866,0.0418570762421141,0.0155077651641292,0.0694978171640922,0.1094549237449885,0.1903928252518932,0.1450815919048856,0.306881389948877
0.0214172650129523,0.0639787185203447,0.0498313539260107,0.1140808252418413,0.2148217352539606,0.0327448176070016,0.0114793140644309,0.0048335719762803,0.2516189556836047,0.2351934424928416
0.0689212558230434,0.0711685507491703,0.0048043524442175,0.0382030930261878,0.053472580167828,0.0173159643855671,0.1593335964606538,0.0754206145623978,0.0990624284951577,0.4122975636907209
0.0626841478285943,0.1180195185012783,0.1158797230160907,0.082669889345729,0.0440164036869143,0.0046324792634332,0.0916416347831015,0.0929061024727533,0.0943363265899516,0.293213774146872
0.0861406810007777,0.0740927800576667,0.0340763543687014,0.0341157474699669,0.0096912366477684,0.036545914358038,0.0476721582813881,0.0731516265314503,0.2949310529298274,0.3095824481275193
0.0610820102386868,0.0415826721553219,0.056743232811099,0.1806914268805408,0.0906350047569342,0.087501627149663,0.0131623454304312,0.0303918271983853,0.2289104440078082,0.2092994090783431
0.1174038486455702,0.0389951947070775,0.054072023326527,0.0424975963088701,0.0476088005838049,0.1273689996328335,0.1094511089873093,0.0230182579084525,0.1325100720666018,0.3070740976181307
0.0207112774961214,0.0162976805077964,0.0353020506892598,0.0334772273153848,0.029724760905247,0.0895485009347042,0.099393097108885,0.0363351354554043,0.5654285398381254,0.0737817294926759
0.0871247394074444,0.0581902933041542,0.0603282986935117,0.0337306178180647,0.0661532664792687,0.0867195436106197,0.2443228391441447,0.1370595500107605,0.1376278903641934,0.0887429608549021
0.051451673682349,0.0315893529949322,0.04323887193068,0.0500664941835615,0.035846132076688,0.022655265090631,0.1906590550685863,0.1190145947677626,0.2862940341892079,0.1691845257774596
0.018619179604772,0.0870682508217236,0.0570319340876225,0.0580498189933284,0.2135048029585888,0.0660177682038974,0.0453048661574337,0.061677596695365,0.0981146294356991,0.294611152755401
0.0162701829760648,0.0645579101422641,0.0374009134662417,0.0833859725814682,0.1291558652860614,0.0463849659540859,0.0543196720510665,0.1327130510929374,0.279654658930515,0.1561568073511301
0.0041031841333798,0.1278605032190434,0.0028827751821417,0.0147778096854927,0.1013722701158776,0.1409305022145907,0.1097869700839639,0.1445876076628721,0.1848004181168575,0.1688979593584549
0.0117368014280802,0.1509176432064242,0.021205143536199,0.0495346955950953,0.0089009534442761,0.1095267623938806,0.0301349172840575,0.0639809148706849,0.3201331259716891,0.233929042042686
0.0154600780353045,0.1167606921655836,0.0229343213251359,0.0193624273703103,0.2519100183869724,0.0449158246194948,0.0562445860734583,0.0528077087594289,0.2988473587038484,0.1207569842501287
0.0263993467233496,0.0496138992939957,0.0435603988468949,0.0597256159619899,0.0045458344369933,0.1888557837236192,0.0029320150383888,0.0148137893680384,0.3935669627034932,0.2159863536200116
0.0370964994953267,0.0044046883894064,0.05266894092206,0.0084827241281247,0.1065602728140026,0.0323330272635034,0.0488031483505035,0.1092993005280073,0.3668490635390555,0.2335023343518501
0.0132927188893246,0.120985291185745,0.0086150276358644,0.1355964990793178,0.0344969442247684,0.1096239765527739,0.0624259423617472,0.0641189085336093,0.1265932341200855,0.3242514571558295
0.0278948842691783,0.0942772844780618,0.02014794443948,0.0891129516453923,0.0452684416689032,0.0816059458630901,0.0455551778413613,0.1324436414537634,0.2658496192175092,0.1978441088317097
0.0147905476837736,0.1086655181992093,0.0012205776323203,0.0819363589824294,0.1257307543817225,0.0333705982252402,0.1434394761456362,0.0396524333356733,0.1271916727453338,0.3240020623856268
0.0441390877847373,0.0608979787611566,0.000349104692292,0.2342325969829181,0.0509010291201471,0.0060551400087485,0.0233625538028962,0.0750001861740445,0.3700617505192584,0.1350005718813257
0.0656203479406006,0.0585404321222749,0.0697906538809563,0.0303725701276835,0.0113972804506748,0.0903813873004304,0.0199394754645625,0.097223673079501,0.4180290746512465,0.1387051046459781
0.0369977747612695,0.0664547393670155,0.0936370616999967,0.0289386083833882,0.1349521326402676,0.1089875744703779,0.1879127143655471,0.0965744694087333,0.0551513299417367,0.1903935948030531
0.0387911042628727,0.0284578595921122,0.1128344444131577,0.1886385473301274,0.1057761067165177,0.0566457383884033,0.0413991428185031,0.0242834572811045,0.1218293233964113,0.281344275580016
0.1004902837476976,0.1056430671295425,0.1826881440220255,0.0201556498893003,0.0372108531681176,0.2139470224268492,0.0404060404265311,0.0116405194358435,0.1888105215867186,0.0990078978501163
0.1242338066120618,0.0705626680496804,0.1650192880272969,0.1163192090455237,0.0097008969996814,0.0525073765658238,0.0569763112570982,0.1646318794557101,0.1102842748199066,0.1297642888223459
0.1082203761278491,0.0081101273368859,0.1087681094809848,0.1293521696456292,0.0480244644394724,0.0740551019128937,0.1142508112735621,0.0637577586976529,0.2071420406550665,0.138319040050849
0.0420201873419826,0.160288670618336,0.1349577651578815,0.087257234903185,0.0448458334312084,0.0612797765268008,0.0461100782356216,0.0356283942975289,0.0448275141284285,0.3427845450781608
0.0472387132619322,0.1558288090795848,0.0795008487201403,0.0576470131492719,0.0261384392605801,0.0220946422615355,0.0591531272425267,0.0146957681772374,0.2466506722813009,0.2910519663779029
0.0722193118329041,0.1398068072117632,0.1613848993065766,0.0785982879439411,0.0384775657067055,0.010504817122672,0.0493307403117148,0.0636496103568027,0.2145530818471059,0.1714748782001155
0.0808837321669376,0.1153771476498601,0.1658974553998428,0.0677314015874772,0.0352888721819267,0.0180229251403598,0.0720397532200235,0.0052576292139678,0.1555948194724679,0.2839062638280902
0.1139877952902414,0.1400374231397222,0.2266897949875594,0.0676513869992994,0.0312043433031765,0.0466331224248604,0.0724868325118541,0.0134504564597122,0.1622336113871558,0.1256252333529832
0.0712460646824797,0.0883362551113592,0.2095616672152868,0.0665734596801217,0.0818716677519698,0.0233232031430739,0.0082234196812505,0.0498815797731938,0.173441194127384,0.2275414886892109
0.0763663749446642,0.0827172155879881,0.2476521024914036,0.1040695707347725,0.0680574972913435,0.0527913533694922,0.081528575587805,0.1322095954238985,0.0320233224029846,0.1225843919913085
0.0399887575409839,0.0238867379151167,0.173019675101452,0.0598853632533464,0.0313533274211641,0.0836995390552651,0.0177821409332078,0.0095665977621923,0.226107568833446,0.3347102919985311
0.0065404342182277,0.004534784314466,0.1562907772798355,0.0309916432538681,0.0716691253600875,0.0256967122896276,0.0963123286669818,0.0425396313316899,0.3210707815488,0.2443537815624943
0.0640305651738438,0.054730057092259,0.2102994474599657,0.0930708750508684,0.0051393077507187,0.0511163640406562,0.1711826062750173,0.1047842218036929,0.0101332027322901,0.2355133524762401
0.079659812260167,0.1224982371326839,0.1749372404955059,0.0353717233238976,0.0553684414844197,0.1266742969046723,0.011005364827816,0.0667369960354974,0.2504452225997817,0.0773026647376953
0.1004563868060528,0.1677423456085034,0.1194975778980573,0.080950402699438,0.0167939493494981,0.064394906341124,0.066098439641336,0.0372513882578717,0.1276031065004734,0.2192114967508535
