0.1063888682785028,0.1578018085741416,0.0705871784396131,0.0549661236939525,0.0555060735165384,0.1407267997044264,0.107654038364685,0.1041359278163685,0.1472802083243292,0.0549529732229991
0.0869273772372089,0.1543292483397787,0.0342789429694204,0.0887819847471533,0.0440776337276898,0.1345198960062262,0.0976684076071252,0.1389133054682829,0.1729759274198528,0.0475272764075626
0.0904685427964321,0.1438196410177897,0.041653562896634,0.0420150048664893,0.0469491249053797,0.097155576731149,0.114172777395175,0.1457926316780959,0.2055351683734128,0.0724379692733084
0.0851044021422105,0.1332904884134967,0.0374461736973554,0.0391762951342105,0.1064246052725133,0.1190958102472174,0.1164474677548088,0.0937686487163812,0.2542228993283736,0.0150232092270328
0.1119571798426094,0.1576310514447636,0.0684606174188988,0.0837914530128334,0.1022690618850634,0.1211202894325275,0.0977261939137087,0.1350927257389383,0.0433700938526905,0.0785813333874448
0.0916381743255444,0.1394712697022993,0.0451795456503585,0.0848037423843935,0.1394550404321755,0.0712131908940872,0.1106569063394646,0.1169580892893984,0.1207227590580588,0.0799012818457408
0.0934294353493365,0.1343280844889162,0.0447782560782506,0.0610859243982816,0.0641765355015151,0.1092187325199622,0.1076991692516879,0.0751488458240925,0.1715256867227932,0.138609329806949
0.104119169737211,0.1471174687671249,0.0644502552104382,0.0743833219905216,0.0891197836608145,0.1006840533643114,0.0645743993903489,0.0910781485554021,0.1695946456158753,0.0948787536420938
0.1082720730689947,0.1521194794210202,0.0641927478255122,0.0838056426885063,0.071282255509385,0.0903745085181402,0.120530892781374,0.0857045856305046,0.1462718220705702,0.077445992423361
0.0990711028161741,0.1400775989890628,0.0471324566724528,0.0910602274184953,0.0959418609287897,0.0800706383475522,0.0755254006622594,0.1093310370595463,0.1948683653850051,0.0669213116671825
0.1283827640209708,0.1682561807104142,0.083708094021272,0.0806970220655142,0.1045446083933634,0.0658708083411628,0.0759897174918038,0.0490524110054968,0.1500199920753578,0.0934784018112381
0.1185388315626278,0.1667719149104625,0.071962394419742,0.1022426841323845,0.0641746729548519,0.0623947873930374,0.1104080980280374,0.0460094033681186,0.1629560371796845,0.0945411759865603
0.1087384087584849,0.1312156164084803,0.080472910333629,0.1074272608875667,0.10437942950279,0.0621854978520372,0.0753136437216415,0.0685959945077229,0.1865743130958407,0.0750969248748937
0.0975560893151057,0.1223002324732528,0.0742887795797746,0.1150873990105075,0.0963300326021213,0.1010493232882708,0.0868987314445693,0.1340483000280584,0.1152662496486214,0.0571748625445807
0.0912126632767636,0.1173155711741877,0.0672044758291215,0.1267382396586326,0.0976879856625964,0.1087782284852063,0.0398038913241721,0.0832996179055155,0.2530398803361015,0.0149194462836188
0.0829857798205709,0.1251983136177709,0.0626477769415654,0.1256037190805678,0.105539882148396,0.0738155156952645,0.0611864253466418,0.094347589406463,0.232441608655072,0.0362333892156911
0.1058271658417758,0.1569690920592348,0.0692337053536061,0.086000260534335,0.1198954257368698,0.104519741870366,0.0556790423721186,0.0292156649779775,0.2373390050761904,0.0353208961030418
0.095673013656102,0.1605808368880798,0.049645145849469,0.1079646923085185,0.1423890524151762,0.0768371704029339,0.0902141596932782,0.0268824901305655,0.2168771714117413,0.0329362671611053
0.0751019251228082,0.1300131279000923,0.034171244406731,0.2020610153881318,0.1611183934352291,0.0738826305503503,0.0509727119567339,0.0725654030917388,0.1671100712932715,0.0330034767727041
0.073840206549195,0.1394198997775155,0.0261259341883044,0.1576769610905004,0.1283655904399211,0.1003308640195542,0.1054088128901634,0.1122516280373077,0.0890048255739004,0.0675752773406892
0.0774162489639015,0.1179984498673678,0.0338212194571982,0.1328532189852561,0.1552046841444018,0.1128631134483488,0.0504299709797687,0.0474077959011171,0.1682507083952756,0.1037545897715007
0.0517834439546488,0.1062661933835338,0.0011854456987542,0.1357526574351016,0.1155700893796755,0.0443248224285986,0.0362414898370706,0.0523479061056726,0.3186557851410587,0.1378721665493802
0.0774687089541605,0.106958364773497,0.0453710003117021,0.1657455302828657,0.1471291701155137,0.0377205712355125,0.0571016087929135,0.067612317968863,0.2448654683292347,0.0500272591488882
0.055980485673157,0.0854190946989061,0.0314943268001936,0.1994150234506716,0.1590709907541304,0.0642259176765124,0.1215035283107726,0.0806175526285327,0.0839406129595614,0.1183324669562543
0.0247743283971821,0.0522609653917094,0.0071716485593979,0.1208202968737829,0.1839359292067538,0.0449211916042141,0.0717169778672484,0.1024312235624603,0.2838342828800402,0.1081331555612247
0.0503908688297523,0.0772050732664283,0.0371181343783947,0.1827350017674248,0.1715669572802198,0.0485121560124999,0.0802171557831506,0.058395899977235,0.1689691455064304,0.1248896071086686
0.070251064956389,0.0880710347890492,0.0679501001459173,0.1803222681097795,0.2046100489131765,0.0558060609098056,0.0106650910981818,0.0866612814550549,0.1322650081343726,0.103398041387482
0.047099661080977,0.0454398324404968,0.0706599276378655,0.2134583360108577,0.1673093372359536,0.0289419744588277,0.0177863343207754,0.0604631902627076,0.1447792525213492,0.2040621539302355
0.0175272872874585,0.0016872054997899,0.0839380711549869,0.2214371750324981,0.1617823721792615,0.083732748433316,0.0225974024895999,0.0148599992557258,0.2268513684995714,0.1655863700421292
0.0284672869890463,0.008809792291801,0.0772685555557576,0.2135167146672236,0.1397544082980199,0.0800532300587938,0.0175588830434039,0.1024492518551573,0.1835372669639498,0.1485846101526432
0.0352459294747839,0.0615748301178802,0.038579665894607,0.180773136956099,0.1030645128080717,0.0378064384033171,0.1045754507262373,0.0501652496896767,0.2288382142862562,0.1593765715508707
0.0038479532915876,0.0507474274434062,0.0880341242693861,0.2278426556344594,0.1377463931815534,0.0059770015589233,0.0671370199873217,0.0645728430312624,0.1778082053229293,0.1762863761566598
0.0329650221566828,0.0806648830414586,0.0914361812898809,0.1350138972773066,0.1832246112210899,0.0247888428013251,0.0142969179555653,0.0243640522239244,0.1622614538801412,0.2509841380287844
0.054936229684156,0.0899995595194065,0.0649650587427508,0.1542571346679571,0.1342182278098171,0.0240729273578951,0.0073936202597513,0.0623888388278645,0.2480850990942978,0.1596833039169166
0.0391788839477787,0.0694119174574846,0.0689900890341491,0.2012313659999194,0.0431496836154798,0.1408197115414667,0.0157465724164556,0.051832067442776,0.2489134306319132,0.1207262777889286
0.013649351811556,0.0428149959227449,0.0613782347135082,0.1626891565067133,0.1923464485395006,0.0373486774497601,0.0638681029669103,0.1096524204869143,0.2969078877104129,0.0193447237781999
0.0595403032288976,0.0748665853015949,0.0417514044970781,0.0884924831751673,0.1371117775181907,0.0468262225414411,0.0202284858960083,0.0834276104126546,0.259023801216661,0.1887313260669621
0.0756312821823181,0.0844656649978685,0.0080550208448261,0.1958838042147505,0.1777131000761459,0.0925198889043887,0.0803061044261271,0.0893917917462441,0.1810830019736723,0.0149503404857783
0.0741818292935071,0.0712043026962627,0.0139681939984089,0.1504183855424037,0.2540397177622808,0.0545850072060211,0.0360483136207425,0.0977917746760686,0.1552578203023136,0.0925046547641247
0.1310196723163141,0.1421177742021103,0.0418016461076014,0.0966193494559736,0.2085261824789955,0.0410687372283453,0.0762115475120699,0.0088695204374237,0.2396022460437119,0.0141633240806741
0.1591746364046979,0.1576797955927583,0.0800458266952825,0.0997521202303901,0.0943943781393096,0.0753414780236196,0.0124755690222393,0.0554304008524691,0.1708325314533538,0.09487326343841
0.1516779335844728,0.1257177432292748,0.1086558744547261,0.1333875483272854,0.1462904120334423,0.0045742144807882,0.0254765861898552,0.0294558093128832,0.1185244419838413,0.156239436287736
0.1498242162979122,0.1240110645591525,0.0916393963224241,0.001847982584339,0.0554492465644799,0.0499287750511033,0.0745675826816142,0.0548774636932029,0.2670283823506083,0.1308258897106606
0.0669420356170122,0.040544312680181,0.0219177124194787,0.0116530489910872,0.1189545484208689,0.0990192809071392,0.0879215358672819,0.0507599504190835,0.3271601571900021,0.1751274173199672
0.0268761489506216,0.0063632536728608,0.0196639832510017,0.1576712200630469,0.1045846913934884,0.007357726698014,0.0519933942674117,0.0237830448260779,0.4075734716503103,0.1941330650833671
0.0228190844801794,0.0436221638620459,0.0705025365524259,0.10395427655297,0.061365114637888,0.0051699822758411,0.1469074803083918,0.0187547975869651,0.3969717819173477,0.1299327816488354
0.0233049507364501,0.0325673458153082,0.0988003899526763,0.1329499432637847,0.2100644396478802,0.075633333877763,0.0083546788097266,0.005745629269404,0.3861758027366148,0.026403485744681
0.0431117057880176,0.042852623777155,0.1063240997962757,0.0113357839341173,0.0445642849754989,0.08202589804503,0.0350033307400925,0.0027694244144956,0.4351867664707717,0.1968260819159915
0.0577574387224939,0.0399586970855889,0.1378706926751596,0.0248378015511281,0.0380729119321633,0.0081999165600013,0.079840855632112,0.0816212923310912,0.3152662535494582,0.2165741398279505
0.0661864604640636,0.0404433702036983,0.1450293539805108,0.0309544415592552,0.1113553394811268,0.0107101820255738,0.1049082652549703,0.003914447949583,0.2156221933770724,0.2708759455720738
0.050052218477644,0.0028056134790594,0.1836299705877712,0.0270102392409402,0.039429428431931,0.004850661302372,0.0566554940698432,0.0169037970607867,0.394511003513452,0.2241515736909068
0.0520748530782689,0.0353715301324143,0.1443899740894796,0.0484581565012565,0.0440722490426241,0.0650488376988085,0.0487418870972069,0.0770804666739954,0.254320099021382,0.2304419465580422
0.0768577713414769,0.0254320176153889,0.2139289119195169,0.0543708632504552,0.0035488198240162,0.0231290972292307,0.0198331363407388,0.011733332087784,0.1841999941576541,0.3869660560899658
0.0816538602555983,0.0637939175580708,0.1710920194433104,0.0530341342168917,0.0220705334414423,0.0134080797256286,0.0419314830157125,0.026674648861851,0.2672183717878626,0.2591229515667096
0.1411508038720362,0.0977852402653106,0.214629179075498,0.0391913041186468,0.0130658067932806,0.0841475900216916,0.0361713611078932,0.0148422289083109,0.1867489306870931,0.172267555039479
0.161529811175194,0.1197175274926468,0.2242897611975445,0.0101401846834818,0.0591641832476666,0.0294363502803975,0.0596691958644728,0.0372272595144605,0.111078362825175,0.1877473636152668
0.1597848983226366,0.1040609553441914,0.2285339609348315,0.055117544823304,0.0329119188358269,0.0274477012327933,0.0071228876108063,0.0472392757471752,0.2184779415373439,0.1193029155078464
0.1655555692221428,0.1026801848597855,0.2751114577473801,0.0107212859583573,0.0436656497791574,0.0286040062178123,0.0146214520278471,0.050665846115827,0.1210691900651582,0.1873053578769772
0.1332797028904897,0.0724251260268468,0.217136952963066,0.0181840766735487,0.0314019837526079,0.0439731608222669,0.0661828610418984,0.0018983881701455,0.2933944774056124,0.1221232701305131
0.118553311373505,0.0779497445605147,0.1838420724156766,0.0235668439396969,0.0733897591263394,0.0115191932076463,0.0432109726657035,0.0501208785618267,0.2027632456588214,0.2150839783682241
0.1109222000795321,0.0738849864224531,0.1828767795757731,0.0612483603260851,0.0171060478285867,0.056450585373776,0.0173272713183998,0.0717627061244975,0.3031059697479483,0.1053150930418436
0.0913801498218398,0.0600879193184189,0.1770898566229991,0.0557259727237655,0.0075217522254924,0.0167868146334098,0.1061577061778201,0.0093959564592518,0.2793783905276629,0.1964754813393121
0.07871826500996,0.0577098529089636,0.1288968529155619,0.0332562091987588,0.0404536799493698,0.0002284371128549,0.117742763861223,0.0550666270658453,0.3118842126557325,0.1760430992049489
0.1113744435403331,0.1173470073939602,0.1115091925744186,0.0089560029805841,0.0484948317861815,0.0204423238457441,0.0119138462781502,0.0266551254549866,0.3455087547488695,0.1977984712654711
0.1146401750237031,0.1213482174915697,0.1278178398577819,0.054769184816248,0.0335170446108304,0.0469353747376501,0.0361303654512234,0.0291173098983025,0.1791213439465664,0.2566031440443057
0.1698498209845787,0.1595845804421421,0.2038372535325428,0.0102684524260588,0.0214780091800196,0.0019547141382665,0.0625911006119578,0.0083793871171865,0.2459349963233758,0.116121685073133
0.1021561445441901,0.0869850068466887,0.1588269231263489,0.077322834610807,0.0803368052017806,0.0736769883353566,0.0113298409253161,0.0007720239193272,0.2112350954996883,0.1973583368392905
0.1081070453862876,0.0629222578673016,0.2462006153923698,0.0946005565932024,0.0363055656093622,0.0206423600515089,0.0046281830490206,0.0249760411748687,0.2077198308261831,0.1938975438767122
0.0353925249194254,0.0798269188983566,0.2185902721462079,0.0292630632067865,0.1059033657820284,0.1759288592896391,0.0222060684788311,0.0468965955824855,0.0939502369978352,0.1920420944819013
0.0685641151685904,0.0477732104447229,0.2185283604511239,0.0327217278768033,0.097529997481783,0.0585629693103923,0.0294371418438111,0.0550738904754517,0.2523954934955896,0.1394130932686732
0.0041188642642659,0.1104635005185794,0.1851820385035082,0.1073737790653312,0.0402405058944973,0.1548665550319871,0.0644420923579147,0.0278823245684037,0.1939416984798918,0.1114886411410045
0.0180499038549576,0.1224470917098371,0.1841910762887997,0.0888131489205251,0.1675743881443527,0.0455183808484689,0.0419959911673405,0.0229465985093973,0.1153737587499217,0.1930896616063643
0.0251590879824445,0.1558919845845046,0.2385515264351279,0.0383617240863169,0.0928233795012407,0.0171269588103875,0.1085484810784971,0.0674534420170799,0.192569747189415,0.0635136680790865
0.0527944375368667,0.0644461476314779,0.2638687602125067,0.1110842399907956,0.0078091926593417,0.0046707229024595,0.1178602603205933,0.0556169977595904,0.1070681936689287,0.2147810470132587
0.0017213068361142,0.1154073152401697,0.1927133431005209,0.1539853020745474,0.0636808019094325,0.1460172677534684,0.0333632525497012,0.0269528079841103,0.205899359481009,0.0602592429053503
0.1420024760198867,0.2807040426999787,0.1450945428066445,0.047727451852979,0.1059105045037687,0.0781522787322677,0.014129818733154,0.0782051342333087,0.0864998408207075,0.0215739093798347
0.1236777228863939,0.2210979398035152,0.0913846097788396,0.0490168379703615,0.1464522007627856,0.0855229335788296,0.0253142080633218,0.0247834806412704,0.0618555089655987,0.1708945573312998
0.0910671655007083,0.1778538887921901,0.1186741808212943,0.1043729841657175,0.0023763759513861,0.0094402965166301,0.0907109923781132,0.1366972880662635,0.0655224499127792,0.2032843776863357
0.0496981573306182,0.155898844178277,0.1856915648595854,0.1052233939569229,0.0374283196017131,0.0427721066903442,0.1021501896023493,0.0721762471400117,0.1803868940337064,0.068574282353358
0.023976201002699,0.1048490385655702,0.3307186822695337,0.072603298693007,0.0088548641391406,0.0247058560485203,0.0064658632378569,0.0947885078466817,0.1048306934896952,0.2282069941490999
0.0321973359700575,0.026563064821793,0.1532673654275016,0.037485307902121,0.0638653187305029,0.0640008708328333,0.0509320565120308,0.0933484536012471,0.1343151903670149,0.3440250355218792
0.0490617772815531,0.0443784981581783,0.0771193767992132,0.0966707756512294,0.0453198475426583,0.0037297595269069,0.109008037166323,0.141547111735862,0.1813988261543795,0.2517659898036414
0.0454877875443366,0.0486578400005068,0.1826667688983652,0.1246620008185283,0.0644361455580664,0.1652060699702092,0.0705790917737883,0.0857964292332043,0.0311495464544108,0.1813583193989649
0.0593259851558382,0.0323786214400415,0.1201442785109816,0.0960115855593429,0.0713927645976402,0.1749917306386963,0.1156539028207424,0.0319019272346036,0.0379524192995057,0.2602467845396223
0.1248949989984988,0.1174439664036469,0.1435298894886842,0.0253890310401151,0.136584447659454,0.0332099745433181,0.002757569930567,0.0302844831512744,0.1969513589669582,0.1889542796114683
0.154620346109508,0.1375299344190607,0.1620438877605184,0.001057341358683,0.0538097656690968,0.0594640630896041,0.0153975803917752,0.0517514971382501,0.1124761104742769,0.2518494734116558
0.1047467031307911,0.1018759542709746,0.1292636908703713,0.1150969481552909,0.0008532061235723,0.1689302153079355,0.018377684122362,0.0560404232221598,0.2004947193955979,0.1043204552046745
0.2141470359710571,0.2383522157656186,0.2248350758472034,0.0147981994037216,0.0112662776314518,0.0292810420343192,0.0095368493623634,0.0337499167922157,0.0880704611229833,0.1359629257219893
0.1370099719580603,0.1146952308118934,0.1903578186243946,0.2329777562394378,0.1056476376325194,0.0604540922929326,0.0517426331358612,0.0226046287083728,0.0700891388502503,0.0144210914123201
0.0422892600151231,0.0270311883093703,0.0915466388233241,0.0572880784821109,0.0659281510541678,0.0466634359138291,0.0288086836502422,0.1002197428471847,0.2973984040991302,0.2428264166459442
0.0978810384717673,0.0510504808609405,0.1696097022759045,0.0013334600743776,0.0026287629576361,0.0370859237177697,0.0410038844761516,0.0414085341773197,0.3811385137123019,0.1768596990876531
0.0774406040338552,0.0570241006864161,0.1272242530578201,0.1621456716983054,0.1230598192775994,0.0494465865555239,0.0383582347955775,0.016759897388697,0.2538184079617905,0.0947224243278837
0.0323929991592124,0.0373837876854443,0.1138580337132825,0.0307136444145653,0.0602420037197514,0.101007718745464,0.0336256804472983,0.0495780117782089,0.4157785546113602,0.1254195655067412
0.0556688916922254,0.0859746108146909,0.0780231889280611,0.0779703649098038,0.0489043963183988,0.2406709203130465,0.0603890537114737,0.0464881611068925,0.1435349933003333,0.162375418675485
0.0365940794298094,0.0663403382813477,0.1250887888434596,0.2532977559165231,0.14549778368577,0.0352002679153913,0.0423677221274416,0.165102523614919,0.1071532393439439,0.0233575005015346
0.0668031408900049,0.1012196057631693,0.0679070700968755,0.087650649424922,0.1486336763171344,0.1602851064002625,0.0078438141289066,0.0636959204808658,0.0864602400697832,0.209500776141195
0.0973279150652266,0.1679346853416274,0.0858750463564047,0.0279473486545094,0.1324364425221705,0.0569022549938983,0.0510568912361378,0.001922518742696,0.3051467134120046,0.073450183370969
0.1363493098702189,0.178052412823131,0.0231127755742162,0.0455678398772529,0.0195744818621849,0.1492780842554487,0.0490110666904958,0.1021980427399541,0.2289815164506602,0.0678744696138258
0.0682393580433724,0.0802789910830038,0.0151880001384338,0.0403954872552822,0.0447342623344505,0.1505832892171257,0.1358331907449464,0.0221489500217104,0.3393214416483694,0.1032770293605008
0.147331333918781,0.2169514613682769,0.0092585035192357,0.0008584159468178,0.0876123049800094,0.0396014499059153,0.0683893484841331,0.0406821114112722,0.3655457265140895,0.0237693437259857
0.0224792321118939,0.0112513208456656,0.1228938619074866,0.0523418534523909,0.165748952493914,0.0353170759098604,0.0076859910080402,0.1775520433575075,0.2300978135237606,0.1746318550918798
0.0876010530809996,0.0634071624986038,0.023324878110012,0.0608282689605132,0.0994445421340381,0.0142411833783581,0.0366375905708191,0.075127188557244,0.4695645215262205,0.0698236110086646
0.1091177001715529,0.1059593389025924,0.0059807612864265,0.0484496818946386,0.048234804887059,0.0605928135930648,0.0259241506703062,0.1816807211582293,0.3655558437541726,0.0485041834428959
0.0478002152985943,0.0028632731127452,0.038382124261292,0.0797402663098806,0.0832454920016088,0.1290733154570741,0.2089663146355586,0.0990138581838809,0.2442818960075419,0.0666332445684582
0.092338580331579,0.0249461740760602,0.0510119509540934,0.1946733024286896,0.0290922859388309,0.0007560380067187,0.0618872130732116,0.0907706532982271,0.284982145900907,0.1695416557419323
0.1384548221906963,0.0196203871177458,0.0684234304999362,0.0048559273924693,0.1508995370983809,0.0276563287210092,0.0547897793581813,0.0825579768625008,0.3773187544687993,0.0754230559703142
0.1710845230282835,0.1216263249453963,0.0884927010668621,0.1409008069038525,0.0729676598968665,0.0362884978195931,0.0120648088893342,0.0530148577521021,0.3002931369788633,0.0032666824781652
0.1604876642838169,0.1241306696232607,0.0820823325768944,0.0511139859370604,0.059411993747699,0.0061777491207919,0.0249956174884032,0.0945140324970296,0.2726366172535844,0.1244493373215469
0.1217111768173088,0.0964585628775038,0.0589745072989645,0.0826393284277055,0.0773246183158317,0.0761993491965976,0.0177897565520081,0.023537457104576,0.3916985837039985,0.0536666595738942
0.1741780135716813,0.1516238225327967,0.06419891833122,0.0626150400124452,0.0916438618537241,0.0346107710744756,0.0008583454956597,0.048420496497045,0.3030030415231446,0.0688476889189407
0.1207400613210492,0.1164399132478158,0.0225651016971468,0.0554203577351876,0.1074390468552908,0.0236207577010239,0.0195718315686885,0.0300787955948389,0.4594988636949741,0.0446252704162265
0.140529373651788,0.1021234693985005,0.07765945025096,0.0636774803307434,0.0032310511096062,0.0478728279543534,0.1259727943075021,0.0323941346419887,0.3489081516798301,0.0576312665159922
0.0710349506142285,0.0071520995968788,0.0260764707495124,0.0765026364884816,0.0281290872368331,0.1133766851401829,0.0588058540279276,0.0310530358570068,0.5182802169182301,0.0695889631883185
0.1114808711260412,0.0461098597335424,0.0517645772201192,0.1254525148203491,0.0382703641051982,0.0195377753768712,0.0226522258798111,0.1230412371160811,0.2788087631732293,0.1828818112786188
0.1538714502340703,0.0813336984395575,0.071430514409969,0.0064477034629828,0.0394636541059322,0.0075149175227483,0.0740906456941222,0.0242594404397144,0.4958020122720286,0.0457859631960335
0.1658600835498717,0.0839699019865825,0.1648480293922686,0.0703016097007715,0.0405734322475701,0.0297647938308121,0.0094761467002392,0.0309827042460759,0.3443319474067478,0.0598913508070594
0.2060786474627187,0.1490945803902042,0.1276567972204967,0.1284284073391496,0.0178497015867535,0.0415490126663402,0.0467153513904798,0.0442620480923024,0.2355478856960916,0.002817567969309
0.2211287742318378,0.1145956057539013,0.1936891990703157,0.0225574058808382,0.0431327751185234,0.0080141679063448,0.012074297798487,0.0533970924625066,0.2876554553395703,0.0437552262336361
0.1658570448417804,0.102741820902487,0.1351373122102041,0.0547681842291268,0.1031874583413173,0.0015175544367747,0.046698531160019,0.0265948493343946,0.2554635715973573,0.108033672798366
0.1705231944353682,0.0574696876434073,0.1739139580583849,0.0959314679943965,0.0217199092228017,0.0696634955366749,0.0300630843337331,0.0442178893819291,0.2989711749292301,0.0375261382744778
0.1886219241809032,0.0749815387897246,0.2120124185769662,0.0298898639389192,0.0021790389814367,0.0858519936493823,0.0730483628357052,0.0531469277401347,0.1430198543813747,0.1372480766567408
0.2027970143646009,0.0859307771720557,0.1868553388439137,0.0185287825183306,0.057307132127673,0.0460610314957338,0.0177336484628043,0.036258845352639,0.2365653077585694,0.1119621216725197
0.2240588255785,0.1320677823690616,0.1821579378773813,0.0368952279584088,0.0459326711608509,0.0112860154446538,0.0163664239687419,0.0285860039829206,0.0926760877628263,0.2299730237034235
0.2160749918715509,0.1257323465612996,0.1599059312192574,0.0321745962089181,0.1245746713054665,0.152310607404891,0.0441987505250985,0.006086195201002,0.1063385883568665,0.0326033211401239
0.2284524167837092,0.1443190234164943,0.1111632952437651,0.0337378615126628,0.0101941677989169,0.0371987475212342,0.0208650925344098,0.0893467621024829,0.2672764176427439,0.0574462152364341
0.1244234208803496,0.0680002047820238,0.0286536218043382,0.0692513786839132,0.0941799475598286,0.0712199674267916,0.0707951540325309,0.044484091384389,0.3433369871868625,0.0856552260443302
0.1291475833753482,0.1038691994610765,0.0763783826148556,0.049103096401074,0.0115389651220985,0.0185388390246753,0.0689439677919696,0.0010197881878779,0.0733838392401177,0.4680763384392675
0.208133873548311,0.2128441574009829,0.0605727853244182,0.1201039554362475,0.0322943052903479,0.0577916590703785,0.0629865579467009,0.0555846511582543,0.0567509723185859,0.1329370822675007
0.1039986515162267,0.1031077229254811,0.0221949061246784,0.0655074419677093,0.0514949859653144,0.150616122579304,0.0632102266616634,0.0391272813935084,0.2533976999638495,0.1473449607362629
0.1185058075833448,0.1645254319649851,0.0184469571546707,0.0468816977007311,0.052830931332279,0.1072788519039982,0.1843513933227634,0.0234441023296928,0.1982274303986541,0.0855073960865329
0.1106985679791107,0.0714457106198166,0.0568767208706404,0.0029020818933633,0.1561863998973716,0.0883094441419578,0.1256801325373276,0.06635973081722,0.1365233466600472,0.1850178643716889
0.0452540886608759,0.1012653059065561,0.0763930625738568,0.0818087881538406,0.1992535114849951,0.0113326280353863,0.0348032783050861,0.1101921989052197,0.3214627505325956,0.0182343871614907
0.0260231618698768,0.0010167736188035,0.0203634009377491,0.1164545439805432,0.045360247459728,0.1045429889947038,0.0371755436631221,0.0505230160068477,0.4464620445282594,0.1520782787195143
0.0820988805063583,0.1123769465626189,0.1333940229981962,0.0868010798720707,0.0430404976508617,0.1139363853318281,0.0534291906285857,0.1578581337679421,0.2090277255613025,0.0080371369318329
0.0148358260324676,0.028950051798183,0.1079695786792231,0.0572042223248459,0.1452934271130277,0.1087670855291364,0.0220987176246871,0.0296642280288421,0.302956617883092,0.1822602448129457
0.0063758785599115,0.0076217682628315,0.182651618543937,0.0413094156343102,0.0409851495199054,0.0345494189072439,0.0577334391737089,0.073979543720526,0.3732039448382518,0.1815898225641506
0.0738633164142766,0.0828891486050628,0.0704028810479778,0.0491613318019092,0.0594008617825525,0.0236553180112046,0.0255934793535539,0.1154689130569419,0.3277581831917198,0.1718065665335932
0.0289510949174159,0.0151959421881308,0.2215847441367248,0.122718101360694,0.0489131024958182,0.0575892251458834,0.2956375484616017,0.1325569493555473,0.0563568382110534,0.0204964534354948
0.1089285726669588,0.1039419306765476,0.2370043548357727,0.1119939448746208,0.0446826867236562,0.0114721183025467,0.2514063612541605,0.1041840797404921,0.0054208124911859,0.0209651381852607
0.1301574201638391,0.0900282257790902,0.255486146067844,0.0184423297303234,0.0518211586693997,0.1345810145460276,0.1778337671787108,0.0761025273043157,0.0179716573593628,0.0475757529863889
0.1739021883010751,0.1860630148629971,0.4066352484109278,0.0189199982527297,0.0084230171208144,0.0524708753551152,0.0187593485334992,0.0534715811025502,0.0700332698430112,0.0113214578278561
0.0770752369532459,0.0532814823401185,0.2444118515966903,0.0529351987046219,0.164144517210558,0.0688165180159048,0.0211238771127169,0.0548742842295116,0.0315267312427981,0.2318103023829257
0.0415150044089973,0.0403008259019095,0.0460291207475108,0.0018033504932814,0.0110347232670601,0.0005710034798884,0.0026127365295576,0.005363301249376,0.452733025689128,0.3980369082016659
0.0386138597278098,0.0401794250956978,0.0479930056181954,0.0151592865946933,0.0248351472032357,0.0199342120207576,0.0127002703432866,0.0045669537955941,0.4229147102120282,0.3731031293601441
0.0437572485891381,0.0476608105527181,0.0479295299133949,0.0181421306657745,0.0003747292278117,0.001749702932312,0.0152966966495417,0.0081295666724306,0.4351822467111484,0.3817773380555894
0.0385852797445446,0.0414433740870233,0.0496435308600532,0.0109123074190222,0.0173841406999331,0.0145071843282254,0.0064333440036156,0.0009151738660542,0.4264848399736521,0.393690824983515
0.0136785241694096,0.0160766183954522,0.0276853867380015,0.0015480518561606,0.0054273075316955,0.0067216435686425,0.0112365362203409,0.0024341609309347,0.4777945733965669,0.4373971971600944
0.0187268599872732,0.0230929165375677,0.0341817584133169,0.001606235272973,0.0022324880291727,0.0173660280946498,0.0085529850388512,0.0163696411021014,0.4723017779253308,0.4055693095647441
0.0130548950158761,0.0237921420800582,0.0180150876326259,0.0109705174362178,0.0154000493209908,0.0044150899036323,0.0082174781196867,0.007890807967367,0.4546861548109721,0.4435577776761767
0.0148608953326767,0.026136023259211,0.0200175228533288,0.0234540572266687,0.0251589070725856,0.002380999599398,0.0204955830474756,0.0089309964463518,0.4308952965804941,0.4276697185475617
0.0811871113084095,0.2112324227398868,0.0547358037165188,0.009805711899404,0.1417974078173457,0.023247725706842,0.0037112594613409,0.0580438676885991,0.3745729314183066,0.0416657580496007
0.0362679268365655,0.1664734392082764,0.0209338694797908,0.0443960386330299,0.0637097806177152,0.065409622995544,0.0174278372755306,0.0505218899937725,0.4238346086459958,0.1110249861293866
0.0098397922190047,0.1589071977256657,0.0213395773837413,0.098010066017502,0.0078780333899362,0.0071327450068538,0.0624335667200141,0.0916887632297305,0.3401549560258317,0.2026153020520514
0.0552851655694543,0.2255881018119708,0.0052559559821195,0.0036230976256609,0.0285468001980346,0.123530472428532,0.0991465005879765,0.071198709944198,0.3444320230666341,0.0433931725366415
0.0081021827774833,0.2458719700611298,0.0769166892313008,0.0935648416629043,0.0807807489550561,0.0112324669823037,0.0824333308774299,0.0871936994896382,0.0118974948998203,0.3020065745846622
0.0850685067577632,0.0608476211865052,0.0692124351520157,0.1286063730777891,0.0032565434205328,0.1298372231496064,0.1592658272952274,0.0430532524953964,0.1543008122779152,0.166551404895846
0.0753019215862226,0.0390006727704173,0.0672726717277621,0.1625981638985923,0.0599881903380383,0.0325591832214864,0.0597120931054496,0.0333083762267568,0.4303363323361514,0.0399223945693002
0.058861156883165,0.0572137425732856,0.0745965162941513,0.0802779952708366,0.1231088061097379,0.0104229551684512,0.0273987104520262,0.0258555248106763,0.4361419515785389,0.1061226406629004
0.1100231598991542,0.0116352711634102,0.0844867478014858,0.1022335796205154,0.0156378442635408,0.0906183975569883,0.0208335925073783,0.1272108084391743,0.2689543256289123,0.1683662729059595
0.1255476588658106,0.004098922780911,0.1219714366410158,0.0197788139782816,0.127176121942772,0.0805311344214103,0.0535039769186025,0.0421298825339881,0.2843374669857003,0.1409245846466978
0.1470874612369806,0.0558288975449409,0.1178830892712826,0.0496762239100094,0.0962889929935509,0.0271009651268372,0.0090659949049046,0.017553145830657,0.4187574684697592,0.0607577605084704
0.1001285886236691,0.0045149274613919,0.1235677428417875,0.122180236875534,0.0415955596369407,0.0148350460760012,0.054695866377004,0.142590085535563,0.3350249094126297,0.0608670369710418
0.0406246649611854,0.1351681766250594,0.1341910768242225,0.0831916585118065,0.0953976972484692,0.0668623358143844,0.0065476250778477,0.0519605497859507,0.2272034612072377,0.1588527536978234
0.043511920218468,0.0442106467209621,0.0849919751668715,0.0493741797818754,0.0257116319144697,0.1706877749536378,0.1029340801371572,0.0602330601049609,0.2916820762589264,0.1266626545618005
0.1050067178424744,0.1070232065329356,0.2362641612869257,0.066354744819334,0.0023812671034181,0.1405240284558162,0.1695693615408375,0.0005746808657668,0.1002239034552989,0.0720779278857224
0.0365111602519403,0.1179859706627755,0.1385911297581937,0.2030100845937802,0.0249532991314069,0.0445510425772557,0.0281054852648667,0.0561284910695246,0.2819054356503465,0.0682579008423156
0.0079621950947263,0.1633041533336997,0.1061382797116869,0.0575624813098638,0.0448509373145357,0.0315659054085201,0.0772790234787715,0.0361935569803147,0.3144148331322203,0.1607286340301537
0.0723272789209153,0.2122798934658749,0.0425204929777049,0.0041556456171096,0.0576596792970649,0.1207105135734541,0.1012029513433695,0.1082042668795044,0.27245803141717,0.0084812463478171
0.0172874558701371,0.1761232009141876,0.0921831163413472,0.1347044759941959,0.0040145156670081,0.0274870239258695,0.0158660975260401,0.0196177712041445,0.4664649289676886,0.046251413402965
0.0461622926038169,0.1388400252321668,0.1641104739748255,0.0017710210576863,0.0918964252377752,0.0349777276348612,0.0676077445004555,0.0294906935190298,0.3299768022612683,0.0951667937756161
0.0402638605948828,0.1370278003158529,0.1691337791985046,0.0100241363898134,0.0347216764727182,0.0329584103706206,0.0644006767197329,0.0302633018898278,0.330458753294787,0.1507476045561473
0.1015083791786605,0.1069524130527018,0.1696575028301165,0.0299279612726959,0.0324850723915733,0.0299945900815172,0.0188290998359586,0.1255915291564043,0.2116064338630607,0.1734470180899621
0.0237289298870796,0.2326699860634266,0.1532560391415921,0.1715432611835733,0.0078849951522497,0.0777036854525269,0.0310766050101012,0.0320358377588339,0.1512574534108637,0.1188432067341956
0.0736953966719641,0.1662705746997644,0.2838498244824491,0.0441541341523525,0.0897144466610335,0.0538855312327821,0.0044938520797281,0.0535072544875709,0.0192247077648607,0.211204277526884
0.1184796262000534,0.0309387816783491,0.2212017960924694,0.052161320161165,0.1514333683787604,0.0497098147568551,0.0079410253791583,0.0328759176656283,0.148263310048892,0.1869950394681155
0.2046087701699481,0.0967597615338238,0.3836782918725612,0.1353744381428857,0.022442185824302,0.034829934113832,0.0973185840060517,0.0093105986266146,0.0138528064644575,0.0018246290287452
0.1556913524873147,0.1062601018325075,0.3258070920313954,0.0386829224620546,0.08412945912103,0.0991475478201211,0.0741587166861269,0.0449889782087215,0.0550561230566492,0.0160777061144264
0.1100171236927612,0.0965075344724722,0.2601745991556682,0.0247186601558111,0.0684876201845041,0.0916575051443117,0.0305373280659945,0.0272819644925972,0.2812335514640784,0.0093841130331345
0.1354632510663141,0.0431519852182644,0.2392385382720627,0.064055123876817,0.006328871875757,0.0668932667891539,0.0564788778378797,0.0596048388986634,0.2810216917338286,0.0477635542861971
0.1766292201555451,0.0412479474291774,0.3055704565983898,0.0184442104246089,0.0857952459242643,0.0496825296898475,0.1283864192437402,0.0375111135945071,0.0725158343050768,0.084217022481342
0.141649110465899,0.058621879463842,0.2696554472458489,0.0846010215943843,0.145922415373185,0.0583640997875107,0.1081838514610299,0.0613476294076756,0.0568378995017301,0.0148166455418397
0.1461822636275088,0.0678498354871322,0.2775163307840668,0.0049024624605546,0.0048113688665083,0.0103252109294061,0.0057355383760267,0.0763923257072459,0.2485299241572454,0.1577547394084604
0.1884612766311683,0.0338405257684088,0.2768953000969998,0.0340952821097058,0.1351479543101946,0.0538047888531391,0.0445812327068173,0.0456259322584003,0.134585029956496,0.0529626771181461
0.116327102819983,0.038976083237677,0.223351563083242,0.0988386053494549,0.0962193798869241,0.0355369056154695,0.0414655029156638,0.070000519663169,0.1751525053033761,0.1041318319788052
0.1408925608152931,0.0164210801431623,0.2387910104745086,0.0275714643297097,0.1066261932397609,0.0287447739107545,0.00808437469592,0.0127266361762053,0.3258980124775404,0.094243893561048
0.0802270506311983,0.0740290601527154,0.1930443075497589,0.0089886114170303,0.073048950383743,0.0057708881625554,0.1485471205684582,0.0273418187910166,0.274346416460594,0.1146557757336724
0.0997943884039889,0.0826618980512382,0.2427536120996751,0.0411337534529715,0.1520476848308515,0.0137284896985897,0.0009886620319429,0.0124768849350438,0.2129508124598853,0.1414638138341464
0.0258211440275523,0.1333726939777702,0.1164125292873628,0.0942730936047305,0.0166012692904435,0.0792384116392799,0.1197383462399688,0.1551855582117278,0.2009750854225161,0.0583818680894336
0.0441979521894326,0.1460304425592477,0.0396250437172496,0.0471462764755701,0.0360383560817965,0.0138889108931491,0.0718551501537105,0.1508008104073147,0.2376874220406661,0.2127296353197542
0.0308820231578362,0.2447556419025394,0.0709830495896955,0.0433485067352851,0.062524760806538,0.0570047934374023,0.1412617423819368,0.0790017942182803,0.2280150802832701,0.0422226070829684
0.079531464977309,0.1775740407032296,0.0392383454819001,0.0739811743071797,0.0877328308572627,0.0323659156178166,0.0840820111497023,0.0447793541635739,0.2056199988752857,0.1750948636615573
0.0688018233249201,0.142295355095627,0.0609302888450931,0.0691860891018605,0.1240183513842574,0.0217590926555248,0.0159523503399541,0.0287008216806237,0.3377927585574471,0.1305630688354431
0.0781605573831124,0.1229547289911232,0.003387208606756,0.003533566143195,0.0307303249787652,0.135936376892209,0.1406929216685414,0.0188567999592924,0.2203261993835926,0.2454213157798765
0.0286499677954309,0.087228077873648,0.0425203358922019,0.0810179593524548,0.0532041114846114,0.0660600950259784,0.0786429489347513,0.0760086085517555,0.2854374671219568,0.2012304278140134
0.0378809964495329,0.0318458704485572,0.1206583528845562,0.0079463152034817,0.0222511140128734,0.0552459498761473,0.0157147409361293,0.1254461168329258,0.3495192563733399,0.2334912867518573
0.0388858713087694,0.0645638338542336,0.0362791805282602,0.0610674678605267,0.0069679758620173,0.1485611055973629,0.0919603224291982,0.0019227575586054,0.3595538787399162,0.190237606086091
0.0944350592999644,0.1571357323658212,0.0271097760095782,0.0471713493355474,0.1090104490527533,0.0117925196075342,0.0458370706457832,0.040204381274387,0.1401743626639305,0.3271292995113746
0.0514240871071171,0.1063069415670814,0.0176446163550129,0.1500341022942896,0.0760709711933276,0.0950426999122213,0.0236877652656807,0.1382277221807684,0.2816706375805338,0.0598904562965479
0.0789420047174328,0.0176983426147667,0.098098514916807,0.0732895848832719,0.0790722165747095,0.0504265331837553,0.2054973347324604,0.0603129490846952,0.1692617248245775,0.1674007942617698
0.0004844560012556,0.0748850159066354,0.121281344969603,0.1603758862296092,0.0110341978614324,0.1659966063423712,0.051260333908309,0.2527547698226086,0.0438627237218755,0.1180646648338048
0.0562508851736752,0.0384901014487616,0.0930387893896605,0.0943976190952426,0.0845860456504107,0.0396860913039834,0.0150614405821856,0.0457751481375254,0.3498408169210045,0.1828730620958954
0.097652398621067,0.0570762004883727,0.1471302227145799,0.030037510279573,0.1174355425340754,0.0786150203388978,0.0238495134310418,0.2005997804567731,0.1226721488420208,0.1249316620734796
0.1144845037433735,0.0624537719955808,0.1747427277409702,0.0122586185542425,0.03528431814134,0.0251940705448792,0.0016244401496456,0.0552017864917867,0.2229251041944416,0.2958306581888011
0.0471633528804767,0.0016111411195128,0.1073243860198965,0.081503087379038,0.0952795713976223,0.0497419582235496,0.0487021419159812,0.0678323567280707,0.4324132749700628,0.0684287291163987
0.0496921158288904,0.1121413086221455,0.054892107545164,0.1252690075973745,0.169367288529177,0.0655224003362542,0.1113870310697791,0.0184924700429951,0.1337074442656232,0.1595288258117967
0.0679585121412339,0.0303965442180784,0.0769047949826267,0.148045650859013,0.0844556111375841,0.0516185961091198,0.1276114957210775,0.0109941263138214,0.3577172504432673,0.044297417862821
0.0655109399739136,0.073746029732763,0.0510975080237204,0.0593601334713657,0.1274540062456761,0.1095554790197854,0.0245459004029667,0.1026067783574794,0.2478694870615158,0.1382537374955157
0.0803446192655197,0.1752817477620264,0.0187611004620466,0.0255656414593574,0.1055667148002913,0.0181716861257559,0.081544306489499,0.1118946615413102,0.2827112466475357,0.1001582752226742
0.0433351585834606,0.1386006986611646,0.0385325680903211,0.1600800021045441,0.0687728533241296,0.1404515353709077,0.0371320618370966,0.2002833803276593,0.0439577752970025,0.1288539661845141
0.1138485463519861,0.203347768598217,0.0016973896759247,0.0412818744904761,0.08628563899803,0.0140618263964425,0.1419955770022401,0.0476065125106709,0.2851519995076771,0.0647228661689507
0.0974985600322582,0.1386002657049828,0.0066567637955481,0.1929528733559959,0.0468769258657134,0.0864928911316997,0.049165756954256,0.1090722361629286,0.1709330961834579,0.1017506306078903
