0.0892430546109855,0.0768064713847185,0.0887455649782383,0.1377289180490742,0.1606610866190738,0.1044776968859332,0.1224886616870186,0.1158919547624946,0.0729969340431115,0.0309596569365556
0.0792663028336275,0.0624589298385756,0.0839815989852672,0.1706245484889121,0.154060441153384,0.1420170952033083,0.0976911121664516,0.0907191672125173,0.084993257396463,0.0341875466782451
0.1031177972328297,0.0809924450904951,0.106194746416794,0.1503976524276743,0.1359292035530106,0.1046132979656114,0.090380368065603,0.1297467019360737,0.0826953854037992,0.0159324018675454
0.1045643347137743,0.0901244881016661,0.0970070180374437,0.1254255997057761,0.1549759693136417,0.1158982155498177,0.105258164550306,0.0954517032008765,0.0817722435310888,0.029522263258194
0.114224933402113,0.0899868843981868,0.1185086680797221,0.1291952512353641,0.1462252729718091,0.0993048800013575,0.0991570721024991,0.107761471122387,0.0906346704161776,0.0050008962286401
0.1088371912750693,0.0850772012101171,0.1133892697987463,0.1274654507922919,0.1269942894736474,0.0914253586113195,0.0775727585890255,0.1093290431763648,0.1325148758914297,0.027394561142239
0.1094282183164205,0.0799217554518933,0.1281539299965544,0.1419939205266264,0.1543464804179233,0.104617776020911,0.1080994183506728,0.071712905612143,0.0906325846755138,0.0110930105904439
0.1046692820091649,0.0733604758455033,0.1159804317377186,0.1417866835415189,0.1282820370062149,0.0997074611916901,0.0822105307959645,0.1012945041546002,0.1218646901994964,0.0308439034800609
0.1005605079795303,0.0738643933154778,0.1144606554545764,0.1600181056345724,0.1538592774549773,0.0545729651353251,0.0958596351215986,0.095331739062505,0.1092984063848781,0.0421743144150904
0.1004245717671194,0.0697882062607701,0.1204672772851689,0.1427775639931633,0.1263826357087515,0.1077350056918464,0.0840854406670507,0.1022853984641294,0.1302351141580867,0.0158187859636788
0.1082833099998404,0.0747732818780506,0.1358932445707452,0.1673314910667185,0.1522769151890038,0.0860306410144549,0.0814217111588305,0.0779995219797422,0.0979619599241951,0.0180279231700573
0.1075629552870748,0.0637574775797044,0.1394223416831821,0.1622564160805654,0.1295251048566214,0.0801038149977833,0.1008530273550624,0.0796118352236854,0.1332933681057867,0.0036136587853385
0.1146934495229397,0.076702051552792,0.140268819128719,0.1442908520515221,0.1390170647536349,0.057731733118482,0.0788081186570862,0.0964673001591292,0.1257237173037171,0.0262968937095933
0.108655310720907,0.0743437554280205,0.1311696512505581,0.1148263438471125,0.1265066574495757,0.0854608321852043,0.0876483394024659,0.11541240257089,0.155339256325918,0.0006374507771013
0.1026895836531899,0.0725791837850302,0.140251778490988,0.1325790484741348,0.1471686044842424,0.0900003469886222,0.0713490652873207,0.089483002150855,0.121906713715476,0.0319926729223243
0.1101720399840751,0.0723348006103572,0.1457165715712969,0.1381910718170326,0.1670280015549419,0.0744454357275362,0.104699718661771,0.0843747656428346,0.0817168732233228,0.0213207211634462
0.1058969834213122,0.0589628172758569,0.1439945099539803,0.14459856611477,0.142340314398551,0.0859912099297011,0.0897347830056437,0.0699717477410734,0.1476790891518151,0.0108299789647489
0.1158306951665766,0.069637522273151,0.1562287226917574,0.1231493636765579,0.1097790891944068,0.0802894314421821,0.0833080355743751,0.067015354287526,0.1500580708401681,0.0447037148096641
0.1145644744425517,0.0669416205643141,0.1665739799865548,0.1534831149188756,0.1496657852184898,0.0697469833788478,0.0622528563912372,0.0705115921762737,0.1230559972482602,0.0232035956285304
0.1145068645023172,0.0750527161983187,0.1529762058734605,0.1532637510078155,0.1540305941663133,0.0697627836462539,0.0430303219056741,0.0666598413464673,0.1514725325407582,0.0192443887703092
0.1236422646747177,0.0687345482559708,0.1647935578957105,0.1271448895950312,0.1758645304768892,0.0796579727926715,0.0344488520378294,0.0392036159815744,0.1631789661572233,0.0233308020849017
0.1265679738844771,0.0703870716308146,0.1638360173565681,0.1505834383858153,0.1493983809773959,0.0869606731577575,0.0509594063767292,0.0649681886545282,0.1094982560111017,0.0268405935210106
0.121354927410403,0.0734132595632642,0.153622420277375,0.1237070869325609,0.1168265180065425,0.1010440787495674,0.0546258133529359,0.0724416617120028,0.1527125304773206,0.0302517034732443
0.1053441015607807,0.056127999419237,0.1443245009704378,0.1540510885894057,0.1499119123199881,0.0618585710598181,0.0693419363393985,0.1086224725334175,0.1251296806083123,0.0252877365500513
0.1064560984250067,0.0615873415303607,0.1416985652465976,0.1492778047404893,0.1402424960514712,0.0929956316734257,0.0661107591648056,0.0600973475773181,0.130749210487282,0.0507847450505172
0.1044601599446557,0.0591529065151193,0.1394966216880679,0.1647013296804043,0.1338170804103622,0.0733088477532322,0.0588104428144788,0.0874258970304528,0.1717028081305397,0.0071239059856853
0.1229764476151071,0.0659721032529926,0.1701745461755918,0.1065095388424705,0.1614777780638252,0.0440924656323809,0.0442047056374201,0.0371259804073288,0.2129403568305336,0.0345260774838804
0.100743968680875,0.0550460784839174,0.1388288412825138,0.1217390120996928,0.1456447166618894,0.0633336990893949,0.0622213554981456,0.0817077261861716,0.1470243251719691,0.083710276790272
0.1026196848589048,0.0444352031298816,0.1449240720199811,0.1296408231529905,0.1690738727187644,0.0710190820704442,0.0430990724942417,0.1016233354598409,0.1892790219318469,0.0042858321010162
0.1138687154282785,0.0535844390619862,0.1539796642118801,0.1496998955573825,0.1526949207091802,0.0692468417716282,0.0942499109587357,0.0557541425495477,0.1533811529230699,0.0035403167707016
0.077683854077356,0.0144413474749563,0.1354281935987197,0.1564749462191126,0.1411228531313882,0.0863643815755653,0.0730618064479249,0.061978918643954,0.198729679864559,0.0547140189010173
0.1541944472017376,0.0843233714150247,0.191736974491012,0.173814445906835,0.1750293270100575,0.0569491453764832,0.0014991284061152,0.0241159139015465,0.1323955149895274,0.0059417312149384
0.112875418113416,0.0582128311198054,0.1524856893525993,0.1236684594037393,0.1294983626259439,0.0787157252245674,0.0831381536369158,0.0480070408322467,0.1004207604274762,0.1129775591884847
0.1243798894907762,0.0834118250121701,0.1415096785550078,0.1471402280050241,0.1374356134733245,0.0522379458195092,0.0773159360302013,0.0267765032068089,0.1203794159105408,0.089412964427217
0.1726562021530079,0.1317871032551736,0.1723911335475685,0.1279966307200567,0.1317877477027596,0.0840153712252666,0.0501041843844545,0.0071758187420546,0.0722439639603113,0.0498418442281733
0.1473094228703396,0.1070182205247385,0.1483051212006002,0.0565881812973675,0.1042240253599101,0.0836860428619417,0.0224926383466969,0.0564653044584773,0.1467317759018561,0.1271792671068721
0.1473497608146619,0.0940753047635503,0.1715807684923165,0.0965480371139418,0.1016236854260508,0.0426891952366366,0.0405087274293038,0.083572121867843,0.1195739720069581,0.1024784267675651
0.1463438810805477,0.0773560067342535,0.1977313658144489,0.0822918655241546,0.1043244594549024,0.0972120681967184,0.0582087907784529,0.0618195513694819,0.1294239254597642,0.0452880854974835
0.1433205387527711,0.0801671060187336,0.1954211063451533,0.0521539420064064,0.1215028376790438,0.061947123801462,0.1129409805836551,0.0762128645326087,0.0436879640089013,0.1126455361925185
0.1710582878831347,0.0907123144277373,0.2293976209862264,0.129376972257558,0.1198524728482942,0.0089933876037321,0.0206754306617058,0.0285382284846538,0.0988687885743597,0.1025264961797894
0.1558436791902048,0.0664143679039385,0.2322677699568885,0.1238703384309927,0.1568539614778965,0.0585690965225068,0.0221642184755967,0.0310128035968328,0.116553095474411,0.0364506688737359
0.166527110652577,0.0824228944733054,0.2361446741316583,0.1180784717742437,0.1470009430544031,0.0676570106481092,0.0017479100289959,0.0088626263183197,0.1001839817986914,0.0713743770194432
0.1999476544514098,0.1067499673019681,0.2615425289889671,0.0879107993717096,0.0775489903001737,0.0469489618734281,0.1123952356575449,0.0423222062666832,0.045010748493788,0.0196229071939879
0.1817003725811606,0.1121115659216094,0.2390127127463952,0.1399155468107474,0.1253787195496666,0.026286199194261,0.0253904402254734,0.0128486488724473,0.1102101768947793,0.0271456171166522
0.2052068861079008,0.1336038973044392,0.2497510046579397,0.0494615611554026,0.0881270481566633,0.0637255806825711,0.116865015249364,0.066386680799383,0.0026992991569667,0.0241730266242912
0.2172948447864057,0.1431303843257962,0.2797821432617051,0.1105660607617099,0.0529663899000791,0.0157031826522858,0.0305587648867029,0.0313057581226488,0.0872713824606497,0.0314210887344741
0.2262520703204857,0.1557888577056074,0.2841446591804919,0.0498679603907703,0.0702449917203735,0.0770044835468294,0.0055904002927448,0.0691778155065892,0.0363711353393673,0.0255576258847341
0.2360646363849185,0.1697346629561649,0.2988654380929785,0.1221795184412481,0.0503475078353524,0.0009231545002179,0.0080578286797996,0.0402411950318492,0.0154128348360591,0.0581732231214664
0.2292637982517731,0.1512025586024352,0.2882826855374237,0.021893238519217,0.0195765447857366,0.0235443925860256,0.0005840928140185,0.0716275418666263,0.1301730144240811,0.0638521324875519
0.2536286277536069,0.1991683507010002,0.2973287119747179,0.0036322689486168,0.0337265155169652,0.0695500682624598,0.0237376817806392,0.0449467576109802,0.0383924778358892,0.0358885394989219
0.2773331343773896,0.1968978220426064,0.3454203326017481,0.0304006965367266,0.0073224406296626,0.0066267560995517,0.0396597260762961,0.0201585666880551,0.0356315232329544,0.0405490016012674
0.2413434534964126,0.215483304266728,0.2573132527686149,0.0848263575742658,0.0028379258221035,0.0535590347841318,0.0397429919649591,0.0026366811296205,0.0897215895305694,0.0125354085619432
0.2264000769481468,0.1944106834046213,0.2590571184759852,0.0039389899343687,0.028520766211372,0.0163779863598217,0.0088180742854775,0.0365341704592197,0.1305318050581097,0.0954103287672277
0.2814041285425401,0.2647655859503288,0.3080271790576974,9.196329309945504e-05,0.0617867249126371,0.025268898879259,0.006898622604134,0.0159675124907128,0.0001310949436704,0.0356582892068194
0.1962841429736636,0.1694794607386109,0.2401109806460927,0.0926532518942989,0.0016995710671488,0.0438956368020696,0.0017946622072703,0.0746572043833009,0.1347535186668474,0.0446715705072802
0.1701205795987154,0.1595536211012098,0.2036707829700867,0.0092736565089977,0.0432792483297439,0.0907813973268712,0.0386519191435993,0.0699595069659338,0.1107077727942254,0.1040015151474003
0.1807934544403843,0.1625254612131164,0.2024858821333283,0.0476369983917842,0.0341409798516576,0.0192618576275197,0.0058497936906751,0.0603520600363124,0.1818679227677887,0.1050855897384634
0.2422885491039409,0.2285673058183286,0.2497083088663355,0.0247910696155115,0.0065638744715985,0.0294188625808005,0.0759642547438177,0.0544735997738841,0.009864774501574,0.078359400377881
0.2318193641181543,0.1988405721263425,0.2584723597981879,0.0039467461919955,0.0111490948130639,0.0257007452811714,0.0297369679424243,0.0323152890365349,0.1553906579970317,0.0526282025724877
0.1843263726487453,0.175104066464744,0.1840373107160496,0.0571702363933439,0.0342286782239842,0.1211557833403789,0.0505635721598655,0.0191150887553107,0.1284151032039069,0.0458837879965535
0.2723426709933344,0.2273733964607604,0.2800861295368557,0.0233737021323728,0.0535768208545041,0.0301723996606287,0.0229949428470359,0.0779834650025202,0.0034335677990493,0.008662904585926
0.1773419354131222,0.1395632772595301,0.2007118440241841,0.0676318226445647,0.0077135652535191,0.174466972377439,0.0383198377099341,0.0286128656908884,0.121007169301783,0.0446307102292713
0.180677153739638,0.1417323712259759,0.1966752344247966,0.0606983012055237,0.0649415205212521,0.069908379488321,0.0212130194553971,0.0270429000234708,0.1461185050636986,0.0909926147701487
0.222020270163415,0.1459230091115126,0.2910182525505729,0.0680296168838935,0.0605771326556194,0.0048593434576571,0.0389677559064865,0.006602964892507,0.1322289205838198,0.0297727336962005
0.2310926871549934,0.163721578084146,0.2903877652859934,0.0553879662513711,0.0557364512085223,0.0049838320450006,0.0735497875729289,0.0235299903317255,0.0424344687711235,0.0591754731933483
0.1945241791776456,0.1375314957992923,0.2637350477016837,0.0771359709294075,0.0230147471154323,0.0456582999639753,0.060212183244723,0.0380310002789239,0.1077841482375712,0.0523729274597945
0.2061516480738819,0.097795124089579,0.3428349005286938,0.0375592542101535,0.0106458002327539,0.0647016933679273,0.0842895654427905,0.037750060697072,0.1093605428830418,0.0089114103472554
0.1916435979724343,0.1063830994146103,0.2806991785521418,0.0675903091720547,0.072772591612299,0.0474972410159791,0.0219231664016961,0.0875334595702806,0.1153081424493829,0.0086492137418207
0.2058926942405964,0.1081968618270753,0.3087576170135834,0.0139733385997527,0.0100704477675507,0.0038424677581091,0.0532428024117236,0.028488081070472,0.1894723485403117,0.0780633406701286
0.1992020001723549,0.1192819124254988,0.2839940447982995,0.0117675657427141,0.0269128648863569,0.0433777478822182,0.0930105661965488,0.0561369244141669,0.1659428859670766,0.0003734874269984
0.1946300469843221,0.1339888989810429,0.2470479215803897,0.0765188702306915,0.05021849496696,0.0371239172583906,0.026650788235471,0.0770305618229132,0.0941191492231711,0.0626713506323865
0.202604150098028,0.1132783492276344,0.3027879017636656,0.0436936217622725,0.0287740741372231,0.0122303240642409,0.0823518285026059,0.0079381998220924,0.1822223534200411,0.0241191970903952
0.1838707274807291,0.1138430754859287,0.2770114850925417,0.0136268398531673,0.0807988493658447,0.056897423570645,0.0277351177079451,0.0209080147692831,0.1192366548637326,0.1060718117026262
0.1704753274904703,0.0974712736114974,0.2721581629922413,0.0597516060435054,0.0799369582937692,0.0141987427418445,0.0461839328153773,0.0540525080886713,0.1449684890566081,0.0608029987609241
0.170927468784119,0.094311122860736,0.3054332088718406,0.0403777753801795,0.0920077172375698,0.0432907737450705,0.0032937400140141,0.0095168156392305,0.1967588705392479,0.0440825068048457
0.1724228407253722,0.1240148388093845,0.2765366500930535,0.0597789138523838,0.046413654503362,0.0650787398616233,0.03378274329411,0.0065324399442605,0.1407099013521241,0.0747292774346711
0.1598657247169664,0.119433957458487,0.2483904990196313,0.0207229183459237,0.0580764797175872,0.0035411783142793,0.0941092013997549,0.0342083005718785,0.196055890430151,0.0655958498911516
0.1426371736163602,0.1259272536180241,0.2105687798530018,0.0008217422087495,0.0142880861969358,0.0389876885921761,0.0352347555029641,0.0363809501783667,0.2389022425501131,0.156251327569581
0.1618396944036957,0.1352275017397196,0.2170768233689343,0.0432043324291947,0.0457239601847952,0.0683596980102513,0.0359207592969522,0.0556794815667276,0.1296748920183003,0.1072928568684455
0.1780583625720107,0.1435227408933213,0.2734896797754805,0.0216747433859132,0.0978730046226926,0.0151168878312221,0.0493652227098087,0.045449551922596,0.0614500657589085,0.1139997403904815
0.1838414004621107,0.1578385529769239,0.2858680334146508,0.1231947942653394,0.0196326044000253,0.0499952315979635,0.042455823750648,0.0273741453754922,0.0423397092019843,0.0674597044034079
0.2064746669508598,0.1747773236962087,0.2457453061602264,0.0833502519898763,0.0028180771433346,0.0450612699348888,0.0418813226548682,0.0453738758601595,0.1272604090132824,0.0272574964760763
0.1504020469551473,0.1233378427670697,0.1762729774593824,0.0290730105981157,0.0418072612749092,0.0288058130183165,0.0739491170183299,0.0633708911064801,0.1993971533883118,0.1135838863198964
0.1752424740279403,0.1705907711285119,0.1829535708644305,0.0168630908711807,0.0297725619235272,0.0801048041536875,0.0397141457871756,0.0448418406690091,0.0762976861393319,0.183619054320111
0.1820049441054299,0.1584155064740092,0.2110114262060393,0.0215869060713824,0.026966601533392,0.0809963039078016,0.0312718525394631,0.0825822449422997,0.1747083966124738,0.0304558174777263
0.1493456200502519,0.1359062943602082,0.1602539801083048,0.0688449272680589,0.0469982908412457,0.0156156042542551,0.0912945014310265,0.0628318184856734,0.1744795913420638,0.0944293717544842
0.1549572576199553,0.1721067966535288,0.1470900609643639,0.0244674042427037,0.0309249167806693,0.0152901345954364,0.0256834763864337,0.0776096986860562,0.2027843998741469,0.1490858540801824
0.1478799521043286,0.1231084047119872,0.1922645494402549,0.0457232338635773,0.097697053268058,0.0548831165222026,0.0333685868101721,0.0746017997232078,0.0718533129235301,0.1586199905106429
0.1783286335043461,0.14860310719756,0.1858123592116836,0.0752677019135466,0.0251571347410969,0.0543807594805154,0.0092738544099221,0.0085792471431089,0.1907162358681429,0.1238809663784576
0.12645832939376,0.0894527435763476,0.1413920574185494,0.1122102040537031,0.0352118840694848,0.0163287404519555,0.0382145984871814,0.040317210374455,0.1842729998011143,0.2161412322249152
0.1365122274207369,0.141159771335764,0.1305584402032295,0.0100145885201462,0.0264412171417447,0.0069864615994627,0.0300374916181717,0.0474847856912621,0.1989235099889132,0.2718815063252929
0.1473900147611966,0.1545463633185405,0.1132009066652042,0.051190445634195,0.0821853916666578,0.0359305715454629,0.0476018514625917,0.0154117596357625,0.0968271824364234,0.2557155127699324
0.1695107586528276,0.1774200269893838,0.1064376677352946,0.0118859528415667,0.0097670989723791,0.0040977120948173,0.0128034552178929,0.0105017806980993,0.3448827273066647,0.1526928193817636
0.2167083123035955,0.2119634761806417,0.1632096403197145,0.0107321347814074,0.056932137535515,0.0462501110372931,0.0121099246749554,0.0052516435220544,0.1377610938391717,0.1390815256824754
0.1529114189302816,0.1495155582295838,0.1213838756539664,0.0194901821899003,0.0205283954797177,0.0465939899120935,0.0034179759852716,0.0909530547705741,0.2095106125505854,0.1856949361952268
0.180258256706874,0.1738427191830726,0.1511189329913208,0.0709049747098218,0.0001067002909497,0.0392315831032628,0.0390434490456804,0.0006506358242107,0.1914022859183344,0.1534404621262974
0.1538043974768154,0.164845236153242,0.1067111382589609,0.0290823490952378,0.0235194248240745,0.0411603410296584,0.0044263145371049,0.0638863846347955,0.2365016376628063,0.1760627762221899
0.1640080868155355,0.1477118615948069,0.1164253187818794,0.072592320137675,0.0186453493944541,0.0230504010554048,0.0371218620894014,0.0270484329572401,0.1945745001485396,0.1988218669240835
0.1436064512282804,0.1533856263104491,0.0572779040278595,0.0270910157497765,0.0461458816743733,0.003191855205378,0.0460595102648142,0.0505120301350195,0.2463810391266547,0.2263486861843616
0.1329525056372989,0.1753275203262473,0.0072243307341621,0.0520611262596674,0.0025689799672714,0.0002727041712776,0.091225878767969,0.0343823095024092,0.2511340831580109,0.2528505613210124
0.0919138527980192,0.0933257587776473,0.0044097553330922,0.0466241433947613,0.0406431936149834,0.0048364516812768,0.1026335663563028,0.101061891732357,0.2116909123322237,0.3028604738215808
0.1002664070325955,0.0921199712128995,0.0515546570861837,0.0564162909658771,0.0775018704503038,0.037101481957866,0.0100276649372951,0.0651633220890531,0.2211839321775978,0.2886644019691606
0.1002118223945596,0.0597129121527477,0.0695022228469924,0.0381927415378043,0.0737484932805677,0.0680943769832437,0.0883909550472947,0.0536480261686439,0.2474766195218678,0.2010218299081466
0.1275962874176614,0.0787532162255427,0.0951322723992991,0.0181631680534458,0.0283310232100933,0.0482171170297535,0.0928129733089562,0.0472902632101535,0.1346511211356377,0.329052557866916
0.0693367637053174,0.018274621471861,0.0798946900896874,0.0453619842202474,0.0201723300957584,0.0367822048644016,0.0347369507493554,0.0968050580903111,0.4128028538106077,0.1858325427718221
0.0964264290425543,0.022481868827929,0.0719967236062395,0.0087886371288527,0.0853384652296151,0.0839926981514749,0.0445921854083291,0.0715512942389913,0.4244275048865221,0.0904041932672508
0.0470820941572668,0.0239676788025647,0.0188078393696302,0.1016818002917816,0.0526499885832603,0.0607795346699119,0.0160781972387202,0.0420274058813982,0.4041062308582856,0.2328192299594709
0.0548686875757238,0.1200255142173072,0.0364209735146685,0.0858964235678708,0.0259790128079753,0.0558753559979876,0.0608102110834133,0.0285369103359544,0.4450382359475101,0.0865486747946819
0.0014569627312775,0.0570444881546098,0.033922580958929,0.1037374680748505,0.0912241081110688,0.0670784707084272,0.0973012688614911,0.0698257121727309,0.2419015226294788,0.2365074174190765
0.0304224568179453,0.0861502216402267,0.0235408753781633,0.0199275545293773,0.0641948723013867,0.0657195394493143,0.0518565381296881,0.0646844605722507,0.3041242323439796,0.2893792486689176
0.0288933479597067,0.0816581410764171,0.0268901866526111,0.0895597100348572,0.0807301454562483,0.0048876642466349,0.0251848838018321,0.0444540991375248,0.3639564452830696,0.2537853761918746
0.0942459862559656,0.1416795496522582,0.0844349299571265,0.0812320031039368,0.0408721155325809,0.0279613507453297,0.0680275998895859,0.0628544635094806,0.1963008613581409,0.202391139757796
0.154147388537962,0.196862653001998,0.1117474380315672,0.0175619904382118,0.1099381446591317,0.0593152069512863,0.0776413881389834,0.0557811658532425,0.1197912011755152,0.0972134230389666
0.0989734362794573,0.1709542424499822,0.0764450853067354,0.0457648780198397,0.0746699184449955,0.1102040547789391,0.0069745388104494,0.0665075247068546,0.2636659191935761,0.0858404017637505
0.0620652488615354,0.1246292088692301,0.0320567092084077,0.0841244911798232,0.0844297989357914,0.0041840907100048,0.013373770871725,0.0620766463348384,0.1058482518944958,0.4272117829113082
0.0052697460675241,0.167899548470811,0.11005265703984,0.0103453982486303,0.0106866216964239,0.2527071271147133,0.0377002220536337,0.0415061200469547,0.1072270480284128,0.2566055110102239
0.1058288692124541,0.216842332142896,0.0090355541286923,0.0109620829503402,0.0123628564851703,0.0884478843508295,0.1371207038040892,0.0089720115710652,0.3213679150151445,0.0890597901258106
0.062765244986375,0.1734186302859107,0.0679085774706146,0.046060245134359,0.0555328636324156,0.1150034296006282,0.136841580269866,0.0383036209099233,0.1885139329191304,0.115651874622692
0.1009606852205465,0.2350629264434789,0.0571437815247579,0.0284965265642997,0.024732215881535,0.0348438442252145,0.0480380137421171,0.0458495335448539,0.3751413420716918,0.0497311305765427
0.0436610043822506,0.1876440899990398,0.0924655991236518,0.0560484241470538,0.0709579883061691,0.0036766590017654,0.0930720433234679,0.0860932605486659,0.2758727174480627,0.0905082135230082
0.0320385368356872,0.1083031407944891,0.0482061202798688,0.0544022226712902,0.0087482902841343,0.1045831512865757,0.052982278733845,0.0336801600304934,0.4176670730171355,0.1393890258934867
0.0245154585644957,0.1207573350305144,0.0524432358824065,0.1019595416648848,0.1245943473252579,0.1095988990218761,0.0355207478062369,0.0472631751683067,0.2264309153873943,0.1569163439106632
0.033416802296582,0.0735761973000087,0.0075453695010867,0.139575203956418,0.1056395761990118,0.065231296618184,0.204455300182671,0.0970384493573995,0.1780136764627615,0.0955081278697855
0.0517524591338495,0.1039199996674722,0.0062313240812449,0.0579686182317452,0.1679262543779165,0.0580189555674005,0.0898502130397942,0.0667684877380285,0.1374148753010875,0.2601488126621501
0.0621126520096232,0.0085958990175908,0.0745211028520238,0.0765865208300046,0.000411269622861,0.0725972703187036,0.0173281025118507,0.1122465320213064,0.4296764895006345,0.14592416109425
0.028402131998023,0.1064368152245254,0.0209993900009137,0.1361349369595819,0.0299207687130723,0.0383720141167781,0.0097245383476283,0.0631587486130817,0.3302098437706691,0.2366408120463208
0.0390040122006171,0.1520990462780418,0.0201113235668468,0.0759380007230003,0.0699512076791329,0.0682807911790431,0.0435942776762515,0.1673156616815025,0.3370283289392316,0.0266773498051531
0.0023126848430359,0.1144961446763476,0.01217368283368,0.1121573803026105,0.1193054137790848,0.0049448658075303,0.0200293401146445,0.1407140379492865,0.2455000978731084,0.2283663515191516
0.0141830507555062,0.0920304376287791,0.0230175117156329,0.0759553804169642,0.0470699078033257,0.0274363727542433,0.2526612623246186,0.0415308902992424,0.4071534935551909,0.0189616924860069
0.0169597017724001,0.0470740910896938,0.0288644603651896,0.0384463962025797,0.059445934741856,0.1364734121928868,0.1269607343221334,0.0584760769484231,0.3783420505918922,0.1089571415361433
0.1093128967589402,0.1173922133943611,0.022827951334649,0.0631446333999908,0.0536944845822981,0.1005863020486249,0.2658049563373247,0.1227743547206617,0.0189503852581579,0.1255118218706207
0.0246648746995545,0.0819410727732437,0.0844500350435494,0.050786229313168,0.0341675461741267,0.1562243779662016,0.1473006795831208,0.0850747633598935,0.3107380251827989,0.02465239566878
0.014422364442216,0.0135639644242281,0.0849379258881957,0.1636482177391978,0.0189550715276388,0.0138347437571065,0.0480404891825636,0.0256930734125055,0.5754997729686346,0.0414043764327033
0.0172757971148017,0.0415925520042007,0.1340812799015932,0.0227668728751073,0.008014656072112,0.1853367355301036,0.0125233443431853,0.0247167744558848,0.3952582031973757,0.1584337842827453
0.008313959446844,0.0843695081967043,0.187705902590118,0.1135271205948832,0.0426938897172614,0.1146482907371094,0.0242163724123269,0.0603258641766604,0.3092235106344412,0.0549755812377991
0.0423328765171207,0.111709036438395,0.1033052409889936,0.0925932403165327,0.0552765045127975,0.108757752315382,0.0006404488728706,0.0737254248446161,0.2502518249726558,0.1614076499630899
0.0352983490926493,0.181072017127102,0.2408010670914438,0.0024736695109918,0.0424108076934871,0.0666845014347831,0.0569365174896136,0.0756427207812686,0.0591137346482098,0.2395666148195679
0.0392652992227508,0.0581835023345784,0.1653846307973904,0.0397758034029344,0.0526734389173301,0.0511317981513753,0.0443579655539008,0.0555853642396217,0.3213345477514344,0.1723076495005484
0.0612043421964699,0.0918260987373582,0.2672467088551437,0.1769245229325396,0.0701090183623409,0.0566026459690315,0.1326416914381741,0.0195031135783915,0.102032032773413,0.0219098249552166
0.0079554401416647,0.1083802344551046,0.180510900826903,0.0309277689355495,0.0859659327595076,0.0160142681649258,0.1103719713453854,0.1315661465672057,0.1834442134834009,0.1448631231084098
0.0311675104599457,0.064936478216129,0.2398803431726096,0.0457697396438219,0.0091338891122499,0.0303669286178164,0.0543433402933395,0.0799494947864147,0.2282528089787172,0.216199466380677
0.0611119820910345,0.0182549151073731,0.243404166525311,0.1221900678220148,0.0698989765430763,0.1678756019640086,0.1439652660052067,0.039307548361575,0.1297544971875615,0.004236978140338
0.0271614431275613,0.0666969177403553,0.1869147093163589,0.0483394569157397,0.1766570684059337,0.0911140900925006,0.0566640714254222,0.1444954296982251,0.1310475058708685,0.0709093070839945
0.0774070303505811,0.0650421578391098,0.2120075576488195,0.0686472323043101,0.061380804897168,0.066855421851704,0.0248890769835935,0.1555430701846105,0.228264391652392,0.0399632560042432
0.1025076941862302,0.0717556540005347,0.1994504471423131,0.0913789995973364,0.1020469915786815,0.008587896011541,0.0446647987646543,0.0391164731164456,0.1435228236299975,0.1969682217693654
0.0951425825405289,0.1142218910112603,0.1073564230279199,0.1856837413094028,0.1656029913348184,0.0224794394369365,0.0345062160599999,0.0895389468647165,0.0191192937448017,0.1663484744715198
0.0921045334792592,0.056333525835374,0.1611291200057552,0.011153836955219,0.063407461120647,0.0914205750715835,0.010262256505753,0.0164846941824904,0.251053691089986,0.246650305541132
0.0328199947150067,0.0249825876242555,0.1406886263428365,0.0917619084047671,0.1015387588957965,0.1166649615509784,0.0831827530719464,0.0506894214454931,0.2039078582678809,0.153763129465857
0.0027996772164338,0.0697208564965352,0.1935854768655609,0.061441520633687,0.0402746963409283,0.0026894639460185,0.0657670385853466,0.0368526161307117,0.3005573026208239,0.2263113508808077
0.0191674264428834,0.0536103019177175,0.1800241637340331,0.0267099788457085,0.0259710675132777,0.0844341210816671,0.0297017359529699,0.004463778774558,0.1798825570875779,0.3960348684553408
0.0193861474490216,0.0251536539653025,0.1658904984330399,0.0543462471950364,0.0837377835541619,0.0026579634131432,0.0475717786212786,0.0856464396199773,0.3848541508308272,0.1307553367279105
0.0024985684393013,0.015951739740008,0.1322796116356879,0.0125195910990121,0.100259865393305,0.1312210952574062,0.0201657964665371,0.1496715024731962,0.2434043610465905,0.1920278682465706
0.0153189272912498,0.0285263140737977,0.1556090077326887,0.1471229851960763,0.0972228058762673,0.1275155180739497,0.0176659707323387,0.089749127140689,0.0581425178713467,0.2631268257904542
0.0385961287924347,0.0122263223905154,0.1079282655070213,0.1088272749351609,0.0056114718434382,0.0721131896973313,0.0481038337900744,0.069372797578349,0.1882546336171425,0.3489660816318798
0.0408747535412891,0.0740505944886037,0.1312566251660321,0.190442066417789,0.1988907775033583,0.1239659813687441,0.0709957269679382,0.0415063427960232,0.0009213328781122,0.1270957986881846
0.0933135527992912,0.137613756993673,0.1799056086873315,0.0608615500707531,0.1196554739527949,0.0020559196539014,0.0624464970166865,0.0115349573087397,0.1006434819498905,0.2319692013575921
0.1106300096124209,0.1390035197455686,0.2111262044379378,0.0756686584176379,0.0701667971617526,0.0400039120102481,0.0551696019896414,0.0421311576331341,0.1066555515670272,0.1494445872229671
0.0882164182009552,0.1159780575801038,0.1177394490169506,0.032457845347231,0.1226583917076107,0.0634230904771438,0.0029882264634813,0.0216645422794842,0.0804708394069952,0.3544031393777887
0.1159748798695314,0.1310927267197231,0.2394464192533915,0.022892073056901,0.0622811709437836,0.0455614364239271,0.0476794078532174,0.1042743201794259,0.1002476453720246,0.1305499200770071
0.0787021021392741,0.114567632903597,0.1806107318731064,0.1031298276949913,0.0034765628123287,0.0163695059835587,0.0061267902368903,0.0504683777303401,0.0541992493956542,0.3923492190505883
0.0012213444871714,0.0029847024014805,0.1922524831319876,0.1497977281429491,0.0830759054745778,0.0568247431363798,0.0731316232704672,0.0226658809365398,0.0448868004699415,0.3731587882964818
0.0500356331059563,0.0861381464230623,0.1563234599501748,0.073234719618486,0.0760452813856832,0.0042586164366783,0.0426971586651723,0.0788319984653876,0.1859082973032566,0.2465266884655293
0.1141807168924742,0.1380143030523445,0.2370511607893703,0.0190861619963271,0.0258475856717015,0.0014758794810611,0.0223852608410851,0.0751422261090882,0.0598417074762536,0.3069749974649088
0.095391043203714,0.1217514002324058,0.1776319612668079,0.0587241672834019,0.0279011582215471,0.0765429042712192,0.0606352420471264,0.130643323749677,0.1987734811880221,0.0520053183499436
0.0926976311795269,0.005423217497019,0.0928937861381445,0.0203384355991018,0.0071872445947145,0.0557419919613939,0.142431064400946,0.0528702891934907,0.1844515012786351,0.3459648378442636
0.0906573927791807,0.0242870054636952,0.0111823676478784,0.015301832766671,0.031454293294295,0.0527361286381283,0.1393438088831601,0.0986413298729558,0.3118827427135177,0.2245130977284336
0.0125683152219211,0.0176854725314598,0.0894009697851909,0.1026965781311971,0.1165263447254998,0.1010486409042459,0.0712248484024188,0.0754672915168624,0.1206734320769344,0.2927081064884042
0.1271319249869086,0.044638254012864,0.0407973322039789,0.0798867243086551,0.0591204605893365,0.0609583385554951,0.0343458537759505,0.0408285224709383,0.1419948567071331,0.3702977321064363
0.058092254093416,0.0759119220403405,0.0224544025302448,0.1464337026415231,0.0671595108042189,0.2405283719509882,0.1769888484526013,0.0084592439766433,0.0272236176838123,0.1767481252429744
0.0216202610523285,0.084876814905028,0.024964063244789,0.0091291342812852,0.0153698706495755,0.1700319275085539,0.0866331360735635,0.1310365555205325,0.3388698558501594,0.117468380661407
0.01133746082649,0.0465475346201258,0.0869792461957883,0.0326715449731103,0.0274643891028801,0.000355906870185,0.071904181968773,0.0108054336513639,0.4323734298156393,0.2795608716731903
0.0549001990581234,0.0319085411298066,0.0069505639338291,0.096236563387754,0.0570538799499395,0.0761557966452759,0.1152534947474795,0.0005458436263847,0.2055750499664421,0.3554200672639201
0.1074768995552205,0.1116401662954118,0.0395093462749244,0.07596920126393,0.0038498574934072,0.1113059657709737,0.0210170541484991,0.1618710026946165,0.2964153634790523,0.0709451428311802
0.1549102316901256,0.0851210773746904,0.1548078754061349,0.0131186943243265,0.0113302844214597,0.0891595348802935,0.0571452133857207,0.1404319251569538,0.2019306670179767,0.0920444960851825
0.1501859173148787,0.0452015470438526,0.1800782825919481,0.0156505232311574,0.0358140822780878,0.0006727504932645,0.0172268611011958,0.3611395363474679,0.0766322321964661,0.1173982670248066
0.1209345955500183,0.0817323879221109,0.0678106952368745,0.1028487022393245,0.0297832388689356,0.1720908028100487,0.0276087164341118,0.1595424699772382,0.1365532102614809,0.1010951804076843
0.0985126084386923,0.0977094728492804,0.011891265939687,0.0822074496976754,0.0794953571592364,0.0597624254735875,0.0110799516561115,0.0440566631384936,0.1907938502593255,0.3244909551505119
0.0842528755900574,0.1066879726146345,0.0023349786940211,0.1393632524605324,0.0217712493994553,0.0177058044243527,0.0697266836917172,0.0728512431221527,0.0473789889068666,0.4379269507969049
0.0869736804130141,0.0565533429278743,0.0860924134263565,0.0735544201649188,0.0228851653456211,0.0811330747847091,0.0524642582443969,0.1072283173732139,0.1766985218481979,0.2564168052738996
0.0989265611631407,0.0062712298677399,0.0985574925256751,0.1878023193039214,0.1397038344292156,0.0431989777952094,0.0710937353722325,0.0117062658856828,0.1331135349797396,0.2096260484437138
0.0153201162375195,0.1073250192937962,0.0533209835828928,0.0456691810204939,0.0239033416039746,0.0209733965995571,0.0487641585731012,0.0592721680372604,0.1035402774124708,0.5219113572391124
0.026154087152263,0.1072679656766179,0.0212611891884689,0.0780333178481203,0.0895060786112178,0.0781940828743952,0.1071376020658219,0.148874524804329,0.0759374942133104,0.2676336573603264
0.0238247761038094,0.1345445141705533,0.0495807575501518,0.1209405309799745,0.0698728335993714,0.0165800474953973,0.0514111384844039,0.0614349682239992,0.1482648555018678,0.3235455777039037
0.0168251261599064,0.0946584714923052,0.0595550980368136,0.0564408185247511,0.1171593139859736,0.0021897201103327,0.0898870956095467,0.0408343320613345,0.3777416672726819,0.1447083565473162
0.0337856283318279,0.0965837678332559,0.1027906555916563,0.0760367261081744,0.111270398901739,0.1101601431162623,0.0609714869212665,0.0298124069310486,0.1253579138251596,0.2532308722192083
0.0080826432981484,0.1188437761146174,0.0894285614163644,0.0090768885947592,0.1553450415298846,0.0711602384585592,0.0196724257337926,0.0978234427045046,0.1887927458317971,0.2417742361095235
0.0086565615622164,0.1639903357625337,0.0744967896266853,0.1199626467053868,0.0183253550858328,0.0244242755111517,0.071499455218704,0.1470866075902931,0.0087915530550221,0.3627664196302048
0.0646966929636796,0.2762596638039948,0.0610455542535349,0.0366681791425559,0.0397020737686208,0.1626603635034836,0.0720852848058713,0.0370786487257593,0.0310708639504334,0.2187326748458726
0.066420482478081,0.2306988979859582,0.0221751155142299,0.0276421308193509,0.1222234616060388,0.0617436920768475,0.0069627634513397,0.0844439161682396,0.2628924648188255,0.1147970748710181
0.0322745094719703,0.1124043199444836,0.0222418202656644,0.1556496098458119,0.2310933198671116,0.106282312241331,0.0223564390054396,0.0446526449333458,0.0059939552779563,0.2670510689142641
0.0871993723034239,0.0805632487882099,0.107599474968293,0.102067312883245,0.034359287086353,0.0005623002052249,0.0052628721988552,0.1258664214514782,0.1983558805585559,0.2581638292404831
0.1284435589011444,0.0128572672846646,0.1087287414586509,0.0166505046972106,0.2010373815939906,0.0970674869336806,0.0427867466873946,0.147864162985056,0.1402081109972597,0.1043560382532651
0.1137294678537876,0.0401287711586157,0.1538149881364676,0.0091836973034176,0.1607800902026759,0.061947055257128,0.0397376305282599,0.0280388901320483,0.2201472841494253,0.1724921250453306
0.0322641130625784,0.1399936447552796,0.1452576128530333,0.0721331497476705,0.1151957390546609,0.152041160622279,0.0325054071098722,0.0720465245609203,0.1168975232724208,0.1216651247161755
0.0691643834912501,0.2775798221947113,0.0997286085506782,0.0187321890227598,0.0833189415323038,0.0297184546803384,0.0575320406756293,0.1295490807350102,0.0964779355190914,0.1381985433321373
0.034374360383097,0.1376448664754648,0.1433651508676504,0.0462864679836596,0.0428721551376859,0.0713476259021007,0.0213067377527414,0.0690885154468686,0.1167460426150987,0.3169680772153977
0.0391747470474615,0.163058018412692,0.1674524738547778,0.1531126986587151,0.008225490729547,0.0115838004581468,0.0128974546305467,0.1551253126361922,0.0975091720064308,0.1918608313576049
0.1258047462500611,0.0771879760597075,0.2162512217626408,0.0138782495835143,0.1261188976198688,0.0737152013157651,0.0074484832379929,0.0452240285182344,0.0850914062704614,0.2292797891494866
0.1173353144930264,0.0307457272331029,0.1553153889910783,0.1253242084056046,0.1221781436783738,0.078451271390293,0.013339410995909,0.2165931348454635,0.07035660615047,0.0703607936432058
0.1367769562338499,0.0178493336443184,0.1536545265857536,0.0222306622275781,0.0954928057175481,0.2141661349126237,0.0090329657916582,0.0334707257621564,0.2469772628095305,0.0703486261067069
0.1343810888623984,0.1043873009684456,0.2091421356981277,0.0357298668821197,0.0656140835877338,0.0429495145902614,0.0387045023253682,0.1254293650245292,0.0445949771473804,0.1990671646711113
0.1377818248114028,0.0960664338008958,0.2154222885769025,0.1068089833476493,0.0633071063896568,0.0180262909089959,0.0110803708069189,0.1662209495956469,0.1645171306821189,0.0207686208757621
0.1997440266805688,0.0416300852160761,0.2713760057303976,0.0450709213883382,0.0367051838750799,0.070252750735323,0.0299777977420473,0.0422211549129392,0.0851838258783431,0.1778382476281389
0.1683229096775038,0.0196250247114609,0.2232198121400705,0.020815517664818,0.0234277188317241,0.0567464619413937,0.0637165101777987,0.046314731198191,0.1516676512547097,0.2261436622423474
0.1301244663980187,0.0450876533331216,0.1701957119844894,0.1320665476163857,0.1489291548579866,0.0330788528457693,0.0202241407610739,0.0486103712793628,0.0184784877154678,0.2532046130608803
0.1311705040287651,0.0439328321896399,0.1792107216453248,0.1307621511326592,0.0693483148376362,0.0152532794935716,0.0867252043456652,0.046512207402788,0.0906816452811735,0.2064031394812194
0.130014186614051,0.120001074105653,0.2046126099494678,0.0830920212423353,0.1260492632868094,0.0006124883800401,0.0946380414451174,0.0670354894466863,0.0158275162864101,0.1581173090277904
0.041090946669154,0.1918889183035093,0.1106954127616276,0.0650294255543112,0.0019618177324301,0.0621075489117471,0.0726771576878389,0.0308149814375895,0.2233622151653576,0.2003715755465664
0.1296706330611681,0.1176491796219694,0.1620212864097901,0.1416678098954172,0.0364596260728482,0.0384860490886654,0.1414316820640895,0.0308943995065455,0.0197549993476751,0.1819643346654839
0.1073453652098447,0.0632380859216535,0.1175925203309135,0.0579271931963761,0.0155231145145745,0.0214340453386212,0.0620590603667215,0.0139662090338534,0.1604236518848224,0.3804907540388365
0.2057404573899686,0.0123265616431805,0.180873515983234,0.0160123927720721,0.0259270762729376,0.0309266059913327,0.0102598161639798,0.0014924217513438,0.0809052034652141,0.4355359483001791
