0.1088617949889399,0.1394875059064864,0.095344304849628,0.0950340617543317,0.0713376383410187,0.1292430258285454,0.0942970599688103,0.1414787654264125,0.0401110984489509,0.0848047444299149
0.0825840393396824,0.1135375524382443,0.0621786959486201,0.0870702316607567,0.1150259826356988,0.1481789825703637,0.0981007118785777,0.1204164493479024,0.0933386183851702,0.0795687357445755
0.092280772179672,0.1220260208416817,0.0784648449999678,0.0880467917383785,0.1195420936746199,0.1031537534154911,0.0675080038132563,0.1848743187840696,0.0727424058702187,0.0713609946249537
0.0761793219944051,0.1059158796355524,0.0763678416662115,0.0647149190035473,0.0835736572970416,0.167706293698815,0.1058567185300227,0.1580626957149566,0.0278890242367945,0.1337336481616512
0.1018631339754336,0.127972938973341,0.0953235148802177,0.0700307185308408,0.1042297521399312,0.1176030749090455,0.1039895229208786,0.1196214676340169,0.0656352277932092,0.0937306481848137
0.0912691553838444,0.1271197178496897,0.0772794254342881,0.1248046733306459,0.090299760396372,0.1405011461000204,0.1138078162565914,0.1207864812828242,0.0111894378792052,0.1029423860316529
0.0708639839132069,0.0969870933935157,0.0700572792792168,0.1192600585235573,0.0968477010726713,0.1541577320289286,0.1064373802033795,0.1346097697750695,0.0154249354052193,0.1353540663481306
0.0953700768972985,0.1188176036001341,0.1110887044771515,0.1025779756330621,0.1002233763013426,0.0954277803615827,0.1155595587830418,0.0930862013433247,0.0521188982958744,0.1157298242397701
0.0674428743072377,0.0945850432148358,0.0779714135058885,0.1023755829812557,0.1141194245432648,0.1155436016709895,0.1190757526671277,0.1109969225371723,0.0170396443494664,0.1808497401642016
0.0720966515544519,0.1053730121259693,0.0888322383568857,0.0947063518368867,0.1139288356106265,0.0900666298310008,0.1385355897274329,0.1604805203230941,0.0946640954176652,0.0413160751458274
0.0606576603832883,0.0862814527515022,0.0746371364063194,0.0961521279576631,0.11441376330501,0.138458850602587,0.1078767959856195,0.1172111998434008,0.1167838598913746,0.0875271528162839
0.0420988559486576,0.0808972575489263,0.0579478134638257,0.1485173805999496,0.1338735301098305,0.1452509650783021,0.1427424255518356,0.1728784728932678,0.0170009217160336,0.0587923770215212
0.02003765968977,0.0545164370535535,0.0501815584111557,0.1271878795316541,0.1234562703934501,0.1606377578400712,0.1534958298865539,0.125460345715846,0.1149263048533484,0.0700999565579173
0.018800231649867,0.059973327443149,0.040915759105966,0.132336447114417,0.1240994865762417,0.1274200217032629,0.159100304871011,0.1076534806333291,0.1053463534826948,0.1243545873533288
0.0022993114315077,0.0396434031241697,0.0372996936032351,0.1417520072195845,0.1115184684208114,0.1532787257386742,0.1824852494113805,0.1258071397179199,0.1125223596457826,0.0933936416067482
0.0024274505619974,0.0260838749840707,0.0508984193938565,0.1271160179615977,0.1321859466870154,0.1241594090168627,0.1445860312472626,0.1436894739514534,0.1257072059308968,0.123146170194077
0.000833461271936,0.0274970824572514,0.0313741329733826,0.1321827150318703,0.1522583895178679,0.159968320940723,0.1094751785415622,0.1610596406757847,0.1155940123352111,0.1097570661748361
0.009927165927392,0.0472350556403054,0.021737231139858,0.1357224863446508,0.1515388218221385,0.1668561287648449,0.1655593383530675,0.0773106854739992,0.0825233161859628,0.1415897702726579
0.0104889567317894,0.0713689797083083,0.0034518685599872,0.1506444192968904,0.141062660786998,0.1535287250407865,0.13080116247508,0.1025695239355181,0.1467698567035144,0.0893138466745049
0.013701031980265,0.0489253553701973,0.0447751176249312,0.1230316341147536,0.1412294828967221,0.1512110059920874,0.1216263232605614,0.1160266877607811,0.0687923053299188,0.1706810555961195
0.0256149548711988,0.0506076935083467,0.0728462236684697,0.1165321752583038,0.1225978355314351,0.1499366804936547,0.1305233823635153,0.0825919727774376,0.1355109500904922,0.1132381313664508
0.0084878015401977,0.0833188443269518,0.0731997058599792,0.1192543663513571,0.1214808501216207,0.1094499683095307,0.0752431287860158,0.1246556494262728,0.1792496301573947,0.1056600550498481
0.0039946349201876,0.0826986147770004,0.0630650615201904,0.1304707002931366,0.1290731629857029,0.1370775813243235,0.0813762276814936,0.1032471588344512,0.1013471506493979,0.1676497069416732
0.0320675580766952,0.0574749773387964,0.0834435563797885,0.1481333628356054,0.140661830560775,0.0740653589171515,0.1088847644186424,0.1067624123075797,0.1831838206381885,0.0653223584553311
0.0423230100747762,0.0500045877104833,0.0860073809154919,0.1077877220445646,0.1082898083471089,0.0908402782063327,0.1262640790452532,0.1559259097380416,0.0848545727139255,0.1477026511298079
0.0443281294132378,0.0525722395381982,0.108204738814048,0.1419241601369198,0.1478190919374423,0.0917891258448518,0.0857139044255313,0.1582617882438045,0.0939445128970726,0.0754423086801518
0.0422881784318785,0.0721860105988198,0.1136001479244079,0.1338414631871479,0.1361599289121136,0.1362360067932259,0.0747593098756386,0.1101598630140303,0.0371981322494411,0.143570958935454
0.0386204630199293,0.0627738501638073,0.0974199301278448,0.1600044221043282,0.1884093028828721,0.165579869045374,0.0586961956965872,0.067997159270309,0.0956090705753044,0.0648897370390245
0.0747492990268526,0.0459584148189761,0.1140106697811251,0.1137756387785891,0.091170005174758,0.0946796789289966,0.0760669278225519,0.1613601494493582,0.084677513105888,0.1435517030186306
0.0564190030642085,0.0518944622377854,0.0982796465379434,0.1766835858633482,0.1000883503164369,0.1219539064337859,0.1516363165245646,0.1226172855401208,0.0645697385449884,0.0558577048437993
0.0773394526983261,0.0306646231072543,0.0724042962440426,0.1367068779286142,0.2082703549397337,0.1313653630009584,0.1136928885649907,0.1325831429230277,0.0332735119797488,0.0636994885013689
0.0585955614604887,0.0348766200387409,0.0618011027606914,0.2626975540966151,0.1290678143467195,0.1164374652345599,0.0503779828897682,0.1473482584171621,0.0562058594772972,0.0825917811725188
0.099620150979279,0.0033209415478983,0.0836235261805403,0.2140318679289981,0.1858622935396975,0.0604518364444479,0.1106707476316671,0.0944923566083597,0.010048497453476,0.1378777815904042
0.145182332481436,0.0437967113966578,0.1040194003724445,0.1768507252912992,0.1310691567412794,0.0819763747564448,0.0996570229328154,0.1319949315892015,0.0013331364086556,0.0841202079163188
0.1343331519272415,0.0596231587486377,0.0957853182489405,0.1581549811476593,0.136492030324302,0.1305011380452818,0.0646777940562382,0.0999800939359174,0.1069896654480782,0.0134626680232757
0.1534928231526786,0.0671026188797674,0.1136927244952129,0.1322034047835377,0.1008603691326621,0.118348986995316,0.0688904900676308,0.10407195249647,0.0868219079674802,0.054514721936976
0.1308698911308066,0.0213668247859122,0.1019088637245895,0.1035084241391199,0.1463990912967492,0.1042237974883401,0.0681206916769475,0.1233547539045018,0.1479575604636246,0.0522901012837628
0.1660162954356286,0.0584897288895495,0.1036190488424841,0.1976871485517113,0.2131658796139439,0.0517229096345906,0.0474548383947613,0.0528835827443504,0.0509822048664759,0.0579783628994707
0.1760297195676959,0.0343008196196671,0.1278428635384308,0.1582626776920206,0.1975553234280288,0.0864278868279103,0.0096485675294395,0.1000556985050229,0.0242519271411379,0.0856245159932304
0.1618045182184235,0.0305622923067724,0.0930065779759701,0.1932256372473984,0.1451092728838885,0.0933726611460911,0.0225527384681983,0.1030768011574776,0.1416556854717615,0.0156338149803562
0.1780570792925648,0.0547086071575011,0.1019754275781557,0.085423275698754,0.109473189299471,0.1648412368922352,0.0577237083509987,0.0258216965430065,0.1965547965930183,0.0254209824542706
0.1064459969105557,0.034246275641838,0.0807506310749052,0.0974942353614134,0.1242235344364508,0.0457191648862626,0.0944140919181743,0.0413996461834003,0.3668765231413119,0.0084299002996741
0.0884343649869028,0.0664840515365508,0.1004146146789575,0.0762518613708018,0.0936971150450829,0.1801379838406041,0.0896642717598765,0.0134911713098619,0.2214642787043454,0.0699602866163288
0.0853958556356575,0.052041533867427,0.0972006947079082,0.1383054401149098,0.2099044526168205,0.0908821430828871,0.1143594583035097,0.1159822812025797,0.092662284837243,0.0032658555056894
0.084046257092038,0.0910128386008555,0.1051972935784731,0.1182268160298545,0.2090981347375934,0.0414199753211556,0.0602031981514383,0.0808762319298136,0.1566255130336821,0.0532937413575422
0.1342614960448496,0.0696077041169992,0.1655955980593028,0.0204880568694407,0.1521355767591715,0.0287718235767291,0.1117852857414603,0.1519952715561769,0.1072864652674379,0.0580727218426232
0.1489051804280987,0.0772356874585933,0.1993831264228434,0.060698120676686,0.0638972061169889,0.0523014370281907,0.039987646575027,0.0039700116876957,0.2956545540439657,0.0579670293933644
0.1301359383903514,0.143247994842737,0.1830272889724288,0.0376472352173411,0.1499139984600553,0.0604947175565209,0.1208971005951105,0.0060407197977282,0.1370355963372365,0.0315594096008207
0.1774411546304668,0.0928555348352497,0.2148272329673368,0.0708284997956094,0.0702223552300472,0.0949826996998216,0.0656329921872334,0.0339289867894816,0.1117192447022848,0.067561298929204
0.0671240794713148,0.2367906023113238,0.1827940969707445,0.0224826204481471,0.0649229890438095,0.0382538637142078,0.1398120966441126,0.0330990760555293,0.0380241154091418,0.1766964597059784
0.0353002188165342,0.2342123358564053,0.1214968997294415,0.1646010621683685,0.1685995767758378,0.0615086784157192,0.0035148408420223,0.0800199227515837,0.0167076711221995,0.1140387933054773
0.004082089491557,0.1954263013992132,0.0528191962631966,0.0455937063310457,0.0802237954465396,0.0195433972711508,0.0607343124486578,0.0948877281671159,0.3389760574353207,0.1077134155789007
0.0052131675969478,0.2139292538109782,0.0014612974427852,0.0673318141276774,0.145616579064719,0.0640088018754925,0.0987951353503055,0.0380152982307833,0.266908406825902,0.0987202454806158
0.0272003690009506,0.3147453301369245,0.0037481607476541,0.1143980264318841,0.1006470248465111,0.0374695412458104,0.0793913563510144,0.1043607847210847,0.1925204733862513,0.0255189328800101
0.0299629184733044,0.2015475225683555,0.0203704527499107,0.0681761204256258,0.0968231338067148,0.0033021270364526,0.1132481827784844,0.0317502065955662,0.1343403792461578,0.3004789561621237
0.006417142188175,0.1546067295582098,0.068385750850416,0.0321667491843447,0.0873386588655241,0.0349242557275941,0.1543168553584068,0.0485058534392106,0.2277354142164518,0.1856025904434605
0.0868309939852862,0.254196610020804,0.1349247506141004,0.1403514936635004,0.0735223261865056,0.0344921916077081,0.0674199226086875,0.0539394659534672,0.0059030781714932,0.1484191669868111
0.0920243096401807,0.3109517459467428,0.1432124193682403,0.1548143837568466,0.0211940023064324,0.0840465396684522,0.1304435721804629,0.0003068367746845,0.0280019712714023,0.0350042188013992
0.037307791074566,0.2375065466158577,0.142641454004359,0.0062175244752459,0.0395740048900848,0.0304865223826322,0.1449550833400966,0.046147051073422,0.0641022603742485,0.2510617615207259
0.0780684009812496,0.248702845870667,0.1409651152404008,0.0278928625043595,0.0505659084077591,0.1533964549443504,0.0823725903808683,0.0369447724016156,0.1476436231137037,0.0334474259532303
0.0910730577487083,0.314465756054882,0.1642123519472778,0.0284687871435034,0.0080310672910109,0.0269220968027541,0.0817790075635939,0.0056445041686482,0.2561781761521506,0.0232251946614723
0.0218615299261466,0.2546475852210402,0.0648819746440039,0.0668072092880892,0.0593886697479095,0.2427311911618211,0.0809138077774956,0.018410799824684,0.1162847219387964,0.0740725102516715
0.0880270364742449,0.2845912655900363,0.1135276404273599,0.0728768109348127,0.0016449864559995,0.0346324550107402,0.0934194123307586,0.0157440749669422,0.2125254076144216,0.0830109100047886
0.1035173538102565,0.3046519662346693,0.1416866201496936,0.0324585328270535,0.0362475771101859,0.0313494835724226,0.1805410610566958,0.011111248731334,0.0562830816350807,0.102153074672702
0.1342911022271824,0.2967847338487702,0.1605433307237302,0.0942805475003078,0.0465052204080098,0.0895043438600328,0.0102253963518163,0.0102981816440252,0.0807597078399004,0.0768074354235955
0.1088119720400023,0.2546670966130235,0.1297355435910213,0.0331588105300999,0.0437002986494688,0.0443078687965917,0.0654554679235671,0.0356203950413031,0.1268118087765937,0.1577307378690185
0.1273604732936556,0.2917667974428041,0.107653453328413,0.0401857684597574,0.0432500150929762,0.058837666981663,0.0303092245629398,0.0814344709268803,0.1625781256392031,0.0566240040983299
0.1056849879314961,0.2412888928286832,0.0852067028642326,0.0984538287369447,0.0205316006250801,0.0826604611914076,0.019628058637038,0.0594432302052763,0.1015880920871241,0.1855141447780533
0.1219740999972263,0.3032753868562647,0.0660868602026529,0.0214109124218493,0.0171514883911863,0.0525727850593192,0.0356519055689715,0.0209382683687115,0.2405343069934719,0.1204039860032963
0.1603248156850065,0.4422758901208018,0.0781549134248759,0.081826189578378,0.0046212058438297,0.0234498444113116,0.0501291937179381,0.0084786274766918,0.0828790927025398,0.067860226835136
0.0710093234277259,0.2165910105631537,0.0517856132021344,0.1035226550750715,0.1059247701743742,0.0412881272467505,0.1153884613288541,0.0519275938155384,0.1050709008005638,0.137491544249699
0.1091907969071668,0.2829384823640206,0.0695007914630466,0.0720162222826759,0.0298351236948743,0.0181633322361701,0.0076343321574276,0.0240876852772102,0.2653652047829168,0.1212680286999811
0.0395009524427329,0.2282065239535008,0.0120792538932887,0.1198696192458506,0.0568765504996626,0.0072438882118674,0.0172199523785766,0.1356721374554662,0.2531006048796533,0.1302305168761792
0.0269909279319173,0.1860569951693559,0.0042773881012785,0.1001786360397838,0.0143578600817923,0.0623230958868835,0.0473101155926336,0.0394062406370148,0.4537513682188371,0.065347372196704
0.0464073462461038,0.1723967385658367,0.0509579811601943,0.0164505209698708,0.0202310797909454,0.0619464780470953,0.0145618126251602,0.1433293227069565,0.3678968550770253,0.1058218646648164
0.0433794250517843,0.1668887105198803,0.0862490500606222,0.1295535823771545,0.0518591946599731,0.0888159274072176,0.0919300453406082,0.0738289127765781,0.1797473396180111,0.0877478120448003
0.0364032892802156,0.2046506756784474,0.0111868435739508,0.0937237381644958,0.0784603470048761,0.0238920085316568,0.1071313416720965,0.0478656585115642,0.3520108423127781,0.0446752551254094
0.0270231523592054,0.2323267304939905,0.0011113094540303,0.0677786219954639,0.0429096386575616,0.0056679543532184,0.0383967399566925,0.1792039723862092,0.2415127732985117,0.1640691068858215
0.0525224633634723,0.230216972342254,0.027616210766601,0.0758741725744288,0.0106249175561081,0.0101429607829314,0.0089722464245388,0.0763157760094801,0.2852954913563062,0.2224187886727441
0.0018653827799146,0.3060772614930078,0.0363160939329574,0.2069624751918631,0.0243386332907629,0.0352531901624253,0.0430505320180884,0.0370964752281012,0.1757150717939991,0.1333248838066197
0.0277175636998767,0.1734099640323674,0.0189770368890315,0.0338771160383524,0.0703242710466063,0.1694419855984533,0.0360234564735986,0.012025099566283,0.4072876994576742,0.0509158069982489
0.0655510472969369,0.1883776036457783,0.1224030279427676,0.0501293290988844,0.0624053697036866,0.0437101465795778,0.0537355499307085,0.0371558710637908,0.3545418770576853,0.021990177503934
0.0309879526760847,0.168313930149334,0.1294795723365956,0.0010193707687084,0.0232437252927492,0.0216779943647752,0.021490219345081,0.0486980843160133,0.4636711436872574,0.0914180068811432
0.0431734446327811,0.1871493277280735,0.064691373767022,0.0917550799484964,0.0909851921081042,0.0527057921580205,0.0403374612586655,0.0259886444040376,0.3288581193623419,0.0743555644850648
0.1010826586300307,0.2961728963914498,0.1393988720767764,0.0354348551678929,0.0669630625498039,0.0351946202797479,0.068635189467296,0.1100222186986883,0.1370858964736151,0.0100097300459664
0.0622047548205588,0.1731822653741043,0.1177257279028704,0.0164839414463022,0.0009715462178179,0.0030483051827784,0.0375876225632177,0.1370423754893144,0.4086862002027016,0.0430672606641909
0.0385940296161333,0.1617845506292001,0.0920093051257434,0.1056179115476491,0.096028665765336,0.0129478378309727,0.0338045089911689,0.0235340393977229,0.3978839506300203,0.0377952003237947
0.0669237357347934,0.1832144284503493,0.0823306656171556,0.0727265866970561,0.025432527803601,0.0489318442074117,0.0159813239956022,0.0520343994993452,0.4240248282080364,0.0283996596637196
0.063867633838566,0.228002185115112,0.0740137544605476,0.0107677874268559,0.0260441496076442,0.0078949769301489,0.0711788105584919,0.1011887029707007,0.2656905784281552,0.1513514205107666
0.0417645931237281,0.2931235289383499,0.0887640231004169,0.007342906589482,0.0219739475539438,0.0215499406858612,0.0332505453173729,0.000159947713377,0.3016086043604092,0.1904619623944491
0.0300364448741614,0.2460112433774065,0.075231654214385,0.0064405909912012,0.0197013350575645,0.0230350867788268,0.170081258576016,0.0267428606543965,0.360420712654977,0.0422988126055558
0.0003574919088262,0.2723903514374891,0.0234979289912417,0.1041562530633454,0.0559227162302185,0.0412266858856255,0.1182606631350989,0.1475123398128476,0.2280746227966427,0.0086009465138977
0.0447574775730448,0.2242606901610404,0.0246197330571443,0.1029815424958268,0.0158845278212094,0.0190358937219898,0.099847992637885,0.0625879488572263,0.3520061220551218,0.0540180714949514
0.0261645692307651,0.2740325341777804,0.0375749203895613,0.0096191725265404,0.0906826003909961,0.049105731570369,0.047220471754452,0.0964613510730971,0.2300159521056919,0.1391226966003254
0.0241997928858497,0.3145250355794021,0.064368988134016,0.0164426369867713,0.0223104045963745,0.0026335605260595,0.0531026233138612,0.0643368700524319,0.3836298462937305,0.054450241427876
0.0735373893864956,0.2470171636772876,0.0071016928713392,0.0378029359105513,0.1130054266080937,0.0606933490105809,0.0294299590367673,0.0324538641999332,0.3010613203371893,0.0978968987040852
0.1157416730194646,0.1335209554015136,0.0508719519893561,0.1012980941598006,0.0344885385760371,0.0631725978786247,0.0241204062670672,0.0699306939730859,0.3912462091832594,0.0156088793416846
0.0989724731663933,0.1210529621628957,0.0167598421654698,0.1051910380587271,0.0602189522417008,0.0675949655499892,0.0251971569701811,0.0300687076221703,0.3746138754553632,0.1003300264204288
0.0632113209393277,0.3280089071069209,0.073273223315653,0.0689991947556573,0.0160891033504109,0.0141809862866948,0.057807071891676,0.0169766045342644,0.1527851720475103,0.2086684154536733
0.0675446975817259,0.1908192450293197,0.0887923207903041,0.094886883114609,0.0849232068816715,0.047969183895625,0.0036540894940953,0.0309597845059938,0.3433041042820189,0.0471464841813432
0.0992305951485887,0.0487189930213279,0.0364351839238729,0.1184431491732682,0.0569974915291806,0.0553397140142053,0.1320978330214469,0.0684638622970123,0.2431293076882326,0.1411438700246289
0.0940685096966719,0.1133305593836373,0.0613018171480308,0.1057691487035894,0.0440153308696442,0.1298196741200555,0.0617740093171213,0.0513577997620821,0.2448407768236611,0.093722373956721
0.1990411025068696,0.0012187743253046,0.1296167662722399,0.0174065337210809,0.0281982283506854,0.2428628698055611,0.1044428935275553,0.0615005281088973,0.1717632129087349,0.0439490902020299
0.2900364058658063,0.1249066861041341,0.1266959417788635,0.014204306503946,0.0074918681970643,0.0841420331827166,0.1070432384467776,0.0102740790583844,0.2256382994695421,0.0095671411188244
0.1957060962091491,0.1026601822245034,0.1207296801664771,0.0254497213058009,0.191452285495703,0.0469514132611621,0.0189233515371416,0.0726487020161967,0.1751128140965538,0.050365753472532
0.1653980211484811,0.0819365175465756,0.0853071777585949,0.0078525516630646,0.0423303235357864,0.0121896701788341,0.1605206609016725,0.1038874150438683,0.3207286513274006,0.0198490107284032
0.1740934425129205,0.0651548542582824,0.039617398601858,0.0638966285510203,0.1144421940099252,0.0500290976027818,0.0603740228180782,0.0220966345553813,0.313843479367092,0.0964522475516565
0.0367166805991929,0.0703637566054396,0.1301882305388837,0.0656797169799078,0.0957074456500445,0.1280075115136043,0.0645988294939187,0.0695751743921732,0.1594353163761152,0.1797273376906247
0.098284973447793,0.0542510968633005,0.0532544258437499,0.1209180179631047,0.0464866028363647,0.090847719286373,0.085199164192081,0.1190460848222174,0.2634452359715894,0.0682666786017684
0.2399712045048959,0.0177967447356248,0.1478360430884965,0.0593126475481274,0.0283417146689477,0.0586622568922956,0.0471731301205214,0.0621602937056578,0.1874308564278885,0.1513151079924194
0.1246175197250405,0.0442259132402012,0.1203013053651886,0.1189894949495915,0.0124349684060153,0.0033697989259569,0.0959072588280628,0.0809847962782387,0.3180507268313209,0.0811182172286164
0.1856953118102347,0.0413047085342521,0.269394453725166,0.188092902398176,0.0324372951124497,0.1326759779640037,0.0077640811282898,0.0905685022856349,0.0172675313657976,0.0347992353214539
0.0582720175822227,0.0932889447057874,0.2054593599959118,0.0171927119321006,0.1741844408928335,0.0120233226221577,0.0522874968951892,0.0365805983049491,0.3337719515314676,0.0169391553260928
0.0178563615113751,0.1880075647512018,0.1740747921632544,0.1384507916850731,0.0337767543015823,0.0092150904405845,0.0017936561757157,0.0234633524116064,0.2264629836927603,0.1868986526839034
0.0145636854623903,0.1905373585296528,0.1681933041422249,0.0532647213727017,0.0965526006276917,0.1154455288393203,0.0470397995797813,0.1703487001171895,0.0533677408771781,0.0906865602269913
0.0684268763592233,0.0807681434132698,0.0927003397721598,0.0783075675168122,0.1228517468758278,0.0944901121094776,0.0372611266546914,0.0620855179987962,0.2650194768021825,0.0980890923331011
0.3048402593536104,0.074152270502881,0.0131681100524313,0.0136408178852547,0.0491504323082343,0.0529199374647614,0.0196134583750664,0.2209905177178324,0.2431089914267303,0.0084152045798341
0.2211515672306217,0.0501619826685521,0.0778573280496197,0.0936644878170465,0.0055287830541706,0.1957285435586813,0.0360013395408654,0.0981662906707351,0.1113632035507352,0.1103764736441553
0.2217109721063133,0.0972094349922456,0.0969498420764551,0.0885548891035007,0.0182295729206667,0.1506265966120524,0.0594643386062634,0.1200411386575114,0.0119593177933948,0.135253896914635
0.1162966134754822,0.1945620815726544,0.0696970297859257,0.0475676711601635,0.1114991880776202,0.0670248180228803,0.0536745574242086,0.0131378888213762,0.1592088223692662,0.1673313290792254
0.1700240668976521,0.0474275058742043,0.1320940896744302,0.0560022583473657,0.1075143947253631,0.0528327606777919,0.0501899682837321,0.0245798088901633,0.270240655954497,0.0890944905268064
0.2271532894820775,0.0639594192208537,0.1572474602283781,0.0800358503107468,0.0259135253179606,0.1166031363550809,0.0743097456047303,0.1459178056659228,0.0156714482053315,0.0931883194246247
0.2276764922723567,0.1084313720447087,0.1802985145000132,0.0702115877762474,0.0117377867004107,0.0706407439727655,0.0736447294407618,0.0282157799974951,0.0780210483984354,0.1511219446836268
0.2670431189168191,0.00191062043252,0.2113070636362192,0.0314639529755311,0.026509456415363,0.0946235623144808,0.0867986491150216,0.0389369947084656,0.2137597126670705,0.027646868622018
0.1813333224336028,0.029790428176749,0.1280540571117682,0.0468399997342425,0.0202645513876945,0.1349008903490758,0.0680550520737742,0.0468883713038755,0.1377926118937762,0.2060807153729324
0.1957775465044198,0.1511463438179023,0.0805443588765623,0.0424046587577566,0.1463020837361529,0.0125529041888217,0.0095941830935472,0.0252967761220518,0.243647174354823,0.0927339702862638
0.2785052359879402,0.0725234449263153,0.0390619825522436,0.0856917276385205,0.0322913185994625,0.0079574113337608,0.1474628618683833,0.1045807563667216,0.1469240281478215,0.0850012322616795
0.1008722858687335,0.1232708081738335,0.0463874910663802,0.0201471000772129,0.1471330792787502,0.0987695001289791,0.126765740593795,0.1051536188069595,0.2094865758846363,0.022013799923712
0.1752494957752571,0.0849264586809405,0.0253521609004956,0.1062788128000958,0.0551624879065202,0.1341263920801825,0.0723425522505205,0.0578228916214049,0.2563683434564432,0.0323704042792116
0.0866234616494527,0.0709690359673774,0.1484587806422203,0.044337315811544,0.1346287881695217,0.0971889044709513,0.0679625751708106,0.0300276914719206,0.1988193872100346,0.120984059206519
0.0961790478487156,0.1213292500125526,0.2068238032768376,0.0858949300145651,0.0246514310508986,0.0663022100334929,0.0501474832495652,0.0546189758013173,0.1854127921176069,0.1086400762873534
0.1447793984504266,0.0537173097293205,0.0485850817848546,0.2727838488762589,0.007309556822232,0.0263749449268654,0.0493268810873207,0.1451559249146079,0.1164273769247857,0.1355396762493271
0.1229203099276124,0.0713703685544928,0.007268607722755,0.0674453190412649,0.0696625502753389,0.0880394851588772,0.0393401317501015,0.0169614575417054,0.2435957447931787,0.2733960250742559
0.1802501165377033,0.0066206293976953,0.0703505975851958,0.1325176365307924,0.0106438366748395,0.0554438187736116,0.0531004604130818,0.0301942319679936,0.1643808116178604,0.2964978603393512
0.236664913078057,0.0313988902140007,0.0833052850590377,0.0839391996294678,0.1238263037027273,0.0265842617874269,0.021025992073766,0.0524688839706666,0.0491329752288757,0.2916532950501468
0.2128868090572317,0.025097973076496,0.0318535794679974,0.1827863147055627,0.05806412651753,0.0762228996720126,0.0068976756191417,0.0089325103757666,0.1705051351830529,0.2267529760755492
0.124420709011762,0.0487261353494109,0.0270237890264262,0.0782817427624045,0.0294286145250131,0.0675660263188446,0.119561845729093,0.0430757283840424,0.3733368210546209,0.0885785876300925
0.0287340338440584,0.1898712278338303,0.1566422748684521,0.0521084077555312,0.0582927098139043,0.0561284105561844,0.0162142192744929,0.0029404704660936,0.2414085558918361,0.1976596895152144
0.0194845336716082,0.2269820035568319,0.201868115001595,0.1452049583673396,0.0395559239471834,0.0992875759581183,0.0359777996617154,0.0815662163691787,0.0381262345958736,0.1119466386394917
0.0321833810376748,0.2011020760759544,0.185158172985311,0.0372985138485371,0.0402203076533154,0.016917680782861,0.1047417247554386,0.0817883510199311,0.1005271164745889,0.2000626751706009
0.0141680753604588,0.1883323855649149,0.1701194697459136,0.1136419008685748,0.0671260596495666,0.0927392164017131,0.0330529012440267,0.1117133482260702,0.1611231915582224,0.0479834512066994
0.082890863806079,0.2585097927519658,0.2051455891428513,0.0359635370256425,0.0380652635335345,0.0381189953143156,0.0877546328708749,0.0915134693893808,0.1274267223834231,0.0346111336031505
0.0030483155111945,0.1784342049245133,0.1612536925263095,0.0378127082192093,0.0484945587128403,0.0009034459437331,0.1137411335890263,0.1249009581259232,0.1961743053770666,0.1352366768990741
0.0127915152840234,0.1267407585271043,0.1445702139346936,0.081641072070797,0.0401714427459617,0.0600938327741776,0.0300898127911892,0.0539051221147105,0.3594178018043536,0.0905784277828112
0.034843676487261,0.1873515508959154,0.2031670338019983,0.0671170064320928,0.0048248438416798,0.0842875792090472,0.0987483045097127,0.1962618999160878,0.0323944526712848,0.0910036520346302
0.0942084755416472,0.0580444105384751,0.1756369773717125,0.0599540028781831,0.0011668741163064,0.1354482453010977,0.0903585739413646,0.0946526882130881,0.2402867534338756,0.0502429984130114
0.0874283047130977,0.1321884070607864,0.2024659530536007,0.003178445816168,0.0692107788157588,0.0166981871073867,0.0430646672353874,0.1618007826971996,0.1611089748139054,0.1228554983579384
0.0081967948357621,0.102624222016248,0.0990728293086338,0.0962463821483213,0.1786400102755188,0.0415784828231808,0.0366116731798439,0.0492778177584875,0.2556297843317694,0.1321220031880991
0.2010238155999522,0.0218212014519563,0.052337544960413,0.0797678455499928,0.0747186179226927,0.0181965705455777,0.1473625649035798,0.0571649616023376,0.2535349204593187,0.0940719567614068
0.1715709784907936,0.0307069792480413,0.0767969937997434,0.0412769349070152,0.0819108814020189,0.0388129083079442,0.1468756287152897,0.0790616102075771,0.2117108486410937,0.1212762360226497
0.0318207713410317,0.235473981660264,0.1502651177502781,0.0582039386099667,0.1388820754642862,0.0421379933659484,0.1180780261906138,0.0252590977417004,0.1588565373250806,0.0410224602550417
0.0267348667606033,0.1982574153006703,0.1133530712237323,0.0828909260743052,0.143518917833515,0.0212491488529298,0.0400578415429658,0.097247827646993,0.1384890634815577,0.1382009210657976
0.0262498871267977,0.2347308251243114,0.1220008101783966,0.0923709759215283,0.0696796570322579,0.0624101684415033,0.0136757465815201,0.0722392078180212,0.2180128038015971,0.0886299177819248
0.0625917045068784,0.28124429811262,0.1585931697374751,0.0317601127743321,0.0353574658169406,0.0520612285032343,0.013991555899766,0.1000628665302745,0.230331561252574,0.0340060366618776
0.0501172227013767,0.1460638950210259,0.1188127995682897,0.0151930592897392,0.0464336560947608,0.0678371306603364,0.0445915886689342,0.0531221999882807,0.3123249871901775,0.1455034607052703
0.0012560891298816,0.2438772745390282,0.1231031889641493,0.0157864282241629,0.0101668694219006,0.0967565871412519,0.0002109653858418,0.006975205501043,0.4828488678008981,0.0190185236290072
0.0178082545390983,0.1550746476717681,0.0913723304757118,0.0114951060339429,0.0654965100823095,0.0824235088114065,0.0118266230217498,0.0211869022776255,0.5190270694928121,0.0242890474478914
0.0119031163679053,0.2136396930806536,0.1326809822261377,0.0113935132247437,0.1078876332207579,0.026834269881782,0.1157292036150113,0.0302888940608609,0.1191323703882182,0.2305103237028108
0.0953487869938387,0.1376666368794577,0.0737493624195489,0.074740055598705,0.1377728624233662,0.1274128607024144,0.0072647395808604,0.0658485568200832,0.226804495940266,0.0533916424107759
0.0979872052046466,0.1244220921239061,0.129410050883112,0.0858707262008336,0.1523077730574396,0.0512126542741897,0.0639987948147225,0.064655216706499,0.1902845447199865,0.0398509417475974
0.0058826243089015,0.1473790056988547,0.2709330199000739,0.0028163118627916,0.2202988933769336,0.0434523176649744,0.1078418687562648,0.0077652401103779,0.1484636746937123,0.0451670433607615
0.0179313217499526,0.1735641376578721,0.1743517894224256,0.1010130919518662,0.1008152350468545,0.0423683344777399,0.0029392598718291,0.1843462850542363,0.1655694641043309,0.037101080473008
0.0238253126749569,0.2351947175919515,0.1363792364854757,0.0878074666947181,0.0400272740444295,0.0873526149333783,0.0820287818336557,0.0509886924566048,0.2306450040138781,0.0257508990332394
0.0113745124844108,0.1569000882838261,0.1218804173759464,0.0220095316177619,0.1080212637162297,0.1197549562822963,0.0301488609393223,0.06371046753953,0.2076104792147733,0.1585894223561112
0.1467588537055764,0.0759346651028972,0.0329724563169199,0.1224476380011242,0.1452780782628965,0.0073011209894674,0.0512960289637281,0.0430172563084685,0.0531179226457743,0.3218759794584502
0.0332569168016793,0.1462986432792896,0.0399231993942744,0.0725241328460074,0.068095865164706,0.0396652735269337,0.1641450472487607,0.096225816774053,0.2247777034902403,0.1150874012997701
0.1093198057496912,0.0794008291686689,0.0244486081084821,0.1496915084070126,0.1379608085539071,0.0391781756124044,0.0448832011267612,0.0370223518974126,0.2488442077354973,0.1292505034121278
0.0139071389527862,0.2518581535884044,0.1189492668975271,0.0066128467142626,0.091967374861001,0.028634655892726,0.1224004131740587,0.0343346691759468,0.0586645214912201,0.2726709589812137
0.0049119820675489,0.1721935700127064,0.0851290620015962,0.1694759129769018,0.0180419885883954,0.0090130154956082,0.0567199174499923,0.0049775422049,0.2096642287951141,0.2698727802146568
0.0157544236923353,0.2511918749332252,0.117897329940069,0.0054725604785279,0.0501410851268073,0.0420789502004935,0.0150189985300741,0.047903366096914,0.1456150529234373,0.3089263577948179
0.0193199711341952,0.2259474382115977,0.0481217345730123,0.1213990477573041,0.1239322466323668,0.0439962230832781,0.0648167247105338,0.1161634939403978,0.1257073065960126,0.1105958131394196
0.0460230825365326,0.1739116281144293,0.0330983639897805,0.0720372325447136,0.0948698172947697,0.0623283785666348,0.0411730403918143,0.1945172249129015,0.0046855237388745,0.2773557076144693
0.0205895687813421,0.1381498536412326,0.0864131119939921,0.0945993092026111,0.0810237020866128,0.0416213872053574,0.0523447825113513,0.0543822373637211,0.1686319067503151,0.2622441402187419
0.0356317040778568,0.0764723189881102,0.060242121119294,0.1224307938723178,0.0652293240451905,0.0535735904871455,0.1600904834525472,0.0397821032104981,0.2224592693042507,0.1640882912297871
0.0318942582238811,0.2013442574341194,0.0471114157302548,0.0129067500610646,0.202620554360345,0.027541644836399,0.0222721735460034,0.0499409441355491,0.1942897325615508,0.2100782687543715
0.1471369036226439,0.0987644734524309,0.041109517809354,0.0761309785699425,0.1699596759032084,0.0356107870320762,0.0210888561617439,0.2730645017621274,0.112439887088663,0.0246944182384638
0.1160726884540721,0.1006892242987193,0.0359990668031642,0.1235476980737357,0.0573800277719926,0.0338984043817522,0.1770627959457133,0.0489936512271182,0.1229069534037096,0.1834494893225768
0.1270370738014467,0.008595463490582,0.0405796603053734,0.2938804221022337,0.0378122722421909,0.0609089175177753,0.0700453964050918,0.0044938980218995,0.0551280353622457,0.3015188604134209
0.0423540575968962,0.1574703050604908,0.0352639782909761,0.0493485966285322,0.1788084450083061,0.2604963861388906,0.0438288401884637,0.088393813334692,0.0031079195390633,0.1409276578008345
0.1393308660407844,0.0267182232466693,0.0493153833555436,0.1907550323296506,0.0674300353162401,0.1006886367823404,0.2057652545532529,0.1129260282138117,0.0283061502231948,0.0787643896985736
0.1281703466420852,0.0607646382997805,0.0772082533501475,0.2061100590212169,0.0535798741343225,0.177932234770447,0.1186815020999293,0.0392722352732495,0.0175325331386551,0.1207483228278521
0.0340940182097946,0.0581569269080587,0.1246372735665705,0.0808621804342686,0.0428886066071891,0.0149269376141153,0.1982472545330846,0.1390884331903407,0.2345080982750573,0.072590270340287
0.0481412605914928,0.1077257088802997,0.0246397138584587,0.1837216677576916,0.0655062305752614,0.0480444120503473,0.0051262947419089,0.1293559128497962,0.2742621781033509,0.1134766202890607
0.1122698843558576,0.1478547510656429,0.0428947658894753,0.1352387872589026,0.1179647313133433,0.0057314166706723,0.1985327560883117,0.0143170319794167,0.1901503651453344,0.0350455098063688
0.1445046323888922,0.0048276520740831,0.0255714533628501,0.0330068994910971,0.2131845391255452,0.0182887036929495,0.0046293864227249,0.1313061773490864,0.3646467705385443,0.0600337852531019
0.1981370409885899,0.055712133610874,0.0467569859992287,0.0410390072326377,0.0420743077721975,0.0111976786186771,0.1840987655065555,0.1445883661347162,0.1814517205145714,0.0949439933698973
0.2264888975726934,0.036626725863184,0.0295458880354338,0.0375747751657432,0.0552560762253473,0.0131151564526062,0.0383214545886134,0.1426984326967056,0.2519444115693783,0.1684281814554075
0.1895459646958708,0.0118021982438548,0.0145759702108723,0.0717621975016267,0.1280795760658126,0.1274612648408356,0.11799419573462,0.0148957440283787,0.3049858535315105,0.0188970348260562
0.0827791016870349,0.0147709449573468,0.0720807949964486,0.0038930162985123,0.0527887658689616,0.2175639900367045,0.1275303742777078,0.03642234285839,0.3524398293983468,0.0397308393783702
0.1227031683702942,0.0332483669739531,0.0944832586344411,0.0175770199857656,0.1668389417367357,0.0797071101756117,0.1110570549094858,0.0230422800384765,0.2556465141400797,0.0956962847641197
0.1110985971094607,0.0351117657934381,0.2202680492675184,0.1289028053465834,0.0765506220333687,0.0098176534405076,0.0161917405941864,0.0598313890143654,0.1123960003474812,0.2298313766476314
0.1798803398152998,0.125514794022895,0.1327913899509827,0.0307745443722249,0.0425685787112735,0.0025297199617958,0.0624957144475979,0.1889334353974213,0.0460756598513496,0.1884358231002657
0.1176852493375543,0.0168788972337111,0.0490255254165885,0.0392349625970893,0.1141452754791767,0.0561680362987895,0.0443920783163791,0.0772555325410744,0.0614283367930895,0.4237861057124166
0.0764487132614627,0.0205730445655156,0.1317753100508789,0.0686793051875421,0.0957184482069726,0.1414494068795109,0.0787500044121413,0.1069604172683704,0.2425916602478841,0.0370536895978467
0.0420512128424682,0.1004691901008855,0.111527187526167,0.1581879053845189,0.1479268775022867,0.0932812070495612,0.0187172516352664,0.0985560894293359,0.0256533326770679,0.2036297455139853
0.0229454786333459,0.0991404229928194,0.1261474512959402,0.1968190986762601,0.0023402886420917,0.0734692465642361,0.0987559467971141,0.0563181208422913,0.1847983433226889,0.1392656019206236
0.00072076278679,0.1946758949542253,0.077684959258646,0.1903117270114603,0.0594931025149508,0.0199044271315065,0.1834772071230853,0.0041297028091596,0.1046366486285718,0.164965567459785
0.0572927891009966,0.0611804801584538,0.0696604178071262,0.0394868198033271,0.1292772839845588,0.0397250409284803,0.0486263811895332,0.0484508487436155,0.229086970226647,0.2772129678127424
0.1002555733803834,0.1016447003084118,0.0050803048157601,0.084331157857856,0.0702734864113418,0.268025120234062,0.1190912288971381,0.0072856273269135,0.0327282602287184,0.2112845401976406
0.1310852561194235,0.0637211897189528,0.1361022236145614,0.0699190450830335,0.077702254143543,0.0204542627025723,0.0139861032369702,0.0278266016077159,0.3856446660843281,0.0735583974757395
0.1653396135823346,0.0955713576063859,0.1362183491487243,0.0952362564122773,0.0125874482487201,0.0066319991629345,0.0677895900733943,0.035659475790017,0.2875626932338432,0.0974032164332229
0.1496568858823948,0.1692768170397117,0.1390417793638035,0.0720523033202127,0.1486965757921283,0.0120850302444482,0.1051198225671281,0.0442421954680807,0.0557259599417435,0.1041026300260637
0.0897685381832468,0.0646053927435001,0.0880549864162041,0.0608647875795567,0.1689680575122733,0.0014932125311274,0.0098921871165956,0.1407907000829037,0.3433897203969487,0.0321724172350023
0.0407927506630568,0.1068814593212728,0.0096396104495728,0.118471171250303,0.034425461662332,0.1254013804537609,0.0905199820893438,0.0502533446442719,0.2451357194916768,0.1784791197673973
0.2438802418049818,0.0623337405468755,0.1096611170117638,0.0228234958751263,0.0540131666703758,0.0882784406331763,0.0075254527085679,0.0824879946846196,0.2187992540636842,0.110197095702863
0.1204718029560941,0.0178209718660306,0.032890597563062,0.0240715739457966,0.0434990928489151,0.1125126906056036,0.1353439758958611,0.1004271872728174,0.163937826152826,0.2490242806858197
0.0267546833484289,0.0978764169488653,0.1569843464411669,0.1118319990426323,0.07613403881395,0.0929407491714577,0.0329994774267253,0.0983320271124235,0.281658902090645,0.0244873594001791
0.0366104325202504,0.1215542899961679,0.1474882130779043,0.1689255403285585,0.1040664705193432,0.0112585098087787,0.0276652707869512,0.0209734220323439,0.3356820047004558,0.0257758460261198
0.0533763013640837,0.1395196325923754,0.1430577098994825,0.1101370026423631,0.0471342380548575,0.0673627649477526,0.0639085358674921,0.0270766083953633,0.2357662455400378,0.1126609604864583
0.0144587400283582,0.0985059219665906,0.1154194426658754,0.1015394764261525,0.1199770800309237,0.056347089701449,0.0115056530714434,0.0349693141880091,0.2951475944082338,0.1521296872748186
0.0420333503530304,0.0165292400675681,0.1518691613956266,0.0372527862477077,0.0691501047895313,0.0717762900753888,0.0455720269527388,0.2636918611210063,0.2792653572845877,0.0228598214168661
