0.016740032086928,0.0482110487056605,0.0308815312320509,0.2012366917975274,0.2134487248161636,0.1160172462616398,0.1440272071729629,0.0977589251059555,0.0454050066341258,0.0862735861237201
0.0010855829906482,0.0303726330189336,0.0202089357847635,0.1792853494799978,0.2292679926327633,0.1131927214664112,0.1042870560686332,0.1392516381557761,0.1044225506284091,0.0786255397044677
0.0064116250897895,0.0301071763695351,0.0296900584571458,0.2167027614287551,0.2049410670048757,0.0931721037565148,0.1379362646357678,0.1069714969610659,0.0966536064635841,0.0774138397614515
0.0046107947729107,0.0303143733117272,0.0403011666947203,0.2325161264927579,0.2042258094029125,0.1096745787240699,0.0879029323085593,0.1230217313171236,0.1440664682075083,0.0233660187028163
0.0020848584849823,0.0060208929289736,0.0643537904644458,0.2227135063472639,0.2262815459536389,0.0911735820253481,0.0798587803124741,0.0797528566535535,0.1425898660892414,0.0851703206651647
0.009453034684211,0.0040294028207758,0.0500261026991552,0.1945788152918299,0.2194001254562584,0.1351064362607732,0.090575554092634,0.0675993909658669,0.1318505256016156,0.0973806120483953
0.018866114875351,0.0027211534775418,0.0367063657841456,0.2062668127978389,0.2611716749713156,0.1348704855090286,0.1213946477249148,0.1141021879593211,0.0536866877094046,0.0502138691068044
0.00885595010997,0.025895846652082,0.0319226297054471,0.2058018916459219,0.1608270822063431,0.181631349988447,0.1419194757656362,0.1548502979664322,0.0751960684872661,0.0130994073795204
0.0327751546108463,0.0598257492900924,0.0478279867767435,0.1958751719304628,0.1806143382830572,0.1025940899903966,0.0839444190127369,0.1501191938959847,0.0969441937681438,0.0494797023635394
0.0071939106584052,0.0179483700613311,0.0443282424373489,0.1509111883395274,0.2286693307343822,0.1569555080352799,0.1394277170693099,0.1287322701891388,0.1244069414298417,0.0014265209413928
0.0137961452751188,0.0299903446154022,0.0601894165054936,0.1443334349597201,0.1065454757234532,0.1350617755418431,0.1376897803163765,0.1441056556081651,0.1429397044328277,0.0853482669334037
0.0136484223816078,0.0222491777468617,0.0580633101009972,0.1952951253537377,0.1780569198381174,0.1113776814798571,0.1082527836943785,0.0831632335170812,0.1240408804837643,0.1058524653208572
0.0335683162183881,0.0508398447114424,0.0811396906645312,0.1300749229661745,0.1871906095934686,0.125451786960473,0.1454203375441344,0.0917345716192628,0.1227761722349326,0.0318037473872256
0.0129602843333822,0.040351083432648,0.0550600990725699,0.2223823745608704,0.09939142604761,0.1409636588149256,0.1429632778399235,0.1128349116451618,0.074728199601556,0.0983646845572254
0.0148683579228141,0.0518120610434118,0.0673229797628862,0.2065527323473881,0.1391448974485303,0.0964314179707736,0.1023116364589259,0.1276790508719834,0.0814532323237108,0.112423633743507
0.0061278748054217,0.0358972549013741,0.0542116728252518,0.1864525041690559,0.1566274138389959,0.1702069905223586,0.1396303954942164,0.1840260598646309,0.024340509682363,0.0424793237837392
0.0078067889323824,0.0512191571823294,0.0348078104915261,0.1886535852074965,0.1778181274685694,0.1603188272903037,0.1974489439341878,0.1309634316003911,0.0247891948018355,0.0261741329864999
0.0324706707495662,0.0683198596175732,0.0414019369144317,0.2180093601911132,0.168685050782098,0.1402628693648359,0.0961358281255085,0.0966232487688357,0.0687953048316535,0.069295870561746
0.0289398558997448,0.0150327241223017,0.0315169195105363,0.1103406384340324,0.1360573527991397,0.1219694193997685,0.2122276706732663,0.2167479645751896,0.1212502841501518,0.0059171703068556
0.0065363957187822,0.0749219990364656,0.0017118241350831,0.1682364217851336,0.13440466087124,0.1523870864832127,0.1204610189446509,0.1844859874192354,0.079078619437863,0.077775986053288
0.0078531392497016,0.091017013646501,0.0410550546764208,0.0510471031925224,0.2172064224853814,0.2024524296484798,0.0768829234786633,0.1370625939570398,0.0751012670897986,0.1003220524239079
0.0067963441783423,0.1061526430511959,0.0130434528064434,0.0791222389287355,0.1794668519069151,0.1489255308352471,0.1074183850346223,0.1819785705193213,0.0745386174490002,0.1025573651568606
0.0047532113549289,0.0814162692748217,0.0157383829792904,0.1283142946500875,0.091202488887672,0.1589117496638054,0.1431544861628855,0.1749697279222146,0.0627781291861576,0.1387612598164563
0.053712477395342,0.0358588957056859,0.0452351236584787,0.15257586302313,0.0709421643586517,0.1855314015378938,0.1560075029819117,0.2139349879426035,0.0457826101224639,0.0404189731505736
0.0326904163580549,0.0875492598080989,0.0434516812023213,0.067582422946185,0.1232277436140746,0.1051256248548442,0.1519109550227342,0.1315367145039672,0.2064558122543717,0.0504693692929785
0.0221202053766894,0.150704403715632,0.0169784581067709,0.152148027875398,0.0853108666161215,0.1477671603528344,0.181874327341685,0.1787872782956478,0.0432927211658571,0.0210165510191557
0.0083475336546957,0.1804361507805145,0.0311793851875469,0.0029583083692268,0.2477867158498314,0.0688478058024474,0.0926834424840605,0.2023403355909057,0.0877212003624518,0.077699121726812
0.0442237910639684,0.1361689234961644,0.0246580753111451,0.0599379117086249,0.1519005503306369,0.1949402584760675,0.140344331958949,0.1834100418682967,0.0203609112403446,0.0440552044251098
0.0549948097833029,0.1682813014636777,0.0593377392325454,0.0391198615173166,0.1107846055888323,0.1516814429502389,0.2006290914715937,0.1718578933481917,0.0234344955567202,0.0198787589302547
0.0685311045334589,0.1380454988137562,0.0967745903965558,0.0077034923495175,0.0459801648623961,0.1832951945718958,0.1237883243575518,0.1784757664478452,0.0997560759970712,0.0576497875255212
0.0624195781786555,0.1130093974301838,0.0889137860596056,0.0559535085991674,0.0209785270756969,0.1487520916580121,0.0515214133026702,0.2231460862504475,0.0644966379807647,0.170808973323136
0.0984982968982739,0.1399584830096091,0.1550698704768189,0.0792236317198289,0.0798644845189258,0.2175597402822994,0.0957334384684347,0.0593616562117858,0.0631655866175384,0.011564811625632
0.0783748216383901,0.1312616730972237,0.1231093647964869,0.0171004540795392,0.0117266203534842,0.2171015350671353,0.1283621800471658,0.1058444010604247,0.1056518117904486,0.0814671378848891
0.0834943391061295,0.1170902908749693,0.1132357504641287,0.0650485981167416,0.0288639032081552,0.1506020315234886,0.1545397654654752,0.1614070169525737,0.0466596229818821,0.0790586811591537
0.0718113144651012,0.1042028841130978,0.1258433959219917,0.0747328060462408,0.0136755950649535,0.1595050954902526,0.0362487786682983,0.1519786052022813,0.2444404600235373,0.0175610648291913
0.0197676971238244,0.0962006938007598,0.1821126491816496,0.1386545016824694,0.0591405932934466,0.102330044169819,0.0945904837753414,0.0605434686657283,0.0611527384027373,0.1855071295965325
0.0456580659022139,0.0081611608667371,0.0668996424516693,0.0922191988834336,0.0146944741969402,0.2198003658225016,0.1665953885008366,0.2241545098066478,0.1034257992982627,0.0583913940366434
0.02818730060837,0.0361702265690051,0.073380072558652,0.0181549168899527,0.0995325351911843,0.0859720868245572,0.0673491042795228,0.1897673574991726,0.3010397117780298,0.1004466875901507
0.0734390376046658,0.0219067950637606,0.0559550334703592,0.0282107748627663,0.1235360374792531,0.208129858795195,0.1790313406223668,0.1771009469205076,0.0222068582783001,0.1104833167045572
0.1371746343078178,0.1257996677250565,0.0349512304349896,0.040305119024123,0.0329693385135984,0.0898014670277259,0.1310996795643958,0.0743352538954363,0.1307773832488204,0.2027862260856891
0.1845735586971862,0.1390157216362495,0.0365501846398664,0.0471909111930809,0.0951826459365469,0.0340223293947841,0.0523916017602031,0.1908622765486596,0.138191660307805,0.0820191096422255
0.0864068020352902,0.0470773597751946,0.1161635376852092,0.0609560669385597,0.047047527681331,0.1290370656081369,0.0842065432835437,0.2209097372730732,0.0654515139850604,0.1427438454758622
0.0702566382304406,0.0075557167967479,0.063040207398935,0.1173966416984432,0.1177990070127306,0.0739057479066698,0.281973735648357,0.1458099157698628,0.0128030483993462,0.1094593408854611
0.1088723630004318,0.0386159984732782,0.0254339012841702,0.1360128628508362,0.0644155732856648,0.1886390582650892,0.0029695538364506,0.2241010399590118,0.0886565445370751,0.1222831042273332
0.1588457376899561,0.130172001484101,0.0302536014010094,0.0096771988976208,0.0724227060160555,0.1419866770704018,0.2697875345712915,0.0114812786826545,0.1127186611384591,0.0626546026650202
0.2087300777733466,0.0137826853847632,0.136674746949656,0.1920989897549402,0.075860544699128,0.1460434919332533,0.051808696751916,0.1043783588125709,0.0049752586961395,0.0656471489232325
0.0946003978322175,0.0407860417585789,0.0577511477028908,0.0561036865757084,0.1596774791896731,0.1007120242266143,0.0119727363361471,0.0304872911011283,0.1207987929213619,0.3271104021559292
0.1461649672041679,0.0092542276668369,0.0813965402262409,0.1334282058669059,0.0817397498861624,0.1255240953339514,0.0558370151542123,0.25054342472112,0.0864452836688348,0.0296664899705068
0.1486412139169621,0.0309545927236359,0.0922070688885994,0.0936930882713671,0.1998029439038998,0.0690545078837924,0.0153369528121238,0.1219664034951273,0.0770906708423927,0.1512525570608522
0.1338019564822511,0.0147143528330058,0.0887434443734326,0.1665950267121137,0.2273444079856824,0.0633370510440285,0.0435738600774416,0.018426629678763,0.0472199022123399,0.1962433683577796
0.0356619013961586,0.1784165228217121,0.0062260105112813,0.1929807101937201,0.0643163994328215,0.2790150211966674,0.0945258085015405,0.0130015006627974,0.1218899008499724,0.0139662240440851
0.0388866723120406,0.0844833875228039,0.0520779758966329,0.1743058131285705,0.0154495356125752,0.1012152532076273,0.042650597380651,0.1637166162327654,0.2334068961981136,0.0938072522923045
0.010860462044117,0.185572833878697,0.0357847114670361,0.1600007551043774,0.0524232071736787,0.1870801732691833,0.0776412763274631,0.0302341010436312,0.0120312356484104,0.2483712437970958
0.1258562378833481,0.042319126585951,0.0494937551780905,0.0763068633853501,0.1415491486986334,0.0942136529074992,0.170323609413196,0.0788715989713732,0.1851556228957202,0.0359103837406499
0.0629624061107495,0.0274650400332423,0.0223466017298062,0.1090991582538679,0.0238411117329796,0.002691612975095,0.0628234680107879,0.1530955556054538,0.1588261725312051,0.3768488727298337
0.0459264569584797,0.0139526270334598,0.0677674920063918,0.0549088203276722,0.0029303096191738,0.1083313192948094,0.0454913489473623,0.0009852329741738,0.437467739349361,0.2222386532989235
0.0876561975602345,0.0637708839900113,0.0295866634423496,0.0318102388107516,0.0555510227742298,0.0180021205048494,0.0758451106449948,0.0175584399783058,0.4662821061248283,0.1539372159843095
0.1410073986005335,0.110511359291778,0.0167985308406329,0.0575708927839732,0.2129812097492182,0.0265699470960131,0.0336992570412221,0.0409992746712561,0.1450986333614361,0.2147634963740328
0.0903394684220373,0.0719367200992839,0.0162294809827187,0.0907242538079782,0.1037042030524879,0.0234174805495526,0.1222975001774694,0.1100351708481702,0.1909679697626614,0.1803477520921986
0.0453700850859117,0.0560394350514477,0.1825056987877362,0.0336054127329766,0.0581466622040942,0.0747771324648289,0.0020915165216157,0.1183940187965211,0.3399374312108414,0.0891326068544477
0.0192369787165195,0.04559978103045,0.1848688758116299,0.0680115357267474,0.0865833268780693,0.0334091747893986,0.1372885940972195,0.0665239036323553,0.348957008899199,0.0095208201749624
0.0251178931543306,0.0612702078236532,0.1992815818835627,0.0073572010284136,0.0041562365910879,0.0243053429982399,0.1489846516069698,0.2541645845055697,0.0883778348567854,0.1869844652575204
0.0273911692504771,0.0022117220732588,0.1473063400684344,0.0882624569038752,0.0990881734722308,0.038412080713994,0.079146660117633,0.0620321475240786,0.2145518349583794,0.2415974147532853
0.113770459118153,0.0347343198736831,0.2802930173790848,0.0206135979123101,0.1140467469509462,0.0378489214186188,0.1196443622911514,0.1000965560067087,0.0908850918618747,0.0880669270077892
0.0647628823197341,0.0121857358143574,0.2320071656211625,0.0639453089357279,0.0623207723463664,0.0219629646663717,0.0223808853994123,0.1174896957588526,0.2104321541244715,0.1925124348036857
0.0450786307960644,0.1265396707152473,0.2135098099452492,0.0227462436371045,0.0251228100834979,0.0668105371034359,0.0684053085829989,0.0626361346757454,0.2638091025151288,0.1053417517605335
0.0157372720650433,0.0581742418097303,0.195634342926668,0.0912920442536834,0.1771222808701947,0.0019197077874834,0.099363223237393,0.218331976993298,0.0763379565796842,0.0660869532534596
0.0535673607509552,0.1478558351484603,0.1826254193742995,0.0800908807025626,0.0117503240778489,0.0490689971810793,0.077163445079855,0.0596753955673666,0.0452216454505926,0.2929806964674919
0.1472566416137749,0.2046005480824017,0.1194278139418199,0.1431017320692325,0.0500892557175141,0.1355310183331528,0.0839891413018738,0.0362342366375953,0.0003701625296517,0.0793994495471617
0.0421055960029783,0.1142001319731988,0.2239839079799043,0.0686306040596585,0.0959163510675284,0.0463916268585252,0.026107071038881,0.0210029819402807,0.1807106156368589,0.1809511132473343
0.015612814582106,0.0957962189773021,0.3216664732865641,0.0325903454323117,0.0576449373288372,0.1566602628213206,0.0949569845527317,0.0346937821636902,0.0359114325252014,0.1544667480608353
0.0142468841963335,0.0686657940976622,0.2142357046178175,0.1078023786349584,0.0876352437797464,0.0371515510852209,0.0502466366159264,0.1502878984181876,0.2187295748600554,0.0509983335113847
0.0474289393086198,0.0892307842526704,0.200105602293167,0.1255220324854617,0.0441974295745185,0.1054707738256636,0.0614484897793344,0.0300408085088804,0.0618479298883604,0.2347072098998112
0.070309726650185,0.1150106866813547,0.2333689697645958,0.1922631877036766,0.044889096827852,0.0447205261462048,0.0176612258325052,0.0735961334865849,0.1188585166717599,0.0893219299879432
0.0939761033244029,0.1060314006838224,0.1186444096684177,0.0581816512294933,0.0387022831871134,0.1252504172541269,0.0859643308793908,0.0702671061687715,0.0761612192320873,0.2268210781623486
0.1020028840425485,0.0779166082945554,0.1013402186847568,0.1322618715841993,0.0665931241996868,0.0244622048902955,0.0686656428849149,0.003443768824922,0.2191523067219049,0.2041613696273039
0.099072582531353,0.0625078438805828,0.0912295984031908,0.0736987430794174,0.0177130771405306,0.0346437548472567,0.0036175597359779,0.046980681253924,0.1416523686483607,0.4288837902506723
0.0330772090253213,0.0120697551274468,0.1536993133122848,0.016569585695264,0.0992878145675385,0.0401943736732792,0.0604501399784506,0.1227301554123003,0.3390907951222296,0.1228308578551466
0.020741435490702,0.0361041570110006,0.1527342897339247,0.1645886383567152,0.0224506808678986,0.0020324343210346,0.0345210282806397,0.025055601192895,0.3295847983042057,0.2121869362410263
0.0816654350201185,0.0890827591472389,0.0635923622870616,0.0669851205495087,0.0696674419038768,0.0839607855576086,0.0846352356510467,0.2171484430208501,0.1350751069937029,0.1081873096858306
0.0793168184973417,0.1090878436232094,0.1468106007024405,0.0379620443488749,0.1221678075278933,0.0604861595111967,0.0394527296040545,0.0963217619953256,0.1424098199377525,0.1659844139752417
0.072677899731845,0.1506960606374745,0.2428086052839534,0.0120659170766154,0.0510582474370081,0.0013290893397821,0.0235178440933207,0.0976196702236717,0.1019614262025942,0.2462652396652073
0.1544139130129535,0.1597516780205941,0.1076157342229737,0.0575755859496809,0.0152504465459865,0.2078702258413026,0.0111907479188176,0.1501753774211761,0.1219769391228954,0.0141793516485997
0.1834012597742261,0.1832655377212519,0.0267367310029796,0.0117769026168187,0.0192085332008197,0.0682359393910669,0.1156239977324522,0.178178466178236,0.0228732082790347,0.1906994238888583
0.1983183473679896,0.1665831285697921,0.051631046483742,0.0359501853090095,0.0472709233587976,0.0666464000324467,0.0953257723188895,0.0129686528156638,0.0954710916424264,0.229834451909306
0.2148692280538487,0.1663361785795042,0.0828057999389707,0.0265438564821144,0.1441096564864187,0.0294641058108499,0.0138356042955878,0.0371663484654167,0.2271985023057317,0.057670719381417
0.2196457022414321,0.1645403122687312,0.0923013710628858,0.0552565808086942,0.1093122974949136,0.0350180288393272,0.0420300085323116,0.0744789747134595,0.2025450970422458,0.0048716268035866
0.0929838253773883,0.0887995286354642,0.0017116419024702,0.1246481535896434,0.0291647495577344,0.1345022306128588,0.0913859745636582,0.0093760635587863,0.3047674058366945,0.1226604262141401
0.1491914824308884,0.1568893748684419,0.0100296956738485,0.0229501812833116,0.1002972021040127,0.1008590690962679,0.0476631970394368,0.1164873098847168,0.2639352645107564,0.0316972229195274
0.0600712602178053,0.0564232709865197,0.0475204526411794,0.0005204505676616,0.06971921073352,0.0363494464736232,0.0547895758794882,0.1513939100871675,0.2070226337139185,0.316189788490469
0.125791676303588,0.0568335240442656,0.028606672724845,0.0501324367570873,0.0592664857996224,0.1794151835596978,0.1424214334222815,0.0837592276496248,0.0806448585969943,0.1931285008708089
0.0835164448183787,0.0241205477620755,0.0486433171811774,0.1042205867980593,0.0602750852212581,0.039257682590248,0.1112649039352732,0.2313937586540733,0.2893298460063832,0.0079778267602782
0.0442281604250041,0.1007396702627461,0.0028619684678883,0.0671777419024574,0.0565228895044487,0.1297769619452309,0.087441681514463,0.1254218853130764,0.2802712752555336,0.1055577650298484
0.0049306570205023,0.1267872038071515,0.0118033430314731,0.1763016415127007,0.0413114900789439,0.1384703049891252,0.0270633682848819,0.0529458580133223,0.1161759556850008,0.3042101773575754
0.0156855729647279,0.1222949100628425,0.0120639054777202,0.0637365450689331,0.1285021981808608,0.1031569031594256,0.1621550147087143,0.0203377239902415,0.287550207186703,0.0845170189119121
0.0198202692391649,0.1147401968129886,0.0484039820033259,0.1553059448029851,0.0600076624232203,0.3895841601989061,0.1175182934956872,0.0196551425728637,0.0216774483286803,0.0532868998929908
0.1074440450948147,0.0745807977774492,0.0526415840408846,0.1181930137571203,0.1272633873297589,0.0620740481733229,0.142958370012196,0.001632131716423,0.1324306213342687,0.1807820005567633
0.1836158010259063,0.1139381838024707,0.109382184470176,0.1625890536381328,0.0116003543324842,0.0031156182082709,0.1059771565081297,0.1321611757832733,0.1284056049875557,0.0492148669876148
0.0890351224840139,0.0623188146316746,0.0759676341078462,0.0800421466754989,0.0364275415298163,0.0771017556280362,0.0431107021830388,0.1663373334180925,0.3477281263966719,0.02193082278657
0.139953035697162,0.1231371978446613,0.132411385554283,0.0554128565192653,0.0904899350263616,0.0154519326980817,0.0820050052245094,0.072526853208026,0.1569363710043531,0.1316754269630725
0.0966850341283331,0.062073671947937,0.2595446190741443,0.0803515510454746,0.0083301519005846,0.1218641544513845,0.0061630750347244,0.104104620817973,0.1458623791366982,0.1150207420520615
0.1460540242950402,0.2057091544512122,0.0778073961791045,0.050358103253032,0.0846820312417337,0.1644456379395124,0.0170641017865206,0.0661273632039134,0.0086305801051927,0.1791216073163994
0.1496046860196014,0.2006953048501564,0.1221561922071171,0.0329499924427639,0.0662955327031768,0.0033224591653972,0.0802064639346716,0.0835024587695972,0.098719830005148,0.1625470797205649
0.1404589258115803,0.1903856613426078,0.1491647176809257,0.033894636685341,0.1392418891483532,0.0148739336078603,0.0970704922483807,0.0307334547765528,0.0089096078499894,0.1952666806057388
0.1781710893804456,0.1864368037860735,0.1719906111780293,0.0421911310879811,0.0325272073596823,0.050832363893304,0.0140542864304485,0.0060501129110738,0.1867819700419821,0.1309644237365017
0.0806242945721407,0.0830880879045977,0.0966464861460775,0.1173311392058203,0.0251135648848679,0.1142829075041185,0.1001444237541303,0.0550460683029447,0.0124096876105671,0.3153133398478061
0.1350077500051633,0.1537708604820135,0.1501260132640621,0.1608538127372319,0.0429500212861962,0.010404720685135,0.1866636926202638,0.0449584489292201,0.0779432175064045,0.0373214620537435
0.0566983184002632,0.0179460994000156,0.0384291967344397,0.0583569666107362,0.0986438362826836,0.0749307272999874,0.118628309883102,0.17709747599159,0.0009730736661193,0.3582959953176843
0.0888390299013943,0.0278612405816563,0.0584780628071276,0.095486460451629,0.063123311773125,0.1991760816139868,0.040078106886449,0.1589655619031919,0.1082631442452655,0.1597289995423237
0.0455953179562631,0.1348826118465107,0.1268032438241431,0.0296652925248309,0.018050688946265,0.1379278150672976,0.1788122887891759,0.1154667379400247,0.0426146633835825,0.1701813393217187
0.054602227777975,0.0256824545874626,0.0375704992823933,0.0107917666953345,0.213897829368487,0.0545154591810393,0.0886573582426788,0.115968705520932,0.1534650987578018,0.2448486003448097
0.1014312757128552,0.0545074478380494,0.0518238994266178,0.1031404628301395,0.0275267301033926,0.1383280526517819,0.1236852341280515,0.1412733722185454,0.2212157061082454,0.0370678186187087
0.1636281405955677,0.1303746481319039,0.0748622611816135,0.0590464838792694,0.0369640650510838,0.1131675148448262,0.1248377095176072,0.0715919860353182,0.0729187974097827,0.1526083931191445
0.1894474211797931,0.15163369857108,0.1315037421862794,0.0115293435784256,0.0636033682880478,0.0397879719758366,0.1175046633396525,0.0386405073746106,0.2447456376120736,0.0116036456524118
0.1332909047616896,0.0851621637615654,0.1373444006166239,0.0449467777871138,0.0407900533283175,0.0886396603210879,0.0763442371943927,0.0544053677155184,0.1406016801162027,0.1984747541213648
0.001137666604841,0.0338517835076892,0.0334152862375976,0.0346774097642748,0.1213267939329256,0.1688102737490006,0.0715488921373026,0.2834367844293656,0.1018723394773006,0.1499227698923065
0.0194138213212733,0.0588111198569782,0.1106950325012532,0.0945272000639077,0.0469745320320904,0.0095603663082196,0.0758480730214086,0.041675992484515,0.1437764699420032,0.3987173921813527
0.0237924597113325,0.0750971556774164,0.1951279770767708,0.0372341914180157,0.0523872475669208,0.1480357141775931,0.112148692683229,0.0064019925043016,0.2738951275957531,0.0758794410633925
0.0468322197924459,0.0776634809937554,0.1093789067005935,0.0146310218521961,0.1415295673423548,0.1749015490910417,0.1353046569350599,0.1979040124441301,0.0566833796151043,0.0451712049592789
0.082340574989675,0.0750460238832094,0.0630164906642872,0.0073284072095957,0.1288361522566907,0.008327764168207,0.1096886583679433,0.2096201050649715,0.3126982232395218,0.0030975998246016
0.0076284866560133,0.0023308607959686,0.2108528517475453,0.0660841611748141,0.0842740711638186,0.1142000012375222,0.017878606877225,0.3282447864092769,0.0133502097772437,0.1551559637896055
0.0748270935734791,0.0728806839036422,0.2216126431417172,0.1081107613204099,0.1474602598618115,0.1377668503406057,0.0458479710711276,0.0619657521388778,0.1206064907354304,0.0089214935865053
0.1058004050199408,0.1140291076407456,0.1700785022026989,0.0515441667743905,0.0277836397614267,0.0149767897912433,0.171354510409451,0.0912578419626493,0.1920391339220794,0.0611359022456669
0.0419044309470191,0.0746518764758513,0.1263861915722038,0.113042866370145,0.0028446160643955,0.0279946998183376,0.1018124648826679,0.0857488823363872,0.2028483806361977,0.2227655907072143
0.008674700627495,0.0134144783624485,0.2066887928905634,0.1961270147617808,0.1455464119533371,0.0944159781577861,0.0496428270696467,0.0014813834747332,0.2288823503984059,0.0551260618910118
0.0444846658744483,0.0853518059133111,0.214983068533584,0.0724206258515299,0.0280402418030471,0.0150338612462389,0.226551443025618,0.047575248642325,0.1358265195371219,0.129732519290977
0.0962560910000146,0.102957960560297,0.1964285095189623,0.0817035044518619,0.1316360253369331,0.1696490694627262,0.005438180101242,0.0593681801955234,0.0230532146641976,0.1335092645431418
0.0932055307717106,0.1051835083728132,0.1433811689489102,0.0927405450469952,0.0852175201055263,0.0255111438756676,0.0266461510810926,0.1265230085995814,0.146309494574159,0.1552819284637865
0.042478810431732,0.047421958258596,0.2114066369876474,0.0572919226501564,0.034845031497126,0.1815462666834042,0.2070692027843166,0.0315054319744207,0.0848143117636798,0.101620426696922
0.0039913633749049,4.744552543559794e-05,0.177929103410499,0.0242206221226247,0.0727555661185742,0.1716945989251293,0.0743186294638457,0.000261124728113,0.2433746762533596,0.2314068698597862
0.0183823654174971,0.0400769117374765,0.2269432489704239,0.0949576769267181,0.0912077895393487,0.0854414628382069,0.0257497202908303,0.0244776864374376,0.3359196879947266,0.0568434495892261
0.034744553850489,0.0266087694308109,0.083324944667886,0.1222374896319376,0.0044675499839324,0.1080723690514605,0.1288428861366283,0.0487653629280054,0.2078990235594007,0.2350370505560371
0.1310054368179971,0.0621475852314009,0.0563326920669241,0.0743890660038088,0.0554308893955583,0.1024928312801919,0.1390824608788672,0.043417551986663,0.2699125327880934,0.06578895329123
0.1979997615982639,0.1663271946305347,0.0399494101927716,0.0752879289389722,0.0260939432798142,0.0785742523579729,0.0917477143352746,0.1289338181210993,0.0100220834550462,0.1850638928178951
0.2687288003084944,0.1893677302992854,0.0860355503615433,0.1203746323362559,0.0371190130609151,0.04725160266482,0.0246263421511357,0.089999162882,0.0089395817102309,0.127557583835586
0.2206968267189323,0.2108970463597729,0.0271066915727997,0.0208396080785428,0.0559711807419674,0.0005765093454971,0.0619390612980886,0.0043305662921472,0.2044146533932323,0.1932278559934839
0.1955354222611857,0.1462995011621709,0.0635746682605795,0.0317840265273695,0.0248586518421494,0.058702796907528,0.1245974095628794,0.1834339191041284,0.1040325357413713,0.0671810684687626
0.2182268384411783,0.2030127665294152,0.0206851608086123,0.0292861388804205,0.0142584941106929,0.0915988700117525,0.0800361492308881,0.042457294532161,0.1500892034314537,0.1503490838135598
0.1884983841770645,0.1002335903284312,0.0756298002655015,0.0279693980497088,0.2132754672916531,0.0592049337324879,0.0780608800610058,0.096081316060219,0.0720226146779263,0.0890236151300287
0.1649823108361711,0.0813698302967193,0.0659378563724448,0.0183319146883617,0.1059020364482929,0.1087246793692791,0.0619745729914879,0.1448344820944722,0.0276211369720515,0.2203211797027828
0.2060402694922821,0.0596272999992123,0.124749545479413,0.1181522062056735,0.0241213618854962,0.0745797069481145,0.0866343128762545,0.0331555384637841,0.0656271650338957,0.2073125932949689
0.1316153684405408,0.0375763485560299,0.0375483066872023,0.14607727919138,0.0587921070896273,0.0376331525463592,0.0906500351164267,0.0579543343137024,0.2738721497390269,0.1282809179970191
0.1585699052975553,0.10898084848789,0.0830982928867511,0.1263472928950325,0.0103920860331598,0.0064941484643511,0.0015167450803801,0.017738369346857,0.2865712207586688,0.2002910905254074
0.1041163517297232,0.0359553376283083,0.0435726140518168,0.0470695477601054,0.0157736654922219,0.1620688253444487,0.009157927985167,0.0454172106236226,0.2187755641237837,0.3180929550348642
0.1454253041470423,0.0721715550297336,0.0777856817002365,0.1142586880418309,0.0734708259699145,0.0362767970094265,0.0047634339403169,0.0943680446188842,0.263919217111164,0.1175604522272693
0.1648152071274067,0.07700026444239,0.0608514455495793,0.0170316362313212,0.0137434106718235,0.0233346992111852,0.124100995174024,0.1538680454091234,0.2973829689757908,0.067871326948325
0.1918572974073848,0.0133758659838128,0.2030582102402151,0.0289050520397559,0.0211782732868593,0.017490760141234,0.1449926799105434,0.1343296000298648,0.0935574948253056,0.1512547658691503
0.1702835996563402,0.0291360306051463,0.1702917832422089,0.0235776296617945,0.0145579416157522,0.0998575848337279,0.0245945076933926,0.0529608258062328,0.2778025388659932,0.1369375578265635
0.1479842285970777,0.0623725601862614,0.1163902037092888,0.095791120448984,0.0627658703599164,0.0945980071930944,0.0609921929142974,0.0211232446183655,0.2530949741982323,0.0848875976092568
0.1487726386496981,0.0628181639735199,0.1335422731423974,0.0114634130167265,0.0845939040294704,0.1224299786584743,0.0065053377430652,0.0750531029643532,0.2588986521855218,0.0959225354497217
0.1591230922825429,0.0563074230432524,0.1152499376667429,0.1137661684264701,0.1150383622153707,0.0490267491452051,0.018726999441327,0.0787803894248764,0.20777002064742,0.0862108575215694
0.2300907631400195,0.096861784113677,0.1949062170465828,0.0270714453215159,0.0023835505326156,0.0904841132642047,0.0418019824684372,0.079617612302568,0.0070096191315009,0.2297729124785243
0.1742249110519656,0.0188758764465123,0.1049869148399932,0.0530552378030107,0.0844950486210395,0.0526946897972439,0.0840966282429363,0.1057966720199161,0.0220122753187689,0.2997617455556506
0.1718144668257579,0.0629399426149774,0.1098164579789688,0.1141823718977898,0.1878884294629259,0.1071527034958796,0.1036913463410641,0.0236100186336362,0.0909122732712288,0.0279919892884285
0.2065283870144689,0.0671634675405402,0.143448553043816,0.1272309279822364,0.0056206006223935,0.0900814120736412,0.1463955349633205,0.0954198760788176,0.0848075767838771,0.033303663648096
0.203371370304974,0.0382589814801457,0.0970980138250098,0.0157040392349386,0.1577699672080791,0.0461674322550732,0.084488730443209,0.0983379795919624,0.0172955368667196,0.2415079484172668
0.1772683408492291,0.019033781336725,0.0822885566600627,0.0051774019958037,0.0891525606136481,0.0790931234888286,0.234983507133702,0.0056114832458203,0.2853370802867059,0.0220541640389672
0.1427478792579467,0.0056043042160773,0.1003927466468885,0.1434639420461124,0.072749126378217,0.0038055872909975,0.161581705962885,0.0013270463710094,0.313203370472529,0.0551242911501316
0.1104191093571664,0.0252653633615643,0.0562254083707207,0.0299301498769449,0.0310296768361455,0.0052912478282354,0.0683043427371437,0.0978883589439534,0.3346245318010613,0.24102181065065
0.1783416511019155,0.0425638008440175,0.1108201284792729,0.1705960894229015,0.1172964982555322,0.0461216567422265,0.0821764110449528,0.0462577386314314,0.1837229840048647,0.0221030412797879
0.1233187100553575,0.0524090734159638,0.1090483618337153,0.1409550824975222,0.152084610763778,0.0003040099150587,0.0296914898118549,0.0567354923319144,0.3000706254025713,0.0353825437518288
0.0465020035039799,0.1696451924710015,0.0707688301471622,0.0231798612431619,0.1642481802999443,0.0112748006234569,0.0531431101480824,0.0039680488254966,0.3544728910464381,0.1027970814445458
0.022710297094023,0.1969103997053307,0.0639452295425635,0.0618007809642244,0.149666204589576,0.0661073652466412,0.0267386443993932,0.1281762293034428,0.1836621508803481,0.1002826980553328
0.0222219697749917,0.2351212362045153,0.0224136563515219,0.0622435544588145,0.0838683749674798,0.0465560538684311,0.0270353834383819,0.0098625295755345,0.3174344969864172,0.1732427440923048
0.0806266396696662,0.1692054056440071,0.1135368769628171,0.0278948738336774,0.2120901284980144,0.0895071381263867,0.0304138797647732,0.0403445229058142,0.0373379480896365,0.1990425862752329
0.1269354458674104,0.1336272984601948,0.1480415827825713,0.1091668594817938,0.0279346185180252,0.0159257498283239,0.1364208063754074,0.0743548264582176,0.0890890344736549,0.1385037775397353
0.1144656316946013,0.1453809884097834,0.1374077698049792,0.0024805204804069,0.0558143632005341,0.133392744896995,0.0305261761049765,0.0381711924071617,0.0926325415202055,0.2497280712904731
0.0818965780634802,0.2713164959574655,0.1536840175223323,0.0315655048039892,0.0009540719869574,0.0025726694619767,0.0045765299477674,0.0720936311037877,0.2588025376796143,0.122537963225645
0.0195124546802923,0.2175265111537459,0.0967455256469252,0.0247115712654612,0.0323399713755596,0.059445791545883,0.0981287098618662,0.0463506578021644,0.180223305102597,0.2250155013986865
0.0201424707554512,0.2854750829721759,0.0696933743858439,0.1208900526195073,0.1008323131047214,0.0239507745608579,0.0156709514985329,0.0361269854874351,0.1444644748540245,0.1827535195433874
0.0551085991402701,0.2126503727237807,0.0984312067719365,0.0324587631491792,0.0278354804683505,0.104125418385204,0.0639511941448899,0.0483655818275733,0.1693095032070428,0.187763879966957
0.0032749458403517,0.2452359386363376,0.0078772629749335,0.1127897206855837,0.1088494214259362,0.0230729319300939,0.0749363212009515,0.1483321689299251,0.1935998024661974,0.082031485658365
0.0406941003739714,0.257960921871439,0.0123756948793221,0.0537807050286615,0.0856965400340654,0.0935547511864064,0.0470987966138774,0.1517441558894865,0.1459655018175416,0.1111288321156501
0.0388039091293494,0.2494154237753076,0.0981472301878543,0.2255800931084668,0.0322361588343584,0.0300421468408354,0.0596360928128725,0.0300719763810404,0.1236195188228543,0.1124474498766336
0.0709193477031994,0.3839812525993075,0.0736604221719782,0.0743186851821181,0.0945852450103493,0.0342899684994985,0.0946699276787939,0.0726810309453164,0.0885959938154301,0.0122981260086723
0.2166233407299446,0.0630519897393795,0.1208331320960221,0.1222966535207269,0.0403590546978654,0.0556260585385414,0.1328223343831122,0.0524142343530531,0.0387918939912721,0.1571813076846141
0.2041596616747677,0.1220488304974202,0.0892916825938967,0.0390772216405811,0.0616411592070525,0.072141149442686,0.0612799639479933,0.0134289160736397,0.2492886346941965,0.0876427799058587
0.0914324169093094,0.1289972031476942,0.0140078341897509,0.1361428691658843,0.053341974338362,0.008318867143563,0.2898404465331702,0.0191280924963298,0.055842622354074,0.202947673487454
0.0022981777943544,0.3035825490548239,0.0785537146745029,0.0830892688437365,0.0224217305418347,0.0320242196889553,0.0753612455141766,0.0363115340125209,0.0469853806177963,0.3193721789472662
0.0066863002284173,0.3208598658777746,0.0102096792190111,0.188384680652858,0.0600204131931933,0.0795994491943824,0.0649005494029671,0.0440866078865856,0.1424572673615337,0.082795186668125
0.0367303388642121,0.1649805353678728,0.0253307376539518,0.0999036168858405,0.1091329134211177,0.0437039037422722,0.0250559032132033,0.0527645521696904,0.3201830626587506,0.1222144358379655
0.0406657360832595,0.2087693153485471,0.1089412765359323,0.1304420503448666,0.0385402730258725,0.1210240301932309,0.1058755758406379,0.0238481542462843,0.1905054944954618,0.031388093661725
0.0190430088256121,0.1599980706415977,0.0629710414908625,0.0849845817071146,0.0316913672538966,0.0234208754215723,0.0595202591111264,0.0956472697708305,0.302792624471811,0.1599309011290919
0.1006059723980721,0.1463645239235323,0.0629092550726855,0.0434642810824696,0.1192354733113711,0.0730483929220615,0.0954013338291018,0.0998379450720121,0.1602001226253906,0.0989326995036385
0.0191406096749176,0.2168030259388435,0.0714600599915568,0.0180978174814173,0.0018040128207224,0.0581508065340095,0.0539347502094434,0.0535673295432833,0.2358666333868277,0.271174954191273
0.0084953395542746,0.2716276691659191,0.0247374988085754,0.0240849442474441,0.0786168947516997,0.0788931781242124,0.0289843095645363,0.1790110638384937,0.1728616338953631,0.1326874678173324
0.0574919892561932,0.3109359205235889,0.0619117816061641,0.050084909548265,0.1244908581286765,0.19685143677234,0.0242059810245071,0.0199765018401133,0.1103155338996198,0.0437350870635637
0.1788301366686335,0.1717171690986203,0.1443036685849157,0.0473618606285128,0.0677060425848168,0.2446893803979732,0.0165769874051834,0.0703288821424284,0.0559445499649942,0.0025413221933123
0.060247199626009,0.1642464349584654,0.0659596063320105,0.0286398992323083,0.0873842374480986,0.0709811269210245,0.1156204230391569,0.1073884397402903,0.1975458875200897,0.1019867449679957
0.1297679248457945,0.0195305437914787,0.0337818855891825,0.139952670902817,0.0828926947663678,0.1254434120367221,0.0572041539094135,0.2747057618524723,0.071383687289313,0.0653372647970847
0.1380338168513099,0.0373040344799712,0.0129595178473821,0.1636419520736847,0.1630154494895745,0.0247710906543417,0.1123351032314938,0.0388287276996898,0.064249917454761,0.2448603900122903
0.2241971553758624,0.0578323607092083,0.0763775568000028,0.0710520304948377,0.0339731038464202,0.0107546610713689,0.1233330636854283,0.2470637299736112,0.108747252829738,0.0466690849322256
0.315272640711276,0.0712798527293179,0.1196140947546162,0.0476230612182573,0.0204548652424603,0.0206336522760817,0.1479157417352605,0.1239670737496436,0.0907587312010651,0.0424802860038292
0.1114565931115807,0.0076731606236373,0.0248263331857416,0.0316501532263267,0.0164496450389317,0.0716012435930079,0.1683744423930507,0.104527298348676,0.3647643070026957,0.0986768232848598
0.1600053056527338,0.022839380562076,0.0086183228120017,0.0951964377907792,0.0122723527594847,0.0025385468248502,0.0467706113942837,0.1087998514738126,0.3343570213468164,0.2086021690202709
0.1747187317513859,0.1177876019596455,0.0103496002000499,0.120808499213189,0.0786654051754912,0.010306732431316,0.0399786405538093,0.0806439900014764,0.0590735364039004,0.3076672620832664
0.1150438458641933,0.0763131679087524,0.0023178727517706,0.0929716400149487,0.0610222731424244,0.0715873523352195,0.0356016373697052,0.0446920018512739,0.060815958166257,0.4396342504148417
0.1256138467580578,0.0600761660618613,0.0024533080880965,0.006768705471326,0.0298298793872332,0.076238352742287,0.0686887363060599,0.0927109687318444,0.1890120992555479,0.3486079369493419
0.1552199060193462,0.0887662127912642,0.0532075211814386,0.0285066002071133,0.0188638404844414,0.0481454050371422,0.0179206765949979,0.0489570059143269,0.4233664060276059,0.1170464255413737
0.2757750268314946,0.1738987893311405,0.1219612107375221,0.0203144550822919,0.0199669705150019,0.0463575304060259,0.0562709011733477,0.0451491769159718,0.1336763456635932,0.1066295930753558
0.1971348344566448,0.1338192762326011,0.11391442811435,0.0642700935014728,0.038718866841689,0.1025819396308605,0.0313896046747297,0.0296730775945339,0.2182619372602683,0.0702359415282593
0.1917563808011604,0.121994039800588,0.0766778400532062,0.0054421658627578,0.0235269570817884,0.0335487881792691,0.0207926437439053,0.0862925908328022,0.2216493406636851,0.2183192528004457
0.2257900628134512,0.1281450099034313,0.1210656313688942,0.0668680465668621,0.0171756644658802,0.0833354934537657,0.0877659464382875,0.1363283438285063,0.0656944381477762,0.0678313628384618
0.1886779279633956,0.0320719173918586,0.12092809927126,0.0116874882743736,0.0650227989080215,0.0389787443195249,0.0180215551225136,0.1981079802066064,0.2412672476156482,0.0852362407008889
0.1614170860401815,0.0242054483671469,0.101409234598067,0.1616322974667281,0.0376908621206757,0.1171278696836078,0.09446965845724,0.0686795549823056,0.1156928047158481,0.1176751833879948
0.1842657537019301,0.0128936091580804,0.1318200188688676,0.1953277761081393,0.0694590782063619,0.2266036249427021,0.0345633478316807,0.0925599040712813,0.0515692247959659,0.0009376620334477
0.1292229192041289,0.0352154750563268,0.0542761137981087,0.1282967201365792,0.0722830741102292,0.1857521407440766,0.045528351856776,0.1915915243201177,0.0392301036884803,0.1186035767842061
0.2170816757193469,0.0729029933118559,0.0231168275710799,0.0582820149884963,0.1431205078929547,0.0520722628390982,0.2509701783071443,0.0968403692006708,0.0670113174186186,0.018601852400955
0.0491293172165709,0.133151935029112,0.1053055614842935,0.2249119153154761,0.0410661779304258,0.0057525914221775,0.0466134417352846,0.1416829632353903,0.0321834077730286,0.220202688408955
0.1225147683617498,0.0495511498675438,0.1127125426408563,0.1357923925209646,0.1587969743222114,0.1393977698372556,0.0476906795408039,0.1345665994642065,0.080363167640457,0.0186139553492533
0.118787587856842,0.0524082408667188,0.0804407674612945,0.0436506681070354,0.1124396041861956,0.2126322152522779,0.1526238889219652,0.1057890206540465,0.1105868956302469,0.010641110752584
