0.0736973724536926,0.0323681622738352,0.1067020055988965,0.2479733818744919,0.2559872406318209,0.0314125746902022,0.0180267177406904,0.0560323516120945,0.1469866181194308,0.0308135749523865
0.0664495791979498,0.0299850468504701,0.0992563405708504,0.2721257252545378,0.2872851784129153,0.040304599548876,0.0312895890725932,0.0086293263917293,0.1402593514486411,0.0244152631990213
0.0648043363010287,0.0251668258827491,0.0937452480028103,0.2277011337067719,0.2526741113457383,0.0455753688158402,0.0076291925085759,0.0109368830613021,0.2155225611163504,0.0562443392078337
0.0438982292398223,0.0004446743881092,0.0892591199910466,0.3019179235296802,0.341995800884385,0.0210497712453699,0.0067265623800669,0.0197211963301914,0.1749566275471588,3.009440275653929e-05
0.0559349858346422,0.0215866316995806,0.0839608496529247,0.2812703287671687,0.2476730365159843,0.0433331526911075,0.0596889510727676,0.011137490851833,0.1872200002128733,0.0081945726431634
0.0514375092487839,0.021739333484264,0.0710034047237565,0.3042919655734938,0.249637617614974,0.0335082883160636,0.0110990734591113,0.0038221787253807,0.2255922814135435,0.0278683473843839
0.0487483528832871,0.0240213376962318,0.0737854467173552,0.2662063515807071,0.3046412147999575,0.0483460603535146,0.004760653395779,0.0416891457433998,0.1570723672652405,0.0307290695054024
0.0624501365117709,0.0479217931334483,0.0660405882179494,0.2772825561877929,0.266600383776346,0.0271008827297848,0.025053827174312,0.0178815644472824,0.2072236057577382,0.0024446620053083
0.0614378192091165,0.0362643539565308,0.0872089634717352,0.2976877065778886,0.2659485646882665,0.0326369874013684,0.014976914430673,0.0172994976666838,0.1532097871663451,0.033329405373639
0.0642832938614225,0.042090806777063,0.093878678099269,0.3144788983516755,0.2645392532651822,0.0073020232292215,0.0117848705853425,0.0146934232705394,0.1724993359925055,0.0144494165082266
0.0729236908043111,0.046543558692685,0.1031041545925308,0.2695333771767566,0.2628594985083976,0.0046081170418642,0.029578061383454,0.0042406293564893,0.1571677485866324,0.0494411637976764
0.073783973471535,0.0491028319539595,0.0914109772117378,0.2571764935415214,0.2251285941373227,0.0515696100999476,0.0285708178285052,0.0472046565126956,0.1536260270630602,0.022426018123039
0.0751973600017502,0.0507998920861139,0.097285948900579,0.2580219253435006,0.2623856067181626,0.0249050070609842,0.0254502980683434,0.0144649319576888,0.1565743808672007,0.0349146489352948
0.0797641867809375,0.0494966187987792,0.1057682093408184,0.2798366664133537,0.2549101040041587,0.0104099896779473,0.004835741492624,0.0172160601202005,0.1837463857055508,0.0140160376079049
0.0689809352882148,0.0395771276555548,0.1090216444541328,0.2613421826456266,0.2886816776153733,0.019772240070638,0.0398918446079817,0.0144521678475605,0.1574550828162604,0.0008250969340927
0.0826874768275373,0.0568441580780721,0.1010005857745359,0.2339310005667088,0.2372481507719774,0.0660433364833799,0.0360001634682906,0.0250185837910159,0.1412511560507321,0.019975388122557
0.1013995778536273,0.0703513844758452,0.1275305870740247,0.241120954978968,0.2616485496242294,0.0095446043741532,0.022151587886447,0.047614646060265,0.0948071350627946,0.0238309725465778
0.0943785061453083,0.0485738589891183,0.1357329022950544,0.2610788868121929,0.2738098121371351,0.0002941488969993,0.0065564296473741,0.0353220252958506,0.1036022322007243,0.0406511975069763
0.0841574979831497,0.0380208253259871,0.1253576300863998,0.2093011317768739,0.2483136697749842,0.0261459419227801,0.035072793012344,0.0411841997617821,0.1667336972761096,0.0257126130115673
0.0835019749878673,0.0418669892538728,0.1330920442956024,0.2263853734389364,0.2399631476477437,0.0177539620665593,0.0300760287102134,0.0451474993946628,0.1391059772141163,0.0431070029246011
0.0904376966213307,0.054295702521632,0.1287388676512983,0.2128394176417127,0.1958601824050736,0.0266585881414661,0.0199853394335118,0.0122412077588658,0.1805708321253331,0.0783721656330826
0.0768207085602063,0.0493920981305353,0.1267239903496359,0.217495100081175,0.2826389631992562,0.0101636777484624,0.0234397203191054,0.0308249244898206,0.1427044324277941,0.0397963846255949
0.0860785350003925,0.0537203970751554,0.1196447613336147,0.19497524153743,0.2377557111898596,0.0102476349040361,0.0978077160919888,0.0582129215253401,0.0981679845349551,0.0433890967426127
0.0826671517403957,0.0376586264429375,0.1461078802726871,0.1913540195211878,0.2732950187601806,0.0149473214147032,0.0190184223410576,0.0010298916561153,0.1624199827350342,0.0715016850381733
0.0623923993535884,0.0108256784110475,0.1398496426189533,0.2410107920864404,0.270903440530243,0.0170229003153116,0.0369148992955855,0.0429841362271559,0.1101632465186434,0.0679328645667722
0.0523390479036232,3.025672176306022e-05,0.1479118625696353,0.2495416280498097,0.2493072649407227,0.0807981239225151,0.0237664610546237,0.0350372198113907,0.1131497118551293,0.0481184230892494
0.053645120094975,0.0003143577038176,0.1343279094000883,0.2115838103934861,0.2977632309359962,0.0130886631318775,0.0918872954486322,0.0097062998134243,0.1018465567727888,0.0858367562204649
0.0714701471327931,0.0166462512885266,0.1415660468857077,0.244723921271441,0.2426914468720764,0.0328666094906324,0.0107108026498668,0.0203612524329071,0.1768452997045228,0.0421182221911233
0.0908444573811129,0.0302824814015248,0.1620965649508004,0.1935235991061837,0.2536532875817557,0.0237481549647605,0.0257396533933044,0.0070542527892592,0.1412330078180642,0.0718245405378033
0.0769749330701879,0.0317955556746263,0.1533276024140787,0.183339637330484,0.2663115944039338,0.013286800022177,0.0505167791672907,0.0026027538059138,0.2008073006765496,0.0210370433462924
0.0460512684015643,0.0186401069335417,0.1349488463075155,0.186971924314068,0.2675024488530458,0.0012875449616236,0.0082669043634884,0.0468681650146256,0.1775739382770258,0.1118888524879096
0.0605745103990705,0.0066945161020618,0.1611182577596124,0.2440260393130756,0.2067676256548004,0.0094033836004544,0.0261353371620412,0.0350694910863548,0.1831645754409836,0.0670462633926931
0.0602784808250139,0.0032923016766364,0.1455827018261865,0.1825315828011923,0.2015747758948429,0.0407527767551253,0.0003072231091293,0.0453937463802769,0.258072745373616,0.0622136652810508
0.0855666062816078,0.0076506563018883,0.1859946367476481,0.1636811625299307,0.2138056047775401,0.0052009694052442,0.0066785877535713,0.0359807538585615,0.2448473547181828,0.0505936675232655
0.1028695793774878,0.0247561733085058,0.2029095686366979,0.2127935738005962,0.1934265240868934,0.0051778882298013,0.0386587223506696,0.0077248434439114,0.1573404028915503,0.0543427237758496
0.0771842411255543,0.0151927977949083,0.1675376411827445,0.155034764997858,0.1973842928200961,0.0155873909939545,0.0261341054920751,0.043466975005673,0.1857321205275115,0.1167456699713426
0.0508401415547764,0.0107943150355563,0.1715533445240313,0.2740583751435514,0.1199532124851626,0.0992440815250959,0.0378606295244683,0.0210696153358115,0.1442203288861148,0.070405955885669
0.031513252366932,0.0787336198906032,0.0741074393616328,0.1675294076936016,0.2236420949509679,0.0296372710627451,0.0682645919445549,0.0296743248844437,0.1623419110729914,0.1345560866879846
0.0588469376095789,0.1256458769055111,0.067044499438118,0.199997266940367,0.1729900890113684,0.0204325677564042,0.0039934231672158,0.03370622905718,0.1804813111865464,0.1368617988251318
0.0778014818156134,0.1286718620980514,0.057304690139806,0.1416764588265965,0.1529272957629251,0.0367777405156039,0.034630585593532,0.0389568136840551,0.2630758191820809,0.0681772522609711
0.0628896124937086,0.0992343332976583,0.0499864499595396,0.1553325631961301,0.1544936120876143,0.007687865568878,0.0785749646498338,0.0049599890476378,0.2700898111592201,0.1167507984358072
0.0886958959681583,0.1271704123660958,0.0452031230393016,0.1484901819955281,0.1016110862920924,0.0530014576508711,0.0169208223404766,0.0170849210380297,0.267136241056373,0.1346858581347326
0.0727210774365624,0.1046520732155855,0.0295473909792477,0.0859724186542286,0.15031987400052,0.0559016154897284,0.0409863145484077,0.0060823502074531,0.436395834071739,0.0174210512792704
0.0230167476421506,0.0653524268084957,0.1098882774185911,0.1566312622201535,0.1326715278911796,0.0221996746980925,0.0289054482935525,0.0254384305191706,0.2859661419844868,0.1499300623762506
0.0049578588829455,0.022515633820677,0.0813349408903479,0.0834525501362745,0.1290598780183673,0.0501782679395059,0.0323032286362501,0.0258884899027925,0.3975810506327603,0.1727281010162187
0.0408046226196073,0.0155075725157135,0.1906616669645709,0.2012370421613693,0.1482580797626389,0.0833865755917588,0.0010017601691266,0.0568587720979793,0.2595190232450867,0.0027648846557681
0.0451067095526323,0.0151655460774447,0.1520643409854491,0.1084934171401089,0.0869345828112634,0.0193417978854445,0.0107351121656562,0.0898936210773642,0.3963963046460389,0.0758685674963498
0.1080179232979752,0.0514887982791968,0.2326985920717514,0.0687036897491972,0.0261234052319397,0.0374728850787537,0.0905021196972153,0.048323001914211,0.3144895122048238,0.0221800722443451
0.042547142775612,0.0108403867737636,0.186939182587061,0.0949947201190523,0.0456738648738188,0.0461093593506917,0.006909989075266,0.0072868696257644,0.3631265993799351,0.1955718852631766
0.0263746558157476,0.0719034296059915,0.2308114611648968,0.0761205222165197,0.0019423536370678,0.0725304415795221,0.0735548556226425,0.1359415059877223,0.1977873148037683,0.1130334593386651
0.0445856835736239,0.1033394778723614,0.1694975071007562,0.0022604011639103,0.0339954561035268,0.0189191363120527,0.0067758431868885,0.0333764133189177,0.3318696594533618,0.2553804217399915
0.0256140042550269,0.1049202540299923,0.1851107301470912,0.0101622414670983,0.0604100398329042,0.0818412912213854,0.0843633115818966,0.0417371261522399,0.2477497661608187,0.1580912349651343
0.0461169802410873,0.0513124996014835,0.1335157527793706,0.0613756998986016,0.1007642381251161,0.0339738171751311,0.0836773571221926,0.0381837781275732,0.2819914448383318,0.1690884318585585
0.0263779427441429,0.0698946260313637,0.1270268564108712,0.1440530299386792,0.0246366152551408,0.0739235618731476,0.0975126516876047,0.045451561953671,0.2094515167352882,0.1816716372254149
0.0525948210499715,0.1256643616207861,0.1500376099203534,0.0037260891819374,0.0548535821026633,0.0637808801565132,0.0788930905689814,0.0482276257245514,0.1783814940948759,0.2438404454034551
0.0778496932420288,0.1620440117486372,0.0947950422480937,0.00774250411993,0.0618362500001243,0.063154554178308,7.239282933419916e-05,0.1453717827343354,0.238469250141811,0.1486645186288513
0.1071531121598046,0.2157803763300569,0.1605391475219604,0.0555805351736693,0.0411645596458923,0.0326719046661606,0.0459008411836934,0.0817260276737846,0.0656788434979561,0.19380465195228
0.1090914534557362,0.1995678460087364,0.1194266041469927,0.0320427253160672,0.0154385432488074,0.1115051531245929,0.0454329030668095,0.1380563407058002,0.213773263428347,0.0156651673248546
0.1005358155721132,0.1829301297267886,0.0774613429132546,0.1261952348789797,0.0602155438950309,0.0521386526021515,0.012772512546823,0.1179582655257535,0.1314732081086244,0.1383192941063706
0.1516246783423896,0.2362957905438704,0.0525344611186906,0.052770810496456,0.0672733700050241,0.0386441663807196,0.0323580719875734,0.0331946205800545,0.2348385252180963,0.1004655051879438
0.2114044802790791,0.2805653117958854,0.0223964629137324,0.0253086179161306,0.119324767911172,0.0024623413572277,0.0110486953252542,0.0626063452883003,0.1568639757662843,0.1080190012805619
0.1492153993929745,0.1886668208306762,0.0224847244083128,0.0519188037229032,0.0717924886315136,0.0539450931546962,0.0867124621610436,0.0396540145027839,0.1811045001601968,0.1545056929180426
0.1791301328743048,0.2556797671707503,0.0484037419191882,0.0066398109890503,0.0238813317432385,0.0029457717504901,0.0478323985332511,0.0301137467172719,0.1378570186153676,0.2675162795178598
0.1842464227138536,0.2857147908415719,0.0826785338219346,0.0113176921125033,0.0143128784690094,0.0414270259509205,0.0452112168886173,0.072190800670923,0.0514681635360095,0.2114324747755068
0.1928269947579666,0.2630916528406821,0.0466236765413187,0.0653237593844424,0.0987542919334791,0.0659952182216054,0.0622071620756914,0.0159740188455012,0.0789222380334017,0.110280987213712
0.1547862605045927,0.2247762022751128,0.0318341774833014,0.089318296053194,0.0070893761004769,0.0611833959899892,0.093110510303312,0.016964851951766,0.0797339127261348,0.2412030164702637
0.2687357870574049,0.3298345847937927,0.0309704273350605,0.0295814093174758,0.023988107653087,0.0173219519020964,0.0787206276011964,0.0078683305150345,0.0511837477907445,0.161795025859248
0.1883971150552738,0.2995252238579776,0.0551897262874532,0.0220243286546849,0.0121476229009907,0.0277164099077304,0.0494000112631366,0.0660586974151427,0.1072249484516215,0.1723159160467899
0.1722412693841316,0.2572769375224294,0.042495631685307,0.0682785957094148,0.01803046427195,0.1007347089288195,0.074085399024691,0.0782980910431447,0.0291180977941299,0.1594408045012188
0.1983852230587331,0.2823299407925672,0.0129205546086363,0.0501830713050596,0.0416361759427117,0.0919823652385849,0.0492751528991307,0.0494268299275766,0.1329035184410869,0.0909571676512291
0.1742948077931629,0.2671470451850261,0.0610243873910703,0.0012540936432618,0.0015274581137898,0.007483995898461,0.115317750285911,0.0824859397594549,0.0099463372743443,0.2795181844929066
0.1417229973623006,0.2529081904324001,0.0985713534083707,0.0095829968001328,0.0226968586814586,0.0082885884277203,0.0642823855864123,0.0532324195530046,0.1223875948763211,0.2263266147503796
0.1253306956675897,0.2444087492583885,0.1265982722318013,0.0822262487641352,0.0178010852095043,0.0796566946312863,0.1034058737143095,0.0195454442353701,0.0967216423333892,0.1043052938161676
0.1544228635002747,0.2920160115398758,0.1454623425396706,0.1428814112076167,0.0192535472903731,0.007059313075511,0.0895806458030937,0.0969448705641682,0.0288041189971627,0.0235748753065059
0.2128929899897732,0.3634545168518543,0.0926804977881658,0.0217031078597677,0.0613962048909687,0.0155722907262757,0.0069817072667964,0.047614318180244,0.1283956393068182,0.0493087269431697
0.2444368173425054,0.3975848244549569,0.0790122760940086,0.0007789720794668,0.0479862735156627,0.0379402378525862,0.0011660183839707,0.0009965733135652,0.0233922131540493,0.1667057936382413
0.1914656999605996,0.301031409919833,0.0458854848275361,0.0639582882233002,0.0147567468692892,0.0171661837547826,0.0354887047027972,0.0783293687522602,0.1079971785060755,0.1439209343745773
0.1822615949810113,0.3124174028576493,0.0733039381245033,0.0163031366082403,0.1215707975747448,0.0328882571668702,0.0233428343210168,0.0064783159074799,0.0582384945010742,0.1731952278358196
0.1274215820599557,0.2494457876943632,0.1045764142251178,0.0266624938179706,0.0612653490717266,0.0465339280666076,0.0300712107129208,0.0510444776405039,0.0568990381418623,0.2460797184663483
0.1117891550529818,0.2804634296543196,0.1735611625127452,0.0581799554715304,0.0784647917956853,0.0627918970320712,0.0580710776409503,0.0314270233300207,0.0146551787302338,0.1305963286507427
0.0722046404793716,0.2379835837968431,0.1981072137704076,0.0277935550296831,0.0412119400285566,0.0669817522343235,0.0102928571728272,0.0272713108904182,0.1026324093464575,0.2155207371306738
0.0954973387776723,0.2634770939649409,0.1700514602112733,0.0109897886020781,0.0803872393811161,0.0175322680941432,0.0304066491966183,0.0038679581419935,0.3239139259083862,0.0038762776112752
0.0777785788628352,0.244778549663295,0.1690731350857598,0.0560897665190408,0.067123878494682,0.0161471760116905,0.0419696842215253,0.0484786268420664,0.1595869800249836,0.1189736241605534
0.0851223368440279,0.2946227969018732,0.2054456515172902,0.0001570925929356,0.0244864405893807,0.047302711559393,0.0812346002904709,0.0267989315479326,0.132338545497416,0.1024908925243876
0.10078897383261,0.2623468544599596,0.1402104880578748,0.0718607456211489,0.0620307499147214,0.0684685955209973,0.0156582232095936,0.0508355587158762,0.1686432922457333,0.05915651832277
0.1038088395974336,0.2772065552420207,0.1665673292843494,0.0208312188468558,0.1274297745410237,0.0845419170217108,0.0406924949026923,0.0204097903314824,0.1231196279652627,0.0353924521578937
0.114161675241973,0.3084380817256424,0.1926890655841635,0.0247285857231708,0.0404694476979668,0.0582938680302617,0.0384884867702249,0.0683853874640181,0.1349646984430851,0.0193807031942383
0.1144384954839506,0.2630185244880068,0.1188931310578733,0.0277412020132699,0.0536237317114775,0.024878586143648,0.0173437432932896,0.017341660400896,0.210817345860113,0.1519035794427511
0.1424799998575577,0.3040843513656496,0.1307849457315338,0.0791877939486106,0.0215299706419897,0.0613151630855288,0.0534776431240224,0.0348124822821853,0.1628119584494505,0.0095156913843687
0.1088157095563727,0.2958217113917922,0.1859564337246251,0.0300575248932672,0.0493332664551234,0.0125715664318236,0.026102988378279,0.0394703854176722,0.2514074322891639,0.0004629813005254
0.0477395013990496,0.1997104103932845,0.2010233136330576,0.0171013290873001,0.0691917644523782,0.0193882821998505,0.0246752639144804,0.0779013248427405,0.332341681226395,0.010927128716653
0.0658332296313539,0.226927704416904,0.2085289803071313,0.0195592538361177,0.0150186040220608,0.0464873336843532,0.0224731167020671,0.0706109990030832,0.3067177357763237,0.0178430424587523
0.047388952230911,0.2687780968629075,0.2682300636754816,0.1310323081705663,0.0905846141056863,0.0592121877140703,0.0093167264459704,0.0310987348359541,0.003281470123333,0.091076845649938
0.0132928226308137,0.1278132429794743,0.2048633859139637,0.0680541510266824,0.0694061746924576,0.0436784633637545,0.0436859164267255,0.0395775323875788,0.2664350984588192,0.1231932120086737
0.0527085254078549,0.1852026600437115,0.3651668759640344,0.0601547609242919,0.0470689112171902,0.0196698835857821,0.0372379962891855,0.0235290841109645,0.1726814241978398,0.0365798780653837
0.039562249708591,0.1871314688648403,0.3777400827036919,0.0242075071224729,0.1046173509318022,0.0235980319292088,0.0213913072937627,0.0090462992980751,0.1423523060085344,0.0703533959304069
0.0545089843302789,0.1238897462476293,0.2667893193049576,0.007462197584883,0.04008796977317,0.0081235155754605,0.0715907726394219,0.0338515612829496,0.3567851314967966,0.0369108016211678
0.1278562664658113,0.0610885022760321,0.3131314020658995,0.094109482285496,0.0179324614379238,0.0671857853718429,0.048240775061805,0.0740992759967291,0.1739676553672911,0.0223883935066288
0.0888126202081854,0.0545784866158206,0.2602580229091071,0.1229058537011807,0.0749132337919795,0.061169235492497,0.0119410427362914,0.0472609779854246,0.2207615636122227,0.0573989628206378
0.1784445906980322,0.0628746405130122,0.4274441092261736,0.0245497372328873,0.0093587595475267,0.000808241740152,0.0630964924055549,0.0599310068283911,0.1400895819778583,0.033402839604022
0.1595908866401792,0.0325357348362508,0.318695749037136,0.0156027123055223,0.0196650868025496,0.019397788319262,0.1371459792574075,0.0703294411789006,0.2032227226370857,0.0238138987976914
0.1147628772308088,0.0543079462022174,0.2808986169208972,0.0418357791260181,0.0586549963234053,0.0192700625732234,0.036990238710571,0.0286460256480917,0.274582001684165,0.0900514554331646
0.0552997824065267,0.1524741467361598,0.2720075787741216,0.0286641821395877,0.0685721826832125,0.0256656620020897,0.0252308964805843,0.0897233679502953,0.2752825397422515,0.0070796609228766
0.0715637434754669,0.1067635078925929,0.2665051870697985,0.1526508338484786,0.0484560418958525,0.0602474166937686,0.0472439899810901,0.0181881737096449,0.193885093736622,0.0344960115650948
0.0787131610179121,0.1167401634891125,0.3046815516901822,0.0521068824416527,0.0475171152856214,0.0219939979686591,0.0857353264999564,0.0992993860758932,0.184401076099524,0.0088113392635862
0.1306201645157432,0.059555349321165,0.3566434260439708,0.048653094736233,0.0553781235524846,0.0086853359354541,0.0027970679424695,0.1116646606792274,0.16867366640992,0.057329110699888
0.1949192015276683,0.0054067009101587,0.3722207384590361,0.0123490089462358,0.0036330985674986,0.0157886982901522,0.0218617715518599,0.0544079781590262,0.1977886624578963,0.12162414096087
0.208092217147622,0.0320737781179261,0.355010584197966,0.05525613258212,0.0319156545901688,0.033717500335783,0.0116218518676788,0.0205352092014432,0.1514342876073311,0.1003427841935347
0.185541311648017,0.0657880844842075,0.2845226729634585,0.0143162576236668,0.0514331587446448,0.0814951534579681,0.0124340449621349,0.001396409494241,0.273746639318901,0.0293262671572483
0.1797924719813369,0.0248601263417948,0.3250383852808046,0.1444507527642867,0.0473432910450983,0.0444981998514619,0.0440137479304771,0.0516476678948527,0.0258474569257768,0.1125078998172577
0.1361610716350257,0.0305835054467783,0.3140165817188292,0.0337617083569728,0.0541244516193848,0.1682704481390947,0.0670265283348342,0.0319533434602592,0.0755769377110537,0.0885254234103051
0.1089425892234796,0.0429827667366172,0.2948720772444415,0.0345447246414882,0.0730885179405593,0.0053674594570921,0.08728963860453,0.1013827083977462,0.2249593408365691,0.0265701767308041
0.0623841786967995,0.1140229300834228,0.2844044361583144,0.0881630724511672,0.1394928675668197,0.0616299121036122,0.1073577921945133,0.1047786821272928,0.0075644999050829,0.030201628487803
0.0119330391088794,0.1528271407971287,0.2601290045969477,0.0370008110269691,0.1032454063355629,0.0337539592814459,0.2098865659086377,0.0759301869205736,0.0778590661037909,0.0374348196944928
0.0850973174930722,0.091637379429821,0.3298025292385616,0.063680124699869,0.0521629486199543,0.0300261934965002,0.0253903608734463,0.1375642170046155,0.0902653726880604,0.0943735562119391
0.1257572370984805,0.0179506702000935,0.3154793271799498,0.1674108176113539,0.1194500958801527,0.0558863399797032,0.0125615169986913,0.0110790413512113,0.1324550240512376,0.0419699294273632
0.0762823487187622,0.0694569889197126,0.3352994117797039,0.0876327370179033,0.0948827619745642,0.0774542664431972,0.0074963905910583,0.0617944566682435,0.0850476787532608,0.1046529588668644
0.0070729613867086,0.1314697680694745,0.1684862584365092,0.0337251085758542,0.2169337022442188,0.0009134931648025,0.1280959797071396,0.1491761588801844,0.0198662383532046,0.1442603309718281
0.0467807642136647,0.1685644968928114,0.2279731333103818,0.0191870608889531,0.059312339905599,0.1692895833376269,0.1154065280894156,0.0136892201723792,0.1394228731158268,0.0403739997735477
0.0442904749217144,0.0786907181581467,0.1584608996814752,0.1648469975883809,0.0103517283119478,0.060735344498596,0.1494269939644018,0.1141488833913117,0.0288553274996959,0.1901926317982474
0.0320112936828814,0.1067967603001809,0.1036377697256333,0.1447356764498432,0.235258289952134,0.0859032098590225,0.0827407121918595,0.0759203329408001,0.009444767758637,0.1235511869161082
0.0920694024989133,0.2474956166954463,0.1630313638469758,0.1078211337668768,0.1628953012278002,0.0267019149664165,0.0095082407828795,0.0523861697076154,0.0929781245021976,0.0451127317272825
0.06979656946923,0.2385878497517774,0.1927371367680301,0.0156353613875754,0.0078483098935404,0.0420956731999375,0.0563053718792102,0.1943770378743798,0.0016267249970133,0.180989964364638
0.0574677959146855,0.0078181824706869,0.1871851490238123,0.0884692314630726,0.074545361330714,0.1057064583317439,0.0707109367670327,0.1178322589785646,0.2884273698868281,0.0018372555230895
0.0523974085997366,0.0402183585866881,0.0829058181085695,0.047173787158871,0.1754949541263329,0.1131507641055418,0.1451254567515783,0.1442054309643954,0.1627787866435804,0.0365492347816525
0.020796227756194,0.0365661329903085,0.1235906151181929,0.07638164605189,0.1911378907966768,0.065097937571181,0.1626931956189592,0.2283112769860113,0.0243464017002305,0.0710786750755538
0.0667260533689841,0.0368611256097473,0.1374478691659266,0.0322835929555099,0.1641423727281289,0.0441673324025021,0.0754908622689895,0.2516510144313372,0.0112258484628788,0.1800039278296125
0.0314607152696461,0.123267221418721,0.085295943556386,0.1188791045575007,0.1684998736539175,0.1479728916795082,0.1244903280815889,0.0830308828883806,0.1004764903213677,0.016626548245835
0.1194535312771013,0.2541296008953262,0.1141397826665914,0.028048660805315,0.0890388246638454,0.0219548616252052,0.0842387060428231,0.0091014523266419,0.0254376930053777,0.2544568861579749
0.0707496931524618,0.1669830443827012,0.0613372548086776,0.0976171288414603,0.0126324639109465,0.0800580089547679,0.0252070226926821,0.0037860725876439,0.3614222732928054,0.1202070371783546
0.1019826990706804,0.2024045266852203,0.0475833534352545,0.0596936785115483,0.129787651313615,0.127325190520965,0.0627593727403228,0.0139513546522228,0.1056157192656083,0.1488964535690207
0.0883714415160016,0.203386031576894,0.1018083377482421,0.117762622727685,0.1202775583254115,0.139720476754742,0.0806567745317317,0.0061204623377207,0.1175932609944198,0.0243030332512471
0.1087488949031849,0.1916929617201121,0.0487505677306494,0.0164830702297847,0.1177523819463199,0.060137187011702,0.0693394721000334,0.1066604489872799,0.1862879584672247,0.0941470566843443
0.1354565803060201,0.2713013903437034,0.1044767147868738,0.0145606743314243,0.0390863436142518,0.0809420000173659,0.0279295085893663,0.0336858122752638,0.2451854931281104,0.0473754822180782
0.1538702375623263,0.1655564629758165,0.0637451975657069,0.1850810485264207,0.1580276243355017,0.0002188183369114,0.0349202908907044,0.0510747604008231,0.0933042967418827,0.0942012624977995
0.2712995334328401,0.249711804137967,0.1194303943814266,0.0346465568302495,0.1126514380430573,0.0209198668564141,0.0276165561690541,0.0088769930046782,0.1518212156994438,0.0030256412049495
0.2089381517562244,0.1989764187392489,0.147903001289918,0.0260434688473012,0.0633380993721936,0.1530026889840981,0.0263266420187832,0.0148902542675887,0.0436033505181342,0.1169779240210604
0.1729947443176761,0.1515342620836451,0.129871384487459,0.1302450342731477,0.1180210165086567,0.0275591298403013,0.0232759131723429,0.1111151328403504,0.0252733598540053,0.1101100224416871
0.2018327168360671,0.1733462292865575,0.1476368667930957,0.056034689294159,0.1260342303025131,0.0393337196002447,0.0758710977845559,0.0692798479024739,0.0756976747961922,0.0349329272555785
0.2578982301748168,0.1958637315520675,0.1894535802457757,0.0678601428871422,0.0811876046763317,0.0329602752845941,0.052658833698242,0.0133736253840306,0.0908496243193961,0.0178943514942021
0.1293967888335897,0.1008971230997665,0.0780234592163862,0.0621400243659797,0.0634994863562588,0.1668200606211426,0.0880386839143605,0.0094467084740723,0.1111693505351906,0.1905683144068623
0.1632642178408323,0.1498105893712482,0.0954971994773901,0.002609217861591,0.1085627012122134,0.0950469150648453,0.1745406518516308,0.1104749368045255,0.0586277335433427,0.0415658367927449
0.2243363139966075,0.1887884312275672,0.1099680219455091,0.0344147023107092,0.0649669839782007,0.0753987358679089,0.0810928269249158,0.0115825097786565,0.1568944113574064,0.0525570623053035
0.1639350376343856,0.1551101015305044,0.0531174268269913,0.0101849910943032,0.1099395408977376,0.0272884983710557,0.1191594442690228,0.0991133119654736,0.0792685774795968,0.1828830697087853
0.1814233721404576,0.1733449245710075,0.0720731226606955,0.0287339210307323,0.0239705394063554,0.0380471689781864,0.1759359234262405,0.1385999965350796,0.10214831528578,0.065722715756214
0.1009990875537781,0.1400507875227097,0.0031747091222218,0.086093587585277,0.0534225380160859,0.2430831331304644,0.0951839442938303,0.0752940004279285,0.1645971504732255,0.0381010616383057
0.0250677715566436,0.0032733812688057,0.0173127513574747,0.1634171722657661,0.0996741639747596,0.0934542786354989,0.0040105822985294,0.0973696112612439,0.3317840237871764,0.1646362633329325
0.0850078849741327,0.0094629239501772,0.0906048400463644,0.0326406242152823,0.023724282852346,0.0401020381929056,0.0506452823392916,0.139332094349687,0.2580899729076131,0.2703900558999381
0.1434446453977743,0.0182225170627462,0.1399707990377405,0.0521723344350876,0.1745561638969627,0.0488025158182724,0.0243666745984953,0.0147468499130583,0.3009511811424376,0.0827663183934633
0.1640945732192878,0.0519275236899167,0.1954526877798504,0.0165715436286638,0.0332723763799606,0.0420155203632604,0.0208347438805114,0.047404523877455,0.363424785081821,0.065001721907055
0.1945681852764572,0.117857765939057,0.1462915242210308,0.0666937256900978,0.0130933398992248,0.0029013373912037,0.0424368322555957,0.0318383144288748,0.1539790228384674,0.23033995176324
0.1304706525282042,0.0794419471558981,0.1007521838581714,0.1256077017374986,0.0789989051967162,0.0361005266452819,0.0385359162548123,0.0198981315302853,0.3215167692505677,0.0686772656192643
0.130100680474068,0.0728934001594238,0.1258874292448206,0.1045754602315133,0.1650066184965575,0.0849527589101647,0.0457034650059772,0.0183810079876843,0.135311778133885,0.1171874011867613
0.1361887827722131,0.0834949708829431,0.1156900302245415,0.1311803893948756,0.027409311260792,0.0511980986126086,0.0194513146108942,0.04883201643377,0.3359731404911801,0.050581945151476
0.1560180031882727,0.1383570688846354,0.1000980784730643,0.0461856619590607,0.0420915430636177,0.0020091473141012,0.0050640844630847,0.0666937402336216,0.2789826189645571,0.1645000532466785
0.1061880529102066,0.1067961692077795,0.0627124368017203,0.0260565596867942,0.0407020333929208,0.0501652597451221,0.1143391127869375,0.0616722483052437,0.2701573259897115,0.1612108010426078
0.0777289379833834,0.0671863659425433,0.0488668627559002,0.0512610098540973,0.1669184476511039,0.0127834662439058,0.0258049548694759,0.1941754935684828,0.1429167216879709,0.2123577392180763
0.0463909350882824,0.0083863463122458,0.0250515273512817,0.0447227531237011,0.0625559071190067,0.0059227771939794,0.0605664469503228,0.1059761772720558,0.3253667727445073,0.315060356597001
0.0384859604601111,0.0493958308149007,0.0445214652388007,0.2017345522885151,0.0617827503204738,0.0829792120665839,0.0507711581502243,0.0317629168243511,0.1370260568092781,0.3015400968057066
0.0313562006295327,0.0391959582125279,0.0411077492561463,0.0412439048962646,0.0511550554070414,0.0328030637740051,0.0015833620644084,0.0595539704371045,0.3019511899348185,0.4000495452362996
0.0145896962231671,0.0577368759457442,0.120560311763693,0.0438984567087435,0.1044098621094303,0.0016778641101555,0.0546031571453832,0.0658182512000562,0.0592990919511216,0.4774064326399998
0.0788205852361346,0.1418963762293204,0.1108810031156713,0.1103464623854601,0.019067453701723,0.0890232413675444,0.0019742453246215,0.0742614295457198,0.1862491012269937,0.1874801016716147
0.1046217155514907,0.1616296308842194,0.0762245014381353,0.0178163771552982,0.136636024601837,0.0033428990575158,0.0649815300009456,0.1045339780110206,0.1103900455202685,0.2198232975504316
0.0483493110509792,0.1279871668356295,0.1379372890868127,0.0483916405581531,0.083420425831857,0.0248964846895228,0.0978861450441157,0.0358712213127674,0.1466140142244669,0.2486463011921031
0.0583578024297111,0.1892500460891103,0.2020465166766938,0.0479123473996946,0.1154624718354874,0.0188962288584015,0.0031867430138097,0.0798478463554431,0.0898805409978525,0.1951594561000155
0.0569279552477238,0.1641214463666431,0.2044119350336464,0.0374845446123459,0.1930911505602261,0.008080241612677,0.0179882071654946,0.0387983083881852,0.0793325592135987,0.1997636515540362
0.0395816327006576,0.1250395945675086,0.1832561019398349,0.0293203217999985,0.0755479900375204,0.0942338854907828,0.0241381200955264,0.0609426734115182,0.135868688103958,0.232070991633123
0.0595452363298943,0.120536033124445,0.1012181280754971,0.0969908158666298,0.0473056338576515,0.0332043100936029,0.0745216639402727,0.0648285510294003,0.0701719810819027,0.331677646435251
0.1663129451833667,0.2509123081124396,0.0571834857899549,0.0042616518138968,0.0911796254805705,0.0404465995701965,0.0081139459162358,0.0669958925802842,0.0110189013729918,0.3035746439651739
0.1557876624848327,0.2378864313203987,0.02245796751461,0.0344304902629748,0.0810758142141029,0.0754528335715105,0.0196982417225025,0.0001748895473794,0.1589289550938626,0.2141067141334953
0.1404617621900057,0.1883942663272848,0.0209650284984985,0.0432189916840026,0.0091904806481993,0.1437651253057707,0.0520848398299756,0.0420603981916102,0.1406906675081455,0.2191684396868206
0.1361469143444837,0.2297516780136226,0.0014929152191616,0.0285739182510614,0.0469541982375336,0.0842711377231606,0.0505719418547933,0.0942155119823935,0.069448380613094,0.2585734036073798
0.0845112989525538,0.1587399851745704,0.020624849933466,0.0890928303753968,0.1029694720487498,0.0047635705279843,0.05926311391017,0.1237147313311302,0.1969413274377415,0.1593788201630494
0.1306632238742825,0.192054117993142,0.0136134030662891,0.0896043466985719,0.0820191955734611,0.0247007025210773,0.0612408273894561,0.0289623586910545,0.2892528447028657,0.0878889793424432
0.142783842430371,0.2220863200769698,0.0051338949459164,0.1551743838169145,0.0050793421774168,0.0579158054477266,0.0661588873754481,0.092834379269722,0.1255157731002597,0.1273173712048074
0.2206624623796079,0.3332709848391529,0.0508653711171722,0.0591055803903842,0.0771043921090579,0.0474826373269263,0.0112030289558914,0.0064857965575164,0.0191395353831503,0.174680210722758
0.1119610474447782,0.1851032788281842,0.028494617614501,0.0985143413867715,0.1026916811523693,0.0294452460045849,0.0752906516245501,0.0253133347177053,0.0557209320002112,0.2874648690705411
0.1658174531836765,0.2069082494018358,0.0914196347285543,0.024166766769111,0.0535292678430026,0.0814224986091809,0.032995741652167,0.0354585445827814,0.2281920933863408,0.0800897496721187
0.2142814472011059,0.2562219429823201,0.1333609350275632,0.0395712924708226,0.0292693821708713,0.1126122619957505,0.0020232209104407,0.0137075781144348,0.1305230741807812,0.0684288647253207
0.1607604817446613,0.2015759116761979,0.1047016126222044,0.0281986929739403,0.0730343150562169,0.0661604186052685,0.005751234971152,0.0278427580518172,0.1682966537235377,0.1636779204163384
0.161315956951876,0.2198752377703664,0.0944985026823331,0.0137476659712668,0.0260822089687831,0.0705331177194348,0.0063924952113928,0.1374528697157322,0.1394993913806452,0.130602553470009
0.1516123035018699,0.2435745226772564,0.0223581225447193,0.0208414981299422,0.0276562111187112,0.0444660525953082,0.0036796672119843,0.083945682391841,0.3566013349799302,0.0452646047225805
0.1378432096411868,0.3067880201507718,0.0624588008997455,0.0594589482432907,0.0047454474061089,0.0081315343498656,0.0307697631901124,0.0980101855492562,0.112931869160454,0.1788622212175671
0.1577708778320958,0.3021884269295575,0.0028297738746523,0.1577611643605109,0.0090173324092761,0.0565715764686109,0.0036471057497709,0.1238873157723028,0.1633849520255853,0.0229414743781085
0.1113321238958576,0.2143948558393409,0.0121049699435375,0.0577901928985545,0.1368276875556788,0.0321968549751994,0.0141681469751009,0.001023608309834,0.3956233468398893,0.0245382126250802
0.0371277262158226,0.1991209975646718,0.1292902544817396,0.0196026891015647,0.076071770412485,0.0093547036213199,0.1073214890556502,0.1458007142231472,0.2208838583541797,0.0554257968102861
0.0467011773201048,0.2212697020238482,0.1353131071648215,0.0205314800065536,0.1108357942265474,0.0277834094565085,0.0768159946073289,0.1122719768787399,0.1774610850358316,0.0710162731378594
0.0198433261955006,0.1813658054705617,0.1536790760002437,0.0824447782834398,0.0005169470211043,0.0412928449830656,0.0218367539635455,0.0566743427829376,0.3399785968214787,0.1023675283407323
0.050063315485457,0.2579672682034759,0.1482952921379828,0.0160098803225095,0.0915223857800257,0.0473576164955253,0.0670746925740562,0.0199811359553162,0.2419830533261915,0.0597453595543984
0.0509992277962342,0.3704879998870353,0.2795472005648197,0.0033577155105652,0.0252614196351165,0.0076022959412943,0.0641901912319857,0.0396969201729009,0.0737965944297887,0.0850604345444571
0.0679510896319399,0.2379232573140115,0.0950788263233194,0.1275199620695293,0.1219651783631507,0.0113797019286902,0.0257109983239035,0.0001134255450313,0.282615343848409,0.0297422164748702
0.1132512955618373,0.3102839454896489,0.1179975057414577,0.0042102854070711,0.0627699974402605,0.0334012452818531,0.0515223102530071,0.0054448157331594,0.0106915036636436,0.2904270952213766
0.1381765868207724,0.2540548381935569,0.0012656770444123,0.0300285109739304,0.0841671586983575,0.0678239969785412,0.0509197540159067,0.060111345285758,0.2261921561505257,0.0872599756897978
0.185958139873659,0.3164558297514265,0.0359885539045777,0.0008702579081628,0.0601060636525522,0.0875031605658361,0.0734254526292231,0.013439784182621,0.0653361097131655,0.1609166476399948
0.1676606410507058,0.2633329319200229,0.0610956773880078,0.1129206601059364,0.0452182115605859,0.0345274943966682,0.0375161968675231,0.0841114880689614,0.1429390066405247,0.0506776918632943
0.1303336086086047,0.1807052546912295,0.0676913300321612,0.0230945704207241,0.0956626135488824,0.0030142919419712,0.0476738943084736,0.05648992944665,0.2042985094202454,0.1910359974650269
0.1593127540956518,0.284659814464192,0.0423661900227088,0.0352342950503671,0.0128209980976779,0.0194211461818521,0.0933414324475945,0.0202995947300679,0.2389033094863943,0.0936404652536053
0.1643186604645581,0.2413357606237569,0.0751566292526994,0.0307370088430156,0.0603219639072845,0.0216334358352771,0.0245985321781758,0.0018109859598538,0.2842979086121113,0.0957891142134511
0.1592361669893826,0.256225873861843,0.0639511463598336,0.0106877417865381,0.0422330003821792,0.0296189968308586,0.061493296010369,0.0418144679279617,0.1253192555219792,0.2094200542094534
0.1777353627815739,0.2787248689302197,0.0370509623576719,0.0218702351468814,0.0213951387515739,0.0358307404554077,0.023736893710749,0.0125179911070144,0.2761013807240409,0.115036425913607
0.1451548866786722,0.2706014787634277,0.0066868368204954,0.0383430172208413,0.0530852916984054,0.048669165169525,0.0366947450046748,0.0542114052665163,0.1030605846690845,0.2434925885801083
0.146786473929706,0.2613265331830589,0.0098229969251889,0.0739047241660838,0.0239026689658597,0.042465524847499,0.0529991236196645,0.005888327790616,0.2064720778734201,0.1764315485919526
0.2076013253546035,0.3547301383335268,0.03201056549927,0.0437075690069472,0.067233148707362,0.0279760146979929,0.0171028226771204,0.0523302131017336,0.1070158155272015,0.0902923869391047
0.1459824300526469,0.2628022001553114,0.0222266521034638,0.0259490044386185,0.0111124859731094,0.0263629603102422,0.0195805692921679,0.0383411760860585,0.2820478488297381,0.165594672644537
0.1603672647291774,0.3003648682496059,0.0141096565301406,0.0234323579965621,0.0122640872718945,0.0002429127574807,0.0110121529995418,0.0153792829141641,0.2620697209281675,0.2007576954709997
0.1653624453059582,0.327124357313069,0.0041900422941777,0.0044575251612189,0.054775817836411,0.0959103968188468,0.0936131480359857,0.0952051146660891,0.0167621821631361,0.1425989701937284
0.1048836165760937,0.2492010310728924,0.0782798355000464,0.0319641890402998,0.0032546696345025,0.0650071830418182,0.0509718480192684,0.0238312321077643,0.1435489481811676,0.2490574466395473
0.0845109481604753,0.2763301088369708,0.1193326222122578,0.0363689922050547,0.1631831340478893,0.055574670734658,0.0400606636355026,0.0007638010415813,0.015090004184971,0.2087850547563846
0.075941274133536,0.2171098495457113,0.0814023401999719,0.117220755898414,0.0110384679869984,0.0381361937387995,0.0639838270832359,0.0693573650452458,0.2846985982735069,0.0411113279732576
0.1129556135794138,0.2794940307863401,0.0708488823098717,0.1186382539836744,0.050453384596054,0.0948322434487887,0.0532079745004282,0.0301179646186315,0.1595923452798645,0.029859306758074
0.1508526541610365,0.3122459365465504,0.0438304700929009,0.0022214318180834,0.0206499726542231,0.0407614468989853,0.0657582745354173,0.0359583099515032,0.2504168805901623,0.0773046226038097
