0.0939862322204135,0.1112027798317967,0.0937521828179265,0.1882810224588939,0.1153195728767912,0.0973483121447393,0.1165261100691267,0.0906485606659351,0.0915273888237152,0.0014078380906615
0.0088376696297543,0.0409004345026836,0.0084017941493748,0.1844449839649243,0.2179536700258327,0.4217075097844992,0.0508141924519033,0.002621848624877,0.0042585101218652,0.0600593867442851
0.0938262448738345,0.1110134857484273,0.0935925938801568,0.0988631866463779,0.2059228492616048,0.0971826017232655,0.1163277543874838,0.0904942548452896,0.0913715870245445,0.001405441609015
0.1708763046015579,0.021761988244211,0.0037495820187838,0.1013217085356032,0.0260113184312249,0.2328247176052723,0.0272566992062873,0.2292121293777346,0.0014531624086253,0.1855323895706993
0.1570881730963395,0.1447463273362731,0.1943539319725108,0.1104561024883461,0.0599651266578954,0.0475286071470859,0.1777597376222063,0.0428922273612694,0.000974255849026,0.064235510469047
0.1923803641209794,0.0253871497799003,0.254629106966216,0.1144861293285676,0.1352851756541053,0.0093720086579253,0.2269101561656062,0.0016273974726506,0.0026432832711329,0.0372792285829159
0.1923803641209794,0.0253871497799003,0.254629106966216,0.1144861293285676,0.1352851756541053,0.0093720086579253,0.2269101561656062,0.0016273974726506,0.0026432832711329,0.0372792285829159
0.1642150951546342,0.0216703676378823,0.2173503684778441,0.0977248936370334,0.1154788748558545,0.0079999084136436,0.1936895849872468,0.001389139853471,0.0022562958328574,0.1782254711495323
0.1278092246690245,0.0464705821371818,0.1581291886407569,0.0898686931086781,0.0999994412396816,0.1616007474672029,0.1446279105234106,0.0348977406466452,0.0007926687429034,0.1358038028245147
0.1556183741657992,0.0565818035236005,0.192535455153226,0.1094226175473159,0.1217576470204433,0.1967623671135439,0.0602312004671511,0.0424909052969698,0.0009651402028462,0.0636344895091037
0.117168237677655,0.1079627558842576,0.1449638584884185,0.1002821471507116,0.0916738078111771,0.1481463864377299,0.1325866535761603,0.0319922664509384,0.0007266736803127,0.1244972128426385
0.0645898142652189,0.0816142621047477,0.0643583763524357,0.1578324767426206,0.1756246690340823,0.0679143805833911,0.0868781953858948,0.0612893839718001,0.0013921296349288,0.2385063119248796
0.130524341001555,0.1202695188031483,0.1614884073813458,0.1117133911929088,0.102123780205487,0.0394914525028603,0.0505186986488594,0.0356390910917597,0.0008095078079687,0.2474218113641065
0.1591890844642595,0.0578800899864312,0.0456423732641073,0.1362470197507832,0.1245514127724809,0.2012771386780714,0.0616132234380861,0.043465871871117,0.0009872856344524,0.1691465001402103
0.0448435556866371,0.056663326085594,0.0446828724729143,0.1333828145419062,0.1219330743612007,0.047151742767199,0.0603179810479782,0.1946430474892565,0.0009665307683128,0.2954150547790008
0.2142993219946036,0.0779178049978903,0.0614434694290791,0.1834148619840423,0.1676703110671215,0.0648384158158227,0.0829433252482101,0.0585134772477191,0.0013290775733161,0.087629934642195
0.1623869883247667,0.0590428265134804,0.0465592698098423,0.1370525503247459,0.1441801129793499,0.0491318170028811,0.183755835139593,0.0443390453046143,0.0010071189323979,0.1725444356683281
0.1237261795110132,0.0449860141345471,0.1530775296568935,0.10589496937091,0.1098539650524481,0.1564381846616961,0.1400075688281603,0.0337828833165753,0.0007673458268072,0.131465359640949
0.1117496865655651,0.0997108167574235,0.1481006204642408,0.0896661661171108,0.0945692860625125,0.1522627100215753,0.1319137915864474,0.1499001495538783,0.0009503391594955,0.0211764337117506
0.1584774008237291,0.1414045225483153,0.0034775097337096,0.1245750225227692,0.1341130799874732,0.006920075467175,0.1870730510833052,0.2125803374889027,0.0013477199312724,0.030031280413348
0.2051532857320502,0.1831686909770695,0.0055612932331982,0.1614974922475981,0.1737795647094633,0.0099942547612265,0.0336347950936447,0.0017354470672295,0.0028187816915269,0.2226563944869927
0.142365730990118,0.1311805738979825,0.0408188152833264,0.1201548640831992,0.1264036447150018,0.1800058532652501,0.1610999382600033,0.0388723299897092,0.0008829477317361,0.058215301783673
0.1218612898559425,0.112287092041557,0.1507702354156168,0.1028493768676709,0.1081981673562412,0.1540802362195261,0.0471657143177633,0.1522013537640584,0.0007557798405306,0.0498307543210927
0.1400358065437721,0.1302673582638536,0.0513507942640163,0.1206381617145419,0.1260954735709162,0.0533204987728339,0.1563971444555856,0.1709914386334434,0.0501322099575748,0.0007711138234616
0.1319043964517322,0.1176942460270847,0.0028944115703298,0.0973991546898146,0.1116254101851837,0.1797241807538974,0.1557052158053357,0.176935518681101,0.0011217383879117,0.0249957274476088
0.1370238113018685,0.1284903499472943,0.0595509002178216,0.1200785352685932,0.124845900411117,0.1657404869972085,0.0704478098895095,0.1640658432166684,0.0290827378482017,0.000673624901717
0.1158067870815214,0.1062181390122825,0.0287541306719194,0.0967661795756246,0.1021230429479202,0.1480743612252168,0.1318669746039132,0.146192642988533,0.0007569205325782,0.1234408213604902
0.1274935953003528,0.1169372950417462,0.0316558950600928,0.1065314775453648,0.0993362209453706,0.1630174980255399,0.1451745197092669,0.1609458834908219,0.000833306255074,0.0480743086263695
0.1584709129993708,0.1414888851936193,0.004295827936547,0.124748940541036,0.1342362428263054,0.2156185773390712,0.1869143962830876,0.0013405482647991,0.002177371454755,0.0307082971614081
0.1394312084439098,0.1297049349863771,0.0511290895914422,0.1201173120465629,0.1134878081887503,0.1721619174726019,0.1557219070381313,0.0494364850003007,0.0680415526566301,0.0007677845752932
0.1463767183893019,0.2333714686951724,0.0536759914236748,0.1215828158212566,0.1191409952280981,0.0557348854259542,0.0667147611576322,0.1787340415110586,0.0238622919919814,0.0008060303558694
0.1316750728342205,0.1213298418258441,0.0377536113365068,0.1111320847335046,0.1040806945808991,0.0398396179957066,0.1490024738147609,0.1644584951139187,0.0008166446101642,0.1399114631544739
0.1325276958116068,0.1221154773205258,0.0379980736771151,0.1072446336640384,0.1047546383258456,0.1675667367415947,0.1499672952507955,0.0361860982171487,0.0008219325507287,0.1408174184406003
0.1315224030705919,0.224303105607669,0.032656223866348,0.1098978807242752,0.1024752534423998,0.1681688639524557,0.1497620460996518,0.0307611238279298,0.0008596387991326,0.0495934606095457
0.1518105275461307,0.2534290954467842,0.0435268083047315,0.1228487699369124,0.119996479300125,0.0459318023904121,0.0587573952412138,0.0414511897044567,0.0009415240593245,0.1613064080699086
0.2080270405899428,0.1958410803761885,0.0450439130775071,0.1020300816494223,0.099980950340772,0.046771699374782,0.1371885183354264,0.1499903479428731,0.0144499623385587,0.0006764059745266
0.2169255028435794,0.2029151969685194,0.0295423644721105,0.09505986480328,0.0927039604749572,0.0315288156082498,0.1354818293772225,0.1502002057230018,0.0007776699113247,0.0448645898177542
0.205479332458717,0.1934426137562361,0.0444922600650701,0.0853826422220609,0.0987564831780969,0.1498143789905115,0.1355083699148999,0.0430193646104833,0.0434364327765056,0.0006681220274185
0.2004930705124812,0.1875440663295322,0.0273044860358501,0.0878589374097425,0.0856814963692592,0.029140460517812,0.1252188775151728,0.138822314768244,0.0007187602486697,0.1172175302932357
0.2205095100749004,0.2075923426292319,0.0477467312730578,0.0916281184097668,0.0625003262289597,0.0495781917834115,0.145420388043096,0.1589903795537906,0.0153170189165802,0.0007169930872045
0.2354449718374019,0.2216529039831339,0.0509806937401231,0.0978342374039734,0.1131584238784667,0.0529362019997672,0.1552699434857074,0.0492930017242154,0.0226640657715737,0.0007655561756368
0.2359829391856242,0.2211791959245948,0.037987842102471,0.0882781856969181,0.1047264315038249,0.0400867907537159,0.0512802739210511,0.1654788276838683,0.0008217112325557,0.0541778019953756
0.2090956328160945,0.2683165315299159,0.0336596023049192,0.0782199898257656,0.0486414875974793,0.1484346224017165,0.1328446162765962,0.0320545111130077,0.0007280875081744,0.0480049186263302
0.2614748856648776,0.3355308451874136,0.0420914609533948,0.0978143953603687,0.0608263656051907,0.0444171475496152,0.0568198014934601,0.0400842883011764,0.0009104762035913,0.0600303336809113
0.2539740063813532,0.2363430477399893,0.1254580229669551,0.0801869977515594,0.0781996932727549,0.128331017853999,0.0355319845692568,0.0234740619541034,0.0006559973082214,0.037845170201807
0.2480570482671215,0.2308368467944974,0.1225351653187785,0.0635526192948017,0.0375236507954295,0.1253412266221409,0.1116220810344475,0.0229271751158309,0.0006407142142895,0.0369634725426622
0.2732070786542557,0.2555458366866553,0.1444703533317451,0.0839771576597527,0.0572815402150162,0.0454384058096866,0.0543898559727758,0.0423112224018703,0.0427214252044707,0.0006571240637711
0.2248796880944371,0.2904528804573235,0.0306256185693891,0.0325015020681577,0.047214526667443,0.1577119113261203,0.1404496526846028,0.0288483582478969,0.0008061853715062,0.046509676513123
0.2360907280908973,0.3049329737351416,0.0321524129082072,0.0839523215610099,0.0495683361705065,0.0343143656933819,0.0458438436037032,0.1634702949339995,0.0008463765355953,0.0488283467675574
0.3091286522373958,0.28766884003018,0.0303320667889103,0.0791992635807007,0.0467619673718228,0.0323716181115935,0.1391034187948355,0.0285718418109023,0.0007984579471387,0.04606387332652
0.2593929833482605,0.2434605487364366,0.0524056935823132,0.053785058655628,0.0646037647577918,0.0539199201641834,0.0619951390341844,0.1443804254089761,0.0654636662024091,0.0005928001098165
0.2581532814624255,0.2414651795614943,0.0413486895736124,0.0793499894824739,0.0541253090753254,0.0429347351539027,0.1259341178452811,0.1376857362604433,0.0183820452668182,0.0006209163182229
0.2981888251966084,0.2789126592210685,0.0477612258016923,0.0494300774707489,0.0625192995229222,0.0495932422905622,0.1454645334729994,0.0461801127657187,0.0212328135120808,0.0007172107455982
0.2919651481321094,0.272119312800571,0.0341366512012098,0.0358548225148874,0.0493308709051637,0.0723853497243522,0.046081502066461,0.148702656144342,0.0007384065053815,0.0486852800055216
0.2992369846858079,0.2808572520099049,0.0604554584534986,0.0620467005911684,0.0745272116305398,0.0622022774716583,0.0715178885346328,0.058947874685624,0.0295244948987316,0.0006838570384332
0.2417624766245599,0.3014676233437434,0.0648919094939015,0.0665999230202562,0.0799963013378151,0.0667669167228325,0.076766142689234,0.0632736935060989,0.0377409721976084,0.0007340410639498
0.2261147300976757,0.2859156566717003,0.0489604246600818,0.0939572504448667,0.1635190288821755,0.0508384398025694,0.0608537066710407,0.0473396127069239,0.0217659314397866,0.000735218623179
0.2478452056537792,0.2309983485183154,0.0289781345185312,0.0304366665567256,0.1266470213542065,0.1277899369160312,0.0391179544187556,0.1262316431572212,0.0006268231443143,0.0413282657621192
0.2874647504269035,0.2675088533733426,0.1420017732330279,0.0299340792815503,0.043484863608466,0.0301029977454756,0.1293549765703313,0.0265695118066911,0.000742501585794,0.0428356923684174
0.2364633115093343,0.2594076582514283,0.1305942885475962,0.0490305979570703,0.0588929582959744,0.0491535380555129,0.056514928369604,0.131617567555772,0.0277847533512477,0.0005403981064596
0.2707205390759852,0.2532200373694723,0.1431554853085021,0.0448767226961833,0.056760203734459,0.0770901590715768,0.0538948375779417,0.0419261352744595,0.057704736510874,0.0006511433805456
0.2777607272051796,0.3061260769593356,0.1468782968533444,0.0460437585312964,0.0582362739059573,0.046195745377134,0.0552963928387141,0.0430164399882049,0.0197782117349266,0.0006680766059069
0.2458544838451755,0.2709615192891908,0.1300064563636556,0.0407547337663821,0.1315180487948983,0.0408892619551244,0.0489445223471772,0.0380751618724876,0.0524044768037376,0.0005913349621704
0.2206583488837045,0.2431923165372286,0.1166828831297256,0.1425265439134148,0.1180395616203777,0.0366987694874537,0.0439284950964364,0.0664043848479989,0.0113379638553624,0.0005307326282969
0.262502155027653,0.2455329238503491,0.0420452533438841,0.1695540871903885,0.0550371089351374,0.0747498987582675,0.0522587279759521,0.0789967577210157,0.0186917108665844,0.0006313763307676
0.2638752855559894,0.2468172895098047,0.0422651891418665,0.1704410128360115,0.0553250042267485,0.0751409102833509,0.0525320897498707,0.0794099842701649,0.0135585554097209,0.0006346790164714
0.2237038133553299,0.2789492310251785,0.0600447505848391,0.0616251825213526,0.0740209064427385,0.0952271937992239,0.0710320273680406,0.0997958069856146,0.0349218767040245,0.0006792112136573
0.3143975805336012,0.2930269386887716,0.0367594578114629,0.0386096406412234,0.0531210884498484,0.0779469021046217,0.0496220622555058,0.0832952941979407,0.0007951401741867,0.0524258951428372
0.2600236630731233,0.2419727352843385,0.025513827521152,0.1611506591575685,0.0393338435648778,0.1313878606072545,0.0363783558624611,0.064820790236745,0.0006716231534093,0.0387466415390696
0.2777607272051796,0.3061260769593356,0.1468782968533444,0.0460437585312964,0.0582362739059573,0.046195745377134,0.0552963928387141,0.0430164399882049,0.0197782117349266,0.0006680766059069
0.2777607272051796,0.3061260769593356,0.1468782968533444,0.0460437585312964,0.0582362739059573,0.046195745377134,0.0552963928387141,0.0430164399882049,0.0197782117349266,0.0006680766059069
0.2793667404728032,0.2613073123441713,0.1477275475586039,0.046309983666277,0.0585729961974454,0.0464628493004638,0.0556161167300081,0.0840719448955192,0.0198925694080784,0.0006719394266292
0.2282673347452256,0.2135111847505305,0.1207064716887225,0.1474413022400993,0.1221099326714317,0.0379642571500684,0.0454432861741257,0.0353514631284864,0.0486557335120244,0.0005490339392846
0.215269428324336,0.2013535170654098,0.1138332525084272,0.139045759131709,0.1151567981824524,0.0612999461711052,0.0428556729187808,0.0647826562501465,0.0458851983772672,0.0005177710703652
0.2596434466251727,0.2395685435353567,0.1133130079340147,0.1496842248594651,0.1152223368055939,0.0007469294584374,0.050420591497148,0.0425532892162732,0.0152920751726301,0.0135555548959075
0.2703208128035289,0.249420365706841,0.117972800022775,0.1558397173270072,0.1199606465838309,0.00077764557872,0.0113708592901622,0.0443032161139529,0.0159209340495531,0.0141130025236282
0.2314781451566901,0.2165144350216491,0.1224043300198843,0.1495152129415178,0.0485325078178891,0.0659155271064017,0.0460824918517225,0.0696604679254036,0.0493401255031615,0.0005567566556797
0.2509676691905986,0.2355527341856195,0.1386047755027779,0.0520380722479289,0.0625053771806641,0.0521685533350762,0.0599814819341785,0.084270442722963,0.0633373482637041,0.0005735454364887
0.1703311138012224,0.2153788575961474,0.1217623423670041,0.0381703492637123,0.1231780800178904,0.0655698125836514,0.075128594126844,0.0692951118935156,0.1206319017781112,0.0005538365719004
0.2215715865044658,0.2079622175529515,0.1223698658249174,0.0459428031658173,0.0551840626788536,0.0709937730283391,0.0797332415925534,0.0743997653155082,0.1213363188246329,0.0005063655119603
0.2614269277141733,0.244527203702815,0.1382410763415661,0.0433361420614311,0.0548116730609985,0.0744437179087569,0.0852961393007663,0.0786731814381123,0.0186151483025273,0.0006287901688526
0.2998178499792693,0.2769498411656504,0.1331278417277377,0.0047064028855771,0.1353028235579375,0.0467998902211603,0.0614849387979761,0.000850852896389,0.0214688442084108,0.0194907145598914
0.2085975091265947,0.1957850338951937,0.1152045242169122,0.0432526320449024,0.0519527715619923,0.0433610843800372,0.0750644784973836,0.0798479057142738,0.1864573451761888,0.000476715386521
0.2234174197788302,0.2089747884607584,0.1181418641672945,0.0370353931295076,0.1195155063131019,0.0636201615470228,0.0444777688171019,0.0672346929078105,0.1170450360683438,0.0005373688102281
0.2073707943777086,0.1946336664138847,0.1145270324789378,0.0429982731032267,0.1157384637896407,0.0664436958773173,0.074623041285234,0.0696313939814709,0.1135597267613729,0.0004739119312059
0.268230262044261,0.1867925534722284,0.1418386409410748,0.0444639151856382,0.0562380836464954,0.0763810298227834,0.0875158729670828,0.0807205602632971,0.0571739279492289,0.0006451537079095
0.2010611651886153,0.1900632092348361,0.1475264936204708,0.0553876611080534,0.0665287259723858,0.0855885747128586,0.0961246911390182,0.0896947661844039,0.0674142494056824,0.0006104634336751
0.2481312360307951,0.2320910008332091,0.1312103900037556,0.0411321457530408,0.0520240523975834,0.0862944485797228,0.0809581348731375,0.0746720084399915,0.0528897720289176,0.0005968110598461
0.2224112336959542,0.2093826656923678,0.1589921663704883,0.0498412432167563,0.0630393431025304,0.0856183147311619,0.098099771278981,0.0904826545273574,0.0214094307875179,0.0007231765968845
0.2569604593877456,0.1789443889911034,0.1358792332281208,0.0425957458535906,0.1374591087685797,0.0731718500447681,0.0838388582628696,0.0773290533633762,0.0132032547852112,0.0006180473146344
0.1957661571549098,0.184298423943285,0.1399447541873456,0.043870215052654,0.0554871700663416,0.0753611594993102,0.0863473257259804,0.079642746778749,0.1386455082360876,0.0006365393553366
0.2530965708924994,0.2373154476798358,0.042029345024165,0.0440675907458908,0.0600540629670212,0.0874033106501575,0.102521733764687,0.1113112625043585,0.0613247131194026,0.000875962651982
0.2133542532529882,0.2016838708714546,0.0572668061873477,0.0969126936833116,0.0705963612435823,0.0908215488939358,0.1020018544003774,0.0951787971686262,0.071536026497545,0.0006477878008308
0.2040594257751324,0.1928974663061168,0.0547719645068866,0.0562136119629778,0.0675208144085942,0.0868648870727169,0.0975581199792564,0.0910323108167315,0.1484618323963939,0.000619566775193
0.2018852906155981,0.1900591063262523,0.0437140453295277,0.083889213247233,0.0572215525762009,0.0949157572097988,0.0890463152641604,0.0956330825868086,0.1429792009486143,0.0006564358958055
0.3370262789174363,0.311931567119271,0.0013929319226026,0.0046340946884765,0.0300553468802547,0.0735453747607928,0.0975862789340393,0.0829147241198529,0.0320759001032799,0.0288375025539934
0.221813919747686,0.2096807973864797,0.0595374807774952,0.0611045609156225,0.0733955633347248,0.0944226958242646,0.1060463093709784,0.0989527124721018,0.0743724870662852,0.0006734731043615
0.2409688300043818,0.2268531815441582,0.0521767699157025,0.0539999075780679,0.068299233358094,0.1132907647411241,0.1062850410744497,0.1141469591488663,0.0231957954739848,0.0007835171611701
0.167253519949611,0.1568374365306334,0.0726888092147449,0.0746020441668627,0.0896080255794623,0.1152798746719261,0.1429109313549787,0.1377214913197357,0.0422756295668687,0.0008222376451759
0.2205927559961283,0.2076707121099683,0.047764756439542,0.0916627095125487,0.0625239211171448,0.1037110153321453,0.0972976883829672,0.104494810829965,0.0635643665158508,0.0007172637637392
0.2244473785956654,0.2104525950081707,0.0372718456101618,0.0848140423866884,0.1003634636649908,0.0978625534447416,0.0909168161047126,0.098711416710141,0.0543830801588669,0.0007768083158604
0.2203357741558548,0.2074287839399886,0.0477091123865239,0.0915559260795723,0.1058967143487648,0.1035901960991821,0.0971843404223685,0.1043730785062319,0.0212096458817033,0.0007164281798093
0.143060241853364,0.2189673930866452,0.0621743484348033,0.1052177340763386,0.076646194443396,0.1170314938855389,0.1222388169127456,0.1178000311296479,0.0361604454851626,0.0007033006923576
0.2118570443931948,0.1994467274139326,0.0458732204498129,0.1039085662909151,0.1018217082488399,0.08155542687051,0.0934445947421198,0.1003567033599732,0.0610471488873835,0.0006888593433177
0.2644511321453369,0.2430147075496241,0.1601052013969569,0.0505686191376888,0.0743863505556402,0.0705555965449155,0.059916505642202,0.0718558376859836,0.0039561779310536,0.001189871410598
0.1825321918711577,0.1725477624838986,0.1339310563248227,0.0829122744376562,0.0940058435375517,0.0922215957610969,0.0872662333876525,0.0928272082223279,0.0612016283493858,0.0005542056244496
0.2619727572021498,0.2424664716327411,0.0010827352025226,0.0923015196209715,0.0890214382999579,0.0855356059800337,0.0935523078171423,0.0867187732052173,0.0249328094437867,0.0224155815954767
0.1667392459317502,0.15761868363518,0.1223431500466869,0.08740599272017,0.085872323692324,0.0936930204950336,0.0797158342383357,0.0847956655879407,0.1213098286902916,0.0005062549622868
0.1893259866256608,0.1782355104360879,0.1353409549672017,0.078670456955301,0.090992940212759,0.0890110385222807,0.0935690073127506,0.0896837390163082,0.0545547669981502,0.0006155989534994
0.2092989330335104,0.1970384669734511,0.0453193148354205,0.10265390098319,0.1005922411368075,0.1111053416012046,0.1034400704552255,0.1097239560804958,0.0201472333308846,0.0006805415698096
0.2058246791348624,0.1937677304620684,0.0445670376786812,0.100949899388279,0.098922462027674,0.0967678487767942,0.1017230188542126,0.0974991713268825,0.0593089074183624,0.000669244932183
0.2024176518402132,0.1913454966723183,0.0543312929556944,0.0919449206649975,0.1042470476745336,0.1137411957001682,0.1068188592150365,0.1029400092259297,0.03159894404238,0.0006145820087281
0.2028068560170728,0.1917134115544994,0.0544357599622044,0.0921217103216234,0.104447491588448,0.102465059458593,0.1070242481512084,0.1127099974409676,0.0316597017919825,0.0006157637133998
0.1995906565029481,0.1886731367176326,0.0535724939554245,0.1046269543311441,0.1027911177444097,0.1121526690722971,0.1053270109785434,0.1015023335911514,0.0311576284423906,0.0006059986640581
0.203284998645824,0.191376821235205,0.0440171228845829,0.0997042737863131,0.0977018530715696,0.1079128731789975,0.1004678536944464,0.0962961244223175,0.0585770919935566,0.000660987087187
0.1926990503709191,0.1821584983636414,0.0517227053214268,0.1010143214921245,0.0992418739582657,0.1082801830779908,0.1016902060927531,0.0979975898478905,0.064610497157702,0.0005850743172856
0.1892383460034011,0.1788870929796805,0.0507938113187778,0.0992001936959741,0.1064870402665622,0.1063355668394968,0.0998639400074683,0.1051692921662409,0.0634501498219431,0.0005745669004547
0.1958803745365807,0.1851658055180327,0.0525766103720003,0.1026819960417511,0.1102246017851545,0.1100678118308321,0.1033690390160668,0.1088606023797106,0.0305784250420407,0.00059473347783
0.1435151578322916,0.1323607984636984,0.0422478460515558,0.1213654473430251,0.1275970222961958,0.1273648911652264,0.1174472040511573,0.125577589826841,0.0616435263869739,0.0008805165830343
0.1370743797839461,0.1285377691651421,0.0595728774099735,0.1201228501157788,0.1248919746489989,0.1247143209611351,0.1171241555079472,0.1128710953961408,0.0744167035087144,0.0006738735022226
0.1412109995478005,0.1324167717706498,0.061370662980641,0.123747907961473,0.1286609547566904,0.1284779398499213,0.1206587189855467,0.1270688105080405,0.0356930240358984,0.0006942096033381
0.1412109995478005,0.1324167717706498,0.061370662980641,0.123747907961473,0.1286609547566904,0.1284779398499213,0.1206587189855467,0.1270688105080405,0.0356930240358984,0.0006942096033381
0.1533221732123916,0.1414055879191279,0.0451348252547413,0.1314629655630514,0.136316282191907,0.1360682885304147,0.1254728826894056,0.1195358714043788,0.0103404371210064,0.000940686113575
0.1897072186340441,0.1793303184867981,0.0509196622809976,0.1026744925888426,0.1067508813947143,0.1008928374156258,0.100111371192778,0.1054298683323418,0.0636073591787675,0.0005759904950897
0.1915216239955739,0.1109179040621896,0.1405269566306338,0.1036564960739336,0.1077718724405229,0.1076185713926305,0.1010688603697855,0.106438224892229,0.0298979907361003,0.0005814994064005
0.1892586194083364,0.1773859983564643,0.1314663467954789,0.0896810422144078,0.0943449995490125,0.0941712634230715,0.0867484738545305,0.0928335763617821,0.0006590134607294,0.0434506665761863
0.1789828005486656,0.1691925212817983,0.1313267281553178,0.0979123697004937,0.1007161026904415,0.1005728381842912,0.0974883466701629,0.0953242793650664,0.0279405844681484,0.0005434289356138
0.1963351896030319,0.1855957424034426,0.0526986881176484,0.107404977521299,0.1003432727973536,0.1103233785218312,0.1069398454426812,0.1091133660484671,0.0306494251534626,0.000596114390782
0.1965332728255243,0.1842789946149951,0.136883210390066,0.0950591894841959,0.0985685606829455,0.098389239637222,0.0907278371487822,0.097008551300919,0.0018709458144437,0.0006801981009061
0.1952438030211219,0.1845640541802143,0.0524057470447202,0.106807935536446,0.1098663941700975,0.1097101137513479,0.1063453890305441,0.1039847111925313,0.0304790513584064,0.0005928007145699
0.1447938905029288,0.1335401448119423,0.0426242780732752,0.1241505637580432,0.1287339229800723,0.1196989404936557,0.1234573986551653,0.1199197230364573,0.0621927756252769,0.0008883620631826
0.1816269374857267,0.1716920251091175,0.1332668355381187,0.0983012337700567,0.092826158022549,0.0965954654018471,0.0958472845059046,0.1009392486095427,0.0283533544729133,0.0005514570842232
0.1830352380647418,0.1730232922753243,0.1343001611243446,0.1001292517642779,0.0935459143202688,0.0973444481889755,0.0965904660412829,0.0974825632041154,0.0239929320395528,0.0005557329771153
0.1823524421925027,0.1723778450324004,0.1337991669080051,0.0861208684716146,0.0931969500178861,0.1024662850559783,0.0993237229840969,0.1013424481623095,0.0284666113080929,0.0005536598671128
0.1902012442989086,0.179059496624856,0.1359666388020043,0.0979396999940447,0.0906134632966964,0.0948406441850716,0.097457144033877,0.0949943448423717,0.0183088790428815,0.0006184448792875
0.1325160066483071,0.1232721154667993,0.1604276032234525,0.1155594597976997,0.1069152026155037,0.1119028709456853,0.1149900900111624,0.1120842229911708,0.0216027226122345,0.0007297056879842
0.1346428855256402,0.1241781014968174,0.166240924092217,0.1154467918912627,0.105660838906199,0.1113072567250461,0.1148022222255608,0.1178142386283656,0.009080658474884,0.0008260820340068
0.1336885101688674,0.1232979025954293,0.0393550875167928,0.1146284822362864,0.1049118940181394,0.1105182889126462,0.0986690660110253,0.1107221379087324,0.1633884040306339,0.0008202266014465
0.140493769014753,0.1317442083577031,0.0610589527493981,0.1074346838276211,0.1162620052092292,0.1209829507218151,0.1239050762579778,0.1211546047029253,0.0762730655434793,0.0006906836150975
0.0567706135995081,0.0671699449576501,0.0566292404656152,0.1137276058589844,0.1245959115433003,0.1304083972036373,0.1340061537825618,0.1306197396775301,0.1852220148253224,0.00085037808589
0.1397574143895647,0.1310537118478131,0.0607389311386073,0.1068715981698237,0.1156526538773527,0.1203488560145716,0.1232556661337657,0.1257608009505651,0.0758733038673273,0.0006870636106084
0.0562963458676899,0.066608800107849,0.0561561537799633,0.1127775133682399,0.1235550240732736,0.1376730577545307,0.1328866521500361,0.1295285285078823,0.1836746504534362,0.0008432739370988
0.0756880342445728,0.086138470962356,0.0755459663617001,0.1329249298433367,0.0886373625036822,0.142637648907542,0.1533031324897944,0.1499000765541708,0.094369821040015,0.0008545570928294
0.063749929796809,0.1372922260612109,0.0636302699635222,0.1119589778005907,0.0746567894566403,0.1201397313986882,0.1291229720972186,0.1262566725671026,0.1724726611453559,0.0007197697128611
0.0482694822586099,0.1507041705596646,0.030420375589477,0.1154183075795339,0.0634612946760714,0.1350839447521239,0.1206009140470131,0.1353331046585612,0.1997058619017971,0.0010025439771475
0.0419044951272454,0.1308317778723755,0.0264090357097384,0.1001988353976758,0.0550930606480199,0.1172712910883722,0.1046980447801045,0.1174875958755101,0.3052355185699691,0.0008703449309886
0.1882330392089038,0.1676783294513805,0.0016225730409866,0.1105697224430259,0.0264795973721819,0.1423976855423196,0.1492624236274798,0.1428009398197331,0.0373639873768692,0.033591702117119
0.1465332771826872,0.1351443419800141,0.0272795479153453,0.1035016560746579,0.0569090747677881,0.1211368654085308,0.1081491713901783,0.121360300177975,0.1790867312831585,0.0008990338196645
0.1428176298190986,0.1328551304785294,0.0385001341055869,0.1051756124326316,0.0644186362724581,0.114114036535141,0.1092410379919315,0.1207975056945231,0.1712938446045753,0.0007864320655239
0.1519512142589334,0.1424881158212274,0.0528629536763703,0.1161961187005908,0.0774822112520486,0.1246864768194177,0.1200577523071455,0.1310349165430776,0.0824932308803379,0.0007470097408505
0.0694142037845565,0.1494908400405066,0.0554609576143029,0.0722229747497853,0.0812901537893672,0.1308143212786386,0.1259581133649638,0.126767605126725,0.1877971079523882,0.0007837222987655
0.0772341337913463,0.1663318875788644,0.0617089700239745,0.080359329798651,0.09044798141276,0.1455513459870062,0.1401480568721808,0.1410487427782658,0.096297538399771,0.0008720133571795
0.0692424607926302,0.1752177434114968,0.0507764103254645,0.0729596536065287,0.0849593692065226,0.1505008041559663,0.14407398567095,0.1593153857234919,0.0919169907911478,0.0010371963158007
0.1349181076828571,0.1255066536451178,0.0363706164682995,0.0522602437229057,0.0608555156418655,0.1078021662232822,0.1031987027501527,0.1039660639964811,0.2743789968975553,0.0007429329714826
0.0692424607926302,0.1752177434114968,0.0507764103254645,0.0729596536065287,0.0849593692065226,0.1505008041559663,0.14407398567095,0.1593153857234919,0.0919169907911478,0.0010371963158007
0.1451341618269026,0.2623411655447967,0.0010859552166649,0.0243120392247077,0.0368758649496857,0.1054984218434685,0.0987694767498153,0.099891139107664,0.1844559231751723,0.0416358523611218
0.1380891365658976,0.2201584033707033,0.0372254481680301,0.0534885350555236,0.0622858247464543,0.1103358793669019,0.1056242190335732,0.1064096158476813,0.1656225434525148,0.0007603943927195
0.1508151047194224,0.2726099069703651,0.0011284624354482,0.1758455465640794,0.0383192858524866,0.0502732717974998,0.1026355807040929,0.1192181188031173,0.0458891301324023,0.0432655920210857
0.1267647224988546,0.2291369904349277,0.000948507298033,0.1478035767990569,0.0322085353882937,0.0921456258176111,0.0862683544242343,0.0872480494577143,0.1611095804064271,0.036366057474847
0.1444648179268794,0.230323285733946,0.0389441756649309,0.0559581417491464,0.0651616090533526,0.1154301715539733,0.1105009702488235,0.0651518623539899,0.1732694633298412,0.0007955023851165
0.1751440316365357,0.2986970227698562,0.0232965632299335,0.0477801867377441,0.0610242608899595,0.073150810563475,0.1262690041849637,0.1274513971730775,0.0011447525403749,0.0660419702740797
0.1444648179268794,0.230323285733946,0.0389441756649309,0.0559581417491464,0.0651616090533526,0.1154301715539733,0.1105009702488235,0.0651518623539899,0.1732694633298412,0.0007955023851165
0.1864187610800774,0.1754985864759639,0.0403650912222491,0.1235222595862108,0.1628960980562803,0.0879539030534708,0.0841980176736984,0.0848240943012011,0.0537170425257883,0.0006061460250592
0.2040783902786587,0.1929153934597686,0.0547770548040395,0.1397833151952555,0.0642693964665627,0.1034240567381092,0.0995846550740807,0.1086899156101117,0.0318581980180505,0.0006196243553624
0.2131671886266835,0.1993996164600307,0.0290305321290213,0.1338706430365965,0.0407376481472006,0.0890279611962093,0.0842927417615114,0.0850820656929942,0.0007641964937437,0.1246274064560084
0.1364027482703268,0.2174697591815297,0.0500185605121398,0.0528353161151487,0.201853336412837,0.108988422643128,0.1043343025988939,0.1051101078982194,0.0222363381523462,0.0007511082154301
0.1513767453176925,0.2922112960844377,0.0013048709568579,0.1803201071651241,0.0212948549541042,0.1037509084836583,0.0956654875673478,0.0970132638031417,0.0300480660832589,0.0270143995843764
0.1191753424075997,0.19000374510339,0.0437013121169367,0.1337315154286303,0.1763596466212068,0.0952233936021402,0.0911570800057423,0.0918349025816152,0.0581568174463656,0.0006562446863727
0.1451240783894406,0.2221262924440562,0.0504878323654192,0.0657468172017046,0.2072928957850946,0.0815586092806194,0.0748674307806547,0.1154004884213031,0.0366821085802772,0.0007134467514299
0.1507734310494499,0.2403812397996215,0.040644823207863,0.0584017697024381,0.0680071418817666,0.0768020203705544,0.1153264210469642,0.0679969695552071,0.1808359423230633,0.0008302410630714
0.1302207260348265,0.2076136316191675,0.0351043174572924,0.1461259911743565,0.1927049737160602,0.0663327403507517,0.0996056810221973,0.1003463254052534,0.0212285466038836,0.0007170666162106
0.1382340342319016,0.2203894167551947,0.0372645090289322,0.0535446608600602,0.2045633344587508,0.1104516553924051,0.1057350510888099,0.1065212720239755,0.0225348738813663,0.0007611922786032
0.1255143778145055,0.1921117687827273,0.0436657302969631,0.1392010219965897,0.1792827153741732,0.0889048899915908,0.0991698168134477,0.0998071489199811,0.0317254868142724,0.0006170431957486
0.1688882980918807,0.2692621518287221,0.0455281475658002,0.0654185251469392,0.0761779470730333,0.0860294975057425,0.1291824616583897,0.0761665525792666,0.0824164271109369,0.0009299914392884
0.1607806289865706,0.2460901416908419,0.0559346562883756,0.0728398398175412,0.081984462718055,0.1319316220466915,0.127033936680252,0.0819747783363704,0.0406395172706212,0.0007904161646801
0.1660099217498451,0.2646730961251247,0.0447522078214206,0.1862865082935091,0.0748796404223228,0.0845632901181648,0.0759898624677611,0.0748684401257957,0.02706289135288,0.0009141415231759
0.1797540184609045,0.2865855974480322,0.0484572795776611,0.069627338956016,0.0810789868758713,0.0915643538216992,0.0822811251092242,0.1385160087692633,0.0211454669364708,0.0009898240448571
0.1660099217498451,0.2646730961251247,0.0447522078214206,0.1862865082935091,0.0748796404223228,0.0845632901181648,0.0759898624677611,0.0748684401257957,0.02706289135288,0.0009141415231759
0.1358756496279259,0.2166293947733239,0.0366287463178396,0.1524716117235456,0.2010733182611761,0.0692132847143585,0.1039311254638795,0.0612782527182383,0.022150410678005,0.0007482057217071
0.2027566133166891,0.188612962921271,0.0546582156094797,0.0785373454337847,0.0914544271714036,0.103281575791067,0.155088296357386,0.0914407476625644,0.033053326809803,0.001116488926551
0.1712967057696847,0.2921356528429685,0.0227848160154509,0.1961307067400669,0.0596837629281756,0.0715439330522504,0.0610435211544619,0.0596700452260257,0.0011196061735899,0.0645912500973251
0.1907101546406038,0.3040531948884979,0.0514107854769803,0.0738711751381713,0.0860208092013471,0.0971452667729994,0.0872962186210925,0.0860079424385646,0.0224342982923589,0.0010501545293839
0.1384885605302266,0.2119699972456933,0.0481793738583841,0.1535899671122477,0.1978148289657552,0.0778294995804225,0.0714442622786961,0.0706090598298168,0.029393624820451,0.0006808257783064
0.1497786301185507,0.2500370913780561,0.0265602977337868,0.0464278088027935,0.2307237048405654,0.0670150862343599,0.110118440580742,0.0571634800141957,0.0009289222961591,0.0612465380007904
0.1786958980190393,0.2848986138601249,0.0481720362294605,0.0692174782402843,0.0806017161358141,0.0910253610617349,0.1366842833705235,0.0805896599464919,0.029130955682166,0.0009839974543603
0.2567647018219461,0.2427197872882323,0.0551685970964685,0.0718422538389739,0.0808616355581824,0.0891199689973743,0.0818084463300247,0.0808520838100044,0.0400829343249905,0.0007795909338024
0.2485221750495569,0.2339640612158884,0.0538122891092382,0.1646723776166207,0.0661916342540151,0.0747517260933463,0.067173041364919,0.0661817334862353,0.0239228847278486,0.000808077082331
0.2532820515369267,0.2394276364186575,0.0679838997111525,0.0708678152030034,0.0797648617566217,0.0879111825745238,0.0806988303785073,0.0797554395644079,0.0395392659715883,0.0007690168846106
0.1616124237227447,0.2576620728936902,0.043566750087758,0.1813518962892306,0.0728961260181456,0.1088126306588266,0.0739769389824699,0.0728852224104029,0.0263460124454177,0.0008899264913134
0.1750994715007649,0.2791647557175222,0.0642085560735727,0.0678244100331735,0.0789795292107489,0.0891933882745194,0.0801505393007222,0.0789677156638123,0.0854474406643342,0.0009641935608295
0.148359273321074,0.236532297557082,0.054402989560303,0.0574666508111546,0.0669182234561802,0.0755722798934564,0.2206247318483168,0.0669082140071291,0.0723983921564882,0.0008169473888154
0.185664284199478,0.2960084579340919,0.0680826475414567,0.071916667892433,0.0837448430406108,0.0945749661456997,0.0849865072688452,0.083732316710765,0.0302669400626074,0.0010223692040119
0.1715258977475757,0.2925265252055555,0.0425888516704999,0.0467931413257975,0.0597636187526762,0.1050102139784969,0.0611251963115407,0.1548677787676119,0.0011211041869477,0.0646776720532976
0.2712462755502688,0.2553570127284221,0.0587327187073127,0.0620402052244151,0.0722439929571959,0.1078391864200496,0.0733151369047256,0.0722331868937739,0.0261103194576234,0.0008819651562124
0.1801810800178486,0.2872664706351344,0.0660719697242055,0.0697927603470649,0.0812716152169071,0.1213147904107039,0.082476609503382,0.0812594588258704,0.0293730696392679,0.000992175679615
0.2117752196299326,0.1970024602123137,0.0776574649144061,0.0820306835191286,0.0955223165525201,0.107875536285052,0.096938602489122,0.0955080285796571,0.0345235375070738,0.0011661503107937
0.1813514805273331,0.1687009834741801,0.0665011527828274,0.0702461125095696,0.0817995304666496,0.092378080174632,0.0830123520229281,0.1665133057539467,0.088498381742293,0.0009986205456398
0.1820538256331888,0.1693543352403284,0.0667587010479696,0.1340704409597589,0.0821163268871558,0.0927358456161401,0.0833338455061869,0.1671581849962671,0.021416006070662,0.0010024880423418
0.1460324845392379,0.1369379881047263,0.0634660927376944,0.111670104055558,0.0744641618819149,0.103438364585983,0.2095375309677533,0.0744553658327419,0.0792799947132801,0.0007179125811098
0.1350873328392473,0.2153725648020322,0.0495362008297112,0.0994827668072573,0.0609318455306296,0.090953453430909,0.0618352670454207,0.1240344897716812,0.1620222141252631,0.0007438648178482
0.1657326165227814,0.1541716412782657,0.0607737528275546,0.064196178563924,0.1337146864269556,0.1115867306139309,0.0758629279698465,0.1521723769125787,0.0808764743553972,0.0009126145287651
0.191906587946059,0.1785198004865193,0.0703716853478265,0.0743346110491482,0.0865604666793909,0.1292095013128085,0.0878438774680763,0.0865475191960849,0.0936492077678491,0.0010567427462369
0.191906587946059,0.1785198004865193,0.0703716853478265,0.0743346110491482,0.0865604666793909,0.1292095013128085,0.0878438774680763,0.0865475191960849,0.0936492077678491,0.0010567427462369
0.1684987507635368,0.1580051178374538,0.0732299897237652,0.0763364473222516,0.1394368075993592,0.1193517679902123,0.086926089036468,0.0859098999105792,0.0914767704725186,0.000828359343855
0.1613014068775608,0.1512560044839891,0.070102005590826,0.1233461510098821,0.0822500152031858,0.0906501427326095,0.0832130825445895,0.1495188313978361,0.087569383790506,0.0007929763690147
0.1607977200853781,0.1495809873728641,0.0589641381445263,0.1184167438513878,0.1297331639993158,0.0819082625339047,0.073604014179525,0.1476412536101608,0.0784682759359188,0.0008854402870182
0.1395595366969547,0.1308681574268067,0.0606529329853229,0.1067202823677695,0.1154889052820211,0.0988534180176307,0.2002496967352909,0.0711551021884296,0.0757658774787845,0.0006860908209891
0.167889801909469,0.157434092622086,0.0729653389882338,0.1283842544229252,0.1389328876366429,0.1189204346894058,0.0866119410557412,0.0855994244033925,0.0424364585912332,0.0008253656808699
0.167889801909469,0.157434092622086,0.0729653389882338,0.1283842544229252,0.1389328876366429,0.1189204346894058,0.0866119410557412,0.0855994244033925,0.0424364585912332,0.0008253656808699
0.1788673855118111,0.1663901709517606,0.0655902411008608,0.1317238413720868,0.1443119457565166,0.1204302881441627,0.0818752751747695,0.0806669987040166,0.0291589115256261,0.0009849417583887
0.0817520275905971,0.0930397350784854,0.0815985774766357,0.1435746434755618,0.1553713880188984,0.1329910672397956,0.0968598416815192,0.174039584819368,0.0398501119019017,0.0009230227172367
