0.1765933267253658,0.1602864495194359,0.1554985954106119,0.0818379308171441,0.0394269244000204,0.0871122287721196,0.0842688302051449,0.0986717180002848,0.1154882600440806,0.0008157361057915
0.1858979448329472,0.1687318660493474,0.1636917421924899,0.0861499323354825,0.0415043102305121,0.0917021305325943,0.0887089146521121,0.0511811609725422,0.121573281350069,0.000858716851903
0.1765933267253658,0.1602864495194359,0.1554985954106119,0.0818379308171441,0.0394269244000204,0.0871122287721196,0.0842688302051449,0.0986717180002848,0.1154882600440806,0.0008157361057915
0.1673207234897689,0.1518700915630128,0.1473336392048908,0.077540765821381,0.1796493024960947,0.0401778689225083,0.0798440229821891,0.0460665064945588,0.1094241757798796,0.0007729032457157
0.1858979448329472,0.1687318660493474,0.1636917421924899,0.0861499323354825,0.0415043102305121,0.0917021305325943,0.0887089146521121,0.0511811609725422,0.121573281350069,0.000858716851903
0.1765933267253658,0.1602864495194359,0.1554985954106119,0.0818379308171441,0.0394269244000204,0.0871122287721196,0.0842688302051449,0.0986717180002848,0.1154882600440806,0.0008157361057915
0.1749516946605913,0.1587964080781237,0.2129361780005058,0.0810771559122512,0.0390604071339904,0.0863024233811793,0.0834854573773543,0.0481674547552922,0.1144146677724529,0.0008081529282588
0.1836164124730964,0.1268911883399024,0.1616827473798354,0.0850926110262072,0.040994926294346,0.0905766668892743,0.0876201868581179,0.1025958749842551,0.1200812079667797,0.0008481777881854
0.2142157477973605,0.1480373700423465,0.1886268780084019,0.0992731371749227,0.0478266548929972,0.0514385310834836,0.0505220582141716,0.058977578696325,0.140092519043106,0.0009895250468847
0.1836164124730964,0.1268911883399024,0.1616827473798354,0.0850926110262072,0.040994926294346,0.0905766668892743,0.0876201868581179,0.1025958749842551,0.1200812079667797,0.0008481777881854
0.153535622096939,0.1393579259025379,0.1351952195719024,0.0711523920644938,0.1648484828581658,0.0757380275053004,0.0732658901038178,0.0857881998571092,0.1004090141998215,0.0007092258399119
0.1858979448329472,0.1687318660493474,0.1636917421924899,0.0861499323354825,0.0415043102305121,0.0917021305325943,0.0887089146521121,0.0511811609725422,0.121573281350069,0.000858716851903
0.1950790288648306,0.1770651558145874,0.1717761115046152,0.0904046849570023,0.0435541153547921,0.0468433287149911,0.0930900496911794,0.0537088841281722,0.1275775140117577,0.0009011269580717
0.1765933267253658,0.1602864495194359,0.1554985954106119,0.0818379308171441,0.0394269244000204,0.0871122287721196,0.0842688302051449,0.0986717180002848,0.1154882600440806,0.0008157361057915
0.1848579130984643,0.1677878723141422,0.1627759461265034,0.085667954637273,0.041272108633037,0.0443889845014487,0.0882126203738046,0.1032895648414828,0.120893122832002,0.0008539126418418
0.2047173943858077,0.1858135010503651,0.1802631383269641,0.0948713536886174,0.0457060149524836,0.0491577400948387,0.048281903748725,0.0563625053808688,0.1338807989904569,0.0009456493808726
0.1507336478929152,0.1326282205113067,0.1273122949796221,0.0455273034796512,0.165180577505607,0.0513833246789798,0.0009057068768871,0.0642177558300848,0.0828890610063445,0.179222107238601
0.1047352442960604,0.1423566132583092,0.1381043343055309,0.0726834408156491,0.0350165809125226,0.077367749417135,0.0748424168556389,0.0431807986794184,0.3109883345821408,0.0007244868775942
0.1317469058661006,0.1363398046761386,0.0529416628742687,0.0914288069839716,0.2118256278324185,0.0973212185452911,0.0941445920572719,0.054317308916177,0.1290227371471247,0.000911335101237
0.158307429174944,0.1638262684850433,0.063614841584136,0.109861095340448,0.052927597963949,0.1169414325960437,0.1131243898392411,0.0652678214922221,0.1550340608654205,0.0010950626585519
0.1596920931231529,0.2170542083893117,0.0641712600552819,0.1108220148552268,0.0533905385672291,0.0574226000919096,0.1141138523369261,0.0658386980446961,0.1563900937183547,0.0011046408179108
0.1596920931231529,0.2170542083893117,0.0641712600552819,0.1108220148552268,0.0533905385672291,0.0574226000919096,0.1141138523369261,0.0658386980446961,0.1563900937183547,0.0011046408179108
0.1504158520131713,0.2044458999153116,0.0604436610930398,0.1011721615700835,0.1115898580126676,0.0540870192676053,0.1074851734364007,0.0620142404558104,0.147305660117592,0.0010404741183174
0.1327045094895889,0.180372563810916,0.0533264698484334,0.0920933581268125,0.213365284399125,0.0477183173554938,0.0948288829094419,0.0547121147865261,0.1299605401246766,0.0009179591489854
0.159241862389544,0.2164422527591688,0.063990337675681,0.1105095668431026,0.0532400110058654,0.1176316968454865,0.0562404989723693,0.065653074544241,0.1559491725353022,0.0011015264292388
0.1694731229709893,0.2303486279772441,0.0681017051869012,0.1176097863340589,0.0566606719915271,0.0609396944855951,0.0598539407619988,0.0698712725956555,0.1659688783948477,0.001172299301182
0.1016192893331889,0.155890808473281,0.1497565915391154,0.0553822672884272,0.0010451242080945,0.1473119776244753,0.0038919761098292,0.0769497795930837,0.0984951973594781,0.2096569884710261
0.1397144735668427,0.1899005383891716,0.1842280933651508,0.0939742394448293,0.0467113358180983,0.0502389829438418,0.0998381102916767,0.0576022197326148,0.1368255571556611,0.0009664492921126
0.1471444173305537,0.1999993512387576,0.1940252485091659,0.0989717411100991,0.049195420604706,0.0529106661881708,0.0519679645005976,0.0606654761179562,0.1441018698321614,0.0010178445678314
0.1935930295560346,0.1703395318320065,0.1635120839266509,0.0548810644475429,0.0665278904868651,0.0022405921074159,0.0011632342256513,0.0111031047236264,0.1064576135560204,0.2301818551381856
0.1946301255139122,0.176657704833113,0.1713808313327235,0.0901966514935794,0.0434538914176379,0.0960096529926174,0.0459028555675894,0.0535852926883362,0.1272839408179861,0.0008990533425045
0.2042891440570025,0.1801460337637479,0.1730573871542478,0.0602704543805716,0.0012077362528463,0.0056161075515583,0.0044975330268376,0.0148176746494592,0.1138201753064147,0.2422777538573136
0.1199713567634504,0.1858908374826431,0.1784400713842171,0.0598914821613696,0.072601615993365,0.0024451490433548,0.0012694327738793,0.0121167729741558,0.1161767601888747,0.2511965212346899
0.119538579390536,0.1259131216681768,0.0101637871453236,0.0596754332726264,0.072339717341165,0.0024363285614672,0.0012648534993275,0.2426201377209537,0.1157576712127669,0.2502903701876566
0.167715380901688,0.1735621958102015,0.0673953676267049,0.1128081075715866,0.1244239572549907,0.0603076398989451,0.059233147400512,0.0691465814285609,0.1642474816645867,0.0011601404422233
0.1553552860221338,0.1636397983850228,0.0132091084491744,0.077555664889369,0.0940144808110942,0.0031663126870035,0.0016438348035084,0.0156904513031124,0.1504415245036726,0.3252835381459086
0.0889297403221809,0.1156722328052197,0.0813789549823605,0.1362141973697883,0.1502401718804318,0.0728206238092245,0.0715231892860803,0.083493520926048,0.1983265154124953,0.0014008532061704
0.0675657942421517,0.0900767300982462,0.0011791913819517,0.1073682689091649,0.1191748651988925,0.0540056786788208,0.0529135416857375,0.0629897665512542,0.1596523410920222,0.2850738221617578
0.0626163891921226,0.1567314461080988,0.0010928119373489,0.0995032085141466,0.110444934821134,0.0500495943645414,0.049037459810703,0.0583755697943627,0.1479573094252907,0.2641912760322509
0.056415638589119,0.0752116704541301,0.000984593396374,0.0896496448041442,0.1303328815133874,0.1792948948156816,0.0441813979646897,0.0525947773489144,0.1333054524997388,0.2380290486138204
0.0807359947084135,0.1050145063039533,0.0091366654920096,0.1236637898437116,0.0614689818194234,0.0661111285968583,0.0649332361795907,0.3076106676845097,0.1800532469888206,0.0012717823827091
0.0087442157697194,0.0348670449356177,0.0013683933543031,0.0549330216351533,0.0686339934596445,0.179522486496877,0.2717392391045526,0.0034339616606983,0.1156061049072779,0.2611515386761557
0.0889297403221809,0.1156722328052197,0.0813789549823605,0.1362141973697883,0.1502401718804318,0.0728206238092245,0.0715231892860803,0.083493520926048,0.1983265154124953,0.0014008532061704
0.0683027195660986,0.0888423608373991,0.0625033191439102,0.156231764689455,0.1490768778741745,0.202580840645264,0.0549335725324462,0.0641274170456071,0.1523251986980388,0.0010759289676062
0.0636259619059215,0.0827592327535687,0.0582236524124867,0.1455344146144361,0.1388694302793736,0.0521004808927292,0.2562526862584869,0.0597365466556633,0.1418953352259166,0.0010022590014171
0.0500513070562092,0.0651024777654427,0.0458015850375718,0.0766638763733114,0.1092415153724677,0.1484484940461098,0.2015809506010521,0.1906995267432863,0.1116218408412798,0.0007884261632688
0.0708413856814154,0.092144441523138,0.0648264339395359,0.108508159994602,0.1196812441199625,0.0580088717018759,0.0569753360239638,0.2699114072708037,0.1579868007967574,0.0011159189479452
0.0571039752120735,0.0742759878855393,0.0522554300874089,0.1306163923609451,0.1246346030275119,0.1693661888741237,0.045926800340179,0.2175707626550747,0.1273503372323162,0.0008995223248274
0.0855306935473277,0.1112510422290163,0.0096792680769446,0.1956380547202164,0.1866784930006957,0.0700372950194989,0.0687894506628784,0.0803022557542769,0.1907461367884438,0.0013473102007009
0.0559787378416599,0.0728123749412074,0.0512257335991519,0.1280425882548859,0.1221786704509726,0.1660288176263617,0.2254535965443683,0.0525567926147494,0.1248408909449712,0.0008817971816713
0.0694370989765491,0.1636370877845997,0.0078580012344627,0.1588264797791017,0.1173088063376845,0.2059453265111211,0.0558459156136466,0.0651924525523048,0.1548550330910693,0.0010937981194601
0.0559787378416599,0.0728123749412074,0.0512257335991519,0.1280425882548859,0.1221786704509726,0.1660288176263617,0.2254535965443683,0.0525567926147494,0.1248408909449712,0.0008817971816713
0.0795479742514886,0.1034692304674005,0.0727937694644907,0.1819535221105584,0.1797773312967767,0.0651383112867215,0.0639777514147804,0.0746852563465183,0.177403785103437,0.0012530682578274
0.052639254348875,0.1240508951520547,0.0481697966781724,0.1204040432226608,0.1189639932045901,0.156124155299781,0.2120038727192522,0.0494214496588735,0.1173933472773285,0.0008291924384114
0.0908247879108035,0.0960576901539287,0.0010383262712166,0.091491051590773,0.0896878009864942,0.1362202713259799,0.2061936284588028,0.0026056634924754,0.0877210163735285,0.1981597634359967
0.0144359768521761,0.1070386716217638,0.0086402295508868,0.1023096342787021,0.1004422564845988,0.1486295143236058,0.0010752512253722,0.2062512382051746,0.098405529086132,0.2127716983715871
0.018396837739032,0.0445555403760495,0.011010886391917,0.1346285166763917,0.128001029207168,0.0026393839835617,0.0013702725159806,0.2628412750719435,0.1254054761765752,0.2711507818613804
0.0536235503610155,0.0714893405303229,0.0009358645031055,0.1301059898161022,0.1284806835154433,0.1704213417071209,0.0419947992795841,0.0499917888448731,0.1267079806998128,0.2262486607426193
0.0763709991549445,0.0807711412524972,0.0008730878057157,0.0769312341316547,0.075414951478611,0.1145422793229035,0.1733801287843036,0.1613302515457674,0.0737611594965997,0.1666247670270021
0.1358605271687469,0.1431054574558164,0.0115515634085235,0.141239296422533,0.1342863737408375,0.002768987923437,0.0014375581848639,0.0137215349418667,0.1315633690393188,0.2844653317140561
0.1252864861314792,0.1296541648202823,0.0503455839654842,0.1285291309756511,0.1243374919924662,0.0450509204892214,0.2215799009139581,0.0516537730088499,0.1226959013721174,0.00086664633049
0.1522928231609417,0.1576019840985361,0.0611979101061513,0.1562344417111577,0.151139267010905,0.0547619466324771,0.0537862609489585,0.0627880880159483,0.1491438205923257,0.0010534577225981
0.1246834841752742,0.1290301412928389,0.0501032714339826,0.1279105222190266,0.1285520423530674,0.0448340910926708,0.2205134402139062,0.0514051641833377,0.1221053678610405,0.0008624751748549
0.0978092595431731,0.1012190400523496,0.0393040338266411,0.100340743192871,0.1008439903527303,0.1273891422472823,0.1729840680127313,0.1636463158140506,0.0957868293121018,0.0006765776460685
0.0072465924336277,0.1049112891508421,0.0011340283895851,0.1034391542393212,0.0942187596593566,0.1487756394140355,0.2251984129707706,0.002845826457526,0.0958062274724873,0.2164240698124475
0.15140276414442,0.1566808962622408,0.0608402455061281,0.1553213463291823,0.156100342217776,0.0544418963283928,0.0534719129348567,0.0624211297922526,0.1482721655824478,0.0010473009023024
0.1089613769180435,0.1147718768197097,0.0092644587856299,0.0946847984760848,0.1141327664028095,0.0022207534675055,0.0011529347227397,0.2211522372852747,0.1055150170637534,0.228143780058449
0.1271337693100929,0.1315658471182308,0.0510879030555042,0.1304242252427535,0.1310783525577575,0.0457151725579838,0.0449006719398127,0.2127096458998014,0.1245049877443836,0.0008794245736793
0.1528231389400628,0.158150787497498,0.0614110141560002,0.1567784830386603,0.1481833546334408,0.0549526392980395,0.0539735560708765,0.0630067294011731,0.1496631708793378,0.0010571260849105
0.1289624842310949,0.1334583138406839,0.0518227606083581,0.1179160914646874,0.1329638070710903,0.0463727477925311,0.0455465312515041,0.2157692995654553,0.1262958898002487,0.000892074374346
0.1344772426304449,0.1391653251595503,0.0540388314761488,0.1229584784790236,0.1386496720435801,0.1751464091486187,0.0474942148532746,0.0554429865516337,0.1316966179517879,0.0009302217059371
0.0795674197072311,0.1875104380127337,0.0090044211451518,0.1656734400652443,0.17569261698398,0.0651542343087869,0.0639933907386645,0.0747035131137154,0.1774471513548625,0.0012533745696296
0.0795674197072311,0.1875104380127337,0.0090044211451518,0.1656734400652443,0.17569261698398,0.0651542343087869,0.0639933907386645,0.0747035131137154,0.1774471513548625,0.0012533745696296
0.0568626409761691,0.1340038266319864,0.0064349851818615,0.11839807519686,0.1255582528437294,0.1686504092873583,0.0457327033578505,0.2166512597033892,0.1268121260795203,0.0008957207412751
0.0623240291487232,0.1468742614426318,0.0070530351239581,0.1455998055448424,0.1376175301702024,0.0510343858474343,0.2510091699898721,0.058514200233492,0.1389918320097703,0.0009817504890731
0.0440243709625365,0.1101948453748559,0.000768334915872,0.0968084815635656,0.1029503673505402,0.1399141294587232,0.0344772886079872,0.1810884906928769,0.1040259197439839,0.1857477713290583
0.0831526683475298,0.1959595186213621,0.0094101536520763,0.1731385618187595,0.1385499405591243,0.0680900355553875,0.0668768852390278,0.0780695977473753,0.1854427877656042,0.0013098506937528
0.0625589514050866,0.0834017544550636,0.0010918095049165,0.1375655565615919,0.1462932209457101,0.0500036840528892,0.0489924779264114,0.0583220220956018,0.1478215887211934,0.263948934331535
0.0604068166297728,0.1512007933916781,0.0010542493932015,0.1328330664620611,0.104993990490607,0.048283471918143,0.0473070530094962,0.0563156449249583,0.1427362735986776,0.2548686401814042
0.0762355814138716,0.0991607519531592,0.0086273663746019,0.1587359634720224,0.127024610073093,0.2261091252004553,0.0613137056292375,0.0715753480110064,0.1700166576162556,0.0012008902562965
0.0398153872714265,0.0530807035310183,0.0006948776679997,0.0875530325667154,0.0931077186607737,0.1265375319929979,0.173365705924873,0.1637753868981026,0.0940804420441949,0.1679892134418977
0.0008379891059571,0.0686261575543919,0.0054513666503417,0.1101981313264647,0.0880697407061509,0.1572115659565577,0.0422162401237114,0.2021186311519559,0.1180698737699868,0.2072003036544814
0.0677705185890123,0.0881256356590552,0.0010662630279369,0.1410220973390612,0.1128657828733294,0.0555090230412746,0.0545214774104377,0.0636327261862695,0.1510381558693002,0.2644483200043227
0.0030946780958629,0.1457221666417736,0.0017631436922863,0.1239730129146903,0.1866318046618431,0.091788218550132,0.0901552398157723,0.1052213542613252,0.2497526077883193,0.0018977735779945
0.0021777416394048,0.1071104314735098,0.0093190190338631,0.1714617648914463,0.1372081244312293,0.2442362072018054,0.0662292019355563,0.0773135162583977,0.1836468279664044,0.0012971651683825
0.0571933192831431,0.0762484514875502,0.0009981658612964,0.0639356361126944,0.0994085627412603,0.0457149073495782,0.0447904315782658,0.2352572368498745,0.1351430471704687,0.241310241565868
0.0688150951540462,0.1722470668895891,0.0012009947942447,0.0769274617730799,0.0548095419976004,0.0550042511721616,0.0538919204145162,0.0641544560761116,0.1626043350343642,0.2903448766942857
0.0700598130472043,0.1651045902947338,0.0079284720347705,0.0775143560218636,0.1167344731825659,0.0573688765037647,0.2821649332179711,0.065777100501358,0.1562437778606364,0.0011036073351313
0.0980354841696044,0.2310327096828341,0.0110944000682701,0.1084667099750664,0.0800265486312977,0.0802769139638354,0.0788466317973298,0.0920426363481523,0.2186336752102827,0.0015442901533269
0.077012361792954,0.1814891289088712,0.0087152724258008,0.2341971280618843,0.1283188905512558,0.0630620105992351,0.0619384438763699,0.0723046442914284,0.1717489931124134,0.0012131263797867
0.1984065246599775,0.2053232798203662,0.0098598099497846,0.0963964828788908,0.0711211562217284,0.0713436607809337,0.0700725410944673,0.0818000879800097,0.1943040158035741,0.0013724408102674
0.1514465984887713,0.1569622034773775,0.0010944208959468,0.0701010712453192,0.0499458518445704,0.0501232829127927,0.0491096581825231,0.0584615167644851,0.1481751485401355,0.2645802476480779
0.1984065246599775,0.2053232798203662,0.0098598099497846,0.0963964828788908,0.0711211562217284,0.0713436607809337,0.0700725410944673,0.0818000879800097,0.1943040158035741,0.0013724408102674
0.0616463031001304,0.1452771164215682,0.0069763387728005,0.1874684376061283,0.050321992233419,0.1037007939865971,0.2482796376528043,0.0578779031543,0.1374804023672824,0.0009710747049694
0.1115670921779268,0.26292161287956,0.0126257340957699,0.1234381156223908,0.0910724254942532,0.0913573481665896,0.0897296475063377,0.1047470656235873,0.110783513531414,0.0017574449021705
0.0688150951540462,0.1722470668895891,0.0012009947942447,0.0769274617730799,0.0548095419976004,0.0550042511721616,0.0538919204145162,0.0641544560761116,0.1626043350343642,0.2903448766942857
0.0628981984426676,0.0817898967718415,0.0009896046971393,0.0695826871262012,0.051357797721473,0.1864028751859952,0.1023057211346535,0.0590578901038663,0.1401793596695608,0.2454359691466009
0.0021605198241602,0.1017345326707852,0.0012309218542374,0.0865505696444243,0.0638815031735507,0.0640810642202233,0.1272531833389585,0.0734592790476283,0.174362387152229,0.3052860390738026
0.1013270231982016,0.1317609561605023,0.0015942221015358,0.1120955246286824,0.0827357999112755,0.0829942603733396,0.1648113051786181,0.0951404070189057,0.2258245479334944,0.0017159534954445
0.0910803672208639,0.1184366804993013,0.0014330070089543,0.2767550632107616,0.0743691741885163,0.074601497936455,0.0732742833809717,0.0855193702066457,0.2029881279847299,0.0015424283628001
0.0028786215298494,0.135548497542308,0.0016400488954306,0.3167408344044777,0.0851140861278618,0.0853799761785094,0.1695488970779441,0.0978752705108418,0.1035084882073562,0.0017652795254205
0.0019632364713341,0.0924448564183186,0.00111852279742,0.2160190742741433,0.2235861602023348,0.2106860102856088,0.1156333248279834,0.0667514984919308,0.0705933854222146,0.0012039308087112
0.0018767936479164,0.0883744377418489,0.0010692733717508,0.2065075870106406,0.0554923856910573,0.0556657397610262,0.1105418999154683,0.063812378278315,0.1514645767113238,0.2651949278706525
0.07896624412672,0.1026840373094563,0.0012424102444601,0.2399453202885269,0.0644777194434465,0.132771507548283,0.1284408576192052,0.074144886229163,0.1759897391541944,0.0013372780365442
0.0915442786536482,0.2155861836407847,0.0014403059291826,0.1012731216070809,0.0747479683370853,0.0749814754096643,0.1488993910048139,0.0859549570929741,0.2040220337117814,0.0015502846129842
0.1053114096831654,0.1369420673429053,0.0016569101860655,0.1165033506878947,0.0859891413456166,0.1770674897900769,0.1712920239069128,0.0988815230601674,0.1045726556890077,0.0017834283081872
0.0656825211097125,0.1546819120343124,0.0010334116559693,0.1995816533927701,0.2065729412037577,0.1104366485167246,0.0528416805050743,0.0616722133461118,0.1463846974732431,0.0011123207623237
0.0616664514951432,0.1543537122451103,0.0010762331587194,0.2011139652273265,0.0491158219791738,0.0492903043923981,0.1045236476530662,0.0574899685157554,0.0611865995687471,0.2601832957645594
0.0736747581919577,0.17350357862729,0.0011591569961073,0.081504522789192,0.0601571018262145,0.060345028121133,0.1198341042012487,0.0691764769176276,0.0731579336423038,0.287487338686925
0.0658567139155811,0.1550921349645402,0.0010361523071034,0.2001109523237033,0.2071207813237296,0.053941476711015,0.1071178312815018,0.0618357706472839,0.1467729158418178,0.0011152706837235
0.0832189830900928,0.1959801664802907,0.0013093204351819,0.0920630575547685,0.2617254912032332,0.0681624480083048,0.1353580593390902,0.0781379702372563,0.0826352063052932,0.0014092973464882
0.084447964451874,0.109812211893584,0.0013286565331693,0.2566019709080051,0.068953667731243,0.1419883099880799,0.067938506035968,0.0792919149924457,0.1882066875580207,0.0014301099076099
0.002417960317795,0.1138568876788672,0.0013775944865535,0.2660533038726239,0.0714934146807835,0.1472181170313858,0.1424162575070516,0.166739489832021,0.0869441899343507,0.0014827846585675
0.002641214356633,0.1243694712960429,0.0015047899292333,0.290618419436607,0.0780945129123545,0.1608109948695779,0.155565772182974,0.0898032502543318,0.0949718822887248,0.0016196924735204
0.0025447848459266,0.1198287996032039,0.0014498507471001,0.101944252292645,0.2898166779955796,0.1549398600589823,0.1498861380190202,0.0865245752539038,0.0915045029308311,0.0015605582528071
0.0754593141665827,0.1777061963956635,0.0011872341909797,0.0834787319575946,0.2373211655894307,0.0618067102917334,0.1227367356026167,0.0708520751580075,0.1681739477898972,0.0012778888574937
0.0534865988610819,0.1259605940859817,0.0008415279098205,0.1625233571229662,0.1682165034935821,0.0899307855267889,0.086997484872491,0.0502209245380317,0.0531113931862038,0.208710830403052
0.0938670194177587,0.2210562231045945,0.00147685061929,0.1038427110049664,0.076644538561292,0.0768839703776579,0.152677395379578,0.1787531245385528,0.0932085472187522,0.0015896197775572
0.0032012863071154,0.1507421328690457,0.0018238820273871,0.1282437450364189,0.094654526702584,0.0949502203773203,0.1885536382514772,0.2207566607798695,0.1151107578861744,0.0019631497626072
0.0028786215298494,0.135548497542308,0.0016400488954306,0.3167408344044777,0.0851140861278618,0.0853799761785094,0.1695488970779441,0.0978752705108418,0.1035084882073562,0.0017652795254205
0.0032400032221443,0.1525652345193418,0.0018459403747833,0.1297947472596604,0.0957992950600106,0.1972684042948604,0.1908340388436875,0.1101625165153147,0.1165029274719095,0.001986892438287
0.002417960317795,0.1138568876788672,0.0013775944865535,0.2660533038726239,0.0714934146807835,0.1472181170313858,0.1424162575070516,0.166739489832021,0.0869441899343507,0.0014827846585675
0.0029103637429197,0.1370431745068669,0.0016581335171653,0.1165893675241279,0.0860526289092385,0.1771982223843034,0.1714184923550858,0.20069500816398,0.1046498638460759,0.0017847450502363
0.0026265435275002,0.0374145353102784,0.001496431457352,0.2890041569805224,0.0776607309089116,0.159917757778664,0.1547016700865769,0.1811231245500201,0.0944443536335914,0.0016106957665826
0.002417960317795,0.1138568876788672,0.0013775944865535,0.2660533038726239,0.0714934146807835,0.1472181170313858,0.1424162575070516,0.166739489832021,0.0869441899343507,0.0014827846585675
0.0025750239014269,0.1212526959013633,0.0014670789686839,0.1031556308922705,0.0761374164177869,0.1567809724952737,0.151667198313185,0.1775703962010114,0.2078144849244122,0.0015791019845861
0.0019615781110726,0.0279422490936005,0.0011175779730008,0.2158366013760793,0.2233972953312293,0.1194311725452313,0.1155356485095146,0.1352679492292816,0.1583070139914718,0.0012029138395177
0.0026265435275002,0.0374145353102784,0.001496431457352,0.2890041569805224,0.0776607309089116,0.159917757778664,0.1547016700865769,0.1811231245500201,0.0944443536335914,0.0016106957665826
0.0026265435275002,0.0374145353102784,0.001496431457352,0.2890041569805224,0.0776607309089116,0.159917757778664,0.1547016700865769,0.1811231245500201,0.0944443536335914,0.0016106957665826
0.0026265435275002,0.0374145353102784,0.001496431457352,0.2890041569805224,0.0776607309089116,0.159917757778664,0.1547016700865769,0.1811231245500201,0.0944443536335914,0.0016106957665826
0.0029282907837045,0.0417128586595128,0.0016683471639169,0.1173075259851677,0.1765974284265672,0.1782897147338108,0.1724743831560888,0.201931234256137,0.1052944782458595,0.0017957385892343
0.0028991628564014,0.0430444034379381,0.0124061336534197,0.121291146219429,0.0894883952293404,0.1844127632074573,0.2269907768792047,0.2088836943256271,0.108856646674242,0.00172687751694
0.0026520629594904,0.0393756658819831,0.011348740709779,0.1109533241612922,0.1670926330107118,0.1686949932736232,0.2076440204723503,0.1910802310878571,0.0995786352262512,0.0015796932166612
0.0024013113173801,0.1181065222122036,0.0102757211727889,0.1004627254628409,0.1512940819385979,0.2050928862292683,0.147759247586045,0.1730136608548098,0.090163509460578,0.0014303337654872
0.0780202789685755,0.1014821345444803,0.0088293355783088,0.0863218358407624,0.0636880992835649,0.1762245088974758,0.1615473279779685,0.1486606774971712,0.1739967979585899,0.0012290034531022
0.0745951749218617,0.0970270508881215,0.0084417261847146,0.1553203470345831,0.1242913457476369,0.1684882217868131,0.154455371705728,0.1421344474603898,0.0740712642860225,0.0011750499841285
0.080451050408257,0.1046438750246443,0.0091044191468225,0.089011247567515,0.1340484734103453,0.1817148956131194,0.1665804377822011,0.1532922955052197,0.079886011704112,0.0012672938377633
0.002294831571892,0.0340717858551923,0.0098200717252282,0.1806806943144784,0.1445853494131308,0.1959985892220223,0.1796744878131007,0.1653418315337008,0.0861654491215495,0.0013669094297046
0.0025040010437081,0.0371773634228244,0.0107151523233519,0.1971493911286703,0.0772909443701166,0.2031884920644603,0.1960514708453275,0.1804124205889561,0.094019263624673,0.0014915005879115
0.0024278231366079,0.0360463360439949,0.0103891708784547,0.101571890108562,0.1529644531735014,0.2073572263359735,0.2217141814867876,0.1749238283817492,0.0911589650045828,0.0014461254497856
0.0745951749218617,0.0970270508881215,0.0084417261847146,0.1553203470345831,0.1242913457476369,0.1684882217868131,0.154455371705728,0.1421344474603898,0.0740712642860225,0.0011750499841285
0.0696559628394776,0.0906025444429432,0.0637416621664527,0.0770675351209836,0.1160615732818499,0.1494787930172212,0.1442283317005644,0.1327232197106765,0.1553431319782029,0.0010972457416277
0.0726019756762911,0.0944344670536748,0.0664375369677953,0.0803270112449619,0.1603122377439068,0.1639861799737229,0.150328290689018,0.1383365842105966,0.0720920640462214,0.0011436523938109
0.0683552542655506,0.0889106935005031,0.0625513932631669,0.1423277286404078,0.1138943175679485,0.1543941046193964,0.1415351088952399,0.1590794737396085,0.0678751689951196,0.0010767565130583
0.0703847737453398,0.0915505196025293,0.0644085916962583,0.1465535471366377,0.1172759264672945,0.1589781829942989,0.1457373939084893,0.1341119038382536,0.0698904343781496,0.0011087262327488
0.0723195074671724,0.0940670564627197,0.0081841952980309,0.1505820049210632,0.1204996022372328,0.1633481686503957,0.1497434173070575,0.1683052650830895,0.0718115797200977,0.0011392028531403
0.072501057288238,0.0943032010088745,0.0082047407807638,0.1509600237572884,0.1600894001080491,0.1219605528241667,0.1501193309653493,0.1687277761292841,0.0719918544468655,0.0011420626911202
0.0752278475521654,0.0978499775661579,0.0085133239672143,0.1566376833448872,0.1253455122231565,0.1614358253764327,0.1557653718013636,0.1433399486851771,0.0746994934128373,0.0011850160706077
0.0621413374773663,0.0808281597300111,0.0070323604212386,0.1451730059269815,0.1372141291555664,0.1333527201971011,0.1500768495345902,0.1446181624161825,0.1385844024767048,0.0009788726642573
0.0649219806776781,0.0844449836007369,0.0594096297121052,0.135179045824239,0.1433540603303998,0.1393198646087289,0.1567923498460305,0.1510894024359295,0.0644660086096132,0.0010226743545385
0.002117732422716,0.0314423622583729,0.0090622268495144,0.1667370142520551,0.1768205113052653,0.1808727805064466,0.1658084597742384,0.1863616930692734,0.0795157987007096,0.0012614208614078
0.0019406022872179,0.0954469274689533,0.0083042493767463,0.1527908945202975,0.1620309936162534,0.1574712013109764,0.177220095325002,0.170774137440934,0.0728649848174164,0.0011559138362026
0.0684876238774151,0.0890828686187982,0.0077505518074121,0.1426033455831011,0.1512273480064107,0.1469715863005965,0.1654036948814649,0.159387530353848,0.0680066089242319,0.0010788416467212
0.0638747420225232,0.0830828247427122,0.0584513092777389,0.1329985097303554,0.1499709494172419,0.144273965598173,0.1542631754758502,0.1486522207454832,0.0634261251147656,0.0010061778751562
0.0649219806776781,0.0844449836007369,0.0594096297121052,0.135179045824239,0.1433540603303998,0.1393198646087289,0.1567923498460305,0.1510894024359295,0.0644660086096132,0.0010226743545385
0.0647149184097341,0.0841756546363655,0.0592201485450568,0.1511853399885758,0.1519435922253104,0.1388755176120045,0.1339974976712862,0.150607517656628,0.064260400619705,0.0010194126353332
0.064338068213273,0.0836854799940038,0.0588752956863641,0.1339632368030225,0.1510587889374721,0.1380668127973839,0.1553821493801359,0.1497304946453637,0.0638861971872772,0.0010134763557034
0.0593373080885812,0.1398356848962292,0.054299136669251,0.1386223040656673,0.1393175478778454,0.1273353899997375,0.1433048695007753,0.1380924969891263,0.0589205593264496,0.0009347025863369
0.0553645490471776,0.1304733882336804,0.0506636939251827,0.1293412458316984,0.12998994159123,0.1209896334790895,0.1337103035468149,0.1251239632797501,0.123471158806164,0.000872122259212
0.056075073954354,0.1321478278102535,0.0513138900713254,0.1310011559776355,0.1316581768206774,0.1203347715164697,0.1248003037490337,0.1267297506278801,0.1250557347696556,0.0008833147027149
0.0597477823482167,0.1408030181150317,0.0546747586622455,0.1395812435501714,0.1350291690333278,0.1305684307360518,0.1442962012969985,0.1350300770663619,0.0593281506673094,0.000941168524285
0.1187438337624727,0.1228834255745286,0.0477164603914132,0.1218171427219323,0.1224281022299673,0.1118985395727001,0.1160510096272125,0.1213515640786319,0.1162885333105914,0.0008213887305496
0.1272766901835529,0.1317137504321156,0.0511453349067547,0.1305708451714567,0.1263126210588877,0.1221398371321228,0.1243903614174807,0.1300718103427686,0.0554983361522043,0.0008804132026556
0.1259428201428983,0.1303333796400226,0.0506093276468788,0.1292024521192334,0.1249888545408864,0.1208598017282635,0.1335668214788578,0.1287086472160428,0.0549167090860633,0.000871186400853
0.1188335881403348,0.1229763089273945,0.0477525276218581,0.1193610477160031,0.1179334720771809,0.1119831198282367,0.1260272291411542,0.1179342651464802,0.1163764318113309,0.0008220095900263
0.1264129438334705,0.1308198925620899,0.0507982438857222,0.1296847434761553,0.1254554172358498,0.1213109513528778,0.1340654043038287,0.1254562608881064,0.0551217040664864,0.0008744383954127
0.0557002550140159,0.1312645207489354,0.0509708960002554,0.12740560243829,0.1258818127449964,0.1195304256928273,0.1345210632748527,0.1296281807448013,0.1242198329208641,0.000877410420161
0.0649206514560722,0.0844432546624708,0.059408413351135,0.1484958140203457,0.1467197823029725,0.1393170121545643,0.1444869609605547,0.1467207689520798,0.0644646887236425,0.0010226534161624
0.119872173147619,0.0684687726035732,0.1580639524505502,0.120404242628751,0.1189641902257542,0.115034164416194,0.1271286853265973,0.118964990226342,0.0522696351629474,0.0008291938116711
0.0647551484255828,0.0842279824149258,0.0592569627383383,0.1481172517803781,0.1463457477229233,0.1415111620835048,0.1441186185399405,0.1463467318567536,0.064300348084662,0.0010200463529903
0.1213995762583007,0.069341197066342,0.1600779926261821,0.1219384253327214,0.1163540575607555,0.1144011849509751,0.118646526280037,0.1240656292679324,0.0529356513136997,0.0008397593430538
0.0535038516471883,0.069593253744899,0.1606598794241964,0.1223816740186133,0.1167770069548556,0.1169234015614709,0.1190778088451166,0.1209187843853533,0.1193215275327561,0.0008428118855502
0.0721696070647081,0.0283370804386636,0.0660418796134577,0.1650766637154552,0.1219251752075627,0.1577141773456578,0.1528324234997702,0.1631034194206783,0.071662732125878,0.0011368415681682
0.0632920772304066,0.0248513571925099,0.0579181169877842,0.1447707057549672,0.1430392268788549,0.135822159744693,0.140862417224663,0.1472962165949255,0.1411507228610925,0.0009969995301031
0.0637166110935305,0.0250180485563341,0.0583066048211061,0.1457417604220086,0.1390672803497139,0.1392416186062829,0.1418072569071348,0.1439996359400213,0.142097496363893,0.0010036869399744
0.0713651907110401,0.0280212298770882,0.0653057640913044,0.1632366873971333,0.155760998795975,0.1559562647198016,0.1588298837571838,0.1295358450395948,0.0708639654979969,0.0011241701128817
0.0021807268611911,0.0323776522570295,0.0754587621386579,0.1263048256329049,0.1393104322371055,0.1802025724264062,0.1746247314498564,0.186360264155152,0.0818810895350572,0.0012989433066387
0.0019613061635948,0.0291198728573258,0.0678662412581765,0.1696367933708089,0.1618680015461257,0.1620709233629103,0.1650572098812398,0.1676090395552835,0.0736423659674862,0.001168246037048
0.0021962394652422,0.0326079707386807,0.0093981751596149,0.1899565846849973,0.1403014172219434,0.178215015635211,0.1758669247592105,0.1876859381953694,0.0824635507977809,0.0013081833419495
0.0809915865102523,0.0318009920677304,0.009165590097501,0.1240552812842086,0.1767714803704144,0.1769930855648311,0.1715145883828184,0.14700883575275,0.0804227514129332,0.0012758085565602
0.0766029774285157,0.030077823913974,0.0086689435484638,0.1752173035005127,0.1294150241945832,0.1674025404701741,0.1622209010671383,0.1731228430437969,0.0760649652225817,0.0012066776102592
0.0023351427743567,0.0346702936824189,0.0099925719227951,0.1352483918054559,0.1491749173270136,0.1929626045382721,0.186989800110217,0.1995563185897617,0.0876790385751497,0.0013909206745588
0.0023366301167146,0.034692376527597,0.0099989365766605,0.1353345367145293,0.1492699325764936,0.1924485713425882,0.1871089011147695,0.1996834236938627,0.0877348847312841,0.0013918066054999
0.002218793989892,0.0329428419088996,0.0094946907612402,0.1285096235553198,0.1831186561551915,0.1827434005937672,0.1867265560424253,0.1896133997433693,0.083310419374098,0.0013216178757968
0.0025453482318309,0.0377912527194032,0.0108920857235961,0.1474232148545282,0.0732789681207942,0.2096389271375063,0.203822293997449,0.2175200284329765,0.0955717518674505,0.0015161289144646
0.0784027371894929,0.101979603627466,0.0088726172996997,0.1200899258130132,0.1324555842462947,0.1707704124639059,0.1660322235500346,0.142309783159973,0.0778520845777724,0.0012350280723472
0.083790703162381,0.1089878109167778,0.0094823582579229,0.1283427044424547,0.0637947080224474,0.182506038087636,0.186484019878824,0.152089547193234,0.0832022087910333,0.0013199012472886
0.0714702871510265,0.0929624629965039,0.0080880914228552,0.1094714520113941,0.120743726305876,0.1556707183091846,0.1513514848947729,0.1297266068946203,0.1593893443840195,0.0011258256297468
0.0025378849661744,0.0361516135888016,0.0014459196502022,0.1407067123202192,0.1551839124071689,0.2000413243594953,0.2043991064676953,0.1667207998393786,0.091256399415116,0.0015563269857481
0.0026076829556143,0.0371458706087758,0.0014856859460828,0.1445764880395861,0.1594518462275751,0.2055429457612849,0.1405583798459771,0.2132657992222452,0.0937661716418296,0.0015991297510287
0.0025632743451691,0.0365132797127245,0.0014603848456245,0.1421143632160716,0.1567363953677878,0.2020425675468232,0.1964397966945195,0.1683886995392667,0.092169342019422,0.0015718967125906
0.0026834808375365,0.0382255947785564,0.0015288705854087,0.1487789128572035,0.0740115518320196,0.2115174910560696,0.2056519744571149,0.2194648257690457,0.0964916859498872,0.0016456118771575
0.0026708735616994,0.0380460069049753,0.0015216877902422,0.1527780392507344,0.0736638377600491,0.2105237595872981,0.2046857998036018,0.2184337568840741,0.0960383578382285,0.0016378806190968
0.0028578313091686,0.0407091789297211,0.0016282039974092,0.1584453406038544,0.0788202125787774,0.2252601546175972,0.154041785572519,0.233723841650308,0.1027609205643539,0.0017525301762907
0.0029955827847089,0.0426714184249679,0.001706685712689,0.1660826281479596,0.0826194573243624,0.2361180098658969,0.1614668155907013,0.1967882565633298,0.1077141409976964,0.0018370045876873
0.0014930683231963,0.0212684301303219,0.0008506519627082,0.0827794552655011,0.0912965666186541,0.1176867228862749,0.1144231940730334,0.0980838565876238,0.1204964444679801,0.3516216096847057
0.0015718446207413,0.0223905811760789,0.0008955335070291,0.0871470109207233,0.0433521484456283,0.1238960330398381,0.1204603160468298,0.1032588930885441,0.1268539993199944,0.370173639834592
0.0015675106145146,0.0223288442098694,0.0008930642758185,0.0896639966879905,0.0432326146960285,0.1235544177353884,0.1201281739553457,0.1029741800324914,0.1265042280921745,0.3691529697003782
0.0013461793021013,0.0191760283068186,0.0007669642759805,0.0770035082170268,0.1783274453802535,0.1061086274621892,0.1031661667107669,0.0884343037469754,0.1086419268291342,0.3170288497687531
0.00132991469119,0.018944342498882,0.0007576977722449,0.0737338084104661,0.0366796172800451,0.071003640040256,0.0716845788037892,0.0873658357209015,0.3253020746699472,0.3131984901122775
0.0417330884015855,0.013650670638329,0.0007283463287504,0.0685664392243471,0.030698922262414,0.0962060665367876,0.0643478732660966,0.079421674884823,0.3081408191971579,0.2965060992597085
0.001784752068579,0.0254234009795732,0.0010168341438215,0.1020905390267506,0.0492242271244253,0.0952872347963113,0.0962010579722204,0.0646215750934372,0.1440364618145881,0.4203139169802931
0.0007566681458759,0.0183471599199538,0.0049223497853144,0.0753983334552454,0.0360583344500072,0.0703357147094493,0.0710157281535051,0.086675675999623,0.3242885862617714,0.312201449119254
0.0007566681458759,0.0183471599199538,0.0049223497853144,0.0753983334552454,0.0360583344500072,0.0703357147094493,0.0710157281535051,0.086675675999623,0.3242885862617714,0.312201449119254
0.0007584399833068,0.0183901221945962,0.0049338761111482,0.0732332577211143,0.0361427697563188,0.070500414984898,0.0711820207693744,0.0868786384315938,0.3250479504013526,0.3129325096462966
0.0378848626819853,0.0123919365294435,0.0006611852059477,0.0622438988845215,0.1495933235693378,0.0578201252179304,0.0584143286762177,0.0720981686768836,0.2797270240262232,0.2691651465315089
0.0007304268265465,0.0152061957458919,0.0419364151785612,0.0727835124721135,0.0348078281693527,0.0678964657995909,0.0685528963162683,0.0836697557631302,0.3130422289341152,0.3013742747944292
0.0329136905876122,0.000832069764917,0.0284287237438568,0.0635683654719293,0.0203081543707594,0.0580012591881005,0.0587490356468028,0.0759694898101638,0.337260412998423,0.3239687984174346
0.0432714999918027,0.0010939188581707,0.0373751316636687,0.0835730808939664,0.0266990509419987,0.0762540280860225,0.0772371268649478,0.0998767904482582,0.1286988629497686,0.4259205093013952
0.0460330473392368,0.001163731753995,0.0397603782052806,0.0853136970849308,0.0284029598271045,0.0811204900536459,0.0821663292928215,0.0460246957490595,0.1369123060627657,0.4531023646311593
0.033945658498832,0.0008581582795126,0.0293200710870695,0.0655614726612037,0.0209448913416845,0.0284660580127817,0.0605910387318481,0.078351418859024,0.347834794592388,0.3341264379356555
