0.0391216021410553,0.0528104806452399,0.1379515925726548,0.054745713200298,0.081111822403434,0.1360670791545553,0.1862564994121615,0.1926415770829993,0.1176903370030571,0.0016032963845444
0.1120182255366606,0.1055125502830169,0.1339531208870286,0.0604490749092974,0.12138904177726,0.1836267988314989,0.1377435716036685,0.1303881829943677,0.0014163514892751,0.0135030816879259
0.0548651374569677,0.0690884341450851,0.1575534822445073,0.0710992187964852,0.098494669314427,0.2159788543763285,0.1620117487315304,0.1533604602734268,0.0016658895868927,0.0158821050743491
0.0503343592326604,0.0633830921467796,0.144542672108889,0.0652278256455788,0.1309853503004258,0.1981432608523604,0.1905886522523647,0.1406959110517726,0.0015283199641006,0.0145705564450677
0.1063687690812323,0.1001911969454745,0.1271974137697763,0.0574004244344759,0.0795175519349159,0.174365880806077,0.1677178324343237,0.1730739346888549,0.001344920112587,0.0128220757922821
0.1180802851135783,0.1112225440171959,0.1412022251773431,0.0637203809107462,0.1279582192455986,0.1394473542922455,0.1451978026754291,0.1374443645188575,0.0014929997942157,0.0142338242547898
0.107825735808615,0.1015635475102791,0.1289396770419043,0.0581866562322211,0.1168458318816355,0.1767542255140168,0.1700151167176357,0.1255081635578564,0.0013633419094353,0.0129977038264005
0.0945261932000812,0.089036401579327,0.1130358789746864,0.2822542379158319,0.0706644585804797,0.1116310613612602,0.1162344377363517,0.1100276184316048,0.0011951833183665,0.0113945289020101
0.1229600211426752,0.115818879931921,0.1470374887433463,0.0663536624803059,0.0919205886425564,0.1452100968046605,0.1511981857908618,0.1431243323212207,0.0015546988736197,0.0148220452688322
0.0847724616335884,0.0792536599387405,0.1033799593822844,0.2734925302480403,0.0607846328491915,0.1019677181969144,0.1065954205025599,0.1003558020862335,0.0881963160567032,0.0012014991057437
0.055161339844126,0.124772140351235,0.158404071885015,0.0714830647013484,0.0990264160214536,0.1564354152757952,0.1628864073753662,0.1541884128956966,0.0016748832848082,0.0159678483651558
0.1104478943441234,0.103257587318083,0.1346911321332948,0.0534518083690065,0.0791947594454873,0.1328511588421527,0.1388804750311671,0.1307510341453664,0.114908747601026,0.0015654027702925
0.0847724616335884,0.0792536599387405,0.1033799593822844,0.2734925302480403,0.0607846328491915,0.1019677181969144,0.1065954205025599,0.1003558020862335,0.0881963160567032,0.0012014991057437
0.1104478943441234,0.103257587318083,0.1346911321332948,0.0534518083690065,0.0791947594454873,0.1328511588421527,0.1388804750311671,0.1307510341453664,0.114908747601026,0.0015654027702925
0.0669893928241176,0.06309885418128,0.0801069485981181,0.2000296360183834,0.310368652273578,0.0791113739773054,0.0823737225165672,0.1089992664071643,0.0008470097239758,0.0080751434795098
0.1229600211426752,0.115818879931921,0.1470374887433463,0.0663536624803059,0.0919205886425564,0.1452100968046605,0.1511981857908618,0.1431243323212207,0.0015546988736197,0.0148220452688322
0.0847724616335884,0.0792536599387405,0.1033799593822844,0.2734925302480403,0.0607846328491915,0.1019677181969144,0.1065954205025599,0.1003558020862335,0.0881963160567032,0.0012014991057437
0.1018051464779371,0.0951774940056622,0.1241513069808817,0.1275209195280874,0.0729976260164149,0.1224553149338393,0.1280128262058237,0.1205195288000438,0.1059169298843331,0.0014429071669765
0.1044585053370942,0.0976581156210638,0.1273870763073868,0.0505532137389116,0.0749001712647542,0.1256468814309318,0.1313492387375082,0.1778888291334721,0.1086774546118745,0.0014805138170025
0.0892752567846695,0.0840904234591619,0.1067567282645768,0.0481761486496417,0.0667390431345176,0.1054299483644407,0.1097776068710399,0.1039155767978046,0.0011287908043231,0.2847104768698238
0.0847724616335884,0.0792536599387405,0.1033799593822844,0.2734925302480403,0.0607846328491915,0.1019677181969144,0.1065954205025599,0.1003558020862335,0.0881963160567032,0.0012014991057437
0.0892752567846695,0.0840904234591619,0.1067567282645768,0.0481761486496417,0.0667390431345176,0.1054299483644407,0.1097776068710399,0.1039155767978046,0.0011287908043231,0.2847104768698238
0.0617345054916381,0.0581491546012025,0.0738230733204744,0.184338596644534,0.2860222262130631,0.0729055951301992,0.0324264138536589,0.0329404506074333,0.0007805672547823,0.1968794168830137
0.0557630514049457,0.0702191242615819,0.1601319770012334,0.0722628170887118,0.1451124626090012,0.1581418458693786,0.1646632067550603,0.1558703327121105,0.0016931532658917,0.0161420290320844
0.0768210984002879,0.072359564427346,0.0918638536844194,0.2293870074608249,0.0574287522033569,0.0907221634453231,0.0944633109253229,0.04099039228242,0.0009713211989006,0.2449925359717978
0.1012690941734551,0.0953876955281289,0.1210991439022317,0.3023884706734453,0.0757052142738429,0.119594115482337,0.0531921902038788,0.1178762930719779,0.0012804401396554,0.0122073425510467
0.0812158998722007,0.0764991292978618,0.0971192250315487,0.2425098393262793,0.0607141512664934,0.0959122206789114,0.0426591313849597,0.0433353813555831,0.0010268887958697,0.2590081329902918
0.0724571478958283,0.068249058794638,0.0866453743997464,0.0391004904771993,0.3357013161629854,0.0380961119786149,0.0890971651405089,0.0386618647450138,0.0009161436796487,0.2310753267258159
0.134619807194998,0.1268015013423298,0.1609804406433702,0.0726457035934958,0.1006370347476865,0.1589797647475021,0.0707098493175108,0.1566962159158942,0.0017021244845925,0.0162275580126199
0.1260313745887831,0.1178265619611762,0.1536951757069126,0.0609935112208913,0.1378496391692034,0.1515955941398184,0.0589619558036282,0.0601382912244299,0.1311216252553518,0.0017862709298048
0.134619807194998,0.1268015013423298,0.1609804406433702,0.0726457035934958,0.1006370347476865,0.1589797647475021,0.0707098493175108,0.1566962159158942,0.0017021244845925,0.0162275580126199
0.0604036879582632,0.1366300646967185,0.17345826182791,0.0782765746213175,0.1084375533641428,0.0762658758415071,0.1783665833996575,0.1688419607944543,0.0018340585560095,0.0174853789400193
0.101352998441004,0.0954667268929475,0.121199477918773,0.0546937336820877,0.0757679381542639,0.1196932025408774,0.0532362614162739,0.0540801843713379,0.0012815010200052,0.3232279755624293
0.0385610369135214,0.0872231008793272,0.026883455844552,0.276505894562864,0.0692253178477432,0.0486872797501777,0.0486392688958201,0.1077868140641508,0.0011708424116207,0.2953169888302225
0.1075604782704258,0.1013136953170128,0.0312263864394305,0.0580435136969824,0.1165583843860987,0.1270239490596781,0.0564967768822046,0.05739238685987,0.0013599880095904,0.3430244410787064
0.0663583450218142,0.1500991955948502,0.0462628025878098,0.0859931590507562,0.1726846472379231,0.1881896866507571,0.0837016233312403,0.1854865732089016,0.0020148619159476,0.0192091053999997
0.0498549220399576,0.1127692936311422,0.034757172072435,0.0646065274689383,0.0895002598667244,0.0629469726586004,0.0628849002250598,0.1393557757317297,0.0015137626429325,0.3818104136624797
0.0392387471201393,0.0887560468385176,0.0273559325690724,0.0508491256215824,0.0704419527781521,0.0495429586701494,0.1158684427602894,0.2562481888979436,0.0011914199664846,0.3005071847776687
0.0516757988969718,0.1168880243111381,0.0360266260732101,0.0669661847678897,0.1344761853287319,0.0652460171870681,0.0651816776502393,0.0662149642213695,0.0015690505714006,0.3957554709919805
0.0827841977163297,0.077976345209332,0.0240334683383339,0.1014390147040576,0.0618865555948232,0.2408560073265072,0.101795855193757,0.0441721976102994,0.0010467182564465,0.2640096400501131
0.0482653170596909,0.1091736881534412,0.138601106765728,0.0625465732333254,0.0866465785651011,0.0609399326886927,0.0608798394107792,0.0618449314854766,0.0014654969043115,0.369636535733453
0.0295060731704729,0.0667412342275093,0.0847311205410797,0.0868233183024463,0.0767837991611226,0.2061526114993819,0.1845880445905441,0.0378077092371854,0.0008959033426889,0.2259701859275684
0.0021322168973547,0.0203369969578748,0.1335657918714174,0.0229106543265206,0.1146514602380594,0.0205730812431779,0.0204856488492863,0.0218898044112113,0.1737447893425968,0.4697095558625003
0.0435993373036557,0.0549020759573515,0.125202045126225,0.1282935590453005,0.0782701458356844,0.1236460255700831,0.0549943689415796,0.0558661621350601,0.00132382210956,0.3339024579754998
0.0451062817474589,0.0567996822842774,0.1295294624202475,0.1327278297919534,0.1173802985775753,0.0569513253197505,0.0568951652344175,0.0577970906269246,0.0013695779970564,0.3454432860003382
0.0364710653225436,0.0459258631533357,0.1047321415578427,0.1073182085272299,0.09490883245422,0.0460484754112782,0.0460030666996454,0.2381738746006939,0.0011073838645052,0.2793110884087049
0.0512214602074009,0.0645001661233367,0.0357098764451609,0.2107772761891795,0.1332938575249073,0.3578733681557578,0.0646085939507171,0.0656327957650232,0.0015552553249661,0.01482735031355
0.0015003466890748,0.0638571300016809,0.0939843380176575,0.0161212137498674,0.0806751597265654,0.0144763669988568,0.261212205400257,0.0154028868327621,0.1222565207871592,0.3305138317961185
0.0451062817474589,0.0567996822842774,0.1295294624202475,0.1327278297919534,0.1173802985775753,0.0569513253197505,0.0568951652344175,0.0577970906269246,0.0013695779970564,0.3454432860003382
0.0376720399679044,0.0474381797452882,0.108180920622916,0.1108521455341942,0.1398544571226304,0.1068364407630144,0.1112420993799807,0.0482711991273534,0.0011438494827204,0.2885086682539977
0.1395763816721397,0.1314702131635126,0.1669075888100301,0.1710289043483293,0.1512525586327302,0.07338568547297,0.0733133193544426,0.0744755120304339,0.0017647951045632,0.016825041410848
0.0288216422463052,0.0362933954890544,0.0827656743496248,0.1186016022069092,0.1069980583258525,0.0363902911130834,0.1803062899422894,0.1882194047650814,0.0008751217242994,0.2207285198374998
0.0505126880955653,0.0681873745198803,0.178119130775482,0.1829534935587176,0.1597555537680291,0.0684165844141262,0.0683316979095805,0.0696949667414739,0.1519583800137542,0.0020701302033908
0.0284044301957169,0.0383433072521275,0.1001604271596492,0.1478291428685878,0.089834171303595,0.0384721971743775,0.2299083129484207,0.2404342862778145,0.0854496436536674,0.0011640811660431
0.0408957174689949,0.0514975668362942,0.1174381947221278,0.168286649795109,0.1518221038770286,0.0516350543545421,0.0515841366798007,0.0524018694788949,0.0012417311436345,0.3131969756435732
0.0017639115074567,0.0168241153166045,0.1104944987430016,0.1827260566767916,0.1593377393596093,0.0170194199256677,0.0169470900393878,0.0181087008290835,0.088203509878275,0.3885749577241217
0.0322368793912996,0.0405940023501392,0.0925730407360974,0.1326553675632125,0.1196768550479088,0.0914225366719532,0.2016717879116491,0.0413068372635957,0.0009788197784796,0.2468838732856646
0.0017081912487095,0.0162926577833488,0.1070040843803319,0.1769539172498135,0.1858934472190415,0.0164817929086791,0.0164117478535608,0.0175366644817344,0.0854172462975599,0.3763002505772203
0.001367212084594,0.013040412558241,0.0856445537794605,0.1416314094004198,0.123503067961979,0.0131917936340826,0.2380333068798198,0.014036097902393,0.0683667542840956,0.3011853915149144
0.0667166880904621,0.0017276557659259,0.0934727219662339,0.1664022466159716,0.141312030186098,0.0019189460503497,0.0018481028450347,0.0891242353426378,0.0716399059334948,0.3658374672037911
0.0013334967337703,0.012718836930553,0.0835325652962218,0.1381387891190554,0.1451174187218084,0.0128664849600461,0.2321634227999525,0.0136899687463488,0.0666808350830192,0.2937581816092241
0.0012034984571202,0.0114789187214611,0.0753892461131493,0.126192520773267,0.1309703916852914,0.238499003680252,0.0786100579129103,0.0123553780425619,0.0601803364864628,0.2651206481275235
0.0008988186361362,0.00857289513626,0.0563035697884496,0.0942453966109996,0.0978136931811977,0.1781201695269985,0.1564854309404729,0.1646128203939856,0.0449449749129,0.1980022308725995
0.0422163202442052,0.0569880588001325,0.1488642665821104,0.2218980376355958,0.228766609251233,0.0571796225173577,0.0571086780478507,0.0582480391817755,0.1270002424403641,0.0017301252993744
0.0212636619829792,0.0287039422759376,0.074980467924146,0.1106654456200002,0.1152259558382098,0.1930858381762277,0.172110217312136,0.029338573546154,0.2537544618380916,0.0008714354861174
0.001331254013436,0.0126974459563639,0.0833920773759849,0.1395882967286944,0.144873355292485,0.01284484566636,0.2317729624290949,0.013666944489516,0.0665686889779971,0.2932641290700675
0.0010320369553315,0.00984352597854,0.0646485980626293,0.108213969161286,0.1123111404703478,0.0099577956418693,0.1796789042957509,0.0105951168126365,0.2763697998161072,0.2273491128055009
0.0010320369553315,0.00984352597854,0.0646485980626293,0.108213969161286,0.1123111404703478,0.0099577956418693,0.1796789042957509,0.0105951168126365,0.2763697998161072,0.2273491128055009
0.0013289991114001,0.012675938793607,0.083250826372679,0.1410456775755012,0.1446279661928096,0.0128230888353183,0.2313803812090027,0.0136437951726742,0.0664559337331013,0.2927673930039062
0.0016867947808832,0.016088579154372,0.1056637722516644,0.1790182632626743,0.1918099498827558,0.016275345210298,0.0162061775257724,0.0173170036693705,0.0843473266596974,0.3715867876025116
0.0012798147428426,0.0122068203118196,0.0801698315910389,0.1358257774794029,0.1455311603201251,0.2536227107375386,0.0122960452318622,0.0131388577016563,0.0639964940619066,0.2819324878218066
0.0010008515301769,0.0095460806776953,0.0626950885435962,0.106219621228764,0.113809506656646,0.1983401734890785,0.0096158571029583,0.0102749604261252,0.2680186359719814,0.2204792243729778
0.0008633281155657,0.008234388012632,0.0540803815706836,0.091624364520206,0.0863279138924208,0.1710869625078561,0.0082945767098733,0.1581129610747954,0.2311911576827881,0.1901839659131787
0.0414985163751205,0.0010746209553393,0.0581410647645352,0.1048736454566609,0.0982809297429973,0.00119360562361,0.0011495403679749,0.1876348087506867,0.2785983254454838,0.227554942517591
0.0511379775913662,0.0450443994712597,0.0716834234002339,0.1227000136394208,0.1394358430374542,0.0013810329035498,0.0013266337634349,0.2315451607617468,0.0549184222517712,0.2808270931797622
0.0298831373381498,0.0007738359922214,0.0418674587698395,0.0716258403334718,0.0813879823087695,0.1467452011060957,0.1281188189557173,0.1351160776117737,0.2006190280686094,0.1638626195153515
0.052085900676283,0.0458793684730888,0.0730121887336996,0.1249744519517419,0.1234839288464919,0.0014066325269992,0.0013512250130076,0.2358372155794153,0.0559364218421276,0.2860326663571446
0.1094591610326806,0.1023332218800013,0.1334853725315662,0.1931450848805502,0.1914337625823741,0.0512725007027379,0.0512088853761144,0.0522305412032773,0.1138800805793141,0.0015513892313835
0.0567842620537613,0.0530875299355233,0.0692483690050697,0.1042478096092374,0.1103510743162268,0.1783248323444344,0.0265656957283833,0.166230143478703,0.2343554674508543,0.000804816077806
0.1063651240351691,0.0994406108679661,0.1297121965146593,0.1952712036476444,0.2067034999230417,0.0498232020544335,0.0497613849160322,0.0507541620189463,0.1106610792708099,0.0015075367512972
0.0681533751849943,0.0637164984536535,0.083112994746382,0.1202593671540344,0.1191938337665163,0.0319241801608847,0.0318845708748095,0.1995120641848519,0.2812771624065654,0.0009659530673076
0.001312164911391,0.012515374887187,0.0821963026712996,0.1326564835107687,0.0921367923441093,0.0126606610049782,0.0126068551658416,0.0134709715982638,0.3513854344201585,0.2890589594860018
0.0009888651819918,0.0094317553823279,0.0619442427506651,0.1049475190979744,0.0988809083627001,0.0095412449610107,0.1721626454155601,0.0594552822174151,0.2648088045494329,0.2178387320809214
0.0013387463706852,0.0127689077512564,0.0838614117247657,0.1353438003914084,0.1338670423545404,0.0129171370334263,0.0128622412110792,0.2451827398884908,0.0669433405429151,0.2949146327314321
0.00107862477635,0.0102878786968317,0.0675669405697257,0.1090461790404908,0.1078563585919584,0.213752608474376,0.1877899012817459,0.011073397559452,0.053936090735595,0.2376120202734738
0.0679614289138581,0.0598631759960388,0.0952659474069521,0.1630660547689081,0.1611212274980602,0.0018353672539085,0.0017630718001572,0.002924129606863,0.0729855701324241,0.3732140266228296
0.001050395918586,0.0447065129778402,0.0657986355977715,0.072974888441447,0.0737560574815784,0.2081584555181184,0.0100918635283182,0.0107835939395797,0.2812861576783511,0.2313934389184091
0.0014261017303078,0.0136020995738619,0.0893335040792862,0.0990765604034843,0.1001371381343021,0.2826126114352976,0.0137015231924528,0.0146406718686343,0.0713115014698169,0.3141582881125556
0.0014108217207772,0.0134563594722217,0.0883763375849746,0.1426304321310654,0.0990642157806313,0.013612569113958,0.2456257982200363,0.0144838039531607,0.070547432260068,0.3107922297631064
0.0014586470235872,0.0139125152408794,0.0913721981136295,0.1013376022681196,0.1024223836111774,0.0140740202174605,0.0140142078216046,0.2671417690493961,0.0729389125304818,0.3213277441236634
0.0019504982860543,0.0186037723268399,0.1221826205598054,0.1355083281565405,0.1369588944115447,0.0188197362817356,0.0187397553310909,0.0200242414545646,0.0975336881211284,0.4296784650706954
0.0014767055757453,0.0140847569676748,0.0925034173728142,0.1025921966604176,0.1036904079698394,0.0142482614314493,0.2570962584688692,0.0151601819993617,0.0738419213701713,0.3253058921836568
0.0014767055757453,0.0140847569676748,0.0925034173728142,0.1025921966604176,0.1036904079698394,0.0142482614314493,0.2570962584688692,0.0151601819993617,0.0738419213701713,0.3253058921836568
0.0019504982860543,0.0186037723268399,0.1221826205598054,0.1355083281565405,0.1369588944115447,0.0188197362817356,0.0187397553310909,0.0200242414545646,0.0975336881211284,0.4296784650706954
0.0019449092913994,0.0185504647259874,0.1218325161694975,0.1351200400318177,0.0424615270154322,0.0187658098536848,0.0186860580819678,0.1169372053069046,0.0972542132477161,0.428447256275592
0.0202911257450398,0.0360784598902147,0.0018490759304216,0.1469041919028295,0.1482793313565718,0.0362831941131009,0.0362073720261056,0.0374250672124369,0.1109041639315426,0.4257780178917361
0.0498654427462443,0.0108609634981797,0.1431961079929299,0.0682524835013274,0.1546662496020922,0.062960256133609,0.0628981706011443,0.0638952580860594,0.001514082086861,0.3818909857515525
0.0019504982860543,0.0186037723268399,0.1221826205598054,0.1355083281565405,0.1369588944115447,0.0188197362817356,0.0187397553310909,0.0200242414545646,0.0975336881211284,0.4296784650706954
0.0331261659039307,0.0124761132706207,0.0399343874176666,0.07840241018271,0.1776668938719103,0.0723231679401043,0.0722518495772697,0.0733972154009007,0.0017392434492448,0.4386825529856417
0.0213797218305986,0.0016608177855809,0.0278809482018102,0.1581677106505301,0.0790437602001884,0.0588092594559356,0.0587411569683363,0.0598348761550948,0.1258329180373932,0.4086488307145313
0.0266344626473746,0.0100311812074615,0.032108483460062,0.063037964355173,0.0751874783639939,0.321781318394423,0.0580927232674752,0.0590136328389466,0.001398405563081,0.3527143499020088
0.0216655829242924,0.0016830240234531,0.0282537350139746,0.0654783147451347,0.1615341663840412,0.0595955783501009,0.0595265652869692,0.0606349082263376,0.127515387802803,0.4141127372428927
0.0197447398247212,0.0015338092484268,0.0257487947071133,0.146072073351156,0.0729990077647647,0.0543119099697597,0.0542490155172631,0.1317325870897574,0.1162100352717376,0.3773980272552998
0.0181574620883035,0.0014105064703932,0.023678851575879,0.0548759764159275,0.2972997015857194,0.0499457807483766,0.0498879423748702,0.0508168209087524,0.1068679217076889,0.3470590361240889
0.019569098394866,0.0015201650853783,0.0255197435694659,0.1447726737108941,0.0723496373392421,0.0538287726071032,0.1384552586665385,0.0547675310371843,0.1151762765623374,0.3740408430269897
0.0362713318569682,0.0028176266058123,0.0473008551153111,0.1096202069362674,0.134100082319143,0.2457744881968754,0.0996561140945927,0.1015116411166737,0.2134792755878051,0.0094683781705505
0.0725633789023715,0.0027115205609112,0.0455196018270382,0.1054921345453905,0.1290501479784988,0.236519124542095,0.095903269024567,0.0976889207008111,0.205440083469779,0.0091118184485373
0.0251634131460951,0.0447415881848853,0.0022930744287104,0.0530105512511025,0.0729330548726587,0.0449954830106511,0.0449014545903143,0.0464115416818181,0.1375343749626046,0.5280154638711596
0.0225816659994235,0.0401511350947881,0.0020578067275819,0.0475717088078522,0.0654501786339576,0.0403789805035623,0.0402945993279971,0.1442489958883835,0.1234234521689663,0.4738414768474872
0.0956068264351853,0.0900542749477916,0.1143281168554683,0.0544929469018875,0.0649955516185654,0.1129072392215236,0.0502180506109695,0.1112854655661538,0.0012088467779024,0.3049026810645522
0.0766722605021117,0.0675360288593951,0.1074764856081019,0.0090230134848153,0.0263041192541735,0.1051385573188918,0.0019890502967046,0.1024700724212454,0.0823403618128943,0.4210500504416662
0.0843736781153794,0.0743090425815273,0.1183081612500846,0.0098500624722273,0.0288872364398109,0.0021911732405331,0.1241721958790252,0.0035443041413172,0.0906177594930066,0.463746386387088
0.0124728447939628,0.0022299763523542,0.0470082678814335,0.0622433557723425,0.3198955042596753,0.0443871552795671,0.0529761476957846,0.0413954470114432,0.0188275015398148,0.3985637994136218
0.0766722605021117,0.0675360288593951,0.1074764856081019,0.0090230134848153,0.0263041192541735,0.1051385573188918,0.0019890502967046,0.1024700724212454,0.0823403618128943,0.4210500504416662
0.0768088020411115,0.071808445336644,0.0936682819184039,0.2848552453660424,0.2268861915075303,0.0923887089114261,0.0359338871455958,0.0366507952549068,0.0799110141455481,0.0010886283727907
0.052113182811559,0.1408771817093351,0.0308122204466443,0.0780494336067625,0.0966048430872117,0.1812525096761011,0.1894784724784884,0.0719032520299157,0.1567731818671588,0.002135722286823
0.0527727196387241,0.1426601027368325,0.0312021754065011,0.0790372158343263,0.0978274598659435,0.1835464149549201,0.0713889850684243,0.1806448944682873,0.1587572803500156,0.0021627516760247
0.011403330268182,0.0202755923384904,0.0010391549384931,0.2579570021096253,0.2026223901314146,0.111903456995079,0.0203480391647341,0.0728431171115035,0.0623265966274506,0.2392813203150269
0.0304698002191648,0.0823687856035213,0.0180154454337008,0.3267468126290248,0.2602526760894311,0.1059756372782523,0.0412184198156745,0.0420407583313801,0.0916629396536414,0.0012487249462084
0.0440183242978299,0.1189944105519182,0.026026088578412,0.065925838615299,0.0815989943874749,0.2184868094769569,0.1600463529386572,0.1506779563738354,0.1324212490644613,0.0018039757151548
0.0175156501399722,0.0838543483313588,0.0015961542738665,0.0368993770459738,0.0507669553956008,0.1140292698043101,0.1201770286982013,0.1118878892765361,0.0957343894517969,0.3675389375823831
0.0269209126685631,0.0727751041325593,0.0159171451639802,0.2886898615759432,0.2299404497032656,0.0936324116220724,0.097881824424562,0.0921522608896215,0.0809867467331589,0.0011032830862733
0.0358167399705001,0.0968231282918487,0.0211768544562279,0.0536424013564217,0.3059226630655423,0.124572587161756,0.1302261887037207,0.1226033309721897,0.1077482507562075,0.001467855265585
0.0269209126685631,0.0727751041325593,0.0159171451639802,0.2886898615759432,0.2299404497032656,0.0936324116220724,0.097881824424562,0.0921522608896215,0.0809867467331589,0.0011032830862733
0.0358167399705001,0.0968231282918487,0.0211768544562279,0.0536424013564217,0.3059226630655423,0.124572587161756,0.1302261887037207,0.1226033309721897,0.1077482507562075,0.001467855265585
0.0108135377418422,0.0517686841911409,0.000985408725587,0.2446151880620421,0.1921425418276212,0.0703976045907466,0.0741930116864346,0.0690755926202125,0.0591029979050992,0.2269054326492733
0.1479178649974408,0.1393272487001783,0.1768824631565757,0.0843086279891378,0.1005577068941492,0.1746841558403278,0.0776947327683112,0.0789263813988947,0.0018702643018653,0.0178305539531187
0.0883008363807777,0.0825523327265953,0.107682809989909,0.045736028603423,0.2608326121613121,0.106211788912586,0.1110321040979109,0.1045327820982744,0.0918671974770712,0.0012515075521398
0.1063694528563839,0.0994446578770759,0.1297174755091904,0.0550947934104628,0.0681929852195487,0.1279454457804991,0.1751391372172807,0.1259228710971709,0.1106655829277363,0.0015075981046509
0.1049775705626421,0.0981433889996925,0.1280200759973785,0.0543738583547102,0.0673006556443215,0.1802020433929786,0.1320019268265328,0.1242751253398064,0.1092174842371122,0.0014878706448248
0.1123504143104977,0.1058254465508789,0.13435035734356,0.064036276380092,0.0763781983458639,0.184171342015032,0.1771494407993444,0.1307748476681227,0.0014205516635082,0.0135431249230999
0.1063694528563839,0.0994446578770759,0.1297174755091904,0.0550947934104628,0.0681929852195487,0.1279454457804991,0.1751391372172807,0.1259228710971709,0.1106655829277363,0.0015075981046509
0.107867130303522,0.1016025379397774,0.1289891772170211,0.1383070373268574,0.0733303666380138,0.1273860909249562,0.1326391639883886,0.175511936694207,0.0013638652988591,0.013002693668397
0.1067937338904823,0.1005914811009294,0.1277055932396213,0.0608691396559802,0.0726006489539089,0.175062507869796,0.1683878991962493,0.173765400165766,0.0013502933412521,0.0128733025860141
0.1067937338904823,0.1005914811009294,0.1277055932396213,0.0608691396559802,0.0726006489539089,0.175062507869796,0.1683878991962493,0.173765400165766,0.0013502933412521,0.0128733025860141
0.1168437817538482,0.1100578529832717,0.1397235953987547,0.0665973574517157,0.0794328849879674,0.1379871010253942,0.143677332338989,0.1901179568658975,0.0014773655225009,0.0140847716716602
0.095839897254427,0.0896005905596665,0.1168766896045788,0.0496409372984354,0.0614425337482778,0.1645165270186474,0.1578020424604054,0.1632116700487393,0.0997107516545713,0.0013583603522507
0.1123504143104977,0.1058254465508789,0.13435035734356,0.064036276380092,0.0763781983458639,0.184171342015032,0.1771494407993444,0.1307748476681227,0.0014205516635082,0.0135431249230999
0.099552208927729,0.0930712257314298,0.1214038511686625,0.0515637547918371,0.0638224803238199,0.1708889944481679,0.125179915365409,0.1695335944799872,0.1035729989850157,0.0014109757779415
0.1008579807309536,0.0942919900274775,0.1229962389957774,0.0522400883237675,0.064659604844876,0.1731304517983891,0.166064403382293,0.1193982498326124,0.1049315092893749,0.0014294827744785
0.099552208927729,0.0930712257314298,0.1214038511686625,0.0515637547918371,0.0638224803238199,0.1708889944481679,0.125179915365409,0.1695335944799872,0.1035729989850157,0.0014109757779415
0.0736069085023187,0.2420297335842532,0.0897635749226636,0.0968909881966986,0.0471890631075484,0.1263518983042468,0.1211950433338506,0.1253497427266207,0.0765798001040369,0.0010432472177622
0.2089713752893079,0.2154592301312245,0.0799091519056314,0.0862541036357711,0.04200855430941,0.0788175380562603,0.1078900114697757,0.1115885997355075,0.0681727179948949,0.0009287174722164
0.2036192298526198,0.2099409186699409,0.0778625299597824,0.0330704863451205,0.0847179641172471,0.1095998959006017,0.1051267476890174,0.1087306082329202,0.0664266879416502,0.0009049312910994
0.089929327663425,0.0840748070282851,0.1096687540029795,0.0465795169205936,0.1193245784744802,0.1543705814399258,0.1480701877706154,0.1531461966757263,0.0935614614997527,0.0012745885242162
0.0935641493992892,0.0881302303342531,0.1118854521675422,0.1199677813529505,0.1208475810853911,0.153375802529212,0.1475280429241968,0.1522393802450048,0.0011830192962757,0.011278560665884
0.0935641493992892,0.0881302303342531,0.1118854521675422,0.1199677813529505,0.1208475810853911,0.153375802529212,0.1475280429241968,0.1522393802450048,0.0011830192962757,0.011278560665884
0.0921954484613601,0.0868410193523456,0.1102487384870831,0.118212835511907,0.1190797651148513,0.1511321482436213,0.1453699324511407,0.1646408263421233,0.0011657135265894,0.0111135725089778
0.0429888242386878,0.0541332928349757,0.1234488651689725,0.1323665067973645,0.1333372342372743,0.1692272623455903,0.1627751340926778,0.1679733902950217,0.0013052848852909,0.0124442051041441
0.063049715426776,0.0016326980177637,0.0883351480539055,0.0994896599722418,0.1007038813156356,0.1455964395688231,0.1737442917171312,0.1440280506028878,0.0677023367254584,0.1157177785993765
0.0412846768663701,0.0519873604822454,0.118555150048381,0.1667609189210049,0.1280515279779931,0.1625188166144499,0.156322461288636,0.1613146501047525,0.0012535412554805,0.0119508964406862
0.0364675961045312,0.0459214945715497,0.1047221791772883,0.147303316843579,0.1131105232574421,0.1474994906971796,0.1380828145704566,0.1424925166498253,0.0011072785274109,0.1232927896007369
0.0418300846003978,0.0091108189750287,0.1201213702698568,0.1287986418714365,0.1675629439989532,0.1691890015643772,0.1865624967171608,0.1634457618018087,0.0012701016635436,0.0121087785374364
0.0349104353533472,0.0439606538082167,0.1002505582147793,0.1074924113495324,0.1398442145162758,0.1490427495004595,0.155700808239378,0.1497099646874798,0.0010599979044005,0.1180282064261305
0.0013619328782435,0.012990059705479,0.0853138550698099,0.1445409135163665,0.1361855615732097,0.1379291867678172,0.1565588248021179,0.1488615201490886,0.0681027702194116,0.1081553753184555
0.0366511188550038,0.0079828121867348,0.1052491923180231,0.1480446190611251,0.1468170441171323,0.1482417801573474,0.138777714718257,0.143209608571716,0.0011128508936372,0.1239132591210229
0.0340363939592245,0.0428600249918707,0.0977406170817989,0.1374829782916666,0.1363429796855256,0.1376660737319723,0.1518025769477272,0.1459617242279993,0.0010334590762034,0.1150731720060112
0.0780143221992832,0.0409087143092817,0.0932907290971154,0.1312237191273154,0.1301356218315148,0.1313984786861402,0.1448913819566177,0.1393164487810243,0.0009864082465364,0.1098341757651708
0.0867240196040209,0.0454758567621835,0.1037059195159677,0.1458738353329486,0.14466426036579,0.1460681054487204,0.1610673873082095,0.1548700558390435,0.0010965331197991,0.0104540267033165
0.0344836057133651,0.0434231723976178,0.0990248527992575,0.1392893977366859,0.1381344204351819,0.1394748989087249,0.1537971447859411,0.1347403252787244,0.0010470379249749,0.1165851440195263
0.0868027150177412,0.0455171226234584,0.1038000247048049,0.1460062046796983,0.1447955321157851,0.1543197499915667,0.1521870212266412,0.1550105885677245,0.0010975281397245,0.010463512932855
0.0562573506675593,0.001456806970465,0.0788187760515868,0.1348412641852891,0.1332342746547045,0.1299112914519657,0.1550267670433668,0.146793257704208,0.0604087436778468,0.1032514675930076
0.0110018757233321,0.001966986930395,0.1970482631593804,0.1270037552661766,0.1149364439224372,0.1174546942885812,0.1443607592766873,0.1332438401585414,0.0785298502036143,0.074453531070854
0.0699328351459891,0.0658713503934253,0.153566910026002,0.1220795605600655,0.1166549004286257,0.1177869382101231,0.1298821144989681,0.1248846874659833,0.0008842264259563,0.0984564768448614
0.0108140435465275,0.0019334050716126,0.193684109160958,0.1248354530226404,0.1300469049500895,0.1154494206917019,0.1418961253958844,0.1309690025606481,0.0771891303955726,0.0731824052043647
0.0687270635911743,0.0647356063553661,0.1509191321762464,0.1188671613209524,0.126564535597695,0.1221844647241371,0.1276427063752287,0.1227314442367611,0.0008689807252749,0.0967589048971634
0.0110767633664763,0.0019803758305259,0.1983895326287642,0.1278682452987419,0.1157187940973687,0.1182541857073797,0.1453433950832169,0.1273439983839641,0.0790643877266789,0.074960321876883
0.0686510310919756,0.0646639895907154,0.1507521708920495,0.1198419553591407,0.1264245177146575,0.1220492924974944,0.1275014957158016,0.1225956668886831,0.0008680193750754,0.0966518608744066
0.0704602167204588,0.0663681032622373,0.1547249977629984,0.1230001940611146,0.1297562290800825,0.1186751999371866,0.1110987268470056,0.1258264751536336,0.0008908946058425,0.0991989625694397
0.0110567234232974,0.0019767929590856,0.1980306087419175,0.1251174721570824,0.1329653107001498,0.1180402416983004,0.1251586990473887,0.1339081012673752,0.0789213454150308,0.0748247045903718
0.0825393860035354,0.0777457514105788,0.0987018701492841,0.142756317508006,0.152000660470497,0.1467403111748251,0.144712331718963,0.1438101528441663,0.0010436228723485,0.0099495958477956
0.0125904143998205,0.0022509962115081,0.0474513699658552,0.1424726623618381,0.1514090837244189,0.1510657613521857,0.1652047185473699,0.1524826498686707,0.0898686171052185,0.0852037264631139
0.0749571607743901,0.0706038785866291,0.089634928338284,0.1296424502424715,0.1334050182353229,0.1332604666618706,0.131418781261961,0.1305994782571809,0.0009477536872773,0.1055300839546122
0.013154782209461,0.0023518975608248,0.0495783869870305,0.148859027562966,0.1581960257763371,0.1404388634901925,0.1532670806763821,0.1512339398251404,0.0938969955986072,0.0890230003130578
0.0126885855289267,0.0022685478847637,0.0478213621217329,0.1435835632175734,0.1525896644610124,0.1522436651042209,0.1664928678678318,0.1458743101780685,0.0905693488946785,0.0858680847411906
0.0750470176171683,0.0706885168193496,0.089742380536045,0.1285990865304336,0.1335649409648601,0.1334202161064557,0.1315763229383527,0.1307560377728221,0.0009488898316189,0.1056565908828939
0.0129298233194867,0.0023116779466805,0.0487305509129908,0.1463134011078865,0.1554907280534003,0.1551381504913253,0.1506460724537027,0.1486477001833294,0.0922912705044594,0.0875006250267379
0.0747137767971045,0.0703746296048817,0.0893438860264182,0.1292215045337617,0.1329718555649053,0.132827773346702,0.1309920678520197,0.1334223994384243,0.0009446763553785,0.1051874304804037
0.0332934885122887,0.0753081747683451,0.0956072525160953,0.1370033340525892,0.1235994325120612,0.1421395355889685,0.1401751397407358,0.1393012470437999,0.0010109019751833,0.1125614932899327
0.0013192698538707,0.0125831415359628,0.0826413686820273,0.1366650067598609,0.1435691823930555,0.1329301834574856,0.138359214719391,0.1396638804494412,0.1075013818393374,0.1047673703095671
0.0013323901986135,0.0127082828437961,0.0834632500006506,0.1397074311328658,0.1203575356782357,0.1447937839272064,0.1422046686236107,0.141052859553472,0.1085704998714927,0.1058092981700559
0.0013465853479507,0.0128436755935892,0.0843524589569788,0.1411958598608146,0.121639812592756,0.1356825040904701,0.1437197026651895,0.1425556223386459,0.1097271989082304,0.1069365796453744
0.0013488800666564,0.012865562526103,0.08449620414605,0.1397323700583129,0.121847099233548,0.135913720909106,0.1439646156895201,0.142798551651432,0.1099141852409153,0.1071188104783558
0.0276781448471675,0.0348534566058726,0.079481949829423,0.1138960888118647,0.1027529150282292,0.1115169315989124,0.1149753331993017,0.1085618159734117,0.0008404013080541,0.3054429627977627
0.0347987172313417,0.043819973761237,0.0999297428488178,0.1431973786612173,0.1291874746124596,0.1402061514832546,0.1445542730798754,0.1455991823764948,0.0010566057675219,0.1176505001777797
0.0014108356340645,0.0134564921765831,0.0883772091376009,0.0916719252242569,0.1274436725365809,0.1533186225537535,0.1479622306646179,0.1493574485551027,0.1149626664818586,0.1120388970355805
0.0350493226220895,0.0441355463604794,0.1006493938660514,0.1442286245774069,0.1301178272268894,0.1412158558681641,0.147567705155202,0.1374737408703682,0.0010642149876974,0.1184977684656514
0.0225982397248784,0.0008444423699845,0.0746511428250931,0.0766231640821879,0.0980340062451999,0.1135212136761504,0.1103151958012,0.1111502903179805,0.0905636177193034,0.3016986872380215
0.029997217682564,0.0377737283538767,0.0861415157711276,0.088268539293373,0.0538514286656873,0.1280668016746597,0.1262968937284734,0.1176579009811112,0.0009108161373391,0.3310351577117876
0.0377210598108877,0.0474999075445927,0.1083216884641916,0.1109963892431381,0.098161699251879,0.1519804477502669,0.1588164853379119,0.1578263770566109,0.0011453378895624,0.1275306076509586
0.0378013031867991,0.0476009532987673,0.1085521193696423,0.1112325099945563,0.0983705169832115,0.1523037531998259,0.1570270497993595,0.1581621184532305,0.0011477743475855,0.1278019013670218
0.0308255955205884,0.0388168557451912,0.0885203271446941,0.0399466011029183,0.0802175986550271,0.1316033863478315,0.1280498796294601,0.1209070422405646,0.0009359684668209,0.3401767451469034
0.0399261187376463,0.0502766082968122,0.1146538463438219,0.1174849020305731,0.1038999349294107,0.1608647644869815,0.1200939054782223,0.1566019680460094,0.0012122908741868,0.1349856607763354
0.0295447053991291,0.0372039063039738,0.084842058787729,0.0869369958584522,0.0768843319995368,0.1190374177639972,0.1227290472788935,0.1158830148566535,0.0008970763467206,0.3260414454049139
0.001662580896152,0.0158576281189837,0.1041469722054697,0.0178644190695947,0.0893986572117567,0.1675223479790404,0.174364165545153,0.1616761900330781,0.1354762585013423,0.132030780439429
0.0626407582777623,0.001622107906103,0.0877621828936141,0.0915502818638198,0.0733728930801865,0.1495947820366027,0.1562700460143087,0.1438909398678272,0.1183288056129774,0.114967202446798
0.0381790582918127,0.048076638039668,0.109636899887639,0.1123440761298898,0.0993535509487233,0.1538257515288161,0.1585962488662225,0.1497494836883222,0.001159244259537,0.1290790483593692
0.0958704824004178,0.050272027810398,0.1146434007230191,0.0517351702765252,0.1038904690514108,0.1249767578698457,0.1658384479182811,0.1565877007115296,0.0012121804275583,0.1349733628110141
0.0012257464383528,0.01169111905024,0.0767828985293557,0.0131706361467754,0.0659096263673277,0.1235067249088834,0.0822833384406045,0.1191966144674026,0.0998805782766578,0.4063527173743996
0.0294161805740874,0.0370420625663569,0.0844729804498489,0.0865588041644953,0.1092052346598504,0.1185195834148355,0.122195153672037,0.0870737205915382,0.0008931739019694,0.3246231060049807
0.1039783559568373,0.0545235892368765,0.1243389209067802,0.056110471292222,0.0777305631278928,0.1355461815853514,0.1302385143701517,0.169830497097563,0.0013146958774458,0.146388210548879
0.0421254625222091,0.0530461123072842,0.1209695923342967,0.0545899931284929,0.0756242250207896,0.1697260545676528,0.1749896575948208,0.1652284405397543,0.001279070327926,0.1424213916567732
0.0460958468812744,0.0580457833376741,0.1323711473219333,0.0597351771075312,0.0827519150735855,0.1443023909224041,0.1386518513025071,0.1808014545012253,0.0013996245134489,0.1558448090384159
0.0322017250503125,0.0405497345603408,0.0924720897662236,0.0417299144975652,0.0837987072905118,0.1297427117905333,0.0968596759890293,0.1263046265651792,0.0009777523747821,0.3553630621155217
0.0285159100587644,0.0359084049634859,0.0818877184560655,0.2044762758261826,0.0742070928313131,0.0892686495468108,0.0857731008046545,0.0844088639793548,0.000865838669682,0.314688144863686
0.035228212810095,0.0443608122314145,0.1011631039079107,0.045651911696359,0.0632421849665468,0.1102814175323256,0.105963058597858,0.1042776968083872,0.0010696466937899,0.3887619547553128
0.0332314178596719,0.0418463660306419,0.0954290073148938,0.0430642837844961,0.0864782819467093,0.1338914068430119,0.0999568924184896,0.0983670597984658,0.0010090173019894,0.3667262667016299
0.0341472740942963,0.0429996498112911,0.0980590260424252,0.0442511333182779,0.0613016685239286,0.1375814474015464,0.1027116994358045,0.1010780511073085,0.0010368257689881,0.376833224496133
0.0523619073717078,0.0659362640255604,0.1503650811017736,0.0678553063271247,0.0940008353263325,0.078367024880098,0.1574995555134699,0.1549944963330962,0.0015898831258517,0.1770296459949847
0.0341472740942963,0.0429996498112911,0.0980590260424252,0.0442511333182779,0.0613016685239286,0.1375814474015464,0.1027116994358045,0.1010780511073085,0.0010368257689881,0.376833224496133
0.0360485154700026,0.0078515619058201,0.1035187261947272,0.0467149342458214,0.0647148038821327,0.1452416647180753,0.0556079426350348,0.1413928687843257,0.0010945538337805,0.3978144283302792
