0.051068069681539,0.003684394367011,0.068115042890335,0.1830970559995451,0.0942216157939361,0.2196557402808648,0.1790672734683233,0.0830797396662636,0.1165009612546662,0.0015101065975157
0.0315873793096106,0.0033982841354384,0.0628255953574044,0.1688787243352329,0.0869048723542769,0.1513649338068096,0.2164063870001397,0.1697868600646833,0.1074541237875791,0.0013928398488248
0.0488477020399655,0.0035242020965312,0.0651534968972864,0.1751362542511345,0.0901249928326565,0.1569735183413209,0.1712816809806249,0.1760780394916,0.111435663776317,0.0014444492925626
0.0431931580351257,0.0520810822989204,0.0576114161055743,0.1276836061340917,0.0796922454028761,0.1857838990672421,0.1984458458124203,0.1556954834856578,0.0985360218644789,0.0012772417936126
0.0408028319635843,0.0491988950610258,0.1728609815570559,0.1462925553200837,0.0752820457196008,0.1311210931964254,0.1430728029288812,0.1470792352110038,0.093083000303585,0.0012065587387535
0.0450407527710804,0.0543088595181748,0.0600757543010124,0.1614869973315126,0.083101094854982,0.1447397755872629,0.1579328305137369,0.1892311420085045,0.1027509170835476,0.0013318760301855
0.0440662150271071,0.0531337896053427,0.0587759072411383,0.1579929355235241,0.0813030531145765,0.1895391218723519,0.1545156695011215,0.1588425335431353,0.1005277160763458,0.0013030584953564
0.046284688846274,0.0558087622818039,0.0617349272371157,0.1659469472501192,0.085396181935422,0.1487372005255963,0.1622946214085733,0.166839317515138,0.1055886932008579,0.0013686597990992
0.0509485938559405,0.0614323663823712,0.0679556849777342,0.1826686929917672,0.094001180492457,0.1637247956017795,0.1786483383006399,0.0828853712370468,0.1162284025185377,0.0015065736417254
0.0509485938559405,0.0614323663823712,0.0679556849777342,0.1826686929917672,0.094001180492457,0.1637247956017795,0.1786483383006399,0.0828853712370468,0.1162284025185377,0.0015065736417254
0.0509485938559405,0.0614323663823712,0.0679556849777342,0.1826686929917672,0.094001180492457,0.1637247956017795,0.1786483383006399,0.0828853712370468,0.1162284025185377,0.0015065736417254
0.0561897666146902,0.0677520235273599,0.0749464075463406,0.2014601473799287,0.1036712496582607,0.1805674574633858,0.0941544273042997,0.0914119372705433,0.1281850256747259,0.001661557560465
0.046284688846274,0.0558087622818039,0.0617349272371157,0.1659469472501192,0.085396181935422,0.1487372005255963,0.1622946214085733,0.166839317515138,0.1055886932008579,0.0013686597990992
0.0610065153126257,0.0735599222030341,0.0813710295498318,0.218729891695337,0.1125582478945947,0.1103233388256458,0.1022256161069291,0.0992480319253401,0.1391734154245445,0.0018039910621165
0.0445409297560287,0.0537061871328717,0.0594090859440502,0.1596949553932235,0.3520777159531776,0.0805472015554817,0.0746350445186494,0.0724611067483114,0.1016106769672899,0.0013170960309153
0.060012446351505,0.0043297019187699,0.0800451315798295,0.2151658035796756,0.1107241706656828,0.1928517505359429,0.1005599036583062,0.0976308376390622,0.1369056580911229,0.0017745959801028
0.0509485938559405,0.0614323663823712,0.0679556849777342,0.1826686929917672,0.094001180492457,0.1637247956017795,0.1786483383006399,0.0828853712370468,0.1162284025185377,0.0015065736417254
0.0420171523714059,0.0506630880946906,0.0560428493529424,0.1242072073059312,0.3321282945553899,0.0759832374264468,0.0704060749284718,0.1514564146441106,0.0958532145620165,0.0012424667585942
0.0361467751676478,0.0435847541135078,0.0482128883320939,0.1295989481949484,0.2857253791020367,0.1161587185844695,0.1267466053506045,0.1302958591635639,0.0824611950196659,0.0010688769714614
0.049504279310564,0.0596908529546634,0.0660292454663341,0.1774903155272408,0.0913363911039275,0.0895228542674765,0.1735839317294887,0.1784447595982521,0.1129335054538994,0.0014638645881532
0.0509485938559405,0.0614323663823712,0.0679556849777342,0.1826686929917672,0.094001180492457,0.1637247956017795,0.1786483383006399,0.0828853712370468,0.1162284025185377,0.0015065736417254
0.0505698596939318,0.0609756994944131,0.0674505260036409,0.1813107973340171,0.0933024083453336,0.162507722301629,0.0847374257841485,0.1822857858285258,0.1153644009181417,0.0014953742962182
0.0610065153126257,0.0735599222030341,0.0813710295498318,0.218729891695337,0.1125582478945947,0.1103233388256458,0.1022256161069291,0.0992480319253401,0.1391734154245445,0.0018039910621165
0.0518285696878757,0.0624934162293588,0.2195714610432018,0.1858237169662945,0.0956247536030444,0.0937260688505634,0.0868465841907791,0.0843169538969297,0.1182358805951643,0.001532594936788
0.0535758334215324,0.0646002171777055,0.2269737345988338,0.1583759077615389,0.0988484903377577,0.0968857964291368,0.0897743880615467,0.0871594779442597,0.1222218919287786,0.0015842623389093
0.0634419299286354,0.076496475926317,0.0846194070988509,0.1875411468364275,0.1170516368493677,0.1147275089456094,0.1063065205533086,0.1032100695261199,0.1447292969291349,0.0018760074062286
0.0535758334215324,0.0646002171777055,0.2269737345988338,0.1583759077615389,0.0988484903377577,0.0968857964291368,0.0897743880615467,0.0871594779442597,0.1222218919287786,0.0015842623389093
0.0483102971822838,0.0582511832404037,0.2046663182030038,0.1732094681412426,0.0891334700603636,0.1552465521226235,0.0809511880568883,0.0785932763492504,0.1102096886632321,0.0014285579807079
0.1500831443825417,0.1141114583329747,0.138427352358332,0.0965907250348864,0.2582822162379742,0.0590889703802876,0.0547518454983963,0.0531570570757146,0.0745410165181903,0.0009662141807018
0.0443846476050655,0.053517746557178,0.1880353245559791,0.1591346287169838,0.0818905676261641,0.1426313624580842,0.1556322351726672,0.0722068602005669,0.1012541524123636,0.0013124746949472
0.1526857248884162,0.0400817617460584,0.1408278106523649,0.1191828259616083,0.061331398124818,0.0601136277664092,0.1165597315188285,0.2324005234405488,0.0758336266728912,0.000982969228056
0.0535758334215324,0.0646002171777055,0.2269737345988338,0.1583759077615389,0.0988484903377577,0.0968857964291368,0.0897743880615467,0.0871594779442597,0.1222218919287786,0.0015842623389093
0.0484427548282884,0.0584108969051716,0.2052274743189208,0.1432019770935822,0.0893778570816206,0.0876032080701862,0.0811731408172043,0.1746183534029616,0.1105118626670921,0.0014324748149719
0.0570401617018015,0.0041152612929775,0.2416503430140942,0.1686168335882026,0.1052402456996329,0.1031506397939619,0.0955793925111924,0.0927953966981515,0.1301250215608545,0.0016867041391305
0.043675899722283,0.0031510734577283,0.1850327179034893,0.1291106423187895,0.0805829135260045,0.078982893202214,0.0731855562517404,0.3053494923708537,0.0996372945568331,0.0012915166900639
0.0017438394877533,0.0138786704750227,0.0214293273050209,0.1171000550999995,0.1578187942989104,0.1322808331245156,0.0415885466618885,0.038710245885901,0.0773043729698355,0.398145314691152
0.0373978896113691,0.0040233997800041,0.0743823872476151,0.1648529419800016,0.2033584180878378,0.100848094910162,0.1955434616688078,0.0907240031873182,0.1272203502641202,0.0016490532627637
0.0268764377692189,0.0012654538484493,0.0552576768253276,0.1246831552150145,0.1542315658257015,0.0755669854266616,0.0698866388920991,0.0677979393188026,0.0958045804052641,0.3286295664734603
0.0462019560356108,0.0033333201670638,0.0616245774827211,0.1365779356137412,0.1684790856536991,0.1484713362202201,0.1620045235269767,0.166541096094378,0.1053999558542209,0.0013662133513679
0.0410955022979552,0.049551788631772,0.0548135443356495,0.1214827108735046,0.1498579983562258,0.1320615978707852,0.068861711246811,0.2873092677013305,0.0937506655491593,0.0012152131368067
0.0416502839531384,0.0044808876927435,0.0828401704526569,0.1835978424271823,0.2264816529926482,0.112315209034265,0.1040712832291229,0.1010399392421463,0.1416861691443539,0.0018365618317424
0.0312414703874239,0.0033610700066229,0.0621376011505156,0.1377149448449689,0.1698816714725301,0.0842465391364258,0.0780628510682425,0.3256988559971842,0.1062774088794018,0.0013775870566839
0.0245580395191591,0.002642042420722,0.0488446172909449,0.1082538374776039,0.133539194854369,0.0662238304346126,0.275291186462178,0.2560226928417405,0.0835416763323921,0.0010828823662776
0.0236918634248791,0.0025488560740221,0.0471218397134161,0.1044356627383694,0.1288291911041911,0.2886768912321514,0.2655815089248691,0.0574743846566895,0.0805951136453037,0.0010446884861083
0.0362410675224508,0.0651621566223538,0.072081530448242,0.2283626222784494,0.1970679692829408,0.0977285792094165,0.0905553106648279,0.0879176541667499,0.1232850664051955,0.0015980433993732
0.0205153181403011,0.0009659460273615,0.0421792809560448,0.1366442372046166,0.1377035902715648,0.057681779119812,0.0533458579198244,0.2269849858661832,0.07312953685265,0.2508494676416413
0.038606207813665,0.0041533950080721,0.0767856670416222,0.2432658708823573,0.2099288871896804,0.1041064763325662,0.0964650707375445,0.0936552772665662,0.1313308138898499,0.0017023338380758
0.0254914871284031,0.0012002446442615,0.0524102326965198,0.1697884863422753,0.1462839684633395,0.0716729967295793,0.0662853601010189,0.0643042918231101,0.0908677425637061,0.3116951895077861
0.0283102665368754,0.0509024194983677,0.0563075946400167,0.1247939596415918,0.1797580202375446,0.0763421807035564,0.317352973469919,0.0686782259163764,0.0963060232093143,0.0012483361464373
0.0326795285654323,0.0587584390941634,0.0649978213766511,0.2059206129455912,0.2075009555126128,0.1565984512250882,0.0816561173257272,0.0792776727387585,0.1111694032407839,0.0014409979751911
0.0447472224632493,0.0539549290158729,0.1895713710227905,0.1890865759143019,0.1905377252698484,0.0809202584350516,0.0749807190582609,0.0727967126272455,0.102081289991062,0.0013231962023167
0.0348304345597345,0.0419975480222469,0.1475589515803209,0.1471815957720367,0.1483111443760037,0.2846048306116231,0.0583636454876165,0.0566636540940502,0.0794582433295633,0.0010299521668039
0.0011296144067952,0.0089902460781793,0.1247661880141506,0.1243523177672939,0.12559116595592,0.0320105846663272,0.2501002910959627,0.0250755025048973,0.0500757862339141,0.2579083032765593
0.0275016259099144,0.096044473787903,0.1165104925424191,0.1162125376530947,0.117104413495186,0.2247200094564392,0.0460831214203355,0.1922709678418171,0.0627391220101177,0.0008132358827728
0.131370892825917,0.0998841290575607,0.1211683360290609,0.1315388502717335,0.1217860006874894,0.2337038409511319,0.04792542731286,0.0465294758899466,0.0652472996380344,0.0008457473362653
0.0011296144067952,0.0089902460781793,0.1247661880141506,0.1243523177672939,0.12559116595592,0.0320105846663272,0.2501002910959627,0.0250755025048973,0.0500757862339141,0.2579083032765593
0.0008699181352159,0.0069234050631932,0.0960826711861735,0.1067495666339951,0.1083872898827593,0.0246514102091751,0.0207465372888533,0.1771236247294529,0.2598499174980263,0.1986156593731551
0.0330652797636376,0.0398691745393195,0.1400808826333965,0.1520700774683192,0.1407949554131314,0.059794794769627,0.0554058624437821,0.0537920240942305,0.3241491931569197,0.0009777557176363
0.0277744720671794,0.0334896689971937,0.117666403842914,0.1277371959073057,0.1292833974593882,0.0502269712811596,0.0465403163016673,0.1941785057779779,0.2722817642945348,0.0008213040706789
0.1745513764528706,0.0458217471773702,0.1609953269055047,0.1747745400679009,0.1618160126296846,0.0687223149241393,0.0636781034565777,0.0618233147960959,0.086693526371505,0.0011237372183508
0.1341747067172993,0.0352224062263863,0.1237543994746686,0.1343462488340396,0.135972450012077,0.0528256874122669,0.0489482869125759,0.0475225420711428,0.2863694744436829,0.0008637978958604
0.1142482535151805,0.0868654163280522,0.1053754791101619,0.1143943196980057,0.1157790117088968,0.0449804786255755,0.1869829825186217,0.173895457080224,0.0567430872233251,0.0007355141919562
0.1071118694175029,0.0814394692641061,0.0987933225321009,0.1072488117463325,0.1085470105834317,0.1905479574345108,0.0390754907855842,0.0379373165423565,0.2286091805395086,0.0006895711545653
0.1341747067172993,0.0352224062263863,0.1237543994746686,0.1343462488340396,0.135972450012077,0.0528256874122669,0.0489482869125759,0.0475225420711428,0.2863694744436829,0.0008637978958604
0.0238971122013837,0.0288144586754844,0.1012399893026299,0.1099048829984478,0.1112352323885891,0.0432152073075727,0.1796447836803578,0.1670708817956877,0.2342708029156782,0.0007066487341684
0.1083903422921325,0.0685610267638383,0.0954845747497181,0.0984169098722709,0.0991366553480681,0.0076378876371494,0.002835646364154,0.0010698316842323,0.2968867318623701,0.2215803934260659
0.1336712263131404,0.1016331223236544,0.1232900204826189,0.1338421247311063,0.135462223712639,0.0526274630293037,0.0487646121807238,0.2034588563326178,0.0663897943343836,0.0008605565598116
0.1119451454675826,0.0708095753937092,0.0986161163829382,0.1121645718059845,0.1023879717456581,0.2456370100694742,0.0029286450989728,0.0011049182148944,0.0255586333087804,0.2288474125120054
0.1360421557026783,0.1034357911800257,0.1254768182031261,0.1278773813722474,0.128466602729333,0.0535609174625016,0.0496295511461063,0.2070676104029271,0.0675673515312034,0.0008758202698507
0.097827725199162,0.0008465907258407,0.0876149942880329,0.0899354412858162,0.0905049980242792,0.0180992081120969,0.0142990468485193,0.1664827829978339,0.2469907174871863,0.1873984950312321
0.0010151985487749,0.0080796462198022,0.012475358044167,0.1149115179139931,0.1264884762602554,0.0287683114726632,0.2247682492729027,0.2067041017997214,0.0450037333160972,0.2317854071516226
0.0260793482619811,0.0314457368926322,0.0347848653080967,0.1125987680067412,0.1131175900077797,0.0471615328283324,0.1960495827933991,0.1823274575634181,0.2556639398671008,0.0007711784705182
0.0392802614285303,0.0473630227851998,0.0523923600134651,0.1695943088533009,0.1703757495408113,0.0710338816851393,0.2952864767830667,0.0639028244822182,0.089609578809137,0.0011615356191309
0.0319045560219564,0.0384696068423327,0.0425545789254349,0.1377493665020542,0.1383840750626851,0.2606970276754756,0.053460894779013,0.2230529891214028,0.0727834724934773,0.0009434325761677
0.038492523769908,0.0464131911059486,0.0513416685591377,0.1661932158128476,0.1669589852640895,0.31452832403111,0.0645000281973998,0.062621298863338,0.0878125225464216,0.0011382418497988
0.166825373634456,0.1268409370731814,0.1538693427127685,0.1253714173692788,0.1575356468674973,0.0656805239650446,0.0608595796684845,0.0590868877677629,0.082856292642985,0.0010739982985407
0.1639107483935941,0.124624884510469,0.1511810737744465,0.1540733986099682,0.1413620785719455,0.0645330119960259,0.0597962949703265,0.0580545739731643,0.0814087008490014,0.0010552343510585
0.0519744995797165,0.0626693743452403,0.06932404710327,0.2244022573591104,0.2058886856700268,0.0939899664493663,0.0870911117305901,0.0845543589427688,0.1185687886682765,0.001536910151634
0.1564240636589848,0.1189325963014218,0.1442758216888961,0.1175546989306353,0.1477135373193082,0.0615854425381105,0.1194135658490669,0.0554029095948439,0.0776903279913102,0.001007036127422
0.2090891236714573,0.0548883037023673,0.0607167279239082,0.1571331699734724,0.1803254113513578,0.0823201105380105,0.0762778221482037,0.0740560342511567,0.103847210061392,0.0013460863786738
0.0519744995797165,0.0626693743452403,0.06932404710327,0.2244022573591104,0.2058886856700268,0.0939899664493663,0.0870911117305901,0.0845543589427688,0.1185687886682765,0.001536910151634
0.114417304212163,0.0869939492265614,0.1055314009526438,0.0859860780655736,0.1080459383318622,0.0800492542320412,0.1872596572383313,0.1741527664684816,0.0568270487557678,0.0007366025165736
0.1166930328209233,0.0887242348717889,0.1076303913975258,0.0876963174315184,0.1006399509251137,0.2075924841176546,0.1909842001488487,0.0413308118744454,0.0579573230748089,0.000751253337372
0.1691357508392191,0.1285975667947895,0.1560002908663414,0.1271076956014709,0.1458682943844889,0.0665901385042467,0.0617024285858538,0.0599051865410547,0.0840037757004064,0.0010888721821283
0.1197298205595297,0.0910331702217628,0.1104313354213135,0.0899785025376821,0.1032589776278676,0.0471386167299821,0.1959543210143302,0.1822388634550649,0.0594655886826291,0.0007708037498377
0.1691357508392191,0.1285975667947895,0.1560002908663414,0.1271076956014709,0.1458682943844889,0.0665901385042467,0.0617024285858538,0.0599051865410547,0.0840037757004064,0.0010888721821283
0.1893774539869225,0.1439877711700403,0.0549927186395112,0.142319596275264,0.1633254121076332,0.0745594637916529,0.0690868061448862,0.0670744750974671,0.0940571173657665,0.0012191854208556
0.2036802947668982,0.1548625301339606,0.0591460752413655,0.1530683653739134,0.1001350842024819,0.0801906100384813,0.0743046267855396,0.0721403132821212,0.1011608350765292,0.0013112650987088
0.1893774539869225,0.1439877711700403,0.0549927186395112,0.142319596275264,0.1633254121076332,0.0745594637916529,0.0690868061448862,0.0670744750974671,0.0940571173657665,0.0012191854208556
0.1783269390468306,0.1355858258327937,0.051783794630193,0.1106268356000026,0.0876706461833307,0.0702087850217725,0.1361341418987494,0.139946272573741,0.0885687154531283,0.0011480437594579
0.164539846195024,0.1251032011652179,0.0477802044345588,0.1236538140558534,0.0808925152639745,0.0647806929831742,0.0600257961962568,0.2504434937221302,0.0817211515895617,0.0010592843942482
0.1931587733126466,0.1468627899768241,0.0560907639737782,0.1198279069565856,0.0949624019949788,0.0760482003620076,0.1474567106668428,0.0684137581198609,0.0959351656134826,0.0012435290229923
0.05998320178548,0.0723260398371851,0.080006124919082,0.2070535823601043,0.1354514229861113,0.1084727927913143,0.1005108999778901,0.0975832613169659,0.1368389428211974,0.0017737312046693
0.0368304563838497,0.1286237335327843,0.0491247883834432,0.1271335591838918,0.0831689135945383,0.3009473161323144,0.1291438945387453,0.0599173759110391,0.0840208685960507,0.001089093743343
0.0381609459699232,0.1332702287106803,0.0508994071576731,0.1317262222443692,0.0861733665469895,0.1226313153325181,0.2868721051327588,0.0620818737886556,0.0870560981765594,0.0011284369398723
0.055411764802869,0.0668139310554638,0.0739087018505618,0.1578927513408692,0.125128405441958,0.1002058693558709,0.0928507679469643,0.1997390768408337,0.1264101796799533,0.0016385516846557
0.0572276774059877,0.0690035068594317,0.0763307821370866,0.1630670936149512,0.1292290192603151,0.1839028141297259,0.0958936033506729,0.0931004553382034,0.1305527988378157,0.0016922490658096
0.05998320178548,0.0723260398371851,0.080006124919082,0.2070535823601043,0.1354514229861113,0.1084727927913143,0.1005108999778901,0.0975832613169659,0.1368389428211974,0.0017737312046693
0.0579587991427075,0.0698850726692219,0.0313403709806857,0.1651503844645838,0.1308800061477598,0.1048118910411713,0.0971187080727235,0.2089202009131518,0.1322206978920232,0.001713868675971
0.0348580024194368,0.042030788563927,0.0188489538021812,0.4375666249148836,0.207988657482228,0.0630367296344957,0.058409839593744,0.0567085026779404,0.079521133549912,0.0010307673612508
0.0510546739587354,0.0615602747552539,0.0276070664995143,0.1762335591419229,0.3046299947741466,0.0923265665137367,0.0855498051941673,0.0830579469262971,0.1164704017564699,0.0015097104797554
0.0405615148575976,0.141653783063559,0.0219330445416182,0.115577787536701,0.242020036580555,0.1303456136225515,0.0679669347659027,0.1462093756036234,0.0925324865483176,0.0011994228795735
0.0440992517691311,0.1540086918671793,0.0238460239145436,0.1256583727061027,0.263128794962673,0.1417142345970862,0.073894946447155,0.0717425659380439,0.100603082390885,0.0013040354071998
0.0511765911338262,0.1787250245424593,0.0276729914246815,0.1458248588023347,0.1155647228943547,0.0925470398475648,0.0857540958059783,0.1844728300081498,0.1167485299132635,0.0015133156273869
0.0526687570484086,0.0635064902684194,0.0284798582683613,0.1818051471198191,0.2086388758383109,0.1692525903017643,0.0882544448124782,0.0856838069544125,0.1201525897197993,0.0015574396682259
0.0540196538835591,0.0651353632763066,0.0292103359282936,0.1539260084658953,0.1219848019102659,0.1735937367687205,0.1894168351173898,0.0878815042255286,0.1232343741074284,0.001597386316612
0.0523987416679125,0.0631809133971437,0.0283338514096892,0.1493073089835571,0.1183245293737965,0.0947571599761611,0.1837331988883853,0.188878234172904,0.1195366069427431,0.0015494551877069
0.0518004423291219,0.0624595010596248,0.069091888003395,0.1476024881921033,0.1169734761722573,0.1664622355701851,0.1816352963832928,0.0842711950958366,0.1181717139964891,0.0015317631976937
0.0214396132772121,0.1307492163841181,0.0012969185601455,0.1025536206947316,0.0766205429009401,0.1185218568105471,0.1313686363991703,0.1356751125115715,0.0776350710447513,0.2041394114168121
0.0234569620409055,0.0333309989748176,0.0014189514074778,0.1122033479190885,0.2617881276501803,0.0622477174973269,0.1437296968717317,0.0535362983309819,0.0849401008774416,0.2233477984300479
0.0447079965004832,0.0539076314648714,0.0241751937040372,0.1273929570644852,0.2667610168524932,0.1436704535851132,0.0749149900424237,0.1611559202306326,0.1019918042831256,0.0013220362723343
0.0078993796740891,0.0344126724140703,0.0014649998937598,0.1158446243576075,0.0865506059201607,0.1338823523476955,0.148394081388243,0.1532586790900749,0.0876966174497768,0.2305959874645221
0.0469866425021851,0.0566551580487863,0.0626711992301159,0.1338858325002438,0.1061031655332756,0.1509929491172241,0.1647559818643131,0.1693696028383994,0.1071900514699257,0.0013894168955306
0.0365866440150795,0.0657835099951187,0.0295010011281945,0.1554576900641664,0.1231986440557022,0.175321127317165,0.0914188003131135,0.1966586511257262,0.1244606504526415,0.0016132815330921
0.0280957482275369,0.0505167113328226,0.0226545156701559,0.1193796325860633,0.2499811050309101,0.1346332352877407,0.1469050773634469,0.1510188238778645,0.0955762736235564,0.0012388769999022
0.0201809573776531,0.0286759840635966,0.0012207803306043,0.0965330027834117,0.2252267380946816,0.1115637912721244,0.1236563746581164,0.1277100303723557,0.0730773470354747,0.1921549940119811
0.0413254639051162,0.0498290698015907,0.0223461387898379,0.1177546179882496,0.2465783223614293,0.1328005862172575,0.144905382021476,0.1489631315622656,0.0942752741441775,0.0012220132085994
0.0377576434502968,0.131861767320007,0.0204168921818949,0.1075883114303235,0.2252900632808764,0.1213352908970209,0.1323950231014486,0.1361024481583946,0.0861360490831454,0.0011165110965914
0.0450037599736029,0.0542642546544061,0.0243351234663376,0.1282357186816821,0.2685257607688615,0.1446208981512561,0.1578031173794129,0.0732140589202954,0.1026665258682048,0.0013307821359404
0.0014478987502343,0.0115233711455795,0.0177926331185878,0.0920047568101131,0.2446411434300757,0.1098319279417691,0.1241742595904237,0.1289820721799513,0.0641853254251471,0.2054166116081178
0.0360184209125733,0.0434299882008945,0.048041688291754,0.1026324932452836,0.2149125735919595,0.1549236726321598,0.165482366374107,0.1513253332436644,0.0821683820312259,0.0010650814763777
0.0395477936446389,0.0476856055274349,0.0213848896565093,0.1126892451490676,0.2359714250850501,0.170104332191517,0.1386720826495896,0.1425552826511487,0.0902198967737205,0.0011694466713229
0.0074954653618969,0.032653069574063,0.0013900909200349,0.1099212096466978,0.082125064940693,0.178169034133161,0.1408063345283316,0.1454221936309451,0.0832124781400798,0.2188050591240963
0.0066732771455514,0.0290713081042839,0.0012376098773085,0.0978637964062352,0.2283316897495913,0.1131017977329415,0.1253610881765151,0.1294706271536602,0.0740847835038696,0.1948040221500428
0.0014719786810364,0.1255363651046999,0.0180885414990693,0.0935348832620454,0.0641013175631813,0.1116585371741295,0.1803955370273332,0.1311271664914868,0.0652527883223275,0.2088328848746902
0.0426288566948468,0.051400663781697,0.0568587459883001,0.1214685634722196,0.0962626056581352,0.1833567067058819,0.1958532301793227,0.1536613842439474,0.0972486881354041,0.0012605551402447
0.0016071918826058,0.0127911351276686,0.0197501210037997,0.1021268222535642,0.0699895443997492,0.1810334232098491,0.1378355095686226,0.1756035833484718,0.0712467871037364,0.228015882101932
0.0017691572824788,0.0140801668470323,0.0217404472868908,0.1124186933008728,0.0770427685158747,0.1342013418655339,0.1517259377530835,0.1576005036743398,0.0784267103523628,0.2509942731215301
0.0435401986530172,0.0524995340121934,0.0580743019502866,0.1240653818500461,0.0983205579078767,0.1399177010671303,0.20004028280387,0.1829268164380626,0.0993277213712527,0.001287503946264
0.0015562375444523,0.012385605562894,0.0191239640681582,0.1305929525352057,0.0677705990758266,0.1752939478160554,0.1334655788589596,0.1700362553500266,0.0689879822144605,0.2207868769739605
0.0017081760789054,0.0135948366113599,0.0209910743199367,0.1085437256597618,0.0743871760497567,0.1295755466187341,0.1464960860100383,0.1866372296253682,0.0757234147002701,0.2423427343258682
0.0014719588585693,0.0117148579868398,0.0180882979089117,0.1235206373449679,0.0641004543399055,0.1658008317954031,0.1803931077227209,0.1608278718327082,0.0652519095927189,0.2088300726172541
0.0225063992414757,0.0010596943605183,0.0462729230140607,0.1221758973847123,0.0793980490332768,0.1526143049257296,0.1631195934514805,0.1490341657140446,0.0802270060592779,0.1835919668154232
0.0230029944721986,0.0010830761178492,0.0472939176491351,0.1028070388616217,0.0811499371098895,0.1559816821393418,0.1667187659035617,0.152322548503059,0.0819971847607555,0.1876428544825876
0.0296835896726021,0.0031934675833198,0.0590390603553088,0.126126416006162,0.0999539065912461,0.1903877316602575,0.2033634487774063,0.1859656852274569,0.1009778015414226,0.0013088925848174
0.0434961211763186,0.0676298538207725,0.0527627359685093,0.1365484643638149,0.1567024836955692,0.1701479928165944,0.1387076755691306,0.1425918722704044,0.0902430534860559,0.0011697468328297
0.0234194687883322,0.0011026854511491,0.0481501845162168,0.1271324917321668,0.0826191747173227,0.1588057650854503,0.1291679157360944,0.155080382023222,0.0834817619747959,0.1910401699752492
0.0289441012461996,0.0031139107526263,0.0575682577226094,0.148985018381425,0.0974638183669714,0.1856447229593338,0.1972088397616741,0.1813328401622032,0.0984622056722215,0.0012762849747355
0.0012552429256511,0.0453612208676786,0.0294074743089204,0.1193170512250792,0.0686452787609385,0.1553723490142084,0.1678162098057513,0.1511315560216743,0.0696272057026349,0.1920664113674628
0.0417014327998068,0.0648393863198815,0.050585698881184,0.1309143541214125,0.1502368008150441,0.1631275363543523,0.1742453575883837,0.136708405680099,0.0865195453944761,0.0011214820453597
0.0208265181987743,0.0009805986132069,0.0428191050431055,0.1130566699290214,0.1299517816340525,0.1412231501284165,0.1509443223300423,0.1560703692775789,0.0742388501954422,0.169888634650359
0.0202617981324931,0.0009540092568603,0.0416580464538946,0.1379200484740638,0.126428082759506,0.1373938232126167,0.1460378758303586,0.1518384535804004,0.0722258316004532,0.1652820306993529
0.0289126343393109,0.0031105254293482,0.0575056717404055,0.148823047634386,0.0973578594749857,0.1854428972000176,0.1980816032472426,0.1811357021150167,0.0983551613721899,0.0012748974470965
0.0252263575573811,0.0027139424844929,0.0501738658565773,0.1624130331265388,0.1490136789158643,0.1720632739611338,0.1728267749805235,0.1786415570100737,0.0858151643766099,0.0011123517308045
0.0206568858193821,0.0009726116192025,0.0424703426334419,0.1121358212425929,0.1288933219474911,0.1490472924391155,0.1488854891656959,0.1547991732072375,0.0736341733751595,0.1685048885506807
0.0011446513889246,0.0091099206935207,0.1264270263747872,0.1295644371659354,0.1157760022822593,0.1394948946542225,0.1402805656592541,0.125065891481533,0.0507423753799004,0.1623942349196624
0.0199865399201805,0.0009410489617841,0.1334670426171921,0.1084968512361344,0.124710546743259,0.1009122424693487,0.1448564131162136,0.1323480166931959,0.0712446376728893,0.163036660569802
0.019317851071358,0.0009095643251509,0.1290016412300654,0.104866876520966,0.120538111080517,0.1309929848076738,0.1400099580260338,0.1279200545106493,0.0688610087435937,0.1575819496839917
0.0198304835895745,0.0009337011843057,0.0407712682347231,0.1349841331975461,0.1356122948168505,0.1430844858527082,0.1437253639007939,0.1486062560836503,0.0706883544555344,0.1617636586843129
0.0012918692638598,0.0279451813742751,0.0115259254665173,0.1418788762300408,0.142748000851875,0.1530865268119671,0.1528716119666211,0.1368017558438873,0.0529192157424088,0.1789310364485473
0.001304929263827,0.0282276898896821,0.0116424454507187,0.1051109172649246,0.1441910949315968,0.158560463728975,0.1544170494989861,0.1623512949989136,0.0534541963129643,0.1807399186594115
0.0013119810244268,0.0283802306571433,0.0117053605376819,0.144087639971143,0.1282835575238904,0.1554697707356453,0.1563702942138129,0.1389314792111429,0.0537430596298517,0.1817166264952614
0.0208409245275011,0.0424503218557356,0.0010473938887306,0.1348230247683306,0.1355276748772237,0.1439097218939093,0.1437354778725443,0.1501038539053882,0.062698230607725,0.1648633758029111
0.0208409245275011,0.0424503218557356,0.0010473938887306,0.1348230247683306,0.1355276748772237,0.1439097218939093,0.1437354778725443,0.1501038539053882,0.062698230607725,0.1648633758029111
0.001083254692354,0.0391460125778703,0.0253781828875037,0.1346813837043553,0.1354101597122536,0.1440791923083488,0.1438989824982772,0.1504853997902605,0.0600871717749425,0.1657502600538338
0.0198462853646694,0.0009344451972317,0.0408037565201483,0.1350916943119553,0.1357203564772291,0.1431985016735933,0.1430430477506109,0.1487246718865591,0.070744681951225,0.1618925588667775
0.0198462853646694,0.0009344451972317,0.0408037565201483,0.1350916943119553,0.1357203564772291,0.1431985016735933,0.1430430477506109,0.1487246718865591,0.070744681951225,0.1618925588667775
0.0010921497346961,0.0208576703707256,0.0255865734100117,0.146185688562029,0.1365220672928874,0.1452622848213455,0.1450805952356473,0.1517210962635315,0.0605805718413584,0.1671113024677673
0.0010885725691683,0.020789354335782,0.0255027685932658,0.1457068802181174,0.1360749106280258,0.1480618444356219,0.1446054064519723,0.1512241575580195,0.0603821496595299,0.1665639555504967
0.0010794983149205,0.0206160559336034,0.0252901795451906,0.1444922792680168,0.1465245618653997,0.1435795722001196,0.1433999872994701,0.1499635650233831,0.059878808868513,0.1651754916813829
0.0010794983149205,0.0206160559336034,0.0252901795451906,0.1444922792680168,0.1465245618653997,0.1435795722001196,0.1433999872994701,0.149963565023383,0.059878808868513,0.1651754916813829
0.0194215484999702,0.0009144468289722,0.0399305019390585,0.1409070209310323,0.1426285746852771,0.1401338635555337,0.142863782275066,0.1455417663866231,0.0692306518013012,0.1584278430971653
0.0194240856578998,0.000914566288861,0.0399357183094023,0.1409254284934102,0.1426472071449519,0.1429039561045267,0.1400000232396744,0.145560779414687,0.0692396958328411,0.1584485395137451
0.0012059005409397,0.0095973834466362,0.014818816508389,0.1479787061998318,0.1502489558608579,0.1469591270752661,0.1505591291271136,0.1540906439035215,0.0534575491815673,0.1710837881558765
0.0010747761727171,0.0085538058062697,0.118709291623496,0.131888146736498,0.1339115393455505,0.1342132645102344,0.1341879857228992,0.1373354989766238,0.0476448083085086,0.1524808827972023
0.0010819398971046,0.0086108196374434,0.1195005267373923,0.1327672231034567,0.1348041022665909,0.13185245169763,0.1316724606163614,0.138250883675569,0.047962376081115,0.1534972162873363
0.0011095921858378,0.0088308955136364,0.122554728803465,0.1221481943355081,0.1233650841531926,0.1385609332591103,0.1350377537430027,0.1417843085573372,0.0491882015408019,0.1574203079081074
0.0010782630947502,0.0085815571229529,0.1190944230164336,0.1323160346041612,0.1343459917542309,0.1314043719048973,0.1346233350131709,0.1377810598193959,0.0477993834992047,0.1529755801708021
0.0010904982337748,0.0086789327495122,0.1204457971196159,0.1338174354092616,0.1212422078089547,0.1361765655146192,0.1361509169436509,0.1393444727100504,0.0483417669909992,0.1547114065195606
0.001221224329065,0.009719340660768,0.015007124247487,0.1498591219255652,0.1357764087093642,0.1525010584192352,0.1524723351642109,0.1560487260994375,0.0541368524321609,0.1732578080127059
0.0011152909398516,0.0212996167575456,0.0261287189837346,0.14928316952306,0.1364220414856066,0.1516959349461903,0.1516697032495812,0.1298691608105779,0.0618641938547906,0.1706521694490612
0.0010880179163968,0.0207787616813948,0.025489774345861,0.1456326392100008,0.1330860137243813,0.1479864035190499,0.1479608132852657,0.1511471053701483,0.060351383564914,0.1664790873825869
0.0012759226729856,0.0101546675908755,0.0156792897324124,0.1404584969199782,0.1418578013930326,0.1593315441401207,0.1593015343774135,0.1343611305891339,0.0565616290294158,0.1810179835546314
0.0012015409120797,0.0095626865305685,0.0147652428197401,0.1474437265590402,0.14970576870576,0.1500430809190138,0.1500148206189047,0.1535335680955095,0.0532642869130073,0.1704652779263757
0.0012739154668779,0.010138692868236,0.0156546240008739,0.1402375359175058,0.1416346390874997,0.1590808931756672,0.1319922040124442,0.1627816290860079,0.0564726496189431,0.1807332167659439
0.0012403530916704,0.00987158047106,0.0152421897553448,0.1365428599982519,0.1379031553093148,0.1548897731493193,0.1548605999848774,0.1584930100572567,0.0549848301326801,0.1759716480502241
0.0012730060287664,0.0101314549361007,0.0156434482894095,0.140137421456896,0.1152080096855636,0.1589673265923027,0.158937385429208,0.1626654205767346,0.0564323342438988,0.1806041927611194
0.0012682225875489,0.0100933850306653,0.0155846665447521,0.1396108417685418,0.1410017015574295,0.135900989921133,0.1583401630883295,0.162054189789249,0.0562202843811975,0.1799255553311531
0.0011323193293988,0.0090117737071497,0.1250649473784962,0.1246500860970184,0.1258919007744283,0.1413989977861711,0.1173212256379397,0.1446883956412336,0.0501956954040384,0.1606446582441255
0.0366660841006607,0.0442109220648489,0.0489055471787292,0.1549384277532276,0.1337057746866731,0.1517667885635517,0.1709505629912861,0.1741257713609589,0.0836458881216651,0.0010842331783982
0.0396278156782675,0.0477820938211537,0.0528559309448748,0.1171440718667415,0.1445059630545048,0.1847867893179852,0.1598692199349946,0.1618538523634193,0.0904024500579433,0.0011718129601151
0.0013810071198065,0.0109910016799469,0.0169706293433148,0.1520265987827571,0.1249821902168679,0.1479868254298787,0.1430881233798604,0.1454270559630808,0.0612200206574407,0.1959265474270457
0.0013829413254643,0.011006395414946,0.0169943980023038,0.0928654882225272,0.1537561954494249,0.1481940922505346,0.1726630302641211,0.1456307376316298,0.0613057639592873,0.1962009574797604
0.0013519833866494,0.0107600109085648,0.1493268963249767,0.0907866407331406,0.0399869231418612,0.144876682063892,0.168797868794078,0.1423707096158658,0.0599333990912289,0.1918088859397423
0.0415266345573241,0.002996010998615,0.0553885923553114,0.122757184056322,0.1514301562276004,0.1391187164236836,0.1936122095072604,0.1972083316687864,0.094734202286647,0.0012279619184492
0.0338460556551669,0.0010453507572128,0.0456465910487059,0.102996747669157,0.1274057400983691,0.1448190557101631,0.1411109923527025,0.1428814429983746,0.0791410850690614,0.1811069386410864
0.0338460556551669,0.0010453507572128,0.0456465910487059,0.102996747669157,0.1274057400983691,0.1448190557101631,0.1411109923527025,0.1428814429983746,0.0791410850690614,0.1811069386410864
0.0348172448087014,0.0010753463740547,0.0469563884021698,0.105952168094058,0.1310615596757586,0.1202802300973502,0.1451600746627269,0.1469813271649422,0.0814119837581467,0.1863036769620911
0.0015558698309971,0.0123826790470593,0.0191194453885197,0.1044777596892888,0.0460171685282369,0.1667248732965558,0.1612058990484469,0.1988099150379116,0.068971681483638,0.2207347086493455
0.0338460556551669,0.0010453507572128,0.0456465910487059,0.102996747669157,0.1274057400983691,0.1448190557101631,0.1411109923527025,0.1428814429983746,0.0791410850690614,0.1811069386410864
0.0372582045259912,0.0011507365203924,0.0502483965202408,0.1133802393184784,0.0701422152161408,0.1287128099314848,0.1553369251503895,0.1572858616212055,0.087119597153467,0.1993650140422092
0.0350906753618401,0.0010837914005205,0.0473251513908768,0.1067842431214583,0.1320908264932297,0.1501444812922474,0.1095270998113083,0.1481356168225123,0.0820513371553904,0.1877667771506157
0.032392283278773,0.0010004503389791,0.0436859562905749,0.1415252711420235,0.1219333462857462,0.1385987166280597,0.1350499238259016,0.1367443292074321,0.075741778382237,0.1733279446202727
0.0388572621747074,0.001200124140059,0.0524049707248664,0.1182463229422615,0.0731525976853503,0.1342369409471144,0.1620037171080242,0.1211180294403537,0.0908586194695892,0.2079214153676735
0.0191215606918822,0.0009003221622477,0.0393137301223018,0.0887073108486784,0.2393720763681463,0.1247273266623785,0.140657089389587,0.1230585320934366,0.0681613059926283,0.1559807456687129
0.0338460556551669,0.0010453507572128,0.0456465910487059,0.102996747669157,0.1274057400983691,0.1448190557101631,0.1411109923527025,0.1428814429983746,0.0791410850690614,0.1811069386410864
0.0016122484310377,0.0128313786075994,0.0198122588508566,0.1082636225611795,0.0476846496296569,0.172766326611704,0.167047366455025,0.1697779391896019,0.0714709438043206,0.2287332658590177
0.0363676644899816,0.0011232317880698,0.0490473668566846,0.1345720923250654,0.0684656864714236,0.1256363355857787,0.1516240851819323,0.1535264384645089,0.0850372775631048,0.19459982127345
0.0372582045259912,0.0011507365203924,0.0502483965202408,0.1133802393184784,0.0701422152161408,0.1287128099314848,0.1553369251503895,0.1572858616212055,0.087119597153467,0.1993650140422092
0.0251824635134652,0.0011856945343793,0.0517748833547557,0.1420556256015628,0.0722730527251153,0.1326229528096698,0.1600558771484017,0.1196617755852811,0.0897661874387797,0.2054214872885889
0.0258342892074334,0.0012163851839376,0.053115030209522,0.119848497735405,0.0741437764818501,0.1360557801105036,0.1641987813221797,0.1227591143293891,0.0920897054453034,0.2107386399744756
0.0015095528190382,0.0545513202556384,0.0353653741731285,0.1503052216734543,0.0614623734094003,0.1382961270953801,0.1220030117689204,0.1217947592895718,0.0837335487038453,0.2309787108116222
0.0075574347314153,0.0568054444301989,0.0014015836097784,0.1457106467569791,0.0632221916313946,0.134560490289031,0.1669883509281849,0.1192393658051043,0.0839004440711372,0.2206140477467758
0.0079347780837502,0.0596417450525596,0.0014715647974019,0.1529859916156788,0.0663788809816816,0.1412791068966505,0.1253960091659567,0.1251929973774879,0.0880896003064644,0.2316293257223679
0.0215061677470971,0.0010125993249049,0.017058762222021,0.1213174442592748,0.269223632489884,0.1132618128768464,0.1023324850838097,0.1021927905217257,0.0766615499728014,0.1754327555016347
0.0412355174075827,0.0011536219498845,0.0194345009454083,0.1382130751613271,0.0703180942404369,0.1290355525673626,0.1557264267757434,0.1576802501330635,0.0873380463384151,0.1998649144807751
0.029098759226703,0.0013700899339682,0.0230812304842721,0.1641476594999638,0.083512725381392,0.0809638305738788,0.1384602026516737,0.1382711899705133,0.1037263361300395,0.237367976147595
0.0271371701268779,0.001277730206211,0.0215252916287435,0.1530822303135038,0.0778830127696427,0.14291737705489,0.1291264017784097,0.1289501307132133,0.0967339950225615,0.2213666603859462
0.001906694680117,0.0412448303801581,0.0429944652364905,0.1216166435382839,0.0499740832529922,0.1470217039515653,0.1911361106390301,0.0619132242582874,0.0781044877796309,0.2640877562834443
0.0536392230151338,0.083400834682895,0.0263785195601917,0.1749031305167051,0.0900050275234496,0.1634272563381237,0.1478575778542064,0.1476585720728092,0.111287331849274,0.0014425265872111
0.0286690522628967,0.0583952259053065,0.0014408089284251,0.1497885672673068,0.0649915549394274,0.1383263577492488,0.1227752185389094,0.1225764497195425,0.0862485178002582,0.2267882468886783
