0.0445347638016348,0.060921843177537,0.0666670712356234,0.0694406240011964,0.4554550540063046,0.1463299919511971,0.0717756952291792,0.0569565035879727,0.0019408745014867,0.0259775785078677
0.014816035552201,0.0266606468498188,0.0308133083218973,0.3338113208193737,0.3118299817307978,0.0883938148334162,0.104090446818636,0.0237944920565179,0.0643870853360277,0.0014028676813132
0.0029314120124621,0.0276817404313756,0.0597373053057603,0.0405481346360907,0.048889239796353,0.1566784751947438,0.1894779303176949,0.2040660644318897,0.1065143605273517,0.1634753373462776
0.0678501677616969,0.0591394788564249,0.0933642098841271,0.0965615512503932,0.2155985357790135,0.0934381963177564,0.0992534127224662,0.0821699034281093,0.0022374329442593,0.1903871110557529
0.0419776481811013,0.0020577177093119,0.0499438957215273,0.4779690737028906,0.0423290478544974,0.1179921813920329,0.0389496175618211,0.0232382910157512,0.0827792578302076,0.1227632690308585
0.0697468013556886,0.0402238350351112,0.0756382759914869,0.0656765325521344,0.3683414580909359,0.1259636954569111,0.0675074075257354,0.0558880244509326,0.0015217944999228,0.1294921750411406
0.0197915324845836,0.0124958387002498,0.0561060813049178,0.4459112949912517,0.0491711916005422,0.0412229511611033,0.1390459311661014,0.1483717506854295,0.086009451484229,0.0018739764215912
0.0654691316560426,0.0895592528453589,0.1207597456043079,0.1020824400295842,0.1102010488319627,0.0980994777542318,0.1055151535459727,0.0837299339607582,0.0028532175186033,0.2217305982531773
0.0418057443638706,0.0752271539071312,0.0869445329131244,0.0926011872040879,0.1038645323559649,0.2494168708797495,0.0973635594385118,0.0671398532136458,0.1816781567787753,0.003958408945138
0.0850273759005485,0.0790623060614537,0.1147187015361805,0.1046888986055382,0.1090486305825656,0.1653879486125664,0.1065322822750394,0.0948335145718342,0.1391681503229329,0.0015321915313404
0.0728831226901396,0.0605171652311892,0.134435070884226,0.1136426711793466,0.1226806642983891,0.239475543288606,0.1174641191510328,0.0932118525988726,0.0031763274876249,0.0425134631905728
0.0227693922990701,0.0046533084990176,0.1129427780026954,0.0824819862113452,0.0957226140618287,0.0759861785533872,0.0880803939304742,0.0525509094842746,0.187196437227767,0.2776160017301396
0.0451434532166041,0.0374840390556605,0.0832684318279624,0.1645978078501006,0.075987809316045,0.0676433163622495,0.4398401372351861,0.0577349700687219,0.0019674018626758,0.026332633204794
0.0839228357407503,0.0780352545824892,0.1132284589927105,0.103328947277273,0.107632044564548,0.101217862166562,0.1801604207425695,0.0936015886864356,0.1373602995058466,0.0015122877408147
0.0954467081086534,0.0244147003228091,0.1096215463568158,0.0856536757214225,0.2804505562984654,0.0805424928380365,0.0900587454548486,0.0621026078474689,0.1680475423290039,0.0036614247224755
0.1044174093603573,0.0758866685416722,0.1101108797944804,0.1709052592216249,0.1046685544121384,0.0984309770990888,0.1022532784170237,0.182518634754376,0.0493376892786468,0.0014706491205911
0.0850922613956228,0.0421615910958521,0.0936593190693848,0.1851376117590936,0.1969057868526415,0.0760843792900127,0.081835858324836,0.0649395919248228,0.0022129096795621,0.1719706906081713
0.0812087406676775,0.02077271292308,0.0932690912665782,0.2220484603381388,0.2386152120680958,0.0685278156074969,0.0766245106764046,0.0528386434211066,0.1429795700161961,0.0031152430152254
0.0816395968382766,0.074897514341867,0.1151985277918106,0.186787470627514,0.1959969911518004,0.1014447582120255,0.1059457419070463,0.0927230875058515,0.0436345361403266,0.0017317754834811
0.0499207930923701,0.0414508156694511,0.0747297792810049,0.0778387652039493,0.1935862775321129,0.0748017211709355,0.0804562396818042,0.3759207008137508,0.002175603643898,0.0291193039107229
0.0433984185465787,0.0111010573784524,0.049843539340305,0.1186639755788436,0.0436827196972046,0.0366216591879822,0.3515724043172734,0.2670423167744513,0.0764091053765406,0.0016648038023679
0.078172651344567,0.072688472633431,0.105470326032153,0.163702564581797,0.1711938191646293,0.0942826654884714,0.0979438783218279,0.0871882401624967,0.1279487127320925,0.0014086695385338
0.1062704107667814,0.0772333606727829,0.112064918075756,0.1739381604173443,0.1818978099480929,0.1001777427018519,0.104067874947228,0.0926397344026498,0.0502132406659402,0.0014967474015723
0.0879586575060434,0.0435818356485784,0.0968143028890878,0.1913741099028147,0.2035387047266841,0.0786473381923117,0.1980541166798885,0.0671271303760596,0.0022874531879161,0.0306163508906153
0.0830713048044771,0.0603731179660441,0.0876008561573176,0.1359670094140246,0.1421890468328573,0.0783086819610875,0.2996521787450713,0.0724162404006994,0.0392515601519135,0.0011700035665072
0.1062704107667814,0.0772333606727829,0.112064918075756,0.1739381604173443,0.1818978099480929,0.1001777427018519,0.104067874947228,0.0926397344026498,0.0502132406659402,0.0014967474015723
0.0750066315739372,0.0697445640222218,0.1011987408717532,0.1570725533559491,0.2047607598966111,0.0904641845001721,0.0939771169309132,0.0836570858857387,0.1227667450340685,0.0013516179286348
0.0654152727406863,0.0475413740912079,0.0689821101442448,0.1070684880355284,0.139575148571338,0.0616649010209374,0.2359638992800954,0.1891835381940325,0.0836839377154181,0.0009213302065109
0.0992158412996742,0.0491595553167776,0.1092048558190232,0.2158666793621707,0.229588131505036,0.0887128344835648,0.0954189417346619,0.0757182397177454,0.0025802075532716,0.0345347132080741
0.0787024431345324,0.0906403063269263,0.0741536403264231,0.1714100634351885,0.167925695838265,0.0741902947532674,0.0770712746009827,0.2276105568760374,0.0371872536258894,0.0011084710824871
0.0780127992757322,0.0898460548637121,0.0822665302280746,0.169908052914593,0.1664542176953101,0.0735401893801507,0.076395924140418,0.2256160797480613,0.0368613938422877,0.0010987579116597
0.0630915133637584,0.0312606404440686,0.0694435437934027,0.2003172697629697,0.2116906996388639,0.0564126344043317,0.060677058811856,0.2835052018597967,0.001640758140999,0.0219606797799529
0.1024838859378008,0.0744814560202743,0.0965605756875339,0.167740563566299,0.2332103762218968,0.0966083059478691,0.1003598287512674,0.0893388846935466,0.0377727064324487,0.0014434167410632
0.0618220133606679,0.0449299275400427,0.065192924470253,0.101187218527364,0.1319082889709882,0.2756693289515592,0.0605407046889379,0.1787916909284018,0.079087181001664,0.0008707215601209
0.0692322374009687,0.0797336265024902,0.0730071988671191,0.1507844195430462,0.1575435590016822,0.0652630324375834,0.24973233326989,0.1210159639931945,0.0327125393924139,0.0009750895916112
0.0733935412419948,0.0845261315359778,0.0773954022312364,0.1598475353365939,0.1565982070217164,0.069185761468954,0.0718724037744439,0.2122570040759649,0.0938903145501831,0.0010336987629343
0.0430065277173311,0.0607740048266374,0.0493934486084562,0.1809860383721074,0.1758001503684493,0.0362909629813405,0.3483976803138951,0.0279822906272508,0.0757191256797933,0.0016497705047387
0.0585332221576398,0.0674117470229156,0.0617248084248145,0.1274824887704755,0.1331970839703307,0.2610043445112862,0.2111391844607305,0.0510255123254877,0.0276572072126896,0.0008244011436294
0.0662631894182738,0.0763142228863815,0.0698762603815807,0.1519646636565138,0.1413843299947577,0.0624642051559932,0.0648898339644034,0.1916357465306943,0.1742742754676512,0.0009332725437502
0.0384952593501588,0.0543989761955699,0.0442122095249977,0.1741004171524899,0.1722373994998168,0.0324841391803582,0.0363222035807438,0.2368718397115459,0.2094008417606835,0.001476714043635
0.0446880017643304,0.0631501536875701,0.051324639205214,0.2021079966785322,0.1999452748900559,0.0377098711246536,0.1271962340636265,0.0290763453664423,0.2430872098024999,0.0017142734170746
0.0843015714253989,0.0970887300763692,0.0888982043757932,0.1933329810992073,0.1918350480986482,0.0794684152501199,0.0825543566610129,0.073488708006539,0.1078446539608654,0.0011873310460457
0.0777891650422614,0.099576041092938,0.085620949653231,0.263557862610862,0.24062366198414,0.0695543900309749,0.0748122447940167,0.0593661109854697,0.0020229853274992,0.0270765884786068
0.0790647526553286,0.1012088901472686,0.0706269515863169,0.2678796874394259,0.2445694115299938,0.0706949437097521,0.0760390168349964,0.0603395971485864,0.0020561582639072,0.0275205906844238
0.041228563150294,0.0527756930701865,0.0368286453292658,0.1396867028525772,0.1383340312043343,0.3045561305469731,0.2397030732748163,0.0314642721055314,0.0010721901730351,0.0143506982929857
0.0580448792058071,0.0668493304957558,0.0546900315160548,0.1297205080031388,0.1320858200630337,0.2588267840192885,0.0568418545381692,0.1678680705915619,0.0742551984062363,0.0008175231609533
0.0729307551460202,0.0839931484183982,0.0687155413534996,0.1629879282382551,0.1659598354425493,0.0687495077073094,0.0714192092754701,0.2109186085087625,0.0932982851783174,0.0010271807314179
0.0914845014713493,0.1053611921977408,0.0861969279143251,0.2044524197078535,0.2124113515048243,0.0862395353840937,0.0895884149692764,0.0797503261454769,0.0432268329108629,0.0012884977941967
0.060896589481734,0.0701335982093237,0.0573769201270574,0.136093599147999,0.1385751175778488,0.2715427894580435,0.0596344609301044,0.1761153287210626,0.0287739087608486,0.0008576875859775
0.0607672165419105,0.0858722456203115,0.0512011974873231,0.2651432402043872,0.2795421497236398,0.0512782808343969,0.0573369097268156,0.0395383213697482,0.1069893514024359,0.0023310870890308
0.0726855943956189,0.0837108008237024,0.068484550276433,0.1624400353402144,0.1687635073940922,0.0685184024504736,0.0711791296697676,0.2102095939890022,0.0929846578538823,0.0010237278068128
0.0698361711996606,0.0804291671024313,0.0657998165579426,0.1560720554330626,0.1589178592354921,0.0658323416578807,0.2519108241341153,0.060878699018418,0.0893394700672215,0.0009835955937748
0.0764225785784712,0.0880146239018959,0.0720055461942735,0.170546848960283,0.1774401449454308,0.0720411388100068,0.0748386619875104,0.0666203069207316,0.2009937889808211,0.0010763607205754
0.0661872781196096,0.0762267970951283,0.0623618202992349,0.1479173952723434,0.1536755294252204,0.0623926459845279,0.0648154959856616,0.1914162080732591,0.1740746263609503,0.000932203384064
0.0678516561682102,0.0999796773458956,0.0817942627766358,0.1940096398739983,0.2015620547288503,0.0818346939922583,0.0850125234512154,0.075676932938366,0.1110558733027597,0.0012226854218099
0.0838639276863504,0.0982805248089791,0.0783706282224583,0.2012271374824982,0.1945299318120024,0.0784148934394455,0.0818940693282584,0.0716732057357875,0.1104070515501389,0.0013386299340809
0.0636414400359402,0.0732947973429974,0.0599631252388664,0.1420240884737958,0.1477645292080523,0.0599927652400552,0.2295653861478232,0.0554785293421918,0.1673789920067264,0.0008963469635509
0.066884345133658,0.0770295976838691,0.0630185985971436,0.1494752223952835,0.1447622625802909,0.0630497489304508,0.0654981157508851,0.1934321532577849,0.1759079345655834,0.0009420211050502
0.0773534222504757,0.0890866612137332,0.0728825894486482,0.1726241467705366,0.1674211865411899,0.0729186155902026,0.0757502132100438,0.0674317567864344,0.2034419371598689,0.0010894710288662
0.0874211370964969,0.0603500456383805,0.0816948314154527,0.2094452241599674,0.2027811993484433,0.0817409742054413,0.0853677243559502,0.0747133280974809,0.1150901258295779,0.0013954098528085
0.0378210384689491,0.034697645270883,0.0469696128798823,0.12041840258297,0.1165869892585768,0.0469961422079366,0.1987723739443272,0.1580369308504237,0.238898587825767,0.0008022767102839
0.050218279595869,0.0782094984181887,0.0623656368940839,0.1139967537138865,0.1667121341109417,0.0624008621884612,0.0651695144896326,0.2098393672197893,0.1900227008593994,0.0010652525097472
0.0863787834726187,0.0994810209477484,0.081386307544652,0.1927654053592442,0.1869553796100005,0.0814265371064496,0.0845885168944136,0.0752994883635919,0.1105019735178798,0.0012165871834009
0.0644097359145777,0.0741796310408583,0.0606870155525556,0.1437386399009798,0.13940630030182,0.0979215941212595,0.0630747947069901,0.1862754861967302,0.1693996343689459,0.0009071678952824
0.0648567398801604,0.0760059134919227,0.06886456211748,0.1107848480859538,0.1212212181101279,0.0606426921185133,0.2564910928526418,0.0554289619986374,0.1846687327643331,0.0010352385802294
0.080383421159488,0.0942017031093751,0.0853507146656079,0.1373067027149053,0.1502415361428505,0.0751605318092589,0.0784953155294339,0.0686986364871646,0.2288783640407,0.0012830743412156
0.0732616471140991,0.0858556631603577,0.0777888505934767,0.125141665477777,0.1699369873402704,0.0685014929557772,0.0715408230139564,0.2303543481825347,0.0964491250615599,0.0011693971001905
0.0866062414352193,0.1014942549771833,0.091958074119935,0.1479361947335747,0.0844581429743403,0.0809790261521336,0.0845719695705369,0.0740168882097333,0.2465968052800047,0.0013824025473384
0.091662846773128,0.1074201141644634,0.097327152384421,0.1565736201611547,0.1713234732706565,0.0857070800327055,0.0895098015983557,0.0783384496331867,0.1206743462667607,0.0014631157151676
0.11140644865445,0.1283425207829023,0.0598268477217389,0.0921831395299321,0.1002384813798043,0.252978787172897,0.0555575555142418,0.0494565416033502,0.1492106258017193,0.0007990518389639
0.1213162347225467,0.1409339511081279,0.0615695605997167,0.0990491220451274,0.1083799403482812,0.2853050252776202,0.056624272042924,0.0495572284178982,0.0763390923630043,0.000925573074753
0.0678886228286655,0.0795589911447236,0.072083800272621,0.1159637499623845,0.1268879929875613,0.063477579356529,0.0662940043223806,0.213460112852112,0.1933015129969627,0.0010836332760595
0.0830177137187849,0.0972888427458152,0.0881477933334613,0.1418064617458851,0.0809586216705703,0.131969319260243,0.0810677318642473,0.2610300489355865,0.03338834399733,0.0013251227280762
0.091662846773128,0.1074201141644634,0.097327152384421,0.1565736201611547,0.1713234732706565,0.0857070800327055,0.0895098015983557,0.0783384496331867,0.1206743462667607,0.0014631157151676
0.0866062414352193,0.1014942549771833,0.091958074119935,0.1479361947335747,0.0844581429743403,0.0809790261521336,0.0845719695705369,0.0740168882097333,0.2465968052800047,0.0013824025473384
0.1322293046554206,0.0740672871905948,0.0671080849538372,0.1079591413689249,0.1181293186655896,0.0590959240774085,0.0617179401914266,0.1987256406204782,0.1799585247565329,0.0010088335197864
0.0993991166095736,0.1144763239778572,0.1048189592877373,0.0994362310926189,0.1756217099667863,0.0937003918273912,0.0973389936347502,0.0866497804621951,0.1271585233053614,0.0013999698357284
0.0922612375666496,0.1081213711035387,0.0979625207369953,0.0923002793230487,0.0899728779850374,0.0862665905589073,0.0900941369435035,0.078849856475648,0.2626984621210372,0.0014726671856339
0.0937180026525526,0.1098285608466832,0.0995093066213014,0.1600841285881233,0.0913935108616789,0.1489790607144661,0.0915166844467173,0.080094861647611,0.1233799636565378,0.0014959199643281
0.0822390920995052,0.0567726882342623,0.0873210567912611,0.0822738928314801,0.1537098987552188,0.130731581427499,0.145419268364851,0.1519518752653684,0.1082679518043191,0.0013126944262348
0.0928057503265967,0.0674477489619603,0.0978660826872432,0.0928404029227614,0.0907746531687045,0.1410918223240712,0.0908822799280165,0.0809021062331491,0.2440820467500628,0.0013071066974338
0.0813990611934872,0.0953919363635552,0.0864291161754521,0.0814335064535124,0.0793801166558985,0.1293962241662731,0.1439338837790243,0.0695666399198511,0.2317702293791354,0.0012992859138103
0.07825720030599,0.0038361183612783,0.0931083474395467,0.07835889931853,0.0722963027631747,0.2199679632813287,0.0726121675570528,0.0433221886786708,0.1543219604216949,0.1839188518727326
0.07825720030599,0.0038361183612783,0.0931083474395467,0.07835889931853,0.0722963027631747,0.2199679632813287,0.0726121675570528,0.0433221886786708,0.1543219604216949,0.1839188518727326
0.0646445281482333,0.0031688337995223,0.0769123500886417,0.0647285368356523,0.059720515948863,0.0517454561517575,0.0599814367392701,0.0357863868695933,0.4313853933846902,0.1519265620337758
0.1132966057301702,0.0782128390636476,0.1202977694750213,0.1133445489249335,0.1104865049757826,0.105935191809865,0.1106354107218025,0.0968274579511085,0.1491552391403506,0.0018084322073178
0.0912772536246967,0.1069682357700683,0.0969177315074037,0.0913158789932132,0.0890132998405907,0.1450991178292363,0.0891332655488132,0.1686515439708844,0.1201667120098075,0.0014569609052856
0.0912772536246967,0.1069682357700683,0.0969177315074037,0.0913158789932132,0.0890132998405907,0.1450991178292363,0.0891332655488132,0.1686515439708844,0.1201667120098075,0.0014569609052856
0.1229714717048075,0.0688815791230639,0.0624096148094378,0.2637637382151881,0.2410660802205417,0.0549584131482203,0.0573968528058647,0.0502333865380645,0.0773806618541813,0.0009382015806296
0.1912963225865742,0.0508549676161521,0.1759861824870573,0.0246847766177679,0.0208349451149407,0.1146084636967456,0.0210355235672594,0.0024359874817627,0.3065460445676857,0.0917167862640539
0.1078305355666626,0.0604004934197031,0.0547253935901924,0.0515622615306077,0.2113846746466224,0.0819314093436872,0.0911363992752401,0.0952304803243897,0.2449756673540502,0.0008226849488443
0.0598339874459036,0.0701197266790354,0.0635314286968252,0.2685048958945376,0.2453992471114956,0.0559462915590501,0.1058014437611641,0.0511363325152343,0.0787715805667595,0.0009550657699942
0.0672336297433658,0.0787914017180721,0.0713883318896512,0.0672620806840154,0.2757476615529257,0.106878110118558,0.1188858606921851,0.1242265187952307,0.0885132264820804,0.0010731783239151
0.0753114050873367,0.0882577840113462,0.0799652733605575,0.0753432742623992,0.0734434529550906,0.1197189661904567,0.1331693863312399,0.1391516970791008,0.2144366455341083,0.0012021151883637
0.1506586153830804,0.0400516795242283,0.0268173374401467,0.0194409083038723,0.0164089091737707,0.0902618106729124,0.1117278622481147,0.0019185026462116,0.4704812870130237,0.0722330875946387
0.0929858599885002,0.1089705594717986,0.0987319212013643,0.0930252083799806,0.0906795275647083,0.1478152082708338,0.1644222398691284,0.0794691455234529,0.1224160961740321,0.0014842335562006
0.0997043732312112,0.0558486824499204,0.0506012609421592,0.2138577170402237,0.1954546213238036,0.0757570179321976,0.0842683152831943,0.0880538643655402,0.1356934604263456,0.0007606870054036
0.0942216108397782,0.0175982354896428,0.0084300946931674,0.2936669816531481,0.2615136331238556,0.0523814947446928,0.0013290500024202,0.0738661838032663,0.157100687364049,0.0398920282859793
0.0502729456322756,0.0589150975484003,0.053379562304851,0.2255997403734797,0.2061862084553784,0.0799165155857261,0.0888951322996845,0.0928885298818146,0.1431438148047042,0.0008024531136852
0.0514324672171064,0.1062378389166509,0.0711334957480706,0.0515673776808978,0.0435249425319724,0.0307177073632419,0.2963602718541843,0.0050888646246683,0.1523374004026655,0.1915996336605417
0.156986934255087,0.0879350940772409,0.0796729026752918,0.0750678026257684,0.073174927484391,0.1192812472317959,0.1326824896684532,0.1752157515328201,0.0987851304591858,0.0011977199899655
0.1383950292141196,0.0775209731402966,0.0702372700355056,0.066177550295695,0.0645088476630037,0.1545621907529436,0.116968951085002,0.1222234966868065,0.1883498166757491,0.001055874450878
0.176605545517637,0.0989243170671869,0.0896296020220393,0.0844490039661026,0.0823195767718844,0.1341877898141885,0.1492637815989205,0.0721427052125487,0.1111302793226571,0.0013473987068346
0.0590924797426393,0.0692507503713758,0.0627440995250786,0.0591174856309189,0.24235807536487,0.0939365103627423,0.1351171600503583,0.1091842441561787,0.168255964918048,0.0009432298777897
0.1171587143476993,0.0656256051945908,0.0594595651547612,0.2512958496179928,0.0546101525406378,0.089019112563595,0.099020405613814,0.1034686564699652,0.1594480849107279,0.0008938535862155
0.0800366581529863,0.093795329937935,0.0849825234391385,0.0800705268912888,0.0780515053586473,0.1870101869253562,0.1415248147060344,0.1478824727491451,0.1053684425042239,0.0012775393352441
0.1441227808176118,0.0807293317116267,0.1372119774619432,0.0689164389102195,0.0671786737235158,0.160959052265612,0.1218099421302755,0.1272819574791313,0.0906902715997657,0.0010995739002978
0.1486679623418892,0.0871924760662038,0.1419662446906682,0.0757369812235909,0.0740517919588932,0.1150993356529324,0.1270301964869087,0.1323366565269126,0.0968520486564638,0.001066306395537
0.1344476311987798,0.0227511922581814,0.1222711029307504,0.001937400326806,0.107369508863548,0.0734559044401127,0.0951334014293165,0.1047748491958459,0.0403019254916166,0.2975570838650423
0.1092612935129491,0.0612019221195211,0.1040221265362202,0.0892068173787566,0.0509289978022597,0.1220250827342493,0.0923456497604924,0.1219483630734006,0.248226146273326,0.0008336008088246
0.1322584095943766,0.0740835901113274,0.1259165123894033,0.0632431497190472,0.0616484395799696,0.100492108646932,0.1445466547076564,0.116803944322672,0.1799981353548893,0.0010090555737258
0.1696916732780722,0.2203656455143161,0.0153617173238992,0.0061692735554741,0.0023908218148736,0.2062990582370188,0.1211764971075661,0.1330743910679669,0.0535124800225204,0.071958442078292
0.1177106190955841,0.1528618114241914,0.1072872903766066,0.0042794616586453,0.0016584497668005,0.1431041924144512,0.0840569264173143,0.1429515585610568,0.1961740249933389,0.0499156652920106
0.1607867047422277,0.1131102673513081,0.0793873498215978,0.0031665924132339,0.0012271717492014,0.1058901063142183,0.1020445601198816,0.1057771647246646,0.2916749307227806,0.0369351520408859
0.1771454701517212,0.1411350351860305,0.1156638172214879,0.0580936048085038,0.0566287432224626,0.1356815836763031,0.1026805614416853,0.1355962778944931,0.0764480127180716,0.0009268936792405
0.1527001408526565,0.1216589943490694,0.0997026972586434,0.0855025810631196,0.0488142150006591,0.1169580961948276,0.1144543402655423,0.1168845622518667,0.1425253865109367,0.0007989862526783
0.1689539540031046,0.1346087044880354,0.1103153201598979,0.0554072549881407,0.1035157479660792,0.0880410275710788,0.1360349663172712,0.1293260690141095,0.072912922996763,0.0008840324955193
0.1051740652080232,0.1391809642050297,0.0016044614698687,0.0665744934284801,0.0827492708265258,0.1297409895659489,0.1247131434609286,0.1295933244743246,0.1810832148716184,0.0395860724892514
0.1280433387822773,0.0154279915425014,0.0019533390018078,0.0810505935989159,0.100742449171956,0.157952147690431,0.0884056772870259,0.1577723739856135,0.2204583362231944,0.0481937527162764
0.1227778726949258,0.0687731360400265,0.0623113608041251,0.1002424821773725,0.0572293609896255,0.1394558761042981,0.1441432195604364,0.137034443904017,0.1670955231936062,0.0009367245315664
0.1412430065339213,0.0791162470064623,0.0716826554167712,0.1153184140951504,0.0658363500748607,0.1577428657834188,0.1543660184478586,0.1247386863470676,0.0888781534151713,0.0010776028793174
0.1204065125357198,0.0145078273866465,0.0018368369588331,0.0762165326756237,0.0947339165353065,0.1485314849784605,0.1427754517408518,0.1483624334288167,0.2073096474717674,0.0453193562879735
0.1278557331767083,0.0716174628070624,0.0648884407750377,0.1043883215511256,0.1142221135247785,0.1427917052536716,0.1501047103588764,0.1427019291932617,0.0804541176738516,0.0009754656856258
0.1091852278987039,0.0640361932751016,0.058634020578289,0.0903451929359353,0.0982399274535779,0.1231283706677187,0.1187220414034616,0.0971911350275647,0.2397347704089502,0.0007831203506967
0.1223390313696218,0.0685273222504351,0.0620886431469726,0.05849991468309,0.109293673286432,0.1366305481523224,0.1337056583312019,0.1414835537565706,0.1664982785986225,0.0009333764247304
0.0104004178350001,0.0323471659788972,0.0020378299935316,0.1008082506141752,0.1788700573746177,0.1810361543891217,0.1963136381241595,0.1808486046359112,0.0508076824228732,0.0665301986317124
0.05290683107299,0.0620017600806903,0.0494412997678447,0.0903726467590051,0.122722158679589,0.1257251053235208,0.1209734435410439,0.1235420863865029,0.2514701733866645,0.0008444950021484
0.0599603431742921,0.0702678035416536,0.0560327889790485,0.10242108255857,0.1390834151334143,0.142486713113137,0.147275928031539,0.1107877817506151,0.1707270610667592,0.0009570826509707
0.0580297123911083,0.0680052883957699,0.0542286193972278,0.1390286894378679,0.1084610857040991,0.1378988602095726,0.1326871028424275,0.1355044631441971,0.1652299124153603,0.0009262660623691
0.0489151228417638,0.0448755414830455,0.0607472580568032,0.1557408572900724,0.1507855715283097,0.1518884910859607,0.14863697004963,0.1517929956905729,0.0855795826054779,0.0010376093683637
0.0405022711431912,0.0371574524043104,0.061564054373276,0.128955179167002,0.1006023921837392,0.1257653766789956,0.1230730807387957,0.1256863054189798,0.2558347356799466,0.0008591522117634
0.0476188615516872,0.043686329968973,0.0723813776120652,0.1516136910302324,0.1467897214083681,0.15038158864742,0.1554361634359574,0.1477704486133641,0.0833117052352983,0.0010101124966338
0.0438213505974191,0.0682469785467057,0.0666091044956977,0.0994755645088805,0.1350835285919528,0.1360715957132994,0.1430404338006163,0.1409047477829189,0.1658171379593265,0.0009295580031828
0.0071268500013906,0.0014564917344785,0.0428321799394139,0.0943294799323804,0.1090125558614096,0.1553014970097034,0.1625897410670153,0.1592434097766958,0.1982777575568252,0.0698300371206867
0.0420403293921689,0.0654732320891262,0.0639019257813895,0.1338522027527903,0.129593359402223,0.1327644407120686,0.1372268739186418,0.1351779881029788,0.1590778696603512,0.0008917781882613
0.0474906615813588,0.0699776732063313,0.0684697941498858,0.1357910281207566,0.10735493769323,0.1345526091471117,0.138834912056384,0.1368687314363006,0.1598038718824684,0.0008557807261724
0.0636371739591649,0.0732898841727027,0.0717106335870554,0.1420145681727933,0.1377341927791175,0.1452972881908565,0.145406301146051,0.138604405679536,0.0814092654339991,0.0008962868787231
0.0454763434384397,0.0708244495597222,0.069124718222438,0.1447921277113361,0.1509700915124152,0.143615461380259,0.1484426154013458,0.1462262713249219,0.0795632570008016,0.0009646644483199
0.0015308741586572,0.0417570488658885,0.0390596603745431,0.1591400489913642,0.1518290905972555,0.1572727384641179,0.1649331900995132,0.1614159630687053,0.0556250985409119,0.0674362868390428
0.0468883342482261,0.0435988973407926,0.0676013870328405,0.1338766833749422,0.1392878159150005,0.1328460691340866,0.1370740593004929,0.1402047584891046,0.157777068364258,0.0008449268002557
0.008069998309483,0.0250991430255614,0.0015812138381086,0.1467015399251539,0.1387906797140988,0.1444133308563871,0.1523256808451502,0.1403258942898188,0.1910697287463496,0.0516227904498882
0.046058898685804,0.0717317158791561,0.0572001385610299,0.1466469253357199,0.1529040292997547,0.1454551858238693,0.1503441760369671,0.1480994404326836,0.0805824680753673,0.0009770218696476
0.00741074510166,0.0015145104758468,0.0246811103095921,0.163679548610658,0.1730345398549985,0.1614878674337969,0.169066435656348,0.1655868046533903,0.0609267503503174,0.0726116875533917
0.0474469297409307,0.0435285968864901,0.0589239220414355,0.1512951016289306,0.1575119454066912,0.149838623570178,0.1548749484012893,0.1525625654407252,0.0830109014808287,0.0010064654025002
0.0291840103965205,0.0242324081911753,0.043687500145102,0.1604170771225735,0.1640969401475507,0.158576523949664,0.1649409340360362,0.1696535877341724,0.0012718716075833,0.0839391466696216
0.047249345935036,0.0433473302400485,0.0586785444619217,0.1548293733893432,0.1568560165654096,0.1492146488329996,0.1542300008375594,0.1519272473604735,0.0826652182103855,0.0010022741668225
0.0073748993239761,0.0015071847879338,0.0245617277669445,0.1628878305539156,0.1672485172300373,0.1680653464044235,0.1616287629204507,0.1738332185981092,0.0606320476290524,0.0722604647851563
0.0633832070485109,0.0729973946684159,0.0597198174671177,0.1453598570361279,0.1471649564172429,0.1403589096856134,0.1409050202951752,0.1481337548226791,0.0810843726338546,0.000892709925262
0.0487093101081394,0.0758594428664371,0.060491661044785,0.1596134679332821,0.158309931184396,0.1588699046559324,0.1544573345477917,0.156621668704834,0.0260340353773953,0.0010332435770065
0.0501628317895149,0.0739151263255661,0.0604706218937381,0.1471873379083814,0.1460469387407698,0.1465368315507503,0.1426764944465974,0.1499961094575372,0.0821037747098364,0.000903933177308
0.009226081609454,0.0286947695650783,0.0018077337011639,0.1752284399316562,0.1729478089515983,0.1638647227454296,0.1741473924525546,0.169994072728474,0.045070864638069,0.0590181136765219
0.0598586453474844,0.070148623387965,0.0559377526172222,0.1475975122755961,0.1463921078458407,0.1469099256240601,0.1428295408098195,0.1505663899841041,0.0788040427502757,0.0009554593576317
0.0457197916359215,0.0712035935998822,0.0567790045175822,0.149817241919365,0.1485937093253594,0.1491193146025322,0.1449775645864634,0.1528307687940866,0.0799891824389109,0.000969828579896
0.0484090590133554,0.0753918345032765,0.0601187818680183,0.1586295878827777,0.1573340863192612,0.1578906080349114,0.1535052376346466,0.161820372335131,0.0258735578915439,0.0010268745170776
0.0491993034135964,0.0766225540473947,0.0611001793933742,0.161219106169062,0.1493875855728891,0.1546586256267021,0.1560111044480249,0.1644619779702967,0.0262959258254561,0.0010436375332033
0.062848889980311,0.0736529049060039,0.0667326371331801,0.1549707608070082,0.1537051402780488,0.14935090898451,0.1543708409189183,0.1580879490992565,0.0252767784670773,0.0010031894256855
0.06773564774147,0.0780100288633319,0.0714290060627946,0.1475249206221219,0.1445260823809308,0.1546549810178884,0.1505807810010916,0.1525791470423943,0.0320053941371322,0.0009540111308439
0.060198070677091,0.0705463975019077,0.0639180104512637,0.1405615945808883,0.1375411734142478,0.1477429707028112,0.1478598396094224,0.1514201688534948,0.0792508969687361,0.0009608772401365
0.047747170731479,0.0611200060091437,0.052554338371715,0.1515985648448629,0.1476953643164653,0.1608788438282365,0.1430212096204432,0.1521939996915857,0.0012417131070491,0.0819487894790195
0.0521829495238445,0.0478734996463215,0.0736333739238018,0.161926574059937,0.1252786820635615,0.1701994997899424,0.1654722531360207,0.1744356220426469,0.0278906178507666,0.0011069279631566
0.0523018451308814,0.0645918188721148,0.056719753737509,0.1477439021175325,0.1441567621427438,0.1499203823057051,0.1513992506362379,0.1482911217967475,0.0011411657410652,0.0837339975194624
0.0660104698213608,0.0773579749471539,0.0700895868003333,0.1541334596401796,0.1192493375328956,0.1620082304831667,0.1575084941948431,0.1660404789393492,0.0265483133068052,0.0010536543339121
0.0505061041100462,0.064651650336829,0.0555910401511284,0.1098875425429826,0.1562295175286824,0.1628633441881529,0.1512852802034725,0.1609880936522134,0.0013134619391822,0.0866839653473098
0.0717699593113212,0.0826562789916094,0.0756832927669237,0.1174695252024097,0.153134005472182,0.1582393549978071,0.1493289528263154,0.1567961744738754,0.0339116242562845,0.0010108317012711
0.0022344150247424,0.026298318271144,0.0108847284834806,0.1891110083618601,0.1820873489869824,0.115206728747213,0.1736763872104883,0.1901824704896414,0.0465396806212186,0.0637789138032287
0.0570501408069743,0.0704558768894551,0.0618691353845026,0.1133259380839153,0.119945570415433,0.1704601485289477,0.1525585796935792,0.1617539373182348,0.0012447680583533,0.0913359048206042
0.0499509650818435,0.063941030205419,0.0549800099291372,0.1585956718065997,0.1155878798162387,0.1610732279197221,0.1496224244969516,0.1592185892440419,0.0012990249914637,0.0857311765085823
0.0725025579141522,0.0500511984211396,0.0769828534764609,0.1248230577090663,0.1309774347024153,0.1714996033141687,0.1729993553028327,0.169847335402339,0.0291593231840146,0.0011572805734105
0.0548373720256713,0.0271708709840023,0.0603583785322116,0.1193112032218239,0.1268951572158039,0.1768300674138558,0.1642590997406898,0.1747940004256638,0.0014261009093783,0.0941177495308988
0.0733609610843372,0.0506437858916001,0.0778943016705002,0.1263009160292724,0.1325281585445228,0.1735300944775933,0.1632079769628618,0.1718582643316256,0.0295045586651027,0.0011709823425837
0.0093258562133768,0.001905895660645,0.0462589468422261,0.0337828578601173,0.1351812362345228,0.2019161552260923,0.2043860582668171,0.1991950776276849,0.0766716579130604,0.0913762581554569
0.0334629273873863,0.0277853284968499,0.0617233571953634,0.1220093745550025,0.1297648363932262,0.1808290030197019,0.1679737483417105,0.1787468912559011,0.0014583515655447,0.0962461817893131
0.0583350134009164,0.0535175046427921,0.0724457367566281,0.0742140492520242,0.1400483043544258,0.1833768442340937,0.1724690109769101,0.1422959310406214,0.1020601770598635,0.0012374282817242
0.0411424788915233,0.002016778240049,0.0489502333865496,0.1323207531313722,0.0414868872676862,0.213663379681827,0.1958856376630992,0.146709122183774,0.0811323172094377,0.0966924123446814
0.0101726589902439,0.0399866864441946,0.020889984450845,0.0027683335579048,0.1500505480921458,0.2469837221075053,0.2225810789031524,0.1550788640543183,0.0650647681930783,0.0864233552066112
0.057696136563031,0.0398297779047841,0.1149210717498141,0.2528262154041588,0.0578534071925909,0.1364760750239474,0.1283580474934064,0.1351612321022326,0.0759570950168507,0.0009209415491836
0.0506044729379395,0.0624955953646895,0.1192123313628371,0.1005220896182789,0.1063938193009941,0.1064294818548943,0.0906510975545246,0.1434785721444725,0.0011041310438843,0.2191084088174848
0.1268670348006109,0.0710636505733967,0.1207836583569291,0.1043990948121248,0.1095464722200373,0.1095777353459258,0.1349061083380573,0.1420563507872442,0.0798319722798351,0.0009679224858384
0.0787513137311602,0.0906965897874175,0.083045312970591,0.128896261358283,0.0789407266162911,0.1736319375073552,0.1638547844531905,0.1720483729728143,0.0290255412108606,0.0011091593920362
0.0647350109729941,0.0320749621347973,0.0712525081392614,0.1408457729548054,0.149798560568135,0.1498529362441402,0.1257952000819091,0.1528564162948304,0.0016834989461928,0.1111051336629339
0.0455404298527929,0.0022323630088442,0.0541827991379804,0.0395696384525297,0.0459216539772972,0.2365030600165333,0.2168249551682684,0.1623916853719653,0.08980500689841,0.1070284081153782
0.0637719794483628,0.0315977983987773,0.0701925189538764,0.0593361932883943,0.0640551962921547,0.2056408432499273,0.1910216982674893,0.2032730415604939,0.0016584543446318,0.1094522761958916
0.0632183319642004,0.0740858556759574,0.0671249087844436,0.2770246426675626,0.0633906552333135,0.1142378729580156,0.1406434146218764,0.1160381538398881,0.083227077822892,0.0010090864318499
0.0625987737620143,0.0801311862019268,0.0689011953492439,0.1361979019392157,0.0628767802984819,0.1449078313655319,0.187507494308918,0.1478121974166988,0.0016279439530068,0.1074386954049616
0.0720362333132791,0.0844195950584298,0.1434841504185943,0.0689608205583572,0.0722325928000522,0.1703965458998351,0.1602608217409945,0.1322235380709808,0.0948358650055394,0.0011498371339372
0.0778698294384607,0.0537564245506974,0.155103699989804,0.0745453654060736,0.0780820903943763,0.1407136728582257,0.173238969899587,0.1429311873173563,0.102515807573033,0.0012429525723854
0.072303251447005,0.0847325148445653,0.144016005962698,0.069216438998672,0.0725003387833793,0.1306546597580556,0.1608548637051899,0.1693804322564737,0.0951873949859303,0.0011540992580304
0.0649362124808836,0.0760990478003494,0.1293420942583259,0.0621639179433343,0.2683115608327421,0.1173421468311864,0.1025301299978512,0.1521221178714487,0.0261162648677575,0.0010365071161208
0.1273143246542714,0.074668751965363,0.1215751953667745,0.2583135323472661,0.0649903766998648,0.1110033950612587,0.0979541975514586,0.1126325177739655,0.0306345590586305,0.0009131495211465
0.0666390122364884,0.0767470518305783,0.1249590702206291,0.0641286766317732,0.2507970701823602,0.1140930186979477,0.1006806150984253,0.1157674857538386,0.0852494335920852,0.0009385657558734
0.0886380537307663,0.0611901282185831,0.1765522050411296,0.0848538664061799,0.0888796671791463,0.1601722539448706,0.1399538227525573,0.1626964172465573,0.0356487512923038,0.0014148341879054
0.0679968713795978,0.0469407562898225,0.1354384158121371,0.2979643469098851,0.0681822201985484,0.1228728710938437,0.107362714818788,0.1248092313831528,0.0273472109826423,0.0010853611315821
0.0500307090753908,0.024789261252148,0.1308776372791357,0.3257089151400671,0.0502528997559934,0.1158144340232111,0.0972213175495426,0.1181356854507039,0.0013010988140689,0.0858680416597382
0.0961138832216556,0.0663509699319769,0.191442809308424,0.0920105334379507,0.09637587461006,0.1736813553890469,0.1517576798033253,0.0920773258595949,0.0386554056016807,0.0015341628362846
0.091663297462654,0.0666174569412945,0.1718837065537778,0.0882102805054173,0.0918837662880032,0.1569372348168709,0.1384882047431777,0.159240497825795,0.0337845388472917,0.0012910160157173
0.0960348890152422,0.0864804902325369,0.1800811572281242,0.0924171913168686,0.0962658724051029,0.1644218607140737,0.1450929624024256,0.0924760785194684,0.0453769112178549,0.001352586948302
0.0568052460800542,0.0654478941708656,0.1362842935873995,0.069940752424174,0.2735271756043348,0.0692645760365054,0.1098054465546798,0.1262596623718044,0.0916413238265998,0.0010236293435818
0.0719380583436254,0.0828830918661282,0.1725901767874317,0.0885728392303179,0.0922614236421526,0.1575822725995265,0.1390574139854313,0.1598950023972969,0.0339233988447393,0.0012963223033496
0.0843153168456176,0.0971434913972248,0.1137579934191348,0.1038121847541074,0.1081354062943674,0.1846949938517336,0.1629828520518138,0.1038783327193165,0.0397600684245866,0.001519360242097
0.1089858269068797,0.0981429544611589,0.2043662884614772,0.1048802588242865,0.1092479599296161,0.103866292687356,0.123859198349092,0.1049470873543695,0.0401691408105829,0.0015349922151808
0.0774581711067519,0.0892430635388713,0.1858337541039576,0.0953694093846881,0.0993410345451676,0.1696742296838283,0.1497278799866361,0.0954301777076834,0.0365264853227895,0.0013957946196257
0.0663744905570888,0.0764730536947851,0.1592423443610884,0.0817227656190727,0.0851260811498155,0.1453951261050221,0.1283029487309907,0.147528993291011,0.1086381295626627,0.0011960669284626
0.0735202980911799,0.0652307517288572,0.1464401596937767,0.3221681698127577,0.0737207029060431,0.1328539082292106,0.0848912242688575,0.0704326182412622,0.0295686413597188,0.0011735256683359
0.0960348890152422,0.0864804902325369,0.1800811572281242,0.0924171913168686,0.0962658724051029,0.1644218607140737,0.1450929624024256,0.0924760785194684,0.0453769112178549,0.001352586948302
0.0603243602444825,0.0510269367970318,0.14211011804304,0.0568039642288241,0.3185803847482574,0.0559345200309318,0.0730778103179491,0.213496280659779,0.0013162077378037,0.0273294171919003
0.0593511900509154,0.0699809698999716,0.157104189911453,0.0755068334575146,0.0790891742673303,0.0746751894909289,0.3757499416842614,0.0755616454890166,0.0317218818752649,0.0012589838733428
0.0587904287700805,0.0693197764465378,0.1556198397799107,0.134509673153136,0.1411416468688097,0.1411819268430047,0.1233606313116577,0.1434068205422667,0.0314221675292576,0.0012470887553383
0.0471536295356432,0.0384914551709084,0.1233513523356443,0.3069786098339643,0.2877642382315744,0.0430637263944103,0.0916304820663277,0.0439271536739447,0.0012262774724104,0.0164130752851718
0.0958948109063824,0.0863543483308877,0.1798184878149092,0.0922823900428884,0.0961254573799748,0.0913902181547996,0.1448813273603007,0.1665916222778734,0.0453107236898172,0.0013506140421663
0.103586125351729,0.0932804628980697,0.1942409630228889,0.0996839675931158,0.1038352709968339,0.0987202383969127,0.1565016416969663,0.0997474851044355,0.0489449038957183,0.0014589410433295
0.0691597507528076,0.0796820779857957,0.1659246007445164,0.1448285093231563,0.0886982107956195,0.1514963142873032,0.1005610474669009,0.0852063405352495,0.113196890849847,0.0012462572588034
