0.2419377973220733,0.1523512464462048,0.2411395584011436,0.0127604091958211,0.1588393922076285,0.0551281167824596,0.0182029078955191,0.0659894146171531,0.0527183226142726,0.0009328345177239
0.1204797452974764,0.1435703279098713,0.2272412354953607,0.1688819841599321,0.149684522812921,0.0185408741404332,0.0588563440742917,0.0621860478083482,0.0496798486467391,0.0008790696546257
0.1878551466467629,0.1343562999189688,0.1873784583351194,0.1503962675277178,0.0527317945205922,0.0762970794062368,0.080673145276431,0.0548967323116638,0.0748580106220394,0.0005570654344674
0.2197026824003536,0.2624487368236108,0.218977805039041,0.0115876731948417,0.1442413749530897,0.0178666513316861,0.0165299830634081,0.0599247061099655,0.0478732840350043,0.0008471030489987
0.1911468828691499,0.1363029514826689,0.2517099852590854,0.0508469290608519,0.0526262173597574,0.076783987973899,0.0812700782544763,0.0834331587187291,0.0753087376743455,0.0005710713470359
0.17136647570693,0.1225634006686594,0.2252587761997253,0.0465200432854194,0.0481033495541529,0.0696002310182322,0.0735921950342443,0.0500782635557283,0.1924090950281635,0.0005081699487442
0.1794029454010579,0.1283111821470359,0.2358226004296254,0.0487016655454942,0.1320114117457796,0.0728642308465236,0.0518055561669847,0.0790584960813855,0.0714899103494377,0.0005320012866749
0.1734190586190419,0.1092041426787346,0.2443303596643309,0.1284569908180936,0.0112298670930366,0.0395153887555978,0.0447680010863563,0.0473006793002006,0.201106863738233,0.0006686482463741
0.1940611249728952,0.1222027091410403,0.1934208482376873,0.1437472233288603,0.1274069264207979,0.0730993367256245,0.050096735173098,0.0529308780134917,0.0422859805555333,0.0007482374309709
0.1671152709998094,0.1195228870343918,0.219670628542781,0.0453659889339216,0.0469100170472593,0.0678736107530911,0.0717665434028718,0.0736436181019367,0.1876358717527112,0.0004955634312255
0.1832021366783127,0.1310284102443645,0.2408165829115122,0.0497330139579441,0.0514256734483815,0.0953762755607818,0.078674941043766,0.0961958564912921,0.0730038422595529,0.0005432674040917
0.1508868297074659,0.1079161072127486,0.1983385750587952,0.1207995437557221,0.0423546197270757,0.0785527074607292,0.064797347054746,0.0664921404076905,0.1694146899848282,0.0004474396301979
0.1645650790801508,0.1173480082589595,0.21670598551053,0.0437759108403038,0.0453077627607781,0.0850829299649537,0.0699682707562294,0.071830542859825,0.1849238545461416,0.0004916554221274
0.17136647570693,0.1225634006686594,0.2252587761997253,0.0465200432854194,0.0481033495541529,0.0696002310182322,0.0735921950342443,0.0500782635557283,0.1924090950281635,0.0005081699487442
0.1875762835302385,0.1337568297717078,0.2470080749089243,0.0498971149254331,0.0516431663463502,0.075349672893353,0.0984318357573087,0.0818746379785907,0.0739019800808233,0.0005604038072697
0.1722523670684771,0.1228296568528496,0.2268289188128144,0.0458208041764946,0.1264090082696477,0.0890573879069855,0.0732366813470714,0.0751859453085569,0.0678646082563904,0.0005146220007117
0.1653891780866739,0.1179356564864219,0.2177911925809793,0.0439951291874452,0.0455346522229146,0.0664370795411479,0.0703186536123046,0.0862544357860765,0.1858499049917508,0.0004941175042848
0.1832258486567478,0.1166022079046679,0.2567970583503896,0.0127914271309132,0.0517665374912065,0.0442994035196069,0.0497490432459861,0.0721225108168976,0.2119522333987187,0.0006937294848653
0.1807822434505626,0.1289121380798986,0.2380614067622324,0.0480898342165745,0.0497726434028571,0.09346747830334,0.0948666204504204,0.0942822897444813,0.071225239689197,0.0005401059004356
0.1378762467272538,0.0983167451448429,0.1815610461984481,0.1101774330439423,0.1011817713123488,0.0712843521219475,0.0723514285349588,0.0719057800960157,0.1549332770820752,0.0004119197381664
0.148439860313725,0.106166004755475,0.1951220688620119,0.0402962638905274,0.1092276131562643,0.0772787985892621,0.0784190918778234,0.0779428655103502,0.1666672496545707,0.0004401833899895
0.1846312476442517,0.1316567846260217,0.2431299319419963,0.0491137067498525,0.0508323443421309,0.0741666475849721,0.096886409634277,0.0962896380420278,0.0727416842305837,0.0005516052038856
0.162709297563644,0.1160246882329666,0.214262216974248,0.0432822549160957,0.0447968323182097,0.0653605675375874,0.0853827283095191,0.0848568136129565,0.1828384894544335,0.0004861110803389
0.1908421815158753,0.0966675886729507,0.2513087421313402,0.0507658755387533,0.0525423275290338,0.0986686364752138,0.1001456362872702,0.0833001604925065,0.0751886903372488,0.0005701610198067
0.2539456126730372,0.0951346954391342,0.2531228540986348,0.0177285400697345,0.0207242521984716,0.0985091537437889,0.1009998859872318,0.0999596690706352,0.0589138481501421,0.0009614885691893
0.1668840518886508,0.085144137572225,0.2193666943351205,0.0453032209799496,0.0468451127905674,0.0868809698850853,0.088162948754739,0.0735417254872273,0.1873762605320935,0.0004948777743409
0.1600119251699885,0.0810510907087525,0.2107102073612529,0.0703506049149506,0.0440541965830201,0.0861191706111135,0.0839672651633704,0.0834500690084349,0.1798074180815199,0.0004780523975962
0.1453192658985361,0.1013914835265635,0.2697701566507692,0.0784545864979615,0.0220872381593531,0.1049878721209472,0.1076424140424241,0.1065337844738286,0.0627884751890888,0.0010247234405276
0.1144356226603298,0.0916101659172757,0.1791019515782241,0.0796918508402032,0.0504026310856346,0.0934788969995143,0.0948582320929233,0.0942821735054952,0.2016060154669224,0.0005324598534771
0.2025761384306924,0.1033542175192473,0.2020620951418526,0.0549923822002709,0.0568640439039384,0.1054625123446608,0.0869949774433782,0.1063687656397615,0.0807241483297301,0.0006007190464673
0.1112931463542647,0.0888325462284848,0.174925807543792,0.0771047410794975,0.0760877156330956,0.0906714063246163,0.0920286932486531,0.0914618427480522,0.1970701521630017,0.0005239486765416
0.1255684104846891,0.100522395483576,0.1965257570287994,0.0874446156358984,0.0863105215135487,0.1067164351272628,0.1096348825059522,0.1081803504885578,0.0785123719016579,0.0005842598300573
0.1378246011692003,0.0961623408472154,0.2558570883072394,0.074408386438766,0.0725219017204239,0.0995732500656564,0.1020908872099971,0.1010394338655882,0.0595502358028741,0.0009718745730387
0.1358207288521744,0.0947642083575912,0.2521371070265077,0.0733265410753525,0.0714674845118646,0.1049177483743957,0.1006065578452447,0.1073174623021672,0.0586844174512487,0.000957744203453
0.1795823554602928,0.1280565223771078,0.1791232472013164,0.0789549111746631,0.0779134816508905,0.0928471159128952,0.0942369716730665,0.0979963699452435,0.0707525034952216,0.0005365211093021
0.2523018497370453,0.1334347553030981,0.2512427137365258,0.0539265833331052,0.0617210300503757,0.0522087062960302,0.0671690829157904,0.05407595271529,0.0012377229352559,0.072681602977483
0.1279522938123631,0.0892742803925279,0.2375301728381093,0.0936931442617503,0.0993750418993978,0.0988396004025519,0.1033464948874834,0.0938020296734488,0.0552846821496742,0.000902259682693
0.1229855448418627,0.0981652460684657,0.1933034194144849,0.1010009015682082,0.1046470660036843,0.1001972958237203,0.1016971785867437,0.1010707750754406,0.0763535781728567,0.0005789944445323
0.1333692422598455,0.093053768513949,0.247586176233191,0.0976597080272479,0.0701775372295245,0.1030240429318553,0.0987906669297541,0.0977732031778131,0.0576251972292975,0.0009404574675218
0.1270252302466964,0.0886274539055843,0.2358091754067725,0.0930143014070438,0.0986550315116463,0.0981234694943195,0.1025977097958301,0.1003677823969041,0.054884123370825,0.0008957224643777
0.123762476480263,0.0987853814312029,0.1945245673351383,0.1016389505034403,0.0846126147472071,0.1049623767301012,0.1078727933201242,0.1064222637868334,0.0768359235628278,0.0005826521028611
0.121124140183299,0.0969645842860956,0.1895700777934729,0.0997247516062678,0.1032738512481987,0.1029393969257309,0.105754551056053,0.1043514996094676,0.0757335662977056,0.0005635809937083
0.1786918057090839,0.0911684460925905,0.1782383696617439,0.0937636221291647,0.0971005714056956,0.0967861093668715,0.0944008509580844,0.0981138024451979,0.0712065297577116,0.0005298924738553
0.1746983116177432,0.124573810125054,0.1742516895791394,0.0768075997265352,0.0943331893241993,0.0940234528626475,0.0966305529073268,0.0953311940375296,0.0688282703034078,0.0005219295164167
0.1781277627013524,0.1270192818881555,0.1776723731570981,0.0981137727691474,0.0961850163702218,0.0958691995634516,0.0934736649647389,0.0928979141645499,0.0401088390603078,0.0005321753609762
0.1722457413134088,0.122824932161774,0.1718053893522831,0.089768195883023,0.0930088560967786,0.0927034679912053,0.0952739672462674,0.0939928499321511,0.067861997817534,0.000514602205574
0.1706827422296405,0.1220743861179318,0.1702496294314423,0.094582876714972,0.0927484712229679,0.0924481035429804,0.0949763450938536,0.0937162886986948,0.0680150145412341,0.000506142406282
0.176903292411786,0.1261461370480956,0.1764510332665141,0.0921955415819426,0.0983475475199522,0.0952101838953169,0.0978501898420249,0.0965344309204703,0.0398331263862499,0.0005285171276471
0.1202056657849788,0.095946387648881,0.1889341244055039,0.1043327075609497,0.1053051797664768,0.1019458622357779,0.1047726363426385,0.1033637935879624,0.0746277354069138,0.0005659072599166
0.1702224308243982,0.12174516576745,0.1697904860807915,0.0943277977519568,0.0951952225503971,0.0921987818136833,0.0947202049926118,0.0934635468222668,0.0678315859970704,0.0005047773993736
0.1620572193106309,0.1155597045034428,0.2134035338244629,0.0892620271535157,0.0900940274192531,0.0872199575359678,0.0896384089783024,0.0884330711397394,0.0638478872064719,0.0004841629282125
0.1710026102420996,0.1219384806980834,0.170565436386865,0.0925250504802982,0.0950671245715057,0.0931173431546605,0.0945863564637446,0.0933144852228667,0.0673722245586724,0.0005108882212035
0.199811398981721,0.127157005720498,0.1991640298854601,0.086065738800938,0.0873657754749621,0.0828749160295415,0.0866538518049947,0.0837957200483976,0.0463550375781957,0.0007565256752909
0.1588492979396164,0.1827972422432971,0.1584431944311188,0.087495086033929,0.0883106168610044,0.0864994081972123,0.087864017383479,0.0866825391978711,0.062584018785583,0.0004745789268883
0.1159669016622358,0.1303074574651242,0.1822718162450511,0.0988753017988802,0.1015918454987594,0.0983509862331767,0.1010780809398276,0.0990154907166867,0.0719961675408015,0.0005459518994561
0.1161883029861436,0.1305562374461732,0.1826198053768576,0.0990640722360159,0.1010449846990905,0.0996982240032759,0.098943229277911,0.0992045287992588,0.0721336209570896,0.0005469942181832
0.1184720781524198,0.1411778807011064,0.223454501373541,0.0914104707034012,0.0957116502191848,0.0924126276142196,0.0948981924430734,0.0927461912300089,0.0488519866716563,0.0008644208913879
0.11612641786935,0.1303192237693355,0.1817481968173789,0.0992109117540315,0.1011676791774557,0.0998373339421958,0.0990915417322977,0.099349656313664,0.0726087116351404,0.0005403269891498
0.1705478838857021,0.1219779337799033,0.1701151132947707,0.0928607589437209,0.0946922803439678,0.0934470859795649,0.0949013032211641,0.0929906229362898,0.067961275117411,0.0005057424975049
0.1721257980389354,0.1231064772933628,0.1716890234414752,0.0937199094795052,0.0955683761708549,0.0872318178748517,0.0936071462014175,0.0938509749776408,0.0685900548796472,0.0005104216423088
0.1720340821821726,0.1230408809901552,0.1715975403165683,0.0936699715742546,0.0883169265655542,0.0942614080152814,0.093557268381179,0.094458265089906,0.0685535072167148,0.0005101496682133
0.1745325350381101,0.1244555982204102,0.1740863368128406,0.0944350006821116,0.0963233489559033,0.0779940905361802,0.0943198044805676,0.0945688939831466,0.0687629570492195,0.0005214342415097
0.2052033726698008,0.1305883776672139,0.2045385341140832,0.0858574720319657,0.0777049648094353,0.0759815921687942,0.0856858288654954,0.0860569740107703,0.0476059429029437,0.0007769407594969
0.1712724383639606,0.1224961440101057,0.1708378291933729,0.0911682922535184,0.0950945703883621,0.0938440859486297,0.0931430637409853,0.093385683670844,0.0682500013397045,0.0005078910905162
0.1732635634207275,0.1239202210187926,0.1728239017080162,0.0922281678109789,0.0889481038467176,0.0949350689038944,0.0898523995786766,0.0944713374775889,0.0690434406641513,0.0005137955704553
0.1732040239963155,0.1235082640376295,0.1727612221536687,0.0915898614295474,0.0955901525198198,0.0871385543814024,0.0936018586735868,0.0938490521505652,0.0682395454819355,0.0005174651755286
0.1234463177036398,0.0988235776920146,0.1932044926385654,0.1031043518448592,0.0994374800304048,0.0981634048387226,0.1004484165754177,0.1056120516077763,0.0771855211675245,0.0005743859010744
0.180939829416058,0.1294103804034898,0.1804806889382324,0.0764652931733543,0.0776311019779841,0.0916986902937001,0.0984004795258943,0.0923346374141678,0.0721023400963642,0.0005365587607544
0.1179126952343487,0.1324938693593775,0.1853301313620658,0.0982533049868851,0.0947094752268589,0.1011778810790107,0.0956864897490445,0.1006768587675232,0.0732041818794589,0.000555112355426
0.1743188799535854,0.1246749963184265,0.1738765403421564,0.0927899126369801,0.0894898704057249,0.0955133009671413,0.0903996740368503,0.0889559287576608,0.0694639715765933,0.0005169250048806
0.1798491471231092,0.1282467660814623,0.1793893568023817,0.0752267432035479,0.0916735542093016,0.0904817008603061,0.0926192504403103,0.0911185480663516,0.0708576150358712,0.0005373181773577
0.1256914284034052,0.100325042376178,0.1975564114686012,0.0828450789872368,0.1009574855442118,0.0996449312499023,0.1070358676317821,0.1073185390301521,0.0780334820372379,0.000591733271292
0.1382030248750713,0.0964263728783617,0.2565595926983947,0.0676381037638257,0.0697555435290077,0.0953062777331166,0.1074786296331544,0.1079441695262417,0.0597137423229499,0.0009745430398759
0.1294234702499867,0.1033039030762591,0.2034222752273849,0.0853049229518658,0.0866287870611139,0.1026035980257371,0.105027516627858,0.1033257641003314,0.0803504596075998,0.0006093030718625
0.1278425996816106,0.1020420755293992,0.2009375304802543,0.0842629477848291,0.0855706412736883,0.1013503245042106,0.1088677545560701,0.1091552637910458,0.0793690017892938,0.0006018606095976
0.1321522823915888,0.1484943347612848,0.1132964686172953,0.0871035233837646,0.1061469529677329,0.104766930097763,0.1125377791069861,0.1128349805226748,0.0820445983085403,0.0006221498423687
0.1414906376458021,0.1129357379254906,0.1213024042988381,0.093258571412682,0.0947058697783656,0.1121701379307328,0.1148200575160535,0.1208083057967757,0.0878421645089039,0.0006661131863553
0.1503052262452681,0.1781452216743447,0.1181828368774987,0.0735610562664068,0.0758639165927571,0.1036520846791853,0.1168903485154945,0.1173966549369346,0.0649427721130984,0.0010598820990113
0.1362841639618306,0.1531371679684132,0.1168388031285234,0.0898269076224573,0.0912209493135004,0.1080425795213504,0.110594989216157,0.1088030273715555,0.0846098098777544,0.0006416020184575
0.1650759266733086,0.1967136041331688,0.1285716895714553,0.0778630065813737,0.0201067339755464,0.1120587827187748,0.11685035071687,0.1134863503975361,0.0680690935401733,0.0012044616917925
0.1328175946546029,0.14905037248089,0.1140878642139188,0.1109313932176715,0.0894128015839482,0.1056153602336308,0.1080738358550258,0.1063478219951087,0.0830449660575844,0.0006179897076183
0.1400618181421939,0.1571799746768052,0.1203105185823919,0.0624392359844275,0.0942896126646652,0.1113759017887201,0.1139684691837728,0.1121483139551881,0.0875744585183161,0.0006516965035188
0.1528945935789359,0.1718016560230529,0.1310792156569864,0.0671601860822461,0.0662592334995701,0.1212109008480492,0.0973137405613145,0.0966385473881552,0.0949221253444635,0.0007198010172257
0.1600548674706538,0.1897007213780442,0.1258488394998805,0.0783326395617712,0.0807848763438507,0.1103755410960388,0.0729053246223812,0.1117132329320203,0.0691553250901419,0.0011286320052169
0.1502728831094979,0.168639021505361,0.1290816350635991,0.0669913052321545,0.0661161285689131,0.1063373065149772,0.122277224978148,0.0956263015478323,0.0939589857025852,0.0006992077769312
0.1458974395404161,0.1639392285615779,0.1250804328241142,0.0640866296125694,0.0976555349527861,0.1027377732917951,0.0928602198917264,0.1164778257890743,0.0905780558966711,0.0006868596392691
0.1491035631207062,0.1675418238372834,0.1278290987799633,0.0654949453104283,0.064616331900135,0.1182054694182768,0.0949008406291679,0.1190374478428926,0.0925685256525622,0.000701953508584
0.1299899325236518,0.1037560448995468,0.1114426481647177,0.0570991285744836,0.2040802587148645,0.1030526747450649,0.1054872023846338,0.1037780016052245,0.0807021385105951,0.0006119698772169
0.1575736538645621,0.1257729640130585,0.1350906560741716,0.103859125212738,0.0682869765398354,0.1109599070312171,0.1002918501729609,0.0995959939437201,0.0978270439326882,0.0007418292150476
0.1001896212501938,0.1559737232170523,0.1757735345948391,0.1094074842853765,0.0338177535444874,0.1244964290281917,0.1018271336516557,0.1003484603927996,0.0965894955841921,0.0015763644512116
0.212956151103471,0.1485827770528632,0.1674443577021915,0.0340948609011805,0.0322152708269767,0.1185970609448853,0.0970019692114522,0.0955933641296275,0.0920125210325524,0.0015016670947996
0.13132106502645,0.1600402635404634,0.0981842321075089,0.0010933537859408,0.2636918591759154,0.0626188414643161,0.0875441508992108,0.0458700033958135,0.0432628154440993,0.1063734151602813
0.1315485875155525,0.1478159865149021,0.1127789104159576,0.0577837803783424,0.0570086120947867,0.0926336267696104,0.0837275198359892,0.0831465921121884,0.2329370766102388,0.0006193077524315
0.1549941262392747,0.1741608184988305,0.1328791818161649,0.0680824227739007,0.0671690984040446,0.1091434603190505,0.0986500427275696,0.0979655778719661,0.096225586099252,0.000729685249946
0.2045663572560593,0.2424567659478918,0.1608475835082821,0.0327516320123465,0.0309460917984473,0.113924714609357,0.0931804006854431,0.0314964271186415,0.0883875208677594,0.0014425061957716
0.1307604436056278,0.1549802943934131,0.242743211900368,0.2032350210969511,0.0197809881629771,0.0728215842515953,0.0595616536971784,0.0586967346778867,0.0564980067734357,0.0009220614405665
0.192926910257145,0.2286614248437521,0.1516956537957896,0.0308881247863832,0.0291853164679236,0.1074426092654062,0.0878786083982673,0.0866024873526869,0.083358434568794,0.0013604302638515
0.1520343266442178,0.1801945913573752,0.1195424036437297,0.2363000516898561,0.0229992276929384,0.0846691875736338,0.0692519516144932,0.0682463158344833,0.0656898690436231,0.001072074905649
0.1368852522590324,0.1668213080812733,0.1023443830370149,0.001139680132557,0.2748647115729547,0.0652720559971457,0.0488826065016,0.047813555157308,0.0450958983945851,0.1108805488665287
0.2301891318995438,0.1606064924060537,0.0397251518505209,0.0368539081515665,0.0348222166260292,0.1281942520245684,0.1651982063341328,0.1033290345939074,0.0994584201049007,0.0016231860087764
0.1281417382053405,0.1994891662229245,0.049342572034409,0.045776203060488,0.0432526410152694,0.159229954330219,0.2051925295759501,0.0440218320393707,0.1235372057713163,0.0020161577447122
0.0060579356922348,0.0713408773597111,0.0945121732240958,0.2954242808689783,0.3737686156573018,0.0345036730680257,0.0079742814397727,0.0062438217442754,0.0018447856089225,0.1083295553366816
0.1206308011522359,0.1524507998897221,0.1637448774284793,0.0838968739856442,0.0827713990621047,0.0764549761563562,0.0798524465431506,0.1207214051261098,0.1185772412649579,0.0008991793912389
0.0951349422586476,0.1677686480469373,0.1935489980673103,0.0112844908403874,0.0087154330870268,0.126783628220259,0.0020525057808126,0.0953417588093299,0.0904473976141073,0.2089221972751813
0.0990119738251094,0.0238515944733169,0.1737074598075447,0.0353701477966141,0.0334202533854205,0.0224769995953481,0.1006302386015273,0.0340145883976614,0.4759589085469201,0.0015578355705371
0.1245291107794405,0.080566121305973,0.1682201737075713,0.0873035811600738,0.086163044241381,0.0797620899709584,0.1254756700962576,0.1246209272873183,0.1224480685303413,0.0009112129206847
0.1131590790577012,0.0724637200499918,0.0801924417425248,0.2454651137840258,0.0776446413413515,0.0717194498303422,0.1140352836034183,0.1132440711338924,0.1112327141209306,0.0008434853358211
0.0653726320026078,0.0436083928157524,0.0884452995835315,0.2660445195262187,0.0857074763352669,0.0793403656849227,0.1248122454366799,0.1239620218899737,0.1218006516397332,0.0009063950853127
0.0645085913451607,0.0796055773891462,0.0880960240897801,0.2696575900076507,0.0852971183495314,0.0787879536109594,0.1252743384927309,0.0856506351900242,0.1221955542173346,0.0009266173076816
0.0045553549524878,0.0787738371381657,0.1205138285088599,0.1124558892874083,0.1067540929419849,0.0747543066412078,0.0919663153940887,0.108492021509449,0.2881509556770436,0.0135833979493038
0.0023967541829214,0.0414460619720889,0.0634071385415847,0.5330275945421183,0.0561675920913591,0.0393312264362318,0.0483871516945738,0.0570819857241568,0.1516077266283273,0.0071467681866373
0.0788414016523147,0.051648025248405,0.1076695967839544,0.1056663292597232,0.1042488175194809,0.0962934171476305,0.1531083570711756,0.1520460433953081,0.1493455145939843,0.0011324973280228
0.0817824334269385,0.0545549471247814,0.1106467890848766,0.1086410087703836,0.1072217189802035,0.1724491291769547,0.1035407489101254,0.1076543237458655,0.1523749829085487,0.0011339178713217
0.083501818794091,0.0557019046541868,0.1129730156607207,0.1109250660296893,0.1094759372387026,0.1013430947405491,0.1594252699099144,0.1099176370419255,0.1555784986876081,0.0011577572426122
0.0492796954314247,0.0019702524952991,0.0994333002017287,0.0959481327397808,0.0934820288698458,0.0796416894307176,0.1784849929730431,0.1766368418835192,0.1719386201060564,0.0531844458685844
0.0673716948596091,0.0441343624569461,0.1762307543987134,0.0902941797409312,0.0890828850858125,0.2289059361737349,0.0859413565534528,0.0894520921667418,0.1276189949317296,0.0009677436323284
0.0796452656327506,0.0531292977386834,0.1077553276272794,0.1058019630811944,0.1044197626793228,0.0966625376216023,0.1520621724642795,0.1510263218621204,0.1483930653687263,0.0011042859240404
0.0452334033139709,0.0018084776086784,0.2486645240174766,0.0880699555353451,0.0858063402677113,0.0731024132167919,0.0799355870868023,0.1621334190293786,0.1578209621714789,0.0574249177523657
0.0726618581022323,0.0484708471079795,0.1859885799695283,0.0965250999826174,0.0952640928320764,0.0881870320434261,0.1387291499442649,0.137784124161863,0.1353817552558184,0.0010074606001932
0.0753721931705305,0.0493753897611602,0.197158443034681,0.1010167604034588,0.0996616225384802,0.0920562786327454,0.096147032384779,0.1453556572236508,0.1427739580882957,0.0010826647622181
0.0448629647330142,0.0017936670963143,0.2466280879622029,0.0873487073655583,0.0851036299563685,0.0725037416105771,0.1624881378632828,0.0857879378357144,0.1565284887118494,0.0569546368651177
0.0735623037459214,0.0481897536265914,0.192424137636223,0.098591075828395,0.0972684784745458,0.1580521188005368,0.0938382830993888,0.0976716110287893,0.1393455706952297,0.0010566670643788
0.0704272022231228,0.0469801659406624,0.0952838337487402,0.0935565496621135,0.0923343237527375,0.0854749121670008,0.2910414724536446,0.0927068627203041,0.1312182003563423,0.0009764769753315
0.0596463513613343,0.0023847219747673,0.1203504508079279,0.116132130845344,0.1131472483976759,0.096395404825608,0.1054058674418012,0.1140570515828577,0.2081082534631309,0.0643725192995525
0.1192168185028235,0.0763429168315713,0.1618255300196709,0.1244131790706736,0.1263439720048876,0.0755588036306519,0.078916450322893,0.1193063604556729,0.1171873295661022,0.0008886395950527
0.0747008379530939,0.0489355932774075,0.1954023133026783,0.1001169838904951,0.1525587736286288,0.0912363149252006,0.0952906315144139,0.0991832884037938,0.1415022418539042,0.0010730212503834
0.06914830713394,0.0461270480882713,0.1769951359218434,0.1366312971185459,0.1387144117259492,0.0839227641053415,0.0875452980120934,0.1311215978308807,0.1288353950375186,0.0009587450256156
0.0747008379530939,0.0489355932774075,0.1954023133026783,0.1001169838904951,0.1525587736286288,0.0912363149252006,0.0952906315144139,0.0991832884037938,0.1415022418539042,0.0010730212503834
0.0597077421369076,0.0398294912333353,0.1528306385670178,0.1179775267727585,0.1197762413758441,0.0724650966351537,0.2467431424203686,0.0785962991414735,0.1112459706368009,0.0008278510803398
0.0347958211930702,0.0013911724277401,0.0702086996310845,0.1327159902680177,0.1357386621236358,0.2670081294378008,0.1260261827262849,0.0665373267954594,0.1214038647969906,0.0441741505999158
0.1046961405407664,0.0670443050759732,0.1421150861664893,0.1092595813634993,0.1109552025932404,0.1845931316264554,0.105506815521729,0.0721354897981533,0.102913844539134,0.0007804027745592
0.0621103906210397,0.0761409723420964,0.0840316801916264,0.1227249601158627,0.1245960552639132,0.0753811029745613,0.2566721234182925,0.081759025987812,0.1157225251530216,0.0008611639317737
0.0755635044850277,0.092633110942268,0.1022329465255919,0.1493071929094978,0.151583567364688,0.0917086538298968,0.0956672663897067,0.0994680353021118,0.1407880301666778,0.0010476920845332
0.0642564538914169,0.0792944320491509,0.0877516930985777,0.1292231523666206,0.1312285922355319,0.2183214147108747,0.0819674616506271,0.0853158622145486,0.1217179422395079,0.0009229955431432
0.0727441356521286,0.0891768537495268,0.0984185074641161,0.1810476052028106,0.14592779493433,0.0882868892879099,0.0920978010634759,0.0957567585354811,0.1355350527273395,0.0010086013828812
0.0621348934655966,0.076676361507822,0.0848543884995521,0.1579736604911644,0.1268958074152944,0.211113079275147,0.0792611354793016,0.0824989816366849,0.1176991713032219,0.0008925209262144
0.0642564538914169,0.0792944320491509,0.0877516930985777,0.1292231523666206,0.1312285922355319,0.2183214147108747,0.0819674616506271,0.0853158622145486,0.1217179422395079,0.0009229955431432
0.0153329919480058,0.0557689643304121,0.0024818643769893,0.2818352271663868,0.2659910385916739,0.0535790297025575,0.0629565363569785,0.0719601292141958,0.1698425364841101,0.0202516818286899
0.0670698131515617,0.0822207160042033,0.0622546405736891,0.1325243660795059,0.1345448653987619,0.2222916940379327,0.0849138181878484,0.0882873628973553,0.1249627970752268,0.0009299265939146
0.0558764931906985,0.0689533038960079,0.0763076171333802,0.1420621115192174,0.1369381725469745,0.0682450889354616,0.2372123066921665,0.1077581008252047,0.1058441815389406,0.0008026237219476
0.0739944374542155,0.0913114020055217,0.1010503501711529,0.1881257291782292,0.1813403537877787,0.0903735484536992,0.0943895258309344,0.0982453722260284,0.0801064065529523,0.0010628743394872
0.0603033984484114,0.0739257851622581,0.0559740100556758,0.1500847563422288,0.1447470421433299,0.0731880228525861,0.2492047010866797,0.0793803914546129,0.112355782566839,0.0008361098873779
0.0615697071686193,0.0754781498516093,0.0833001675010058,0.1532363803073199,0.1477865796554191,0.2040625113566931,0.0779504023454026,0.0810472972094932,0.1147151372780314,0.0008536673264058
0.0518775906782393,0.0346061996179262,0.0481531200065309,0.1320699913572021,0.1245224646936188,0.171939609976441,0.06567968652188,0.2737750231107581,0.09665702843136,0.000719285606043
0.0540184174311046,0.0353867958824989,0.0500006213090768,0.1405264731694653,0.13238453139229,0.1835360745852901,0.2293242233180396,0.0717224119835174,0.1023245170650023,0.0007759338637145
0.063511086811136,0.0416053259636447,0.0587872424182305,0.1652212238189255,0.1685250328996545,0.2157889127505141,0.0810166490260804,0.084326208549129,0.1203060288560185,0.0009122889066664
0.0736975014624936,0.0482783199753968,0.0682160092296492,0.1917207214582768,0.1955544217897303,0.0900108839054062,0.0940107453654688,0.0978511184410452,0.1396016692948264,0.0010586090777063
0.0622569774675555,0.076827016905239,0.0576264115507116,0.1582840506053366,0.152575013854384,0.2115278788852574,0.0794168694973293,0.082661077445883,0.1179304292173906,0.0008942745709127
0.0706817477908807,0.0872234415050386,0.0654245620813114,0.1838753744900852,0.1875521971035562,0.0863275751332493,0.0901637594449045,0.0938469817491088,0.1338890706532915,0.0010152900485731
0.0146695105312715,0.0533557581153943,0.0023744704059646,0.2793967351492811,0.2879957620932933,0.051260585223173,0.0602323131866766,0.068846307160332,0.1624931967655254,0.0193753613690878
0.0706817477908807,0.0872234415050386,0.0654245620813114,0.1838753744900852,0.1875521971035562,0.0863275751332493,0.0901637594449045,0.0938469817491088,0.1338890706532915,0.0010152900485731
0.067713319225343,0.0835603097427329,0.0626769200798071,0.1761531416478785,0.1809928508416955,0.0827020671622622,0.0863771428504143,0.13058547993324,0.1282661177076967,0.0009726508089295
0.0780998702468974,0.0511622572135041,0.0722909374656091,0.206827543718371,0.2072359939604962,0.0953877433334484,0.0996265391519936,0.1036963194423722,0.0845509496791824,0.0011218457881252
0.0268746464834191,0.0010744757821793,0.0213109962385559,0.1501667861923211,0.1505579895983813,0.2062244499712798,0.2696296694427486,0.0513902840705431,0.0937666028928127,0.0290040993277588
0.0793379350838242,0.0519732981465248,0.0734369171890286,0.198799183412712,0.2059758967004801,0.0968998612220133,0.1012058518263791,0.105340147612822,0.0858912791495853,0.0011396296566303
0.050913334689957,0.0445589584246898,0.0629606481897304,0.1769505579515699,0.1818121757130126,0.2311081326501605,0.0867681579712964,0.0903126687226464,0.0736383118477485,0.0009770538391881
0.0521628151690687,0.0456524941174556,0.0380594807694028,0.1845538828267043,0.184918346266972,0.2367798314706917,0.088897563170422,0.0925290608971642,0.0754454932812336,0.0010010320308847
0.0111507302957088,0.0014860489276919,0.0294740780886843,0.2076875024055251,0.2082285545276176,0.0600691776614776,0.0656840830678443,0.0710751026718538,0.1296834809990412,0.2154612413545551
0.0507518110220857,0.0444175941545019,0.0627609041562844,0.1795617003080599,0.1812353726089994,0.2303749370445718,0.0864928840923547,0.0900261498058211,0.0734046926928074,0.0009739541145134
0.0229562154872152,0.0130615712041226,0.001521408204459,0.2090744646658753,0.2267838478028735,0.0730386359141587,0.0787871432434398,0.0843064375971447,0.0583421536078148,0.232128122272896
0.0333941434133199,0.0087951172669776,0.00102445282884,0.1509463334146066,0.1472334220438169,0.2043941943985344,0.2648475406052045,0.0567684387613324,0.0971718991401684,0.0354244581271989
0.0199599883512507,0.0113567852344178,0.0013228352058034,0.1949109987366448,0.1971841988901931,0.063505690772495,0.3419870988884134,0.0733028278686274,0.0507273817431886,0.0457421943089653
0.0282589492518405,0.0160787076603356,0.0018728434251318,0.2573692815411624,0.2691633413191389,0.0899100771584648,0.09698645161498,0.1037806664163778,0.0718188047574527,0.0647608768551149
0.057639186749841,0.092659690190941,0.0427703956433994,0.1972157630101892,0.1933908245927852,0.0923801124605316,0.0963677085944931,0.1443354265407279,0.0821855292982032,0.0010553629188878
0.0793379350838242,0.0519732981465248,0.0734369171890286,0.198799183412712,0.2059758967004801,0.0968998612220133,0.1012058518263791,0.105340147612822,0.0858912791495853,0.0011396296566303
0.0529543246803378,0.0346897219073226,0.0490156739300336,0.132689065999767,0.1374791831760791,0.1799206519987342,0.067550126323579,0.2876122306694379,0.0573283723415685,0.0007606489731398
0.031363995385972,0.0012539645310461,0.0248709499531061,0.1286008820735982,0.1261668386375559,0.2406737778435312,0.3146706958002615,0.0599749147757812,0.0385748124881735,0.0338491685109738
0.0447817677026369,0.0017904207562079,0.0355109446241678,0.2324619472470759,0.2437369578235523,0.0723725178150688,0.0791374654533116,0.0856326711065558,0.1562451893684269,0.0483301181029958
0.0641343668546133,0.0420136289966667,0.0593641639739788,0.1607031963450729,0.1665046324717101,0.2179066047894021,0.0818117237612605,0.085153762375866,0.1214866785765775,0.0009212418548517
0.06501368332692,0.0425896583215043,0.0601780784134144,0.1629065231202305,0.168787500039104,0.2208942208899881,0.0829334062516194,0.1253792183960175,0.0703838386677868,0.0009338725734145
0.0854538146767061,0.0559797350820622,0.0790979082738862,0.1806369698044798,0.1782543355814732,0.1043695273177425,0.1090074514421395,0.113460445404991,0.0925123327578305,0.0012274796586888
0.0303265404593195,0.0012124860247342,0.0240482712974742,0.1574249300575406,0.1219935052750835,0.2327127960404436,0.304262051760696,0.0579910708794921,0.0372988389150346,0.0327295092901812
0.0594361286998802,0.0733460031333409,0.0811688259898844,0.1256393553157792,0.1239821495507806,0.072592671040746,0.0758185101235399,0.3228170250668051,0.0643455758753788,0.0008537552038645
0.0716578326779099,0.0878451576534615,0.0969488038733317,0.1487004507682465,0.1467719122758457,0.0869684832121732,0.090722485867036,0.1358802537222731,0.1335110802164462,0.000993539733276
0.078474339364293,0.0514075672920246,0.1071683189309784,0.165883371313538,0.1636953397165334,0.0958451034282029,0.1001042232002192,0.1513381619091387,0.084956350090236,0.0011272247548355
0.0671253640611109,0.0828347550630903,0.0916696143265962,0.1418932836046563,0.140021685592925,0.2280689885185491,0.0856271295917007,0.0891250289195327,0.072669945045821,0.0009642052760174
0.0177685754685351,0.0646276378978893,0.0028760984571533,0.2407915181887507,0.2352087856650442,0.0620898410453152,0.0729569265600534,0.0833907035889545,0.1968213338609263,0.0234685792673777
0.0132663978822658,0.0482523745396841,0.0021473565254982,0.1797800894406853,0.175611902122523,0.0463576012163961,0.0544711993219065,0.0622612800588435,0.1469510108641584,0.2709007880280387
0.0030623506184591,0.0529559411713275,0.0810157717930261,0.2405279508906413,0.2345836883240581,0.050253800101826,0.0618246230561433,0.0729340770659146,0.1937103181927167,0.0091314787858868
0.0062951621098719,0.1088595905200722,0.1665411575732995,0.1285503026170809,0.148164153565731,0.1033048979993269,0.1270906153508905,0.1499279134454069,0.0424949600141448,0.0187712468041751
0.0565034319797443,0.0022590648516887,0.0448059633874164,0.2316793859761461,0.107414154618621,0.0913160834721981,0.0998517616808427,0.1080470927195709,0.1971424953178286,0.0609805659959429
0.0586635095003915,0.0023454269545352,0.0465188567624381,0.1042128530870228,0.1115205052005498,0.0948070186644629,0.1036690084965958,0.2102719377876927,0.2046790830538263,0.0633118004924845
0.0450177714374646,0.001799856426282,0.0356980903307467,0.0799718673681867,0.1810914022552531,0.0727539271559562,0.0795545266451742,0.0860839625861288,0.1570686148411474,0.2609599809536599
0.0528463131576121,0.0021128495104243,0.1066297848384145,0.2166842075689807,0.100461898572298,0.0854057563304894,0.0933889727090688,0.1010538704918829,0.1843826769314445,0.0570336698893845
0.0413375210890014,0.0016527162629976,0.0834081077014305,0.0734340827699894,0.1662869889097505,0.3172063139515178,0.0730508600917457,0.1481691214308603,0.0508413263396713,0.0446129614530351
0.0439844446728707,0.0017585429681005,0.0887488945107192,0.078136212951555,0.3535185701455144,0.0710839515494562,0.0777284517640298,0.084108012651199,0.1534633007971481,0.0474696179894067
0.0395061217628027,0.0015794950496613,0.07971283163698,0.1619858070848885,0.0751019278427723,0.0638464635891173,0.06981444696329,0.1416047019397233,0.1378382719733007,0.2290099321574635
0.0650439501134223,0.0026005234791561,0.0515784040941034,0.115547393517677,0.1236498504549886,0.1051185489059851,0.1149443985603271,0.1243784574231075,0.22694066858249,0.0701978048687426
0.0020195419660757,0.069034760244672,0.0269209897834029,0.0765987026376961,0.3928526908304174,0.0684997604363244,0.0761304224504718,0.0834568234372442,0.1631056676911379,0.0413806405225572
0.0415410832163453,0.0016608548845097,0.0329411539874681,0.1703297006064519,0.1671058511037174,0.17434102253051,0.0734105911083339,0.1488987641566593,0.1449383252757409,0.0448326531302632
0.0650439501134223,0.0026005234791561,0.0515784040941034,0.115547393517677,0.1236498504549886,0.1051185489059851,0.1149443985603271,0.1243784574231075,0.22694066858249,0.0701978048687426
0.0784329480173671,0.0513804523335599,0.107111792923824,0.1003126599158372,0.2767394436817039,0.0957945498592364,0.1000514231554555,0.1041385601116151,0.0849115398020751,0.0011266301993251
0.0486019239433942,0.0019431544997891,0.0980657378568824,0.0863389388530496,0.1955092461971082,0.0785463322885486,0.1760301880433577,0.0929376570354869,0.1695738511402789,0.0524529701421041
0.0851419849504028,0.0567960170959911,0.0790293489984824,0.1080678405678221,0.1117459216127972,0.1795331900243749,0.107794113186115,0.1120766701128397,0.1586344152159229,0.0011804982352514
0.0575772802864844,0.0023019984024626,0.0456575011830795,0.1022832200587265,0.1094555617334749,0.2416422765721654,0.1017494454400243,0.2063784864133196,0.0708147276294886,0.0621395022807736
0.0402521244789617,0.0016093209992769,0.0812180664274499,0.071505928821708,0.0765200939309515,0.0650520902902295,0.1457882418282192,0.1442786544198521,0.1404411021346647,0.2333343766686862
0.0335114279513928,0.0013398210756831,0.067617136155322,0.2986027512228699,0.0637058949755846,0.1406418938349806,0.1213742684498581,0.1201174793902331,0.1169225708337425,0.0361667561103328
0.0380776009808277,0.0015223813315136,0.0768304571718986,0.0676429942687761,0.3060431739772853,0.0615378087269602,0.1379123852936705,0.1364843496874622,0.1328541118664795,0.0410947366951258
0.0591492924511296,0.0387479685281767,0.0807771086611871,0.2272544783723509,0.208699821960887,0.1270850764780726,0.1148666918562966,0.0785348798328674,0.0640350468417504,0.0008496350172813
0.0713426640862406,0.0467356951905034,0.0974289613664309,0.0912444652518763,0.2517223905140633,0.0871347892009217,0.1385459651706278,0.137584689925093,0.0772355956810847,0.0010247836131579
0.040666926498277,0.0016259052071633,0.0820550264238497,0.0722428043047343,0.3268545008310851,0.0657224583456393,0.1472906037006811,0.0777641821748895,0.1418883612176178,0.0438892312960626
0.0555107600578732,0.0363644110447269,0.0758081544384438,0.2132750587241182,0.1958617806047891,0.1192675160592902,0.1078007378624994,0.1352182406990037,0.0600959702681818,0.0007973702410732
0.1576815970543651,0.0017607998741449,0.0888627944381505,0.0782364926117581,0.083722620797039,0.0711751803694617,0.1595106992192794,0.1578590204554667,0.1536602548991741,0.0475305402811602
0.1496382363690318,0.0016709812222095,0.2297588580964152,0.0742456379997591,0.0794519180062764,0.0675445242989384,0.1513740357724471,0.1498066093772166,0.0514031981943061,0.0451060006633992
0.0827350439453537,0.000923886221904,0.0466260320816796,0.2059043350521953,0.1857281522654168,0.0969809404366773,0.0836947681669605,0.0828281374525307,0.0806250582137002,0.1339536461635816
0.0986372093341704,0.0011014626248473,0.0555878315590193,0.2454803675788356,0.2214262029805981,0.1156212514928442,0.0997813982344897,0.0987481959647104,0.0338835056050349,0.0297325746254498
0.0357323175254447,0.0014286145064613,0.0720982998029118,0.3183919329293608,0.0679278504876607,0.1499625982867897,0.0631454538041859,0.1280779774634904,0.1246713339993304,0.0385636211943639
0.0362562672137095,0.0014495625494976,0.0731554907248064,0.3230605736881242,0.0689238893273515,0.1521615280530382,0.131315738504771,0.1299560089210862,0.0445918541971057,0.0391290868205092
0.0335114279513928,0.0013398210756831,0.067617136155322,0.2986027512228699,0.0637058949755846,0.1406418938349806,0.1213742684498581,0.1201174793902331,0.1169225708337425,0.0361667561103328
0.0328876451231148,0.0013148816018657,0.0663585085464896,0.0584232917324941,0.0625200713394361,0.1380239809714046,0.1191150038024776,0.1178816086559767,0.040448760694856,0.3630262475318844
0.1193270457303206,0.0013325020232487,0.0672477634278991,0.0592062086258829,0.0633578882199303,0.1398736081182295,0.1207112361606275,0.1194613125737087,0.1162838568724332,0.1931985782477191
