0.0164441516442181,0.1038235809659949,0.0051622927161584,0.1061364519858573,0.171928270340957,0.2114377663037374,0.1736863766453215,0.1653540119404259,0.044424240776534,0.0016028566807951
0.0072769663706825,0.0683006142363475,0.0051633176149742,0.1061575238486785,0.17196240422107,0.2114797442248324,0.173720859572102,0.2099023344371615,0.0444330605692637,0.0016031749048874
0.0049441797305176,0.0464053968766077,0.0035081061246935,0.0721264673929426,0.1168361910790501,0.1436854056415531,0.1480874897024148,0.1426136681754652,0.3207038522508216,0.0010892430259335
0.005418205586537,0.0508545389340005,0.0038444476614909,0.0790416307387575,0.0653072611650577,0.1574613201752272,0.1622854563820373,0.12314196026365,0.3514515043140296,0.0011936747792119
0.017124464835213,0.1081188801821346,0.0053758626166655,0.1105274372974507,0.0913220558081139,0.2201851863350714,0.1808719788998145,0.2185428433802028,0.046262121967008,0.0016691686783254
0.0090187740993573,0.0846489841050605,0.0063992043937833,0.1315672874888615,0.1087059961251549,0.1823281331152415,0.2153025187994661,0.2049736769917796,0.0550685155605114,0.0019869093207837
0.0069079530508991,0.0537551644052867,0.0008593483189216,0.0549951765951573,0.0451075525872182,0.1114509461742692,0.1149239301157647,0.0867438108974806,0.2511080299379352,0.274148087917067
0.0070757389371133,0.055060812812546,0.0008802208578915,0.0563309434098031,0.0462031608853685,0.1141579558536158,0.0934264949626499,0.088850713923281,0.2572071425155955,0.280806815842135
0.0089620442636514,0.0697393510422502,0.0011148769563608,0.0713480828983013,0.0585203576128843,0.144591068509017,0.1490967499433431,0.1125372258805148,0.0284237696844592,0.3556664732092174
0.0069069256121948,0.0537471692530237,0.0008592205057015,0.0549869970124981,0.0451008436178543,0.1114343697709713,0.0911975210858155,0.1105889580624115,0.2510706819555405,0.2741073131239885
0.0012669628429269,0.0703352030126795,0.0309378187007193,0.0721633899477676,0.0575857711323717,0.1045313015637871,0.1255575864542193,0.1189713478957092,0.0233835586042161,0.3952670598456028
0.0093819867726087,0.073007190074079,0.0011671177412152,0.0746913037149099,0.0612624982537989,0.1045084085369197,0.1560831094620675,0.1178104831415881,0.0297556476359807,0.3723322546668317
0.0007873243054523,0.0437081601642524,0.0192255808895564,0.2134284756613811,0.0357853251291809,0.0649585225495707,0.0780248135146304,0.0739319502333025,0.2245204156411693,0.2456294319115036
0.017782538072195,0.0738449276137121,0.0055824507552008,0.1147748779700548,0.0948314560405769,0.2286466465734702,0.1878226783686349,0.2269411902918527,0.0480399214279222,0.00173331288638
0.0046911958274313,0.0440309244532758,0.0033286032691667,0.2897338495808937,0.0565443939299285,0.1363333074742147,0.053391259564537,0.1066188871839713,0.3042940701030531,0.0010335086135275
0.0058948794289483,0.0553285346306494,0.0041826680574289,0.0859954233243173,0.0710527543213636,0.1191738865369941,0.1407267079859753,0.1339755379903401,0.3823709178185433,0.0012986899054393
0.0059575990902466,0.0559172128205928,0.0042271703287726,0.0869103875554128,0.0718087332585181,0.1731369182734433,0.1422239958553703,0.0720662512543254,0.3864392240061379,0.0013125075571797
0.0062889982233168,0.0590276799016658,0.0044623121302054,0.091744889953838,0.0758031866596704,0.1271415929249338,0.1501353890549233,0.0760750294261223,0.4079354042425001,0.001385517482824
0.005276154839115,0.0495212699854536,0.0037436566052976,0.3258616158342497,0.2955910734042066,0.1066654349299371,0.0600487728247586,0.1199135099556885,0.0322161317776194,0.0011623798436733
0.0090371551589659,0.0848215062245304,0.0043741580571102,0.1318354332620266,0.1089275485637209,0.1826997339831858,0.2157413243830559,0.2053914314818546,0.0551807500677652,0.001990958817784
0.011395056194727,0.1069524438773177,0.008085277762296,0.1662328624497003,0.1373480387581935,0.230368262896828,0.1296889802569341,0.1378405915447988,0.0695780626567579,0.0025104236024462
0.0034373093855641,0.0425860901022622,0.001028492150127,0.0668726069667986,0.0550388214671841,0.0931481549822208,0.0519009918442339,0.0552406147717296,0.3015859656374345,0.3291609526924449
0.004894277520452,0.0459370215364434,0.0034726983809809,0.3022764171612563,0.0589921986416757,0.0989452084530529,0.0557025652067931,0.1112344148476612,0.3174669490886875,0.0010782491629966
0.0032319925169087,0.0491336580164102,0.0009670584052952,0.2699476159494912,0.0517512505183535,0.0875842428181622,0.1036333682119665,0.0986061668280864,0.0256450886133709,0.3094995581219547
0.0559071271082322,0.0504369354849448,0.0021307930370476,0.0642212786010917,0.246633643115673,0.0889989149818276,0.1050945360905756,0.1000527704661669,0.2855541410566659,0.0009698600577743
0.0018934521983898,0.0406583848928811,0.0008167013894805,0.2271404683670221,0.2058720386041494,0.0731307214777036,0.0866845491858297,0.0824389707048074,0.0208217885060115,0.2605429246737243
0.0069237670874143,0.0793254611391244,0.0049127076783607,0.1010049974486739,0.387896831646579,0.1399744037565991,0.0788005146932749,0.1573595239116924,0.0422764304095166,0.0015253622287644
0.0589816629954553,0.0529794167241446,0.0010641928686166,0.2959726403357657,0.0558599286541991,0.0598313654982349,0.052613179607777,0.0560687265488699,0.0271315797001847,0.3394973070667518
0.0704879097792638,0.0981755689844277,0.0012717974892733,0.0813904280439323,0.0667571820000513,0.1138818534681979,0.0628770514266263,0.0670067125560614,0.032424456092784,0.4057270401593816
0.1132282279978145,0.1021494955293361,0.0063262236843164,0.1300668081491319,0.1074662418944209,0.1802487439143807,0.1014735080991539,0.2026360232072809,0.0544404782159312,0.001964249308233
0.0524294935593583,0.0730238047613326,0.0009459735503787,0.2630935591189752,0.0496545472077858,0.0847062697934498,0.1004054747702323,0.049840150110754,0.0241175801241083,0.3017831470036247
0.0573099183277695,0.0798212609495628,0.0010340299558884,0.2875837503293864,0.0542766647528038,0.0581355373178775,0.0511219398225224,0.054479544591772,0.0263625767357689,0.3298747772166479
0.073607274154573,0.1025202200511818,0.0013280794785261,0.0849922712894828,0.0697114471496225,0.0746676763524009,0.0656596056952791,0.0699720204040103,0.0338593644840435,0.4236820409408796
0.073607274154573,0.1025202200511818,0.0013280794785261,0.0849922712894828,0.0697114471496225,0.0746676763524009,0.0656596056952791,0.0699720204040103,0.0338593644840435,0.4236820409408796
0.1065894788657566,0.14684491298722,0.0059553072376307,0.1224407865732554,0.1983393288625392,0.1696804765010708,0.0955239566866463,0.1015281226693357,0.0512485473353048,0.0018490822812402
0.0748725717693435,0.1031495453734771,0.0041832380953806,0.0860071432729944,0.0710624377975513,0.0759096492454668,0.0670997210871092,0.1339937969437651,0.3824230295165759,0.0012988668983356
0.0740606114015094,0.1026240646499718,0.0013120259772482,0.0853079894639093,0.070211876204552,0.0751081957158347,0.0662090124228682,0.0704692997129043,0.034793164782331,0.4199037596688706
0.1639967922527804,0.1119161641731783,0.0030961524918945,0.093316839465989,0.0771019923190277,0.1293200266782797,0.3034057911236892,0.0773784928174179,0.03905849185061,0.001409256827133
0.2074750075532822,0.1415869584288827,0.0039169928436879,0.1180566504204063,0.0975429837316965,0.1041964490793827,0.0921036092379425,0.1839249420723404,0.0494135329137069,0.0017828737186716
0.2270047116528519,0.1549145945383261,0.0042857009213474,0.1291693693781572,0.1067247431721918,0.1140045018311033,0.1007733582170212,0.1071074757552303,0.0540648482104239,0.0019506963233466
0.1879309668753288,0.1282495386228315,0.0908068844159331,0.1069357737166095,0.1732230752834896,0.0943811963252273,0.0834274958748889,0.0886713378400637,0.0447588031286803,0.0016149279169469
0.14466326047849,0.0850328756021968,0.0476222447489735,0.0637373395915005,0.0451719418277538,0.0511934996780178,0.0402491675331855,0.0454885246291804,0.0016135467272599,0.4752275991834415
0.1866546191209065,0.1273785219226644,0.0035239174875081,0.1996673336778191,0.1720466173168849,0.0937401991016601,0.0828608915584878,0.0880691195637704,0.0444548202416992,0.0016039600085994
0.0963871417512231,0.1327894797325289,0.0036736112393474,0.2081490737877786,0.1793550471336225,0.153439310473804,0.0863807690193281,0.0918102392055951,0.0463432324570567,0.0016720951997151
0.0521963791792929,0.0723273071882988,0.0009246886314543,0.0601232974021949,0.0980786225442336,0.0529346948245198,0.0466627354556259,0.0496652973653283,0.2711475374864642,0.295939439922587
0.0895503111827489,0.0807883270238004,0.0050033044723895,0.1028676625101515,0.1666332250464174,0.0907906934550925,0.3344588683408257,0.0852980526369776,0.0430560634161686,0.0015534919154273
0.0830330004754607,0.0749086977764869,0.004639172964871,0.0953811389073137,0.0788075965870248,0.0841831099552489,0.074412979830492,0.0790902136644549,0.4241036582728753,0.0014404315657716
0.0502442520805441,0.045131165073681,0.0009065457302757,0.1108372747220568,0.0952262605135253,0.05096808156542,0.0448191815001177,0.0477628314883828,0.2648994678477365,0.2892049394782597
0.066266680555589,0.0595230772715044,0.001195634800592,0.1461822591345271,0.1255930365096748,0.0672213325857177,0.0591116050144437,0.0629939578281969,0.0304826895962424,0.3814297267035116
0.0023892393583749,0.0513044974236163,0.0010305489124287,0.1259983132749784,0.1324199577104102,0.0579398250652448,0.2195833908464674,0.054296140173642,0.026273827589959,0.3287642596448778
0.0437537228890049,0.039301142091364,0.0007894385730951,0.0965193669553947,0.0829249763253688,0.0443840484165774,0.1682089968313004,0.0415928510586023,0.2306798773932358,0.2518455794660561
0.0008125648837848,0.0393811573161608,0.0244899455455356,0.0982755688911294,0.1033388926222536,0.0446129655001004,0.1720653199294026,0.2392265488469782,0.0196450311807107,0.2581520052839435
0.0012491510581292,0.0605404138346426,0.0376482444690918,0.1510784348651518,0.1295676447684117,0.0685832407636824,0.0601105242019189,0.0641666499712002,0.0302001870571393,0.396855509010632
0.0010125249384359,0.049072270636836,0.0305165545553616,0.1224597153125177,0.1287690472211988,0.0555915485001339,0.2144080195257343,0.0520115905029386,0.0244793792886659,0.3216793495181769
0.000919408067792,0.0445593385562177,0.0277100991732165,0.1111977058182514,0.1169267999264712,0.2928911398687577,0.0442429284679308,0.0472283438282167,0.0222281328174558,0.29209610347569
0.0010011098378756,0.0333810743242893,0.1201477143746845,0.1153525881593369,0.0981131490649363,0.0492382860859529,0.2062642767800898,0.0456986881618662,0.0184768722255047,0.3123262409854633
0.0117369236942871,0.0487395149721343,0.1478931295378323,0.14241344176527,0.149542220670592,0.0668605331674848,0.0591008280484389,0.3408618179607636,0.0317075599551619,0.0011440302280346
0.0116120359474391,0.0588614840447075,0.1463194599627903,0.140898079279647,0.1479510037994031,0.0661490979091631,0.0584719606003684,0.3372348484463946,0.0313701729341679,0.0011318570759185
0.0102886173174826,0.0521530665954114,0.0337744751806417,0.1468366491889206,0.1310890929652328,0.0586101143128273,0.2159105934804945,0.0550643290128368,0.2952702021233852,0.0010028598227668
0.0010333447877086,0.0344559186775309,0.0252331265087527,0.141732168095774,0.1451910339651752,0.0508237201929754,0.2129058243533871,0.0471701499981196,0.0190718129869738,0.3223829004336023
0.0080899147922296,0.0926859920860648,0.0600237137269197,0.2609568601257666,0.2329704354185374,0.1041614030773029,0.092072630607582,0.0978598632119037,0.0493969128964936,0.0017822740571994
0.0080899147922296,0.0926859920860648,0.0600237137269197,0.2609568601257666,0.2329704354185374,0.1041614030773029,0.092072630607582,0.0978598632119037,0.0493969128964936,0.0017822740571994
0.0036484456704555,0.0342438136452021,0.0270699091518229,0.1176881278670586,0.1203785900338734,0.0469754292654576,0.1730502137834283,0.239485529958323,0.236656158355398,0.0008037822689801
0.0056247608309683,0.0527932382971352,0.0039910074059929,0.1814382429364688,0.1855860931664031,0.0724214030895181,0.0640163140832055,0.0680400646551841,0.3648496949548024,0.0012391805803214
0.0021440083231924,0.0373448197909557,0.000924773584513,0.1333497959495958,0.1364452465934112,0.0519928933653136,0.0457203577785291,0.2734810534594497,0.0235770873426886,0.2950199638123504
0.0138623017370614,0.0575654984781583,0.0455058198315325,0.1978394058506879,0.2023622022125066,0.0789679569544793,0.2909057361836987,0.0741905661538919,0.0374493159275085,0.0013511966704745
0.0056461108303349,0.0529936264803982,0.0040061561399837,0.1821269311292984,0.1862905254241705,0.4006600603040062,0.0642593018841457,0.0682983254739013,0.0344750781748517,0.0012438841589091
0.0079531446346764,0.0746471312341601,0.0590089375526091,0.2565450570610092,0.2624099202601729,0.1024004238981987,0.0905160272912368,0.0962054194688768,0.0485617961204822,0.0017521424785776
0.0055587090772361,0.0636860187991485,0.0039441408731312,0.1793076076081083,0.1873740087004187,0.3944578455902768,0.0632645683753017,0.0672410679103301,0.0339414042245438,0.0012246288415043
0.0077808146885336,0.089144638375828,0.0577303229294016,0.2509861997916786,0.2622771616374205,0.1001815959570559,0.0885547122611866,0.09412082582482,0.0475095517448991,0.0017141767891758
0.0046461010017004,0.0532302863175132,0.0032966065694185,0.1498695549173744,0.1532957150133022,0.3296972311486459,0.2203702190536601,0.0562016807558722,0.0283690313660347,0.0010235738564777
0.0063346760298417,0.072576256666343,0.0044947224796601,0.20433801951156,0.2135304483536816,0.0815618903603593,0.3004613855401077,0.0766275721924129,0.0386794481907468,0.0013955806752865
0.0751550332477365,0.0678015444425655,0.004199019623769,0.187446638825016,0.1994825146528543,0.0761960231637585,0.2806943609482101,0.0715863283692773,0.0361347697715445,0.0013037669552679
0.0063581441687886,0.0728451306652129,0.0045113741239088,0.2013903224509881,0.2143215167852389,0.0818640535280934,0.3015745079019784,0.0769114551412647,0.0388227443372667,0.0014007508972591
0.0654969239363574,0.0902330154787431,0.003659407188321,0.1663631115895797,0.1545546506800965,0.3659813181309375,0.058697400454363,0.0623868302822802,0.0314911212850261,0.001136220974295
0.0939134758652779,0.1293815894262205,0.0052470807483348,0.2342326871613859,0.2216098647719018,0.0952142933505431,0.0841639052588451,0.0894540342950945,0.0451538863358767,0.0016291827865194
0.0913854960504491,0.1258988725587376,0.0051058388861169,0.2279275696086447,0.2425627102691904,0.092651297896955,0.0818983661371035,0.0870460945295873,0.0439384259116249,0.0015853281515903
0.0935552402016717,0.1288880596199868,0.0052270656074132,0.2095964370705327,0.2483218191503278,0.0948510956811036,0.0838428596136457,0.0891128093000371,0.0449816455335116,0.0016229682217693
0.0637959000347925,0.087889569301198,0.0035643685404153,0.1591154512954558,0.1505407040837598,0.0646795519440513,0.2382694627032355,0.0607665787792302,0.1702717011955639,0.0011067121222975
0.0939134758652779,0.1293815894262205,0.0052470807483348,0.2342326871613859,0.2216098647719018,0.0952142933505431,0.0841639052588451,0.0894540342950945,0.0451538863358767,0.0016291827865194
0.0984753211791134,0.0888400759988043,0.0037531981974904,0.2456105355098712,0.2323745597615714,0.0998393258491211,0.0882521653648808,0.0937992623190061,0.0473472355105816,0.0017083203095595
0.0589764093520505,0.0532059060710537,0.0022477728493209,0.1321277701255065,0.1391680371833883,0.0597933053703957,0.2202692862835297,0.3048323697835517,0.0283560379364598,0.0010231050447426
0.0983034121631444,0.0886849872937287,0.0054923527928707,0.2451817715823655,0.231968901963998,0.0996650356812269,0.0880981029792662,0.093635516329749,0.0472645811300929,0.0017053380835575
0.0062158552206957,0.0712149290307603,0.0044104140541929,0.1968834071661298,0.1862733411236298,0.1256628967106338,0.2948255701047422,0.0751902532059472,0.0379539298990935,0.0013694034841744
0.0087515960704469,0.1002668612659552,0.0062096302013609,0.2489956054664704,0.2622630325717471,0.1126808562605806,0.0996033324102484,0.1058639078822412,0.0534371300439893,0.0019280478269595
0.0028718454119975,0.0500224501082326,0.0012387110381482,0.1572211837046804,0.1657450948718896,0.0696431775252249,0.061241273320079,0.0652634992388972,0.0315809175649767,0.3951718472158734
0.0058020949645594,0.0664744860457974,0.0041168335276302,0.1650780197172264,0.1738740006309404,0.4117290269791013,0.0660345825811555,0.0701851915819476,0.0354275152387038,0.0012782487329377
0.0089131520652296,0.0836576300929164,0.0063242610614164,0.2535921079117202,0.2671044540428462,0.1147609645836343,0.1014420273547678,0.1078181741454262,0.0544235888148345,0.0019636399272079
0.0091252978691717,0.1045483553049805,0.006474787546031,0.2596279638258335,0.2307609351835135,0.117492440150818,0.1038564931115731,0.1103844013416255,0.0557189482923844,0.0020103773740687
0.002515669261457,0.0540193458184437,0.0010850818325662,0.1377220714748198,0.1221413706850189,0.0610057909936538,0.0536459198605169,0.0571692954796693,0.164534179728189,0.346161274865665
0.005766189917337,0.0660631226373842,0.0040913573671883,0.1640564690308744,0.1458156650716789,0.0742423681367969,0.2734973980814252,0.069750865250949,0.1954462259474942,0.0012703385588716
0.0081198459300142,0.0930289125334471,0.0057613765662335,0.1155600926334459,0.205335022178975,0.1045467803510345,0.0924132817347803,0.0982219259931084,0.2752238939485545,0.0017888681304061
0.0072793613685631,0.0833994977111874,0.0051650169679896,0.2071083922046295,0.1840808115013178,0.0937251520108148,0.0828475908041183,0.0880549827894149,0.2467354920995555,0.0016037025424089
0.0085689078426925,0.0981738058918576,0.0041475172907219,0.2437978603334505,0.2166909196423347,0.173233407620888,0.0975241280994011,0.1036540150171582,0.0523216381376628,0.0018878001238323
0.1169492407252522,0.1055064285105123,0.004457296246737,0.2620071748122014,0.1180481931288763,0.1185691319689979,0.1048082261443925,0.1113959556307922,0.0562295525122558,0.0020288003199819
0.1049034486058352,0.0946392480378703,0.0039981939586855,0.2350203902720769,0.2088893825118173,0.1063564907699527,0.0940129606368021,0.099922152841215,0.0504378988313079,0.0018198335344367
0.1039584645395079,0.0937867252406359,0.0039621777014961,0.1165014441365075,0.104935344797766,0.1053984175086463,0.0931660795188721,0.0990220409424837,0.2774658653795462,0.0018034402345379
0.0800527717081043,0.1102861410052258,0.0030510580202372,0.0897114395872978,0.1594053796391135,0.12743652181441,0.0717421417072678,0.1432644102313753,0.2136614048351888,0.0013887314517791
0.0658902222082354,0.059443242006905,0.0025112795801334,0.07384012524365,0.0665093815770524,0.3681789758423195,0.1238608151421144,0.0627614529525266,0.1758614616524152,0.0011430437946476
0.0990615052868953,0.1364738647663143,0.0037755394816861,0.1110136483390793,0.0999923696402382,0.1004336293298679,0.0887774951246095,0.0943576117230467,0.2643958470527733,0.001718489255489
0.1039584645395079,0.0937867252406359,0.0039621777014961,0.1165014441365075,0.104935344797766,0.1053984175086463,0.0931660795188721,0.0990220409424837,0.2774658653795462,0.0018034402345379
0.0874264013124883,0.0788722295485216,0.0033320897854426,0.0979747253259206,0.1740881470352365,0.0886373648132348,0.0783502824210399,0.1564604392257059,0.2333416735678144,0.001516646964595
0.0980653517332377,0.088470219711029,0.0037375729975229,0.1098973051139567,0.098986855398684,0.1561108637307227,0.087884756648679,0.0934087600983885,0.2617371062850941,0.0017012082826851
0.069555001720623,0.0627494438704885,0.0678478198330044,0.0779470741825964,0.1385016560763584,0.070518424292221,0.2597789650942632,0.0662522119641019,0.1856427836768801,0.001206619289463
0.071114500806354,0.0641563549182262,0.0693690420367419,0.3289696045460131,0.0717827518450869,0.072099524363969,0.0637317919845936,0.0677376588971733,0.1898050975904002,0.0012336730114412
0.0835300934333612,0.075357153040502,0.0814799020876217,0.0936083132523155,0.0843150117140125,0.1329720926190316,0.0748584673840949,0.1494875107627369,0.2229424007211451,0.0014490549851781
0.0947277480661656,0.0854591814134513,0.092402717633372,0.1061570070161387,0.0956178888296424,0.0960398442258373,0.0848936442844641,0.0902296411258781,0.2528290188688341,0.0016433085362161
0.1566400712437004,0.1068957245358017,0.0756873498861221,0.0869535305744318,0.0783209064903925,0.0786665314517151,0.0695366448372255,0.138860175832533,0.207093026077615,0.0013460390704626
0.1268254795111054,0.0566762261231787,0.0612811547263535,0.2906143236888557,0.0634134448645302,0.06369328418727,0.0563011639043111,0.1124297776752043,0.1676753089242205,0.0010898363949701
0.1327795493074091,0.0906126128139356,0.06415811820282,0.0737081546802821,0.2187175754544427,0.0666834897916068,0.0589443319868734,0.1177080131373652,0.1755471537325358,0.0011410008927289
0.1350811453766278,0.0921832886790219,0.0652702327824696,0.0749858092586143,0.222508818266764,0.1065185305387698,0.0599660709783924,0.0637352431941653,0.1785900819628305,0.0011607789623442
0.1499159888072511,0.1023070157962326,0.0724383218692816,0.0832208796436675,0.0749588278884267,0.1182165785424117,0.0665516479042749,0.1328993302964943,0.1982031515499588,0.0012882577020004
0.0947277480661656,0.0854591814134513,0.092402717633372,0.1061570070161387,0.0956178888296424,0.0960398442258373,0.0848936442844641,0.0902296411258781,0.2528290188688341,0.0016433085362161
0.1180498548645286,0.0024147611040696,0.0100055952907666,0.3880418710115037,0.0135204947108507,0.0738443509258055,0.0017965028511283,0.0943197615114818,0.1853873335424885,0.1126194741873763
0.144464950437772,0.0645590162911074,0.0698044195412397,0.0801949168248337,0.0722332783976626,0.113918150398288,0.1345204620848362,0.1280670281885737,0.1909963619830393,0.001241415852647
0.1075910352286094,0.0734232407646565,0.1474977339525192,0.2465395444076223,0.0537961157859428,0.0848411444820294,0.0477624885187998,0.0953785959826662,0.1422455498609337,0.0009245510162206
0.1242952791338461,0.084822700946815,0.1703977657086728,0.0689983940163529,0.0621483306087981,0.0980133122896536,0.1157392041002423,0.1101867751887515,0.1643301441234836,0.0010680938833839
0.1242952791338461,0.084822700946815,0.1703977657086728,0.0689983940163529,0.0621483306087981,0.0980133122896536,0.1157392041002423,0.1101867751887515,0.1643301441234836,0.0010680938833839
0.0632593614141324,0.0016666457052278,0.1351973365730452,0.3137354649585975,0.1887879592499723,0.0222491769657026,0.0499085259396468,0.0412445574038466,0.1257294652433594,0.058221506546469
0.1242952791338461,0.084822700946815,0.1703977657086728,0.0689983940163529,0.0621483306087981,0.0980133122896536,0.1157392041002423,0.1101867751887515,0.1643301441234836,0.0010680938833839
0.1436486627679952,0.0980300108603368,0.1969295322660383,0.0797417818492945,0.0718251300244766,0.1132744649835758,0.1337603649526267,0.1273433956694159,0.0342122552947656,0.0012344013314741
0.1087834397766703,0.0742369721878659,0.1491324144667456,0.0603875118385007,0.179190623267314,0.0857814176779151,0.1012951483497655,0.0964356531194038,0.1438220217318029,0.000934797584016
0.2536855653825473,0.069531689597683,0.1752414946487893,0.0499841215608592,0.0415223240803029,0.0858258864812812,0.1077224584893636,0.1008636126394984,0.0013194029885107,0.114303444131164
0.216197947989555,0.0784029865939909,0.1575013951616536,0.063776325213494,0.1892464040457247,0.057698201098201,0.1069796076543257,0.1018474083179163,0.0273624675717646,0.0009872563533738
0.2107961070871122,0.0764440389545917,0.1535661243300491,0.0621828338536111,0.0560094096626405,0.0883317010553196,0.104306655270974,0.0993026871437537,0.1480978535058183,0.0009625891361294
0.1087834397766703,0.0742369721878659,0.1491324144667456,0.0603875118385007,0.179190623267314,0.0857814176779151,0.1012951483497655,0.0964356531194038,0.1438220217318029,0.000934797584016
0.1624204018792621,0.0954705001295866,0.0534677851510955,0.0686307079773924,0.0570122352761207,0.1178432503775384,0.1479083428962277,0.1384908032479435,0.0018116065338614,0.1569443665309713
0.2002890314041688,0.0548964413501997,0.1383561148703793,0.2499464452215673,0.0327825749926015,0.0677609845353959,0.0850486973461626,0.079633522896846,0.0010416909066232,0.0902444964760552
0.0592919511469089,0.001562119400584,0.1267182231385974,0.2940590522183516,0.1769478256932468,0.0835703564303092,0.0467784343008984,0.038657840167802,0.1178441442387187,0.0545700532645825
0.1453713096567216,0.0575036335054127,0.0023776234478447,0.0222780379008773,0.0070294987692554,0.0868665081628153,0.1919332155778975,0.1139651661372101,0.234490660690818,0.1381843461511469
0.0859445674017265,0.0257573072155314,0.156241023375847,0.0016286152923153,0.2086087865678522,0.1112564495170062,0.0728983784302314,0.1096540082022022,0.1469891949969461,0.0810216690003413
0.0693533924775299,0.0625675609351095,0.0676511589565229,0.0777211400263384,0.138100200920612,0.1104041112479223,0.1303709023470887,0.1575237240521215,0.1851046872039174,0.0012031218328368
0.1071769392110369,0.001639624108192,0.0085675923694053,0.3535920330784937,0.0117755548969461,0.066831659532141,0.0940425629966995,0.0855190647874784,0.1686342051184653,0.1022207639011415
0.0744211055679766,0.067139427375398,0.0725944883536961,0.0834002917541147,0.0751204282171627,0.1184714362888927,0.1398972182897694,0.1690341204425141,0.1986304487122711,0.0012910349982043
0.1295459132679826,0.0019818312043199,0.0103557405741637,0.0269434228573572,0.1264022670923204,0.160347464777925,0.1136702521937169,0.1033678087027962,0.2038299681919099,0.1235553311375078
0.1500601354619014,0.0022956637649208,0.0119956222019347,0.0312100442367376,0.0164871415062097,0.0935720683606163,0.1316704866396847,0.1834804922453674,0.2361074299179192,0.1431209156647079
0.1453115036254968,0.0574799764020332,0.0023766452890698,0.0222688726740284,0.0070266068201914,0.0868307711173705,0.1262731440413012,0.1799107923898942,0.2343941907903382,0.1381274968502759
0.0908679428100987,0.0819770359562573,0.0034632575459612,0.1018315017443041,0.0917218136308434,0.2079411610607114,0.2143118461460568,0.1626195065811719,0.0436895847312487,0.001576349793346
0.0908431545118856,0.0819546730508028,0.0034623127874668,0.1018037226447156,0.0916967924011488,0.2078844358025869,0.170767479465517,0.2063338431208083,0.0436776664416777,0.0015759197733901
0.0969790825752686,0.087490235757754,0.0036961719297542,0.1086799734980569,0.0978903787515964,0.1543816248762506,0.1823018320008922,0.2202704971838835,0.0466278394151131,0.0016823640114303
0.080201896280162,0.0723546008833841,0.0030567416175928,0.0898785565996345,0.1597023244983002,0.1835331021702649,0.1891559985256522,0.182164144056635,0.0385613169482861,0.001391318420088
0.0740273672522602,0.0666306177488435,0.0013114370381808,0.0831484502233665,0.0747377411964655,0.1714258984925781,0.1767259609627066,0.1701355379625861,0.0347775469101452,0.1470794422128671
0.0015702245181574,0.0273505242622441,0.0006772838241525,0.0422482040284034,0.037904543595055,0.0878385648383557,0.0905757504397288,0.0871721658509512,0.3120627189878907,0.3126000196550609
0.0016457320375683,0.0286657312391762,0.000709852428774,0.0442797969941629,0.0397272625936251,0.0635630365364881,0.0753436183277336,0.091364021174168,0.3270689053892193,0.3276320432790839
0.0014511594883759,0.0252766227607926,0.0006259275895754,0.0794447401498721,0.0704570396865883,0.0811780515057069,0.0837076852051855,0.0805621833910305,0.2884000156608677,0.2888965745620048
0.0014511594883759,0.0252766227607926,0.0006259275895754,0.0794447401498721,0.0704570396865883,0.0811780515057069,0.0837076852051855,0.0805621833910305,0.2884000156608677,0.2888965745620048
0.0014511594883759,0.0252766227607926,0.0006259275895754,0.0794447401498721,0.0704570396865883,0.0811780515057069,0.0837076852051855,0.0805621833910305,0.2884000156608677,0.2888965745620048
0.0014511594883759,0.0252766227607926,0.0006259275895754,0.0794447401498721,0.0704570396865883,0.0811780515057069,0.0837076852051855,0.0805621833910305,0.2884000156608677,0.2888965745620048
0.0020799097218217,0.0257687664631136,0.0006223387486883,0.0796263035906691,0.0706901353292586,0.0813496767703193,0.0838648064712503,0.0807373398191639,0.2873835056362555,0.2878772174494594
0.0022495043345335,0.0278699364910832,0.0006730838834179,0.0426752334631029,0.0383585087334295,0.087982881462499,0.0907030933566974,0.0873206149172892,0.3108165872872567,0.3113505560706903
0.0036916883571453,0.045737684733043,0.0011046059781482,0.1413308927806371,0.062950605568857,0.1605191982214736,0.1488539268680317,0.1433029012125744,0.1686254379241921,0.1238830583558973
0.0035280240431626,0.04370998735699,0.0010556352736507,0.1350652437404817,0.1199073663820405,0.1379884965861977,0.1422547577433334,0.1369498267518641,0.1611497346827544,0.1183909274395243
0.0552901145317545,0.0405573357197067,0.0009794959179774,0.1253234504441172,0.1112588588485278,0.12803585907716,0.1319944094332772,0.1471821241554715,0.1495265564204043,0.109851795451603
0.003450653511306,0.0427514153835908,0.0010324849034804,0.1321032260173341,0.1392080384616536,0.1349623711289028,0.1391350720124325,0.1339464796080169,0.1576156769415341,0.1157945820317482
0.0620713508857877,0.0455316223844096,0.0010996293881984,0.1406941536043799,0.1249045643190522,0.1597960098226877,0.1481832941074809,0.1652337556168911,0.0291606928266202,0.1233249270444919
0.0443670460578974,0.0362762730618846,0.0423374664966343,0.1469319395424107,0.1263341296549888,0.1718506626182028,0.1567016611935249,0.1494928708435142,0.0014344867795757,0.1242734637513662
0.0111600923870508,0.0016806895943244,0.008782173469961,0.1559155122580216,0.1071952921812889,0.1605238863587984,0.1427748422955329,0.1343287979670433,0.172857761955142,0.1047809515328363
0.0107889461409454,0.0016247956454064,0.0084901086193327,0.1269608026389857,0.1381414681209175,0.1551854146180585,0.1605415736962738,0.1298614846706796,0.1671091079803531,0.101296297869047
0.06493027613699,0.05857722115109,0.0633366051048998,0.1619447360197328,0.153217518377899,0.1650332485239484,0.1531379155217883,0.1474774129347039,0.0312186752905683,0.0011263909383791
0.0410882777541746,0.0335954208334697,0.0392086861169818,0.1360735248183947,0.1452151388474483,0.1591507297709488,0.1635300700750105,0.1657201423316217,0.0013284767968772,0.1150895326550724
0.0921503966618314,0.001409743673018,0.0073663890860234,0.1307801914603196,0.1198575717601552,0.1346456442205491,0.1392928817938031,0.1416169272829433,0.144991161408526,0.0878890926528305
0.0541112363741682,0.0488167623553787,0.0527831115755279,0.1349606133173958,0.1436263818460779,0.1375345008796108,0.1406289551985266,0.1421764664862249,0.1444232664826432,0.0009387054844455
0.0410882777541746,0.0335954208334697,0.0392086861169818,0.1360735248183947,0.1452151388474483,0.1591507297709488,0.1635300700750105,0.1657201423316217,0.0013284767968772,0.1150895326550724
0.0100055879084525,0.0015068233218522,0.0078736631950226,0.1397861514120754,0.1536965656337467,0.1379598488766203,0.1488850539797589,0.1513691409887007,0.1549757361244909,0.0939414285592794
0.0566192654905926,0.0510793952124483,0.1566969694048529,0.141215971177452,0.1336058286976225,0.1400255064890878,0.1437858579648271,0.14876627558155,0.0272227159609185,0.0009822140206478
0.0492163979260637,0.0444008557655385,0.1362091212807917,0.1250103456487035,0.1306341092030905,0.1250932925843265,0.1279078262251895,0.1293153514719568,0.1313589085978626,0.0008537912964765
0.0215365683652676,0.0013425796813945,0.0196370233018188,0.1371710591997464,0.1495652392094113,0.1355438235174851,0.1406838147822198,0.1474915036937075,0.150704980202935,0.0963234080460135
0.0220267958496181,0.0013731402353597,0.0200840122728616,0.1402934240137082,0.1529697273209976,0.1440585118197703,0.1438861389148218,0.122656862186792,0.1541354117401679,0.0985159756459021
0.0187790506545714,0.0011706773064815,0.1380592629039692,0.122704043722223,0.1304150761458476,0.118188946566535,0.1266769288650695,0.1286068593662241,0.1314088859992777,0.0839902684698006
0.0189858982279056,0.0011835720882496,0.1395799587066105,0.1209252897495233,0.1280173193549152,0.1194907747175902,0.1240220142999351,0.1300234387909971,0.132856329199868,0.0849154048644051
0.0188256156372615,0.0011735801459016,0.13840159795091,0.1199044152834973,0.1307384564846607,0.1231223184393343,0.1229749966919048,0.1289257560075068,0.1317347306127484,0.0841985327462742
0.1066838024036708,0.0476752410636973,0.1462539984910892,0.1342293580044873,0.1372979683726874,0.1306935947296935,0.1373405161697892,0.13350029059207,0.0254084751874481,0.0009167549853666
0.0561618005535926,0.0415075045624208,0.1554309097232984,0.1400749928408677,0.1459129209970123,0.1427464187701688,0.1426241157930518,0.1475642932828227,0.0270027654205128,0.0009742780562515
0.0952109427255388,0.0268556875286091,0.1410488820063213,0.1271195919092893,0.1341145560517726,0.1230237794462131,0.1270894527080454,0.1324742553967589,0.0010619649005973,0.0920008873268537
0.0841102141111991,0.0237245589999696,0.2675820454306415,0.1122986054663924,0.0975671732742064,0.1086803274264225,0.1122719802214658,0.1115525236721691,0.0009381494669715,0.0812744219305615
0.0828353421827336,0.0233649620758161,0.2635262616963391,0.1081528653043882,0.1136891038317292,0.1070330423722053,0.1105702559130679,0.1098617042814217,0.0009239297858925,0.080042532556406
0.0836520983887026,0.0235953405263035,0.2661246297842198,0.1116869585062436,0.09703576271309,0.1080883878237686,0.1116604782787021,0.1163915525798831,0.0009330397305927,0.0808317516684935
0.0676769044037661,0.0010353410429992,0.2701562788391164,0.0987855918076704,0.1022511396474781,0.0923448833031014,0.0987562082074841,0.0979622165032133,0.1064841099495796,0.0645473262955908
0.0851958694126977,0.0380726363362343,0.2283720236550629,0.1071932814376991,0.1096438214664319,0.1043696810462006,0.1071725038603078,0.1066110606069648,0.1126370172453459,0.0007321049330545
0.1508207096130037,0.0198366713805324,0.3169322460008911,0.0938955507300152,0.0815782478304602,0.0908702218949303,0.0840547208093945,0.0932717338921543,0.0007844092141885,0.0679554886344294
0.0943722966846534,0.0421734311376663,0.2529699211877299,0.1187390448407392,0.1214535319658008,0.1156113151080384,0.1085651239167636,0.1228280846464796,0.022476290727073,0.0008109597850552
0.0841102141111991,0.0237245589999696,0.2675820454306415,0.1122986054663924,0.0975671732742064,0.1086803274264225,0.1122719802214658,0.1115525236721691,0.0009381494669715,0.0812744219305615
0.0841102141111991,0.0237245589999696,0.2675820454306415,0.1122986054663924,0.0975671732742064,0.1086803274264225,0.1122719802214658,0.1115525236721691,0.0009381494669715,0.0812744219305615
0.0858773386716168,0.0242230032298048,0.2732038454629437,0.0936483267437221,0.0996170235807986,0.1109636610008152,0.1146307730957032,0.1138962010297971,0.0009578596410799,0.0829819675437181
0.0704956495971045,0.0010784630299478,0.2814082963351409,0.0792450769479451,0.0859652879263469,0.0987405719522131,0.1028694073800763,0.1020423458963928,0.110919176472371,0.0672357244624611
0.0714603126292638,0.0010932207266637,0.2852590897098939,0.0803294672138579,0.0871416376129648,0.1000917387274814,0.0905930651849806,0.1034386941726857,0.1124369953691678,0.0681557786530398
0.0878507613694775,0.0247796369718777,0.2794819472080507,0.0958003232595832,0.0789266269066835,0.1135135561261646,0.1172649368110624,0.116513484608784,0.0009798708257104,0.0848888559126056
0.1141203306578456,0.0509985035384756,0.1564488168942586,0.1220762831812016,0.1281870464742947,0.1374854472749146,0.1312831018692989,0.1312402067494104,0.0271796048188425,0.000980658541457
0.0382166109752016,0.0196312823227801,0.1641147789979808,0.1208054018200796,0.1285049608492386,0.1402209417189402,0.1478725470735773,0.1323519414368041,0.0012356293257066,0.1070459054796907
0.0614845651438052,0.0554686532089995,0.1701619570605401,0.1327765825856641,0.1144091097526246,0.1495363994440135,0.1427904025516347,0.1427437475644415,0.0295619669098057,0.0010666157784705
0.0461603699478986,0.0237118685160018,0.0440487544199155,0.145916184021077,0.1202153794896143,0.1693674655868638,0.1599280860338418,0.15986280374285,0.001492468990254,0.1292966192516827
0.0247819961255261,0.001544898142463,0.0225962013598861,0.1280421461640939,0.1014384944703296,0.15231725108483,0.1425462742453144,0.1424786986435783,0.1734152893879675,0.1108387503760105
0.0461603699478986,0.0237118685160018,0.0440487544199155,0.145916184021077,0.1202153794896143,0.1693674655868638,0.1599280860338418,0.15986280374285,0.001492468990254,0.1292966192516827
0.011800939242906,0.0017771999640271,0.0092864729023143,0.1305880164552594,0.099984051356454,0.1585132980036634,0.147273087914465,0.147195351166861,0.1827837867063036,0.1107977962877458
0.0395137652854215,0.032308036404466,0.1696851890242953,0.1249057980527663,0.1029056373294239,0.1449803433061675,0.1369001344924359,0.1368442521603304,0.0012775692535227,0.11067927469117
0.0123863557338973,0.0018653626217034,0.0097471527065448,0.1370661769461462,0.1049440220244983,0.1167691467832722,0.1545789550636551,0.1544973619811386,0.1918512550510819,0.1162942110880618
0.0500890038702297,0.0257299470348474,0.0477976721830494,0.1583348728446142,0.0453383430104121,0.1837820547982331,0.1735393050218004,0.1734684666613229,0.0016194905957948,0.1403008439796955
0.0796832983049455,0.0718867447446135,0.0777275240220505,0.0915332903869117,0.0756283548900002,0.193797475780722,0.1850547404050647,0.1849942760714026,0.0383119734561921,0.0013823219380969
0.0483719806874564,0.0395508679498852,0.0461591945755985,0.1529072415022138,0.0437841698386099,0.1774821082174659,0.1871669886136558,0.1675220641433311,0.0015639753592677,0.1354914091125154
0.0795679214315659,0.0717826568363251,0.0776149789983382,0.0914007554005387,0.1480582164736903,0.1935168680837504,0.1847867916905133,0.1136349907678371,0.0382564999027071,0.0013803204147336
0.0543935999232924,0.0444743849085943,0.0519053536126461,0.0694698279609647,0.0492346722902007,0.1995760903465906,0.188453089480031,0.1883761633457238,0.0017586679059424,0.1523581502260134
0.1373933300711217,0.038753868360925,0.2035393731739519,0.0605342732314007,0.0429018639077121,0.1331512632456844,0.1642133159779225,0.0852191654343888,0.0015324592944355,0.1327610873024569
0.1225705246637226,0.0720467943398527,0.1815803412490416,0.054003477652584,0.038273356978085,0.1187861171078152,0.1464970117964569,0.1464372120402621,0.0013671285181567,0.1184380356540227
0.1152804075943754,0.0515169228894491,0.1580391791301563,0.0655964250354154,0.1062583088644418,0.1125382093052592,0.104793976876268,0.1325743137934205,0.1524116291995124,0.0009906273117015
0.0497917245048221,0.0407117073334554,0.0475139919227801,0.0635924546289961,0.1296725105007959,0.1826913041663123,0.1725093453403536,0.1724389274071401,0.0016098788826562,0.1394681553126879
0.1238937406775624,0.0845486794664069,0.0598645597190397,0.1325310510769421,0.0582478115021489,0.1209466552984611,0.1126238019678226,0.1424797846952547,0.1637992722122409,0.0010646433841204
0.1367119005994029,0.0803590766484725,0.045004706577937,0.0602340414966607,0.1228243102746924,0.1730431017395444,0.1633988674664983,0.0847965040806519,0.0015248587586096,0.1321026323575299
0.1634363679899921,0.0960676836827846,0.0538022348698548,0.0720086029702647,0.0510339534928499,0.158390213315952,0.1441393858599257,0.1013725402428559,0.001822938428273,0.1579260791472471
0.1558794290314681,0.0916257248311167,0.0513145376104018,0.0686790832077587,0.0486742554886625,0.1973044027530126,0.1374746970035918,0.0966852964665339,0.001738649756192,0.1506239238512615
0.1486290153583467,0.101428747814185,0.0718164656038447,0.0845723247123311,0.0698769350493171,0.1450935470152544,0.1709816125798437,0.1709257464655768,0.0353984069163386,0.0012771984849615
0.1175519573910217,0.0690968870504046,0.0386973725538871,0.3325402020096651,0.036706280250025,0.1139224998441703,0.1036725617031061,0.0729124164823433,0.0013111523651818,0.1135886703501946
