0.0535801635898212,0.0633820706781135,0.0602073462675737,0.1578428364222052,0.1627898090347075,0.1592285429094142,0.152602649852179,0.1560684527607128,0.0334803338761924,0.0008177946090801
0.0501375716271675,0.0600401430563812,0.0666081628181781,0.1609147062213538,0.1543854987514751,0.1568709463846709,0.1643895941473293,0.155995864522465,0.0298313192151261,0.0008261932558526
0.0514570157653199,0.0616201879655895,0.0683610548536576,0.1595624577482945,0.1584483808323654,0.1572347807573033,0.1541291356413824,0.1577226763120236,0.030616374374248,0.0008479357498155
0.0014365776524985,0.0300575959960107,0.030075498462892,0.1845894428312695,0.1827019672755608,0.1806458790079248,0.1753842770869139,0.1855020572818211,0.0222707344525973,0.007335969952511
0.0511130098744787,0.0678935440548462,0.0679040402906477,0.1584957339088697,0.1573891049379143,0.1561836181505883,0.1530987352222691,0.1566682519742804,0.0304116945461566,0.0008422670399486
0.0014423898819617,0.0301792056039113,0.0301971805021334,0.185336270680319,0.1834411586136173,0.1813767516471715,0.176093861884424,0.1822066914294436,0.0223608393061191,0.0073656504508986
0.0014423898819617,0.0301792056039113,0.0301971805021334,0.185336270680319,0.1834411586136173,0.1813767516471715,0.176093861884424,0.1822066914294436,0.0223608393061191,0.0073656504508986
0.0499480412399863,0.0663461131854324,0.06635637019084,0.1455091413333935,0.1538018896454913,0.1526238783345652,0.1496093061130777,0.1530974663754869,0.0618847235072043,0.000823070074522
0.0290139892351604,0.0516133058087348,0.0516274416969705,0.1607133475691556,0.1721421573093227,0.1625478351291278,0.1663640681031411,0.1711713429029958,0.0011343297698803,0.0336721824755106
0.0511049971648738,0.0678829007518223,0.0579294276975058,0.1488795970912498,0.1500828099934484,0.150241534533582,0.1530747347631057,0.156643691941317,0.0633181710607866,0.0008421350023085
0.0521326368773635,0.0692479172566959,0.0590942957872487,0.1518733275449832,0.1605287788046789,0.159299244384803,0.1561528227221738,0.1597935459180345,0.0310183617144352,0.0008590689895829
0.0297039914230707,0.0528407583194758,0.0391148965231002,0.1645353852955198,0.1661946186020321,0.1664135001009499,0.1703204896090029,0.1752420896091222,0.0011613060679924,0.0344729644497336
0.0525660344255475,0.0698236003480096,0.0595855681348588,0.1531359056867214,0.1543735171601001,0.1606235568707863,0.1566274102964213,0.1611219677122246,0.0312762286231692,0.0008662107421607
0.0521521324699231,0.0692738133030365,0.0591163947713451,0.1319439435103382,0.153157988894606,0.1593588161492405,0.1553941350049801,0.1541278328040134,0.0646155528443134,0.0008593902482033
0.0247222814717338,0.0479201034689618,0.0439907844093117,0.1369408592064394,0.1383218195038832,0.1385039919920222,0.1408367743203922,0.1394125861581328,0.0009665413337496,0.1883842581353731
0.0993577809637286,0.0706417030334421,0.0674336310666623,0.143322232816733,0.1444497106189199,0.1445984443927482,0.1465030323069985,0.150597624047602,0.0323067131434025,0.0007891276097625
0.0941407160854441,0.0542918901440673,0.0498401017862711,0.129682504734285,0.1567140403587912,0.1569204357544047,0.1595634008720388,0.1652453980433942,0.0010950593198452,0.032506452901458
0.0542891569546506,0.0741766520798924,0.0708080464558968,0.1504941549034754,0.1516780523050007,0.1518342287973564,0.1538341233214738,0.1581336106485017,0.0339233585513728,0.0008286159823791
0.054161128922604,0.0706307607955106,0.0706410625617025,0.1501392503227522,0.1234365744993382,0.1514761639718798,0.154257307906858,0.1522532649023923,0.0721778242278032,0.0008266618891587
0.0484273982662459,0.0643262391654348,0.0548942690945111,0.1410791887688774,0.1153019523512576,0.1423697687628602,0.1442957997636036,0.1431199375676138,0.145387434139192,0.0007980121204032
0.0537263748025522,0.0713648834909561,0.0609008573962463,0.1359267478861286,0.1279184124951734,0.1579480176707639,0.1600847969967637,0.1646785670791362,0.0665660107415513,0.0008853314407279
0.0332762333236032,0.0591954588792845,0.04381890650966,0.0739655672387873,0.1861814066318751,0.1864266111138072,0.1895665401345479,0.1876495804219808,0.001300966295345,0.0386187294511085
0.0598758734043129,0.0780832780994212,0.0672817550674989,0.1447274606479392,0.1364608318771554,0.1674589839276036,0.1696646809408776,0.1381189514684092,0.0374142984715682,0.0009138860952136
0.0572153811640318,0.0685158765896919,0.0648557767381143,0.0867034058112431,0.1362254713016951,0.1682052077466184,0.1704807501417606,0.1690915075611443,0.0777637978244463,0.0009428251212539
0.0890916102948628,0.0640501293144948,0.0606285884911701,0.135319061419964,0.1273465288206541,0.1258379901001653,0.1602070911318003,0.1639423401183822,0.0726952869109372,0.0008813733975689
0.0879004162823099,0.0631937509160109,0.0598179575983038,0.1335097860548173,0.1549755887681405,0.1551394878120099,0.1572382723051075,0.1559569422839341,0.0313982089317546,0.0008695890476112
0.087493359650758,0.0629011079858525,0.0595409475754153,0.1328915177224338,0.1250620076290571,0.1544210548397858,0.1565101201053502,0.1552347237748735,0.0650795986348713,0.0008655620816021
0.0598043512788612,0.0707449056825129,0.0780013822494185,0.1445545827422281,0.1362978285140003,0.1347355102288522,0.1694620153611536,0.1681170226452953,0.0373696068454286,0.000912794452249
0.0636850999278998,0.0753355950100102,0.0830629497159076,0.0940864295327404,0.0995989150238762,0.1781125104136823,0.1804585310512853,0.1469059025963,0.0777820403679739,0.0009720263603237
0.0590955208392177,0.0699064024377631,0.0770768716930736,0.0873059249877039,0.1346823599462107,0.1652765180991096,0.167453468620278,0.1661244174163284,0.0721765403946357,0.0009019755656788
0.067169837581552,0.0159935135352374,0.0090010404443113,0.1616431245436151,0.1453499623264141,0.2191030194237306,0.2107932904389198,0.1486180432122158,0.0205269391403903,0.0018012293536133
0.1059669463777683,0.0775412702763198,0.0854948664441254,0.0968410916614216,0.1025149716819571,0.1476793631100389,0.1516946493937568,0.1512070130579415,0.0800593426522385,0.0010004853444318
0.0927833165161426,0.0678941544419264,0.0644934257006016,0.0847928336762524,0.1308055432395064,0.1293061804526604,0.1328219142819339,0.1323949460806475,0.1638316733106887,0.0008760122996396
0.0849961918082091,0.0202380680536524,0.0113898468066007,0.0642060713910849,0.0771320550414658,0.2612351156251497,0.1891710314972501,0.2633777284412359,0.0259746296735312,0.0022792616618198
0.0578170922466757,0.0683940992647132,0.075409447915488,0.0854172134708652,0.0904217731325489,0.1302583383520115,0.1638309046904847,0.1625306051928566,0.1650380628379378,0.0008824628964179
0.0556082099053216,0.0665912761521873,0.0738759492969552,0.0842679204746582,0.0894646089335888,0.163480349326455,0.1345081175474196,0.1643417531154798,0.1669454739393549,0.000916341308579
0.0643111220430451,0.0770130830486526,0.0854378373152348,0.0974561944573716,0.1034661859005593,0.1513060424074178,0.1916234429501449,0.1900619091924082,0.03826443021643,0.0010597524687352
0.0687432198615556,0.0813190428693268,0.0896601343349463,0.1015591420706,0.1075094507382444,0.1548742291281188,0.15908513818693,0.1932452271957112,0.0429551871156775,0.0010492284988892
0.0549535521121938,0.0716641486488677,0.0716746011386245,0.2415197270640358,0.0859434023543824,0.1238069592662127,0.1557167579456413,0.126764363768831,0.0671177310484464,0.0008387566527641
0.0565682116335935,0.073769803251916,0.0737805628594379,0.2486161223273234,0.0884686136933997,0.1274446874550403,0.1309098087468327,0.130488987183813,0.0690898016303601,0.000863401218283
0.0685572110301236,0.0810990057490441,0.0894175274735384,0.1012843382808468,0.1072185463066511,0.191738679492696,0.158654677688979,0.1581446677051239,0.0428389568288881,0.0010463894441086
0.0610577937149693,0.0722276517540728,0.0796362171819239,0.0902049272481609,0.1391545016248281,0.1375594386313865,0.1730137783486261,0.1716405958621197,0.0745731698763746,0.0009319257575375
0.0660354616822099,0.0781159298363697,0.0861284702290806,0.0975587824979348,0.1032747117315508,0.148773817166967,0.152818860799785,0.1856334024133905,0.080652663685831,0.0010078999568804
0.0666449788585647,0.0798078952529392,0.0885383846636071,0.1009928891444383,0.1072209837561807,0.1567969532651927,0.1985774761583228,0.1606691778369366,0.0396530500758816,0.0010982109879361
0.0662774143996262,0.0793677338733412,0.0880500723554402,0.1004358869922763,0.1066296320361235,0.1559321771293576,0.1603153610228122,0.1597830453715779,0.0821165227518419,0.0010921540676025
0.0015782217697313,0.0204944422728568,0.0330408915432462,0.0509390644069174,0.4561202269681391,0.1311342088758044,0.1374681469588911,0.1366989220170376,0.0244665910539974,0.0080592841333783
0.0478541481952345,0.0573057252323384,0.0635746166211656,0.2232562810423526,0.2749681627534046,0.0726597852126108,0.1157521776287255,0.1153678308298716,0.0284727066798436,0.0007885658044526
0.001606165563418,0.0336058935094499,0.1690037461100744,0.358868506814285,0.0609497548040502,0.052130750488342,0.1399021404639753,0.1391192957232532,0.0366117657311636,0.0082019807919878
0.0573288694878137,0.0761500865580773,0.0761618592424459,0.2674591583156894,0.0922328716940261,0.134878759417175,0.0856045663847304,0.1382096968846792,0.0710294367738639,0.0009446952414987
0.0428299966153761,0.0761907538870107,0.0762116210638883,0.0952014299119781,0.1046976187283889,0.1802877946269038,0.1870080489439013,0.1861919078373065,0.0016744798452541,0.0497063485399916
0.0961001501901852,0.0652131816944185,0.1295546381858788,0.2197789290846782,0.0782070647435425,0.1126622709106663,0.1157254698678763,0.1153534597520785,0.0666415809862651,0.0007632545844103
0.0647243444489483,0.0844061004886473,0.1676839179650633,0.0956217777775829,0.1012242186955062,0.1458199510081381,0.1497846813323007,0.1493031847636474,0.0404439351596182,0.0009878883605471
0.0835936141149942,0.024540063565712,0.1475560679966312,0.320058096614158,0.0493833863922328,0.1152591378229716,0.1211157428338163,0.1204044875942118,0.0166301179564523,0.0014592851088194
0.0863227753248407,0.0603781843752254,0.1175730550628705,0.2018527585847358,0.2486070354465064,0.101793671356389,0.0646061925156157,0.0645470915090518,0.053606269621927,0.0007129662028373
0.0969777645690188,0.0559280443078388,0.1464221841715862,0.2797701432890171,0.0705324868854305,0.064338624356198,0.1259832164265751,0.1254334000831214,0.0011280603050934,0.0334860756061204
0.091373869141555,0.0526962219085852,0.1379611249586319,0.060429042137716,0.3333038104013294,0.1144375536008026,0.0589992469849766,0.1181851853990555,0.0010628749297271,0.0315510705376204
0.1152463546365796,0.06646372245304,0.1740050725926104,0.076216831857729,0.083819337691715,0.1443356947661836,0.1497158292220772,0.1490624389363323,0.0013405633605807,0.0397941544831519
0.1244091305592596,0.0870175616411964,0.1694473040576407,0.0944932562920867,0.1003205273538846,0.094678631717148,0.1508297576726928,0.0930258266668505,0.0847504709799828,0.0010275330592574
0.1244091305592596,0.0870175616411964,0.1694473040576407,0.0944932562920867,0.1003205273538846,0.094678631717148,0.1508297576726928,0.0930258266668505,0.0847504709799828,0.0010275330592574
0.1355939042236671,0.0781983572935108,0.2047268846112884,0.089673446346632,0.0986182277339834,0.1698191707138859,0.0875517072890502,0.0874209619401469,0.0015772491936386,0.0468200906541962
0.0976412371486126,0.0356146041716963,0.1723523642386887,0.0480155860447588,0.4856198435581403,0.0483230942287137,0.0457226498008101,0.0455813549756257,0.0194247528161855,0.0017045130167678
0.1124698219705512,0.0786666510898496,0.0748902647339583,0.0854249174864735,0.3239097551263385,0.0855925027831525,0.0841753169205102,0.0840983143025856,0.0698435329285404,0.0009289226580399
0.1030250556184413,0.059415577385731,0.1555527056649699,0.068134418359395,0.3758037601673458,0.0683506201877217,0.0665223083927507,0.0664229672983281,0.0011984033266769,0.0355741835986392
0.1254008372439981,0.087711207655611,0.1707980250488531,0.0952464935625854,0.1011202157460958,0.0954333466770043,0.0938532224215196,0.15152726040608,0.0778736673701769,0.0010357238680757
0.1369609293025707,0.0645275786872226,0.2242069557860214,0.0790091751382246,0.0902975158033303,0.0793682764957621,0.0763315341487744,0.1871716740058597,0.0601358674675005,0.0019904931647332
0.1462114461810709,0.0533305694722459,0.258086533558669,0.0719002388729524,0.086375214400879,0.0723607125170965,0.2118404390395961,0.0682551350689609,0.0290873127369491,0.0025523981515798
0.1047751291875808,0.0234592209934931,0.2027202031011427,0.0397167067719293,0.0523893453477957,0.1532642329019068,0.0367107046054532,0.0365254693850073,0.0022345888747291,0.3482043988309617
0.1077925670206996,0.0766386933648252,0.145317431781913,0.1355791922703047,0.1278350997081632,0.1263697857267503,0.0817156217957852,0.1293884090377355,0.0685070802265677,0.0008561190672552
0.1985109584165058,0.1434364076788974,0.1490571440692017,0.0849998573465821,0.0899799642833492,0.129621884491705,0.0838185554297332,0.0837457614965082,0.0359513156835272,0.0008781511039898
0.2117719003460078,0.1517347237510087,0.1578619302145959,0.0880326064406256,0.0934614579813155,0.0882053074616143,0.0867448604518882,0.0866655072449071,0.0345644270707819,0.0009572790372546
0.1925421290189513,0.1391235604000228,0.1445752924347491,0.0824440808223777,0.1271822430186476,0.0825977429674595,0.0812982983028705,0.0812276931383264,0.0681572130484045,0.0008517468481905
0.193160577525539,0.1383996971389291,0.1439884213142847,0.1340564606171688,0.0852477083624099,0.0804534884102453,0.0791213910574652,0.0790490117131615,0.0656500941587485,0.0008731497020477
0.1918583796606269,0.1374666714023759,0.1430177190249796,0.1331527149407495,0.1253078160077221,0.0799111087892343,0.078587991810974,0.0785161004142052,0.0313142346121613,0.0008672633369709
0.2539613856464661,0.1527897580733804,0.1631150179465951,0.045442156909206,0.1301736051873142,0.0457331839755656,0.1338867105513016,0.0431383901678463,0.0301466331006147,0.0016131584417098
0.2149703158473612,0.1425305619246842,0.1499235366384995,0.13678516516256,0.1263372022936871,0.0658771357667599,0.0641149872447644,0.0640192411235657,0.001155035293579,0.0342868187045387
0.1837878298554618,0.1316841164779281,0.1370016584992215,0.1275516272034136,0.1200367250506544,0.1186147777914983,0.0752821768493327,0.0752133095743103,0.0299969969158193,0.0008307817823596
0.1101410022764467,0.1441912817322543,0.1500138761363709,0.1396662946557992,0.1314376380609057,0.0838202095345575,0.0824323681688593,0.0823569599805335,0.0750306812303452,0.0009096882239273
0.0661136892052768,0.0381284241357804,0.0998219624890246,0.0910741830939825,0.0841177292844775,0.1673215707671101,0.2172492866646962,0.0855130541099926,0.0007690446232412,0.1498910556264178
0.0783321632163167,0.0547891767310222,0.1066897085313651,0.0993305196309785,0.1153009544643847,0.0596128435222248,0.2054770489123391,0.180996252334991,0.098824363362837,0.0006469692935405
0.1122851934050411,0.1611741476367414,0.1695341539533432,0.1546772292673352,0.1428626297373008,0.0744941369947591,0.0725014921738395,0.0723932220648515,0.0013061186767181,0.0387716760900699
0.188923150467645,0.136508625249807,0.1418578877553883,0.1323514846306342,0.1247917541841432,0.0810452543681664,0.0797702337732276,0.0797009556874761,0.034214916277509,0.0008357376060031
0.1569338764908917,0.1124432389642541,0.1169838142758026,0.125412372479267,0.1264259283164036,0.1792477587065663,0.0642824057116834,0.0642236009015874,0.053337611122861,0.0007093930306824
0.1490693684257369,0.0988366266464639,0.1039632231583209,0.1134795980934453,0.1146239666949354,0.1742631517866066,0.0444600019194628,0.0443936075721314,0.0008009495685233,0.1561095061343732
0.1164944755276652,0.1397413295704162,0.0868389183649355,0.0930955691870667,0.0760856436458922,0.1330584199342253,0.1672457908264019,0.1473199148937299,0.0395933444874592,0.0005265935622072
0.1828228069328915,0.1309926768377759,0.1362822978049586,0.1461012910243355,0.147282050254095,0.0761476941471619,0.0748868893791137,0.0748183837085516,0.0298394903515664,0.0008264195595495
0.1679873378313921,0.2015097611558292,0.1252234378515123,0.1342456520860475,0.1353305965902632,0.0699685593738657,0.0688100647633586,0.0687471181025062,0.0274181139131352,0.0007593583320896
0.1743944602873645,0.2267545494541631,0.1075997183202972,0.1216918958824681,0.1233865165377818,0.0212947893481379,0.019485287674636,0.0193869686258284,0.0011860738584726,0.18481974001085
0.1514267291161306,0.1816444287451391,0.0551846847619668,0.1210113824998864,0.1219893704819973,0.0630708851257974,0.0620265977894279,0.1914955429858687,0.0514658795908336,0.000684498902952
0.0879805549815895,0.1454691710215324,0.025847050641119,0.1735479222832349,0.1757423157797521,0.2901039294524254,0.0411988235931656,0.0410715085621523,0.0175028562014945,0.0015358674835339
0.092907535128442,0.1205275813615064,0.0630558813451304,0.1424219496206441,0.1414524480365955,0.0715572988296355,0.2379220654722759,0.0703703769899746,0.0590469652835578,0.0007378979322374
0.1026622383074881,0.2203147260633045,0.0696763498072906,0.1573753529458942,0.1492538427405186,0.0790703623224125,0.0778264111349393,0.0777588212015856,0.0652465229315813,0.000815372544985
0.1116189504986554,0.1461261401781516,0.0743236950651495,0.1734799364772457,0.1722686866924685,0.0849449671371424,0.0835385027551583,0.0834620826875544,0.0693151434581554,0.0009218950503183
0.1362614024888291,0.1634528115317935,0.101573853639171,0.1088921407257035,0.109772183600812,0.155635937507435,0.0558146587179874,0.0557636001060678,0.1122174650718316,0.0006159466103687
0.1387418591068097,0.0994086450085066,0.1034228698159546,0.1180172513989613,0.1117704394114047,0.0577874983428736,0.1991853419824454,0.0567787018766287,0.1142602339616736,0.0006271590947414
0.1962906905680039,0.1180935717750894,0.1260741251401148,0.1550887535277994,0.1534505748470125,0.03534788661507,0.0334456860988682,0.0333423302699497,0.1476195459996174,0.0012468351584741
0.1317540024440808,0.1574838507704604,0.0989309380230586,0.1124939628010084,0.1117281884563798,0.0565205302562074,0.0556313376603503,0.1658719040760299,0.109002446541597,0.0005828389708269
0.1346002962343551,0.1614602260850887,0.1003356089089005,0.1144943357493534,0.1136949278042577,0.1537386443305523,0.0551342453581191,0.0550838091805651,0.1108494684881525,0.0006084378606552
0.1335341875097646,0.0956773444446803,0.0995408954421587,0.1135874773421025,0.1127944011496746,0.1525209493134317,0.1917089260351058,0.0546475149732416,0.0453846850932558,0.0006036186965837
0.1635535133242204,0.0983980366513123,0.1050476008122226,0.1292231966943841,0.1278582319172965,0.1962316612000501,0.0278676459447975,0.0277815277040738,0.122999696591313,0.0010388891603291
0.1473754161014083,0.176155923964429,0.1106606849582346,0.1258318098057884,0.1297755207210293,0.0632218870794162,0.0622272673610183,0.0621732248220861,0.1219263219116048,0.0006519432749847
0.1427139082054995,0.1855622472334089,0.0880531199098708,0.1170351000303605,0.1093645912499416,0.1732443836094628,0.0159455842345769,0.0158651258548597,0.0009706113111854,0.1512453283608333
0.1741458618306017,0.2196479613678829,0.116099723141447,0.1468766674559292,0.1463203559272569,0.0932876956409516,0.0395262936895338,0.0394408522165256,0.0236238637707353,0.0010307249591356
0.1477804298993508,0.1772704985801557,0.1101605258947853,0.1301071703540318,0.1297466229209396,0.0615521617116541,0.0605330204252516,0.0604776455099658,0.1217039082794572,0.0006680164244075
0.1442093486151229,0.1784150751188684,0.100573772129846,0.1237100175019885,0.123291816139982,0.0441926077100802,0.2188855008214159,0.042946269231977,0.0007748366869069,0.0230007560438118
0.1334673084941417,0.1601011469314442,0.0994910415640954,0.1175057743083321,0.1171801473257062,0.1524445610031258,0.0546701570477345,0.054620145412863,0.1099164015312449,0.0006033163813116
0.1612167567549691,0.0969921832772514,0.1035467423696685,0.1341242598658221,0.1335715530952125,0.1934280184406597,0.0274694893818016,0.0273846015479377,0.1212423491446954,0.0010240461219817
0.1367036961387201,0.0979482997293769,0.1019035542707438,0.1113293759425133,0.1200215950575411,0.1561411193534828,0.0559958286507115,0.1728766689544165,0.0464619159785299,0.0006179459239635
0.0874407605691667,0.1144732214299772,0.1190957695515554,0.130111827761582,0.1402705168477799,0.1824837897080404,0.065442921520826,0.1056584564191494,0.0543005362070218,0.0007221999849009
0.0812693954609432,0.0568436142691059,0.1106902676784774,0.130732831895992,0.1242721672711601,0.0618481547787749,0.2131818509861609,0.0982013287925192,0.1222891600738779,0.000671228792988
0.0926439699474559,0.0337918528577355,0.1635313902116912,0.1882004701801692,0.196255974897503,0.0458499238664823,0.0433825698830209,0.0432485065106141,0.1914780654072137,0.0016172762381138
0.0561360308941166,0.020475595951546,0.0990890521885869,0.12835020669364,0.1189179552241732,0.1851009367882913,0.2487217050810196,0.0262056936785113,0.1160228625925827,0.000979960907532
0.1015352899787924,0.0710185282604944,0.1382927529215549,0.151084483660145,0.1552615282616966,0.0772710353571426,0.0759916310245304,0.0759221147489366,0.1527840247726637,0.0008386110140429
0.0735485004721629,0.0268267876179314,0.1298248395121621,0.1494092100949261,0.1558043407531046,0.2425161900464583,0.0344406976874443,0.034334267015115,0.1520112382057741,0.0012839285949209
0.1044672231017105,0.0730692593451383,0.1422860945768053,0.1554471993434773,0.1308688594072511,0.0795023138422201,0.0781859654289718,0.0781144418013426,0.157195816406659,0.0008628267464235
0.0920251058908938,0.1204748249580073,0.1253397240920616,0.1165402017232815,0.115282289384177,0.1920510521860167,0.1115683741131517,0.0688109587384918,0.0571474054189041,0.0007600634950143
0.1209186323690637,0.0441050252390034,0.0355236451389974,0.1890024651111533,0.1855089648660246,0.0598431834398412,0.0566228004033659,0.0564478212908407,0.2499165980348862,0.0021108641068233
0.0906612006803299,0.1499014152564068,0.1600314860635202,0.1417084371763309,0.1390891144086561,0.0448686423001366,0.0424540947071214,0.0423229005633843,0.1873800456048079,0.0015826632393055
0.1997437147077295,0.1201710006786498,0.1282919429909964,0.1136029614594278,0.111503137134531,0.0359697047227802,0.1053035241851449,0.0339288678737642,0.1502163775373587,0.0012687687096171
0.1194904594012086,0.0718885602924013,0.0767466612298595,0.088324068605546,0.0667032807534218,0.0215177561313497,0.0629945552973254,0.1639204578522963,0.3276551990522027,0.0007590013843883
0.1659649275758981,0.1189139937684834,0.1237158649105487,0.1351592702849808,0.1137887309338263,0.0691262034328371,0.0679816560127044,0.0679194671707097,0.1366796695412279,0.0007502163687831
0.1445627959779872,0.1734107752739168,0.1077619928471029,0.0643359341411732,0.0991150198710398,0.0602119820708751,0.0592150306209484,0.0591608613876731,0.2315721361544954,0.0006534716547877
0.1565646520888788,0.1878076410707891,0.1167085819305819,0.1085150121364402,0.1073437221375726,0.0652108861116926,0.0641311660090803,0.0640724995513357,0.1289381149493715,0.0007077240142571
0.1693742489780643,0.1213567750831473,0.1262572882834728,0.1173933479762808,0.116126226941955,0.070546223001166,0.0693781638061526,0.0693146974547884,0.1394874008457519,0.0007656276292205
0.1565646520888788,0.1878076410707891,0.1167085819305819,0.1085150121364402,0.1073437221375726,0.0652108861116926,0.0641311660090803,0.0640724995513357,0.1289381149493715,0.0007077240142571
0.1628909787305154,0.1953964069087802,0.1214244395735697,0.0724926714989205,0.1116811727696977,0.0678458701941721,0.0667225217121041,0.0666614847117776,0.1341481327972287,0.0007363211032334
0.1557119504909455,0.199375589267515,0.100011100247292,0.0885601769060855,0.0869232405859793,0.0280404962387071,0.0265315334257201,0.0264495441185912,0.2874072890338007,0.000989079685363
0.164648714135964,0.2108183366754841,0.1057510294047543,0.0362499833084436,0.0919120192502165,0.0296498222190462,0.0280542556228154,0.0279675607098746,0.3039024328159727,0.0010458458574282
0.1407469266211788,0.1879586245712341,0.080519886664175,0.0681384739101747,0.0663685219484569,0.0027010306791424,0.0010694512107166,0.2033498633390699,0.0990000973536077,0.1501471237022437
0.1470583186284203,0.1882953674447499,0.3078787235125088,0.0836384790774405,0.0329883742459383,0.0264821564264625,0.025057053642437,0.0770728567114036,0.1105945583490299,0.0009341119616087
0.1555127412503491,0.199120519187112,0.0998831515878047,0.0342385563358864,0.0868120358088719,0.0280046227816985,0.0819852566240504,0.0264157060375617,0.2870395960750408,0.000987814311624
0.1839349006391197,0.1317894928035582,0.1371112900308292,0.1274853404575527,0.0824020327555484,0.0766108933115633,0.122046572322599,0.0752734968042771,0.0625145342840036,0.0008314465909483
0.2005275847387831,0.1206425972251121,0.1287954091925909,0.0441492764629834,0.0449826917218586,0.240593187330192,0.0341676043521483,0.0340620176089272,0.1508058835285598,0.0012737478388441
0.2146919108462888,0.1291642232736128,0.1378929115603071,0.0472677738509948,0.1198476838772934,0.038661565150173,0.113184111245941,0.036467998441544,0.1614581023542719,0.0013637193995729
0.1690951471267252,0.2092036588929369,0.3255143693234925,0.0575524980233222,0.0581469624781633,0.051818800753296,0.0504326988516848,0.0503573851769243,0.0009085480575978,0.0269699313158566
0.1407781530242104,0.1741700173262977,0.271003115552802,0.0479146475302501,0.0484095618398154,0.0431411260815871,0.0844758164851743,0.0419244419298637,0.0007564008764042,0.1474267193535946
0.3443868150533791,0.1900273134694804,0.3107106005709982,0.0326749895196289,0.0332918022293928,0.0267257400375281,0.0252875291184745,0.0252093841067198,0.0107431219449962,0.0009427039494017
0.2796848612886944,0.154325776962562,0.2523355930689656,0.0265361492134665,0.0270370777323027,0.0217046198301034,0.0635416102751933,0.1653439698053412,0.0087247491473449,0.0007655926760258
0.0989459105024108,0.1321151174370757,0.2283025313575042,0.0067016200207015,0.0071932342354812,0.0019599284725639,0.0430189986452703,0.0007513571859312,0.1989886476368788,0.2820226545061818
0.1517692624339397,0.2026462117331243,0.3501843241422857,0.010279352855413,0.011033420672873,0.0030062576330233,0.0012480114885931,0.001152477402595,0.1067814435612774,0.1618992380768751
0.0946458008976611,0.1267658297490791,0.2199107311738578,0.1333581054003035,0.0057953615521066,0.000727590941121,0.0404879180769934,0.0401332904130548,0.0662437433832685,0.2719316284125539
0.1080730499749843,0.0566038148143008,0.2493620075406129,0.0073198024226882,0.00785676496447,0.0436936242992326,0.0008886938357151,0.0008206651724351,0.2173441019575132,0.3080374750180474
0.1201488860440786,0.1604258741877009,0.2772251494211994,0.0081377004475427,0.0087346619588299,0.0023799187001154,0.0522374774229302,0.0009123644267102,0.2416296361071552,0.128168331283737
0.2096231479844798,0.1059263097370987,0.2366864114265598,0.1116642437472997,0.0006332970627217,0.0282881537767404,0.0308297892175968,0.0305211203691554,0.1622920583349259,0.0835354683434212
0.0917722460686861,0.0480661850735847,0.2117503995815403,0.128850706913341,0.1510010055535537,0.0018178319563473,0.0399000838868023,0.0006968831374903,0.0645688906760057,0.2615757671526482
0.1197937008480785,0.159976915903147,0.2765042584702694,0.1682240700828901,0.0086388719257464,0.0022989238125927,0.0009102402552137,0.0515967530144556,0.0842617905130453,0.1277944751745612
0.1265507696696836,0.1620372373192891,0.2649444777338688,0.027862126420304,0.0283880856922042,0.0227891717349889,0.0667167027210821,0.0663249072098692,0.2335826731424808,0.0008038483562289
0.2871954438637629,0.1487119786285292,0.2569828632990978,0.0075435059410953,0.0080968788178716,0.0450289632774274,0.0484232276461713,0.0008457458612169,0.0783615919438997,0.1188098007209276
0.2190059034955739,0.1354368409064427,0.2007738565728682,0.0782552315277957,0.0505814247230527,0.0728684152493588,0.074916713874713,0.0746679583026947,0.092983282584293,0.0005103727632066
0.1870457471154829,0.1831209966388813,0.2056731452538218,0.0429147278554424,0.1334762881836091,0.0401638813316725,0.0639839040613613,0.0637714500997345,0.0794139668503532,0.0004358926096405
0.2176439881413926,0.1200925835470265,0.19636144971345,0.1254904677219476,0.0210395993484724,0.0470555335071649,0.0494465428321636,0.0491561667683519,0.173117902733842,0.0005957656861881
0.2425224197665083,0.1338201170018776,0.2188071186346196,0.1398350220902312,0.0234445921915127,0.0524343536755438,0.055098674303625,0.0547751059558877,0.0785987299575002,0.0006638664226936
0.1475876215310068,0.1889730937064239,0.3089868628107119,0.0324937175799254,0.0331071083808233,0.0740447867821344,0.0778071875556091,0.0250695293118771,0.1109926182567617,0.0009374740847258
0.1179793810057395,0.1410192243699378,0.2078324874877216,0.1457478937967439,0.0542465551471037,0.077037105755353,0.0791316843583654,0.0788773083156927,0.0976064554588913,0.0005219043044507
0.1302442078026906,0.1562348659432463,0.2316051995648583,0.0579636186390524,0.0892979217586329,0.0542481338438217,0.08642111460064,0.0861341594916253,0.1072620314553494,0.0005887469000827
0.1402549878763027,0.1795842950228286,0.2936353892548401,0.0308793238752138,0.0314622394236245,0.0703660006489762,0.0739414730998187,0.0735072499432265,0.105478143535843,0.0008908973193252
0.1475876215310068,0.1889730937064239,0.3089868628107119,0.0324937175799254,0.0331071083808233,0.0740447867821344,0.0778071875556091,0.0250695293118771,0.1109926182567617,0.0009374740847258
0.1998183601505345,0.1956722988761418,0.1833689203798387,0.1285921862178704,0.0478612962385751,0.0679692144491178,0.0698172441856035,0.0695928102634615,0.0368471972981815,0.0004604719406747
0.2048409746093848,0.2005428297698266,0.187788145433725,0.0469975651121215,0.0473099043086331,0.0851641455201346,0.0700712283992782,0.0698385619140445,0.0869692822108393,0.0004773627220119
0.2705113385639353,0.1369581945792663,0.2413743934748799,0.0008156354160092,0.0013493069800748,0.0369665265889475,0.0679966970619863,0.066794867131244,0.06911243908557,0.1081206011180865
0.2854677551914771,0.1575166882994392,0.257553000818137,0.0270848229414002,0.0275961088906099,0.0221533946157654,0.0648554260782378,0.0644745609608251,0.0925168197788501,0.0007814224252578
0.1253199523722768,0.1503279592176398,0.2228487014379162,0.0557721379685093,0.0561427917400241,0.1010645224404209,0.0831537167634993,0.1015970473764444,0.1032066830465251,0.0005664876367436
0.1472717974504094,0.1766603668605546,0.1097813740808361,0.0655415426737077,0.0659771225325365,0.0950477055160447,0.1203743636784399,0.0973949836558478,0.1212850263141247,0.0006657172374982
0.1495468342753187,0.1787513919526255,0.1122911510753945,0.0683283201552274,0.0687611727018318,0.0976497349726348,0.1003047548290799,0.0999823160133063,0.1237227750669584,0.0006615489576223
0.1761006281301415,0.2254815150226258,0.1131063962528605,0.0387713008499572,0.0395031949221486,0.0883497770804364,0.0928390501821581,0.0922938505298505,0.1324356988076966,0.0011185882221244
0.1311827699275027,0.1568010639501192,0.0985020131505992,0.1620589314536767,0.0603174326103297,0.1063354184579683,0.0879875233677841,0.0877046794199982,0.1085298556472327,0.0005803120147884
0.1431928282557146,0.1711565309448117,0.1075200795021389,0.0654251590172493,0.0658396203508263,0.0935007537732964,0.1175994817201263,0.1166661135788046,0.1184659920574946,0.0006334407995368
0.1590725187382404,0.1908159607218258,0.1185780304709321,0.0707933117921456,0.0712637941686433,0.1282843460705913,0.1055496025782264,0.1289602965578093,0.0259630785005474,0.0007190604010381
0.1583695429611334,0.1134718950555711,0.1180540085733767,0.0704804608750557,0.0709488640884341,0.1277174298704521,0.1050831561141588,0.1047342350355811,0.130424524708234,0.0007158827180026
0.1639328002583452,0.1174579730374422,0.1222010485431903,0.0729563216431216,0.1123954655497616,0.1374110777404954,0.1087745517205073,0.1084133736277319,0.0557163573982622,0.000741030481142
0.1731247319084303,0.104156330055746,0.1111950294347279,0.0381161108660524,0.0966435952771314,0.1260392530049769,0.1286933832841819,0.0907341915780609,0.1301976892112161,0.0010996853794758
0.1547097056956917,0.1108496189389659,0.1153258422111257,0.0688516943055939,0.0693092729658195,0.1247659468987482,0.1026547393647892,0.1254233583848544,0.1274104821914108,0.0006993390430002
0.1559161661519751,0.1117140487511911,0.1162251786011062,0.1080655463191274,0.0698497619849861,0.1306914076642719,0.1274399417447576,0.126401437436231,0.0529917187030303,0.000704792643323
0.1407809249178067,0.1008696371752494,0.1049428583707754,0.0975753056147226,0.0965220966867332,0.1135330542041155,0.1150689714420682,0.1141312778039177,0.1159394974379429,0.000636376346668
0.1407809249178067,0.1008696371752494,0.1049428583707754,0.0975753056147226,0.0965220966867332,0.1135330542041155,0.1150689714420682,0.1141312778039177,0.1159394974379429,0.000636376346668
0.1431928282557146,0.1711565309448117,0.1075200795021389,0.0654251590172493,0.0658396203508263,0.0935007537732964,0.1175994817201263,0.1166661135788046,0.1184659920574946,0.0006334407995368
0.131816779864936,0.1581212499097656,0.0982606817531141,0.0913622537142664,0.0903761072637184,0.1063039017690445,0.1077420203533922,0.1068640338225253,0.108557116103274,0.000595855445963
0.131816779864936,0.1581212499097656,0.0982606817531141,0.0913622537142664,0.0903761072637184,0.1063039017690445,0.1077420203533922,0.1068640338225253,0.108557116103274,0.000595855445963
0.1452372019050657,0.104062562943564,0.108264717813082,0.064636070390029,0.0995774054828517,0.1171268275582714,0.1187113626941802,0.1221178867152789,0.1196094443050255,0.000656520192651
0.072499741943768,0.1198728214665374,0.1279736133585111,0.1133210794633529,0.1112264654134745,0.1450577306742177,0.1481123514057448,0.1462474733015486,0.0144231024474984,0.001265620525346
0.0781914700733917,0.1014366462097804,0.0530681612888871,0.0982218162177594,0.0971940242097736,0.113794459052201,0.1158837565451445,0.1185156260498682,0.2230730215735436,0.00062101877965
0.09459165657252,0.1227123673865921,0.0641988861810866,0.1188232463065195,0.1175798811599617,0.1376621565040052,0.1401896714713646,0.1433735596384607,0.0601173010782196,0.0007512737012695
0.0921159653848935,0.120593773820162,0.0613372450763292,0.1166552657990756,0.1408580757089222,0.1357334064364294,0.1382930176615382,0.1364486071995995,0.0572038289816861,0.0007608139313642
0.0804132056217184,0.1052730858367576,0.1095241228837504,0.1018349407332559,0.1229629343635873,0.1184893224090212,0.1207237509675921,0.1191136613690408,0.1210008185560318,0.0006641572592441
0.0718756198711494,0.0940960908319026,0.0978957891586325,0.0910229785413213,0.1099077826860229,0.1059091405499285,0.1079063366132291,0.1104221867646357,0.2103704322558293,0.0005936427273482
0.0841832873702268,0.1102086948135888,0.1146590369008319,0.1252647085343519,0.1287279117824454,0.1289303326039957,0.1257226803952871,0.129330400170746,0.0522776519110587,0.0006952955174674
0.0836869562123147,0.109558922028306,0.1139830256125129,0.1346218058635575,0.1279689526647098,0.1233132127914128,0.1256386085208198,0.1285678888781223,0.0519694312616104,0.0006911961666336
0.0694050775506684,0.1147560287394596,0.1225110368872175,0.1409921038070281,0.14702695885408,0.1473796901923961,0.1429421001976372,0.0999679567320659,0.013807449751563,0.0012115972878839
0.0792034546854524,0.1027494789902229,0.1067758468070887,0.1163711395069142,0.1195044110235825,0.1196875476601322,0.1173835694825582,0.1200495016726008,0.117645993923667,0.0006290562477807
0.0835999183059988,0.1094449762042116,0.1138644785371516,0.1243966555266676,0.1341091233983349,0.1280368777410249,0.1255079391556878,0.128434172939894,0.0519153808970833,0.0006904772939452
0.086534663573536,0.1132870029965748,0.1178616503801235,0.1287635556804222,0.1323234918307244,0.1325315665952094,0.129234319440667,0.1329428087001081,0.0258062245499461,0.0007147162526883
0.1445330934444273,0.0869548586087526,0.0928311131672735,0.1202442883391773,0.1197487789335061,0.1116750053417883,0.1083124803851783,0.1060868360921447,0.1086954739139548,0.0009180717737966
0.1330373397163554,0.1595853764761547,0.0991705283086425,0.1171272260725714,0.1168026481066472,0.1072882246654275,0.109311426995535,0.1118600370103751,0.0452158198680752,0.0006013727802154
0.1454127057929759,0.0874840562172432,0.093396073008134,0.1148901928220801,0.120477556697569,0.1123546470167977,0.1089716581068906,0.1067324687899668,0.1093569824917312,0.0009236590566109
0.1591978662125749,0.0957775663512811,0.1022500437939516,0.1324446441410107,0.1318988588250585,0.1230058953005552,0.1193021982065422,0.1235877445720434,0.011523960433702,0.00101122216328
0.1450189975622765,0.1039062193700291,0.1081020609229203,0.1233567403746324,0.1213663827825616,0.1215572278181973,0.1304330925308585,0.1219344168269584,0.0236693279747192,0.0006555338368462
0.14354407793638,0.1028494383635561,0.107002605996771,0.1263774493963836,0.1260272376066981,0.1203209267542513,0.1291065192454686,0.1206942795520259,0.0234285984361861,0.0006488667122787
0.1418847869287738,0.1016605551252686,0.1057657144128524,0.1206907034146791,0.1198480319709136,0.1189300826688641,0.1165810182405126,0.1210981439954706,0.0528995970745832,0.0006413661680815
0.1458691971782777,0.1045153880258157,0.1087358284446282,0.1284245045139323,0.1232136058094076,0.122269878644299,0.1198548477611382,0.12264927899058,0.0238080936115901,0.0006593770203307
0.1293269725827612,0.0778064618090799,0.2707566875908968,0.1075935580611763,0.1011015765883875,0.0999258371202738,0.0969170786241475,0.1003985118273617,0.0153518330455684,0.0008214827503464
0.1181950362235565,0.0854032015996476,0.2082123857375389,0.1043621272693864,0.1040799257998253,0.0994817673261228,0.0975667492188361,0.0997826158734871,0.0823933326551413,0.0005228582964576
0.1400184631203441,0.101171973169177,0.1051365244325069,0.1195503095885039,0.1232971511985251,0.1205998449573533,0.1155813874571728,0.1199437947022714,0.05408115298451,0.000619398389635
0.1552495186204294,0.0934021380086695,0.0997140882323894,0.1226622325234102,0.1286275678584242,0.1243331946490575,0.13330743492502,0.1232886989976486,0.0184289838590359,0.0009861423259147
0.0803151576069388,0.0463185526413642,0.1212640944154127,0.1430043996208579,0.1417769324265347,0.1445874133119704,0.1530893087206881,0.1409773660063394,0.0009342382926266,0.0277325369572667
0.0869388419404533,0.0608090901653243,0.1184121480351162,0.1269436161522202,0.1341782919185071,0.1363384243193613,0.1428729714270169,0.1335637460805157,0.0592248154760478,0.0007180544854368
0.069159937462602,0.0252260609267059,0.1220783255146279,0.1501733628195563,0.1485871046557818,0.1468591422511223,0.1632061098163913,0.1509403354662683,0.0225623031843201,0.0012073179026238
0.0824501498841738,0.0576694891091976,0.1122984748323346,0.1281453256865925,0.1213624210929053,0.1292992092970684,0.1354963747575932,0.1285779323782949,0.1040196419569415,0.0006809810048979
0.0948728715028877,0.0663585213317398,0.0631729857701957,0.1474529159090517,0.1464233887124987,0.1487806545688329,0.1559115437575663,0.1479507032281873,0.0282928311568596,0.0007835840621799
0.0867067202524666,0.1135122512924213,0.0577353917713209,0.1347609546080565,0.1338200436267639,0.1359744085988375,0.1424915088430313,0.1352158950472125,0.0590666886384668,0.0007161373214224
0.0935412778468451,0.0665062676212324,0.0634859993716147,0.1349320070507051,0.1359934811832546,0.1446522959019787,0.1514132306936887,0.1438654028868323,0.064867106147623,0.0007429312962249
0.0903343708324962,0.0520967328633868,0.0478249414738253,0.1488763763788905,0.1503776986737697,0.1626245082622675,0.1541109061161767,0.1615115465884049,0.0010507833251735,0.0311921354856085
0.0637796826433684,0.0077931696205266,0.0015385284615786,0.1494953002909408,0.1649965676772922,0.1696249423297678,0.1531598612614367,0.1636798204361421,0.0043986476868218,0.1215334795921247
