0.0185084705627446,0.0012287539374209,0.0621829884206264,0.1362291929065186,0.1328299518430406,0.2449970943461482,0.2051282535526741,0.0286328647350678,0.0752379352792557,0.0950244944165026
0.0613901919665348,0.0282173261778587,0.1188378277413464,0.1064834890678276,0.1045127876626467,0.1695414047033669,0.1464275451366543,0.1927530987682988,0.0711239617894599,0.0007123669860058
0.0918538550048,0.0422196136603884,0.0950934886188852,0.1593238048607708,0.1563751820379603,0.0625701551805419,0.2190893051291146,0.0659909158504405,0.1064178147078818,0.0010658649492162
0.0470299783278794,0.0347078164160182,0.0781742668678087,0.1298313551034243,0.1285526000747641,0.2085389633400362,0.0477152866485622,0.2370897626337902,0.0874837464403512,0.0008762241473653
0.1094862968744984,0.0503241715321187,0.1133478167597312,0.1899079074824833,0.1863932613771861,0.0745812419655359,0.0691841930136015,0.0786586584030012,0.1268459821662753,0.001270470425568
0.0696364772707502,0.0014639630118313,0.074086106453503,0.1444980899799706,0.1582563688623385,0.2918946366769806,0.0231963648809185,0.0341137909050273,0.0896400418187645,0.1132141601399154
0.0763510387070138,0.0557991418754856,0.0790438967416889,0.1216563185389033,0.1299826509837036,0.2108588023312371,0.1821120737429217,0.0548531683307682,0.0884569372668431,0.0008859714814343
0.0672991431104867,0.0309333105469711,0.06967274589731,0.1072331972203084,0.0884231091924913,0.1858601658145112,0.1605215426079924,0.2113060403210486,0.0779698112959628,0.0007809339929174
0.056432468162701,0.0416467924190544,0.093803292772196,0.144372478279826,0.154253537188025,0.0617212247699207,0.0572547870614881,0.2844900413998762,0.1049739742878493,0.0010514036590629
0.1166646779537022,0.0536236354017101,0.1207793752873686,0.1367948703687508,0.1986139857870619,0.0794711011668441,0.0737201990370594,0.083815850136711,0.1351625370626306,0.001353767798161
0.0502221867618578,0.0370636453623077,0.083480426106831,0.1284845728621528,0.1059467190220935,0.0549289261747079,0.1923335531513537,0.2531824755543244,0.0934217962365035,0.0009356987678674
0.0319614982731333,0.0021218834217473,0.1073811836740659,0.2094370548468372,0.2293784492921477,0.042634967848575,0.0336210557834058,0.0494448881490412,0.1299252215546357,0.1640937971564107
0.0697607347151176,0.0514829659639357,0.1159578312899449,0.1313339836524922,0.147164459299302,0.0762985941896555,0.2671594138628307,0.0804698996534095,0.0590723923368853,0.0012997250364262
0.0624072326986263,0.0460561295698415,0.1037346781121476,0.1596578554974767,0.131651805187608,0.0682559342532272,0.2389980520797643,0.0719875410345579,0.1160880509743749,0.0011627205923751
0.0757076639550773,0.0558717608483513,0.1258429481872452,0.1936846539913525,0.1597098636684482,0.0828028596995765,0.0768108558742007,0.0873297585860847,0.1408291118244266,0.0014105233652368
0.0621772495836576,0.0458864035351521,0.1033523951079048,0.1590694844169345,0.1311666419951537,0.0680043975050675,0.0630832799075454,0.3134509066161416,0.052650805597641,0.0011584357348015
0.0666204782237057,0.0491654772114792,0.1107380277152646,0.170436698207375,0.1405398996454083,0.0728640381078122,0.2551333208600755,0.0768475736302989,0.0564132680564908,0.0012412183420894
0.0819986801761897,0.060514489674427,0.1363000140508588,0.2097791051523757,0.1729811401881681,0.0896834594474914,0.0831935431084661,0.0945865262519961,0.0694353095083583,0.0015277324416683
0.0791951381337641,0.0364011737516503,0.1533042637922155,0.0928600570872257,0.1040530387618723,0.0539471324563909,0.1888958039096337,0.2486571192184555,0.0417672987000579,0.0009189741887339
0.0771278688406676,0.0569198627653573,0.2397191287273102,0.1452036063960301,0.1627058711637194,0.0843561638136219,0.0782517556072005,0.0889679830843993,0.0653107761388931,0.0014369834628002
0.0763272606606303,0.0563290191647038,0.2372307792078002,0.076727790274715,0.1610169401281313,0.0834805239729143,0.0774394811779559,0.0880444713098689,0.141981666918243,0.0014220671850372
0.0715365600106403,0.0527935134176092,0.2223409267709152,0.1346772140712125,0.1509106694057874,0.0782408468641454,0.0725789717137996,0.0825183368425569,0.1330701501402967,0.0013328107630364
0.047743677953341,0.0010037121536277,0.1286863540698452,0.0626686294917778,0.0748937081500304,0.2001267737256277,0.1675597651189637,0.2328316293645597,0.0068646437169206,0.0776211062553059
0.091964665461715,0.0422705464675116,0.1780232431654134,0.1078329337636646,0.1208306863970315,0.0626456384303677,0.0581123058078014,0.2887509173224057,0.0485019123989976,0.0010671507850913
0.1264875583413001,0.0581386142773917,0.2448519248446225,0.0791927050974369,0.1661896818558693,0.0861623734072937,0.079927259391508,0.0908729396081658,0.0667091914425199,0.0014677517338917
0.0715365600106403,0.0527935134176092,0.2223409267709152,0.1346772140712125,0.1509106694057874,0.0782408468641454,0.0725789717137996,0.0825183368425569,0.1330701501402967,0.0013328107630364
0.0762587278217171,0.0562784423778109,0.2370177740686667,0.0766588978076522,0.1608723659887663,0.1615828341419743,0.0773699496967635,0.0879654178037264,0.0645747999557695,0.0014207903371525
0.0648149155357223,0.047832983756661,0.2014495579134307,0.0651550337697814,0.1367309567236748,0.287400415125834,0.0657593812254853,0.074764833978641,0.0548843433981,0.0012075785726691
0.0939651553390655,0.0693456700803454,0.1561909528968822,0.0944582403401468,0.198225138180086,0.1027714126644605,0.0953343905608885,0.1083900083898205,0.0795683495142831,0.0017506820340211
0.0980484969243365,0.0723591494640147,0.1629783733071988,0.098563009384168,0.1633832797967258,0.1072374381990916,0.0994772335123959,0.1131001951296707,0.0830260647627777,0.00182675951962
0.0980484969243365,0.0723591494640147,0.1629783733071988,0.098563009384168,0.1633832797967258,0.1072374381990916,0.0994772335123959,0.1131001951296707,0.0830260647627777,0.00182675951962
0.0880397752926635,0.0649727783598373,0.1463416555442184,0.0885017666823305,0.1467052294639696,0.0962907159025049,0.089322667454307,0.2036343036635562,0.0745508224444261,0.0016402851921859
0.0980484969243365,0.0723591494640147,0.1629783733071988,0.098563009384168,0.1633832797967258,0.1072374381990916,0.0994772335123959,0.1131001951296707,0.0830260647627777,0.00182675951962
0.0980484969243365,0.0723591494640147,0.1629783733071988,0.098563009384168,0.1633832797967258,0.1072374381990916,0.0994772335123959,0.1131001951296707,0.0830260647627777,0.00182675951962
0.0870873492655638,0.0642698941809854,0.1447585120034057,0.087544342770782,0.1451181527320193,0.0952490300998237,0.2001494857466587,0.1004563711248111,0.0737443217076656,0.0016225403682843
0.0731670719294971,0.0539968205496958,0.121619920108744,0.073551018357418,0.1219220748910535,0.1550319968079902,0.168157050866495,0.1692340273920037,0.0619568299676139,0.0013631891294883
0.1210502182088157,0.0556394007199245,0.2343264374770716,0.075788436098391,0.1256309373850012,0.0824584982042207,0.0764914139940004,0.0869665705710225,0.1402434300772813,0.0014046572642706
0.122438449299634,0.0562774858642293,0.1267567842893502,0.076657594905976,0.1270717011921812,0.1615800878652672,0.175259505222164,0.0879639227353967,0.0645737024365316,0.0014207661892693
0.1265652906153541,0.0924969028209102,0.2450023973272465,0.0792413725643122,0.1313547082829963,0.0862153240477414,0.0799763782749214,0.090928785102682,0.0667501872307154,0.0014686537331201
0.1265652906153541,0.0924969028209102,0.2450023973272465,0.0792413725643122,0.1313547082829963,0.0862153240477414,0.0799763782749214,0.090928785102682,0.0667501872307154,0.0014686537331201
0.107077123856105,0.0782544904018036,0.2072776186591371,0.067040009337025,0.1111290804889492,0.1413079892794859,0.1532711648585821,0.0769278270305167,0.0564721815181013,0.0012425145702937
0.1282041103446955,0.0936945909746598,0.1327257969447282,0.0802674226299115,0.1330555433731654,0.0873316757215221,0.1835125246602272,0.0921061686196542,0.0676144962623549,0.0014876704690807
0.0942575212859681,0.0688856221491612,0.1824617046972957,0.2540967609977564,0.0978243652094506,0.1243901622281862,0.0595611572570318,0.0677177909966693,0.049711158273738,0.0010937569047425
0.1103686352224644,0.0507297286441955,0.2136492563464297,0.0691007945429313,0.1145451475104542,0.075182284211951,0.157982664038791,0.0792925601120715,0.1278682203599646,0.0012807090107466
0.1039320745248998,0.0477712343497686,0.2011894990640145,0.0650709226737266,0.107865017842488,0.1371575173469877,0.0656744899544547,0.1497221188247188,0.1204111057550995,0.0012060196638413
0.0891169467902362,0.0409616239174779,0.172510689936691,0.2402389456084651,0.0924892637767363,0.060705793889541,0.1275628047456283,0.1283797918748101,0.0470000333800547,0.001034106080359
0.0919177419106192,0.0019323805505699,0.2477513167789552,0.029651316029333,0.0982194162541322,0.0388272898503144,0.1637595283327424,0.165286189928184,0.0132160440194178,0.1494387763457316
0.0876520690430709,0.06405820168318,0.1696750107540186,0.2362899695932449,0.090968952890445,0.1156730512234134,0.1254659654713014,0.0629722107149016,0.046227460872869,0.0010171077535549
0.0830571521661149,0.0607001279350651,0.160780268404831,0.2239031225856072,0.0862001575673144,0.1096092119886056,0.1188887598386042,0.0596710670345289,0.0962263437818268,0.0009637886975016
0.0843191505814421,0.0387563696867657,0.1632232180924987,0.2273051822339409,0.0875099118679836,0.1112746513665201,0.1206951957999102,0.1214681987275208,0.0444696888150104,0.0009784328284071
0.0891169467902362,0.0409616239174779,0.172510689936691,0.2402389456084651,0.0924892637767363,0.060705793889541,0.1275628047456283,0.1283797918748101,0.0470000333800547,0.001034106080359
0.0898454354085914,0.0412964656943564,0.1739208827079862,0.2422027846297162,0.0932453194811581,0.0612020348572757,0.1286055699516827,0.0645479992895748,0.10409094857435,0.0010425594053084
0.0891169467902362,0.0409616239174779,0.172510689936691,0.2402389456084651,0.0924892637767363,0.060705793889541,0.1275628047456283,0.1283797918748101,0.0470000333800547,0.001034106080359
0.0993916656553521,0.0726377760808951,0.1924002721560953,0.0622282141469507,0.1031527931903319,0.1311656114687094,0.1422701303847356,0.1431813118660704,0.0524188919364167,0.0011533331144427
0.063840599372261,0.0283508317938032,0.1872190643360645,0.2874209248615536,0.0688298381024982,0.1059896091014172,0.1207200577079114,0.0267172900573592,0.0015299279776945,0.1093818566894367
0.1091620055833408,0.0797781711959583,0.1130120878977984,0.0683453347457305,0.1132928572223183,0.1440593747682962,0.1562554834452041,0.1572562353422275,0.057571742424336,0.0012667073747895
0.0993916656553521,0.0726377760808951,0.1924002721560953,0.0622282141469507,0.1031527931903319,0.1311656114687094,0.1422701303847356,0.1431813118660704,0.0524188919364167,0.0011533331144427
0.0702660838678884,0.0513521132020814,0.1360195904795842,0.0439929533866616,0.3659635278787967,0.0927290411653032,0.1005795088309896,0.1012236790837384,0.0370581399635463,0.0008153621414099
0.097864409707664,0.0715216213730038,0.1894438425797349,0.0612720131461596,0.1015677436202114,0.1291501159145613,0.1554500387426663,0.1409811826228046,0.0516134213373152,0.0011356109558786
0.1091620055833408,0.0797781711959583,0.1130120878977984,0.0683453347457305,0.1132928572223183,0.1440593747682962,0.1562554834452041,0.1572562353422275,0.057571742424336,0.0012667073747895
0.1073225072793975,0.0784338224014995,0.1111077115270805,0.0671936416573213,0.1113837495836698,0.1416318179078544,0.1704734945459535,0.1546062970541691,0.0566015960627086,0.0012453619803451
0.1185037200513136,0.0866053167042067,0.1226832793616148,0.0741940968585261,0.1229880759733489,0.1563874878175995,0.1696272981402513,0.0851370801743893,0.0624985370199265,0.0013751078988228
0.0209188246403915,0.0420275822007693,0.1015313978531834,0.0215576087509986,0.1020341025532334,0.1571201522881194,0.2096449620279049,0.1807485306651508,0.0022679819171255,0.1621488571031228
0.0699818526544603,0.051646149556994,0.0402814257719525,0.0703490845476794,0.1476309208713831,0.1482829102112752,0.178479004637263,0.1618666765902587,0.1301781304334458,0.0013038447252876
0.0727627311920081,0.0853802080089283,0.0418820943473351,0.0731445558296519,0.1534973511494829,0.1541752486797593,0.1672277701918925,0.1889599448032738,0.0616144400145798,0.0013556557830878
0.1129406190578142,0.0825396711431148,0.0404887078027785,0.0707110901329421,0.1172144590156732,0.1731332780930599,0.1793974301853173,0.1626996176494117,0.059564572809881,0.0013105541100068
0.079668711865502,0.0934837255205595,0.0458571641308607,0.0800867758460764,0.1680659321126351,0.1688081695483273,0.203183994923596,0.0918988780080043,0.0674623256694764,0.0014843223749618
0.0977314906163519,0.057451790891704,0.0017364171068643,0.0417795265729965,0.1033941097773329,0.1455692075534503,0.1857833633534894,0.19012383724593,0.0270109617240236,0.1494192951578567
0.0965858727428006,0.0705872363704732,0.0999924019512587,0.1132515185662911,0.1269024058444208,0.1480621312769686,0.1534191817506747,0.1391393521364016,0.0509391244477724,0.0011207749129378
0.099062949861645,0.0723975428172697,0.0355136253412623,0.1161560090196928,0.1301569920164647,0.1307318104271761,0.1573538269934464,0.1427077715720855,0.1147699532288744,0.0011495187220827
0.0690223648561963,0.0809912406000705,0.0397291463586638,0.1299439028946409,0.1150155352022795,0.1698853265068238,0.1760319641446184,0.1596473998028787,0.0584471513015945,0.001285968332233
0.0651414225840104,0.076437320577532,0.0374952831193727,0.0654832541737031,0.1374197429501238,0.1603331306868446,0.1661341593920849,0.1691679162427224,0.1211741084882675,0.0012136617853383
0.0363772758236039,0.0506155581120506,0.0015297994999829,0.1643305907526904,0.1274828372670353,0.1563647626320815,0.1636768580773453,0.1441856328977115,0.0237969066165718,0.1316397783209264
0.0711547336534353,0.083493374432562,0.0409565339193864,0.0715281202752509,0.1501051837750273,0.175133743742406,0.1814702748782584,0.1645795277386463,0.0602528106988448,0.0013256968861822
0.1056698995835584,0.0772260576762742,0.037882187325337,0.123902971053057,0.1388377420184512,0.1394508976313568,0.1678484551561283,0.1522255890105922,0.0557300152953446,0.0012261852498997
0.094963758819962,0.0694017572145706,0.0983130769860525,0.1113495130262242,0.1247711401270201,0.1455754980068102,0.1508425793586149,0.1535970984182204,0.0500836260126754,0.0011019520298493
0.0782202205477596,0.0459820240750627,0.0013897560367211,0.0988855491714535,0.1158125902591698,0.1420505581292413,0.1486932775092974,0.1521672122974331,0.0972098223080998,0.1195889896657612
0.0616196004184643,0.0723047941572234,0.0354681287534554,0.1160072012870866,0.1299902475920628,0.1516648402024588,0.1571522406406661,0.160021979702044,0.1146229211755572,0.0011480460709813
0.0591565786161605,0.0694146701835054,0.0340504179307072,0.1513416325642007,0.1247943551855586,0.1456025839475538,0.1508706452984335,0.1536256768669505,0.1100412823466473,0.0011021570602822
0.0601672470038798,0.070600594292701,0.0346321567972243,0.1539272486927285,0.1269264208442275,0.1480901505413028,0.1534482147827561,0.139165682854818,0.1119212971820805,0.001120987008281
0.0616196004184643,0.0723047941572234,0.0354681287534554,0.1160072012870866,0.1299902475920628,0.1516648402024588,0.1571522406406661,0.160021979702044,0.1146229211755572,0.0011480460709813
0.0657236706639927,0.0771205338292515,0.0378304240441274,0.1237336665649544,0.1386480302412276,0.1617662227778189,0.1676191023283672,0.1706799755518339,0.0556538642423768,0.0012245097560492
0.0916964175466626,0.0670139070641088,0.032872756388097,0.1461073584701384,0.1204782403837979,0.1405667995419515,0.1456526606840212,0.1483124072333198,0.1062354146306366,0.0010640380572658
0.092151380684251,0.0673464048675745,0.0954015078610957,0.1468322882330759,0.1210760081016942,0.1412642391352465,0.1535073417461586,0.13275112646158,0.0486003854953933,0.0010693174139299
0.0637702219502983,0.0283195780387983,0.0684152214884937,0.1419187916807231,0.1562811568195245,0.1339610767727251,0.1514586092935833,0.1450858276500299,0.0015282413959908,0.1092612749098327
0.0869197072896992,0.0880957044622601,0.0899853162992224,0.1384962375943748,0.114202208429885,0.1567993554188909,0.1380652262252068,0.1405864195031468,0.045841215292264,0.0010086094850497
0.0854713978550257,0.086627799841946,0.0884859258083655,0.1361885284012666,0.1455094660743431,0.1310241029072248,0.1423797124104909,0.1382438824180329,0.0450773808676564,0.0009918034156479
0.0844525057614064,0.0855951224485528,0.0874310979657735,0.146485899227967,0.1437748689079156,0.1294621836467937,0.1406824245819601,0.1365958972168794,0.0445400199712659,0.0009799802714852
0.0863388964894467,0.0875070354687372,0.0893840206299154,0.1375707845170761,0.1134390917773209,0.155751598104242,0.1438248064324098,0.1396469995101168,0.0455348972687839,0.0010018698019511
0.0806230222317147,0.081713827172783,0.0834665507137512,0.1284632172697548,0.1372554235995438,0.1235917444511354,0.1343032055996869,0.1362411972424825,0.0934062684750215,0.0009355432441259
0.0806230222317147,0.081713827172783,0.0834665507137512,0.1284632172697548,0.1372554235995438,0.1235917444511354,0.1343032055996869,0.1362411972424825,0.0934062684750215,0.0009355432441259
0.0797903024882745,0.0583126370541721,0.082604461415034,0.1383991404907219,0.1358377726859239,0.1439382205595905,0.1329160468475782,0.1348340218269085,0.0924415162024426,0.0009258804293534
0.0840216610184128,0.0614050137781516,0.0869850575719084,0.1457385835736113,0.1430413839048942,0.151571406528114,0.1399647160602737,0.1419844031466682,0.0443127936351799,0.0009749807827856
0.0821405109881558,0.0600302249186291,0.0850375604420024,0.141229872044005,0.1398388489823613,0.1259179916867515,0.1368310642535808,0.1328564107733971,0.09516436384615,0.0009531520649668
0.0837258825252742,0.0611888518714919,0.0866788471382852,0.1452255451723339,0.1434730243325506,0.1510378350456845,0.1481210284317256,0.1354206360214506,0.0441568008689181,0.0009715485922852
0.0836051440748423,0.0611006133610595,0.086553850310864,0.143748117194123,0.1423322910435295,0.1103323882560944,0.1392708750312519,0.135225350199951,0.0968612229755342,0.0009701475527498
0.0723831425161835,0.0733624643937457,0.1401177475777338,0.1244533523437371,0.1240360573608283,0.130576027504367,0.1280543744329097,0.1223169973489139,0.0838599081971996,0.000839928324381
0.1426969541518734,0.0684126388003836,0.1306638883218329,0.1160563826712836,0.1149133022279593,0.1217659559212787,0.1124416394669293,0.1140641692987091,0.078201811467738,0.0007832576720118
0.073740511081261,0.0747381977421897,0.1427453127726127,0.1267871701695125,0.1263620498411921,0.1218896296742615,0.1228382011320435,0.1246107530688866,0.0854324953949952,0.0008556791230449
0.1416028256407713,0.0678880850768923,0.1296620233105291,0.1151665206701585,0.1147803646496924,0.1208323157826582,0.118498830945907,0.1131895825882453,0.0776021992892214,0.0007772520459241
0.0820990970002094,0.0832098727834304,0.0849946858060795,0.1411586661049605,0.1406853578167514,0.1481031850141932,0.136762076126072,0.1387355492043969,0.0432988386436165,0.0009526715002898
0.160844257511056,0.0771129289873164,0.0787669654047184,0.1308157052904868,0.130377077190276,0.1257625503599177,0.1267412617240271,0.1285701347201838,0.0401262513433784,0.0008828674686391
0.1347407897287332,0.153285453062343,0.1233786355577907,0.1095855811858862,0.1092181381852211,0.1149768133484144,0.1127564085768211,0.1077044450066015,0.0336141487332167,0.0007395866149717
0.1505307998547494,0.0721683885966854,0.1378371370161367,0.1224277015272777,0.1220171985986359,0.1176985587822452,0.1186145144199913,0.1203261186712359,0.0375533252063803,0.0008262573266617
0.1483425812372696,0.0711192995619287,0.1358334421597361,0.1173401587467202,0.1202434731824161,0.1265834741571387,0.1241389243228024,0.1185769759489522,0.0370074243977474,0.0008142462852883
0.0523082858758707,0.0537698832328931,0.1533993796267372,0.1300209182669695,0.12939812278155,0.139158757457246,0.1242357324624854,0.126832496885158,0.0012535582499796,0.0896228651611099
0.0773400688572442,0.0783864564388159,0.1497132601470157,0.1329761392665079,0.1325302671809634,0.1278395309954254,0.1288344058720049,0.1306934828818918,0.0407889402501889,0.0008974481099416
0.0827433720417799,0.0838628646701314,0.0856616840646699,0.1383658432234575,0.1417893902369315,0.1367709394508813,0.1463828507156987,0.1398242804450186,0.0436386275339498,0.0009601476174808
0.0865207468087887,0.0632314046817686,0.0895722847073652,0.1446824777998712,0.1140056828795434,0.1560796481373663,0.1530654752325855,0.1462074951453028,0.0456308046285744,0.0010039799788335
0.0786366377649695,0.0797005675290571,0.0814101075881872,0.131498444215128,0.1347520731128476,0.1299826990002638,0.1391175501153335,0.1328844960119649,0.091104931268111,0.0009124933941369
0.0893941231412532,0.0653313359512318,0.0925470034010413,0.1494874202300521,0.1177918410327607,0.1477643211983601,0.1581488191711527,0.1313515980335221,0.0471462154275684,0.0010373224130571
0.0846197208678472,0.0618420900374109,0.0876042106546248,0.1415035276215389,0.111500760435361,0.1398724566521527,0.1497023346008623,0.1243363117235279,0.0980366667841721,0.0009819206225017
0.0587917395177388,0.0689865658833681,0.0977249256344627,0.1578511079604025,0.1243821893982952,0.1560316030759146,0.1258375762598082,0.1595149284955207,0.0497840040983287,0.0010953596761603
0.0569098066976997,0.0667782950694295,0.0327571801436647,0.1527982691910958,0.1565789136476064,0.1510370069438631,0.1218094956705946,0.154408830569445,0.1058619050257906,0.0010602970408101
0.0534111948892011,0.0626730038158089,0.0887812657256058,0.1434047769279824,0.1129988908848905,0.1417517907978831,0.1517137435361512,0.1449163267407761,0.0993538929188304,0.00099511376287
0.0915946435147202,0.0669395281984932,0.0948251348858763,0.1147201962714883,0.1206913979265757,0.1652327361741271,0.1620418010182475,0.134584941092366,0.0483067638387463,0.0010628570793593
0.0860709228252503,0.0629026626934275,0.0891065956858552,0.1078018624330797,0.1134129638808018,0.142271225884651,0.1522696831902044,0.1454473579491368,0.099717965201082,0.0009987602565111
0.0860709228252503,0.0629026626934275,0.0891065956858552,0.1078018624330797,0.1134129638808018,0.142271225884651,0.1522696831902044,0.1454473579491368,0.099717965201082,0.0009987602565111
0.1000445661661268,0.0731149311903507,0.1035730815391769,0.1253035311462234,0.1318255968058563,0.1318452081445366,0.1333680784306811,0.1470008673805866,0.0527632298755574,0.0011609093209038
0.0912259555776593,0.0666700823486891,0.0944434435334013,0.1142584230620565,0.1202055893594471,0.150792254881282,0.1216121061307024,0.1340432080566035,0.1056903581967842,0.0010585788533742
0.0744188012521004,0.0330484822721057,0.0798394393944371,0.1132225740945875,0.1232420168753825,0.174772666890299,0.1256116352121028,0.146554838785113,0.0017834325996561,0.1275061126242154
0.0894553540228637,0.0906656577236194,0.1731657714591488,0.1120407851075826,0.1178725230509909,0.1178900586285014,0.1192517407847491,0.13144156786449,0.0471785084266357,0.0010380329314182
0.0852198863352138,0.0863728854478563,0.1649668432045612,0.106735958692153,0.1122915797067095,0.1408645022114787,0.1136054952323508,0.1440092298922849,0.0449447343817478,0.0009888848956437
0.0675119840304605,0.0693984028984084,0.1979857740362331,0.0164767480328555,0.1118039115812516,0.1118312431049471,0.1747487002682705,0.1329530678965083,0.0016179120217149,0.1156722561293496
0.0867512367478217,0.0633998521715052,0.1679311987590175,0.1086539400626091,0.1143093922656217,0.1143263977657701,0.1156469180677941,0.1274682627649413,0.1005061468288603,0.0010066545660585
0.092166321370071,0.0934133036335443,0.1784136043832657,0.0584304235891001,0.1079577389338828,0.1214627469599403,0.1630531670297153,0.135424938143873,0.0486082651721276,0.0010694907844796
0.0798546156303046,0.0820859121294531,0.2341817991721062,0.0194890492391308,0.1081110999114706,0.0454977267696021,0.1347867565694415,0.1572597263465884,0.0019137008706395,0.1368196133612629
0.0592301280852874,0.061352182233504,0.2060015859092184,0.0018200077275862,0.0861031992821216,0.1090853692318127,0.1114728388118972,0.1674298387340565,0.0840986812949168,0.1134061686895989
0.0835943563581775,0.0847253625452049,0.1618201768526341,0.052996079034707,0.1101496696804038,0.1381775768834588,0.1478883430237197,0.1228296884447341,0.0968487248040301,0.0009700223729294
0.0653871746862024,0.0677298190425208,0.2274157108707428,0.002009199828887,0.1203909895177396,0.0293157821926904,0.1230605811566857,0.1466550141861996,0.0928408454020533,0.125194883116278
0.0857369205375091,0.0868969149654717,0.1659677070152209,0.1073835322061747,0.1004267496715903,0.1129896661770602,0.1142947466398542,0.1259778733472238,0.099331004919807,0.0009948845200878
0.0798546156303046,0.0820859121294531,0.2341817991721062,0.0194890492391308,0.1081110999114706,0.0454977267696021,0.1347867565694415,0.1572597263465884,0.0019137008706395,0.1368196133612629
0.0929163319947039,0.0679054493471603,0.1798654589965056,0.0589059057157834,0.1088362534499026,0.122451159531505,0.1238655244142244,0.1365269691345678,0.1076487535665401,0.0010781938491064
0.0202747229488898,0.0407335306825509,0.2689901148917413,0.0223858626609656,0.1241805182514922,0.1519376787434273,0.1548211913294489,0.0573220230372326,0.0021981495525339,0.1571562079017173
0.0684189284679189,0.0802831648653194,0.212651097033005,0.0696431963205757,0.1286747818186348,0.1447713949783095,0.1464435684216891,0.0899029724970515,0.0579361699992295,0.0012747255982661
0.0288097462707585,0.0019126425949829,0.0967922288706985,0.0306466803104018,0.1192197230315491,0.1433716409078617,0.1458806280642799,0.1683411703000008,0.1171131789621884,0.147912360687278
0.0288097462707585,0.0019126425949829,0.0967922288706985,0.0306466803104018,0.1192197230315491,0.1433716409078617,0.1458806280642799,0.1683411703000008,0.1171131789621884,0.147912360687278
0.0288097462707585,0.0019126425949829,0.0967922288706985,0.0306466803104018,0.1192197230315491,0.1433716409078617,0.1458806280642799,0.1683411703000008,0.1171131789621884,0.147912360687278
0.0244446037941264,0.0491111528961915,0.1186440842566592,0.0269899393800101,0.1497205942226321,0.1831865405828259,0.1866631021554975,0.069111382944923,0.0026502406482882,0.1894783591188459
0.0212807143936672,0.0427546474931491,0.1032878623367508,0.0234966046611233,0.1303421086852527,0.159476524297102,0.1625031110449633,0.1895972232274488,0.0023072173632145,0.1649539864973278
0.0811350010189772,0.0952042776613881,0.1348643875138151,0.082586806472484,0.1525897699328461,0.1031311798987941,0.1736609932248156,0.1066119848482805,0.068703958351631,0.0015116410769679
0.0607523936207424,0.071287208704296,0.1009839681119032,0.2514923953120113,0.1142564078268825,0.0772227270240332,0.1300341515309205,0.0798290896265155,0.1130097692605311,0.0011318889821639
0.0249339537873504,0.0016553336369861,0.0837707121386979,0.3038821065600065,0.1031810220288724,0.1240837678755126,0.0762888978824956,0.0528327115970998,0.1013578725994111,0.1280136218935672
0.003650306354288,0.0376247535365778,0.1333958682620753,0.0071561218238935,0.176199068745456,0.0567666133655402,0.1168971313846307,0.0651720507532519,0.1721786985925873,0.2309593871816992
0.0576286214149838,0.0425295456960433,0.0957915650802723,0.2385611360213966,0.1083815612598894,0.121939587475943,0.0909386795037327,0.1359565916672817,0.1071990224708819,0.0010736894095749
0.0695231456621509,0.0815788596830658,0.1155629055278704,0.0707671720471835,0.1307514718476931,0.0883712818434094,0.1488070299645243,0.1640179774239122,0.1293248575289626,0.0012952984712276
0.0448915570101316,0.0624623796351565,0.0018878566333709,0.0467046861963695,0.1341299096424952,0.0723621205187438,0.1604453156413673,0.1826147914023058,0.1320506643066116,0.1624507190134474
0.0263899812840056,0.0692780783828305,0.0020938536217503,0.0518009549116897,0.148765744244311,0.1752059065883814,0.1147495373103601,0.0850794940582052,0.1464596181857481,0.1801768314127178
0.0218649640213817,0.0168561222492976,0.0017348263196138,0.3335964750360808,0.1232572926259465,0.0664964219209988,0.0950737508208037,0.0704911480049998,0.1213465916384544,0.1492824073624225
0.0308251462245531,0.0237636994328202,0.0024457517937833,0.060506750366363,0.1737676798700371,0.0937464121651383,0.1340346258197413,0.0993781623727284,0.1710739806133978,0.2104577913414372
0.0558869993280507,0.0520901379317135,0.0406277146030325,0.2921894009711208,0.1327456097375459,0.0897190641590385,0.1113815885204252,0.0927471936044161,0.1312972376089263,0.0013150535357301
0.0315225473871527,0.0243013394326888,0.002501085518139,0.0618756807111934,0.1776990734498371,0.2092815615708163,0.1370670819578028,0.1016265360047909,0.0389058164261911,0.2152192775413877
0.0333559086948058,0.0875647933289685,0.0026465494414625,0.065474389835407,0.1880341076609846,0.1014430472402836,0.1450389467163208,0.1075371674221596,0.0411685909920406,0.2277364986675664
0.0519978095386942,0.0484651726445092,0.0378004221253758,0.2718558699446176,0.123507810675501,0.1389580599204853,0.1177381914076812,0.086292893987426,0.1221602311133377,0.0012235386423718
0.0550522496763906,0.0513120996577638,0.0400208834791506,0.2878251480390977,0.1307628704096141,0.0883789858142626,0.1246543338522545,0.0913618859571172,0.1293361317224813,0.0012954113918672
0.0355549875293807,0.0274100252706302,0.0028210303981838,0.0697909667337052,0.2004307666792958,0.1081309555248993,0.1546010330270605,0.1146268471239459,0.0438827421167545,0.2427506455961436
0.0716815144898921,0.0668116023731209,0.0521097240507375,0.0921513711522172,0.1702615359972547,0.115075034889335,0.1428597177774535,0.1189589597256279,0.1684038318984001,0.0016867076459606
0.0537532660568227,0.0501013666299061,0.0390765719862391,0.2810337788434655,0.1276774592282684,0.08629364224408,0.1453085248883986,0.0892061594607662,0.1262843851087942,0.0012648455532588
0.0308251462245531,0.0237636994328202,0.0024457517937833,0.060506750366363,0.1737676798700371,0.0937464121651383,0.1340346258197413,0.0993781623727284,0.1710739806133978,0.2104577913414372
0.0545959443950464,0.0508867949298311,0.0479777525158124,0.2854394846751852,0.1296790311710293,0.0876464490292275,0.1236211257415308,0.090604625149051,0.128264118129567,0.001284674263719
0.0537779621066091,0.0796975111829674,0.0472589271116214,0.2811628951689112,0.1277361185269678,0.0863332884319572,0.1071783226661611,0.0892471437565476,0.1263424043826108,0.001265426665646
0.0522677487747276,0.0727256567622547,0.0021980528813795,0.0543787956422047,0.1561689744641427,0.0842520373090791,0.1458040151429478,0.0893134195811757,0.1537480855466017,0.1891432138954861
0.0599248251944346,0.0888069989822818,0.0435630598333829,0.0770373623802657,0.1423364566803364,0.09620125075565,0.1194288886899473,0.2305076516411288,0.1407834399203104,0.0014100659222617
0.0676964534480114,0.1003243455939188,0.0492127368331051,0.0870283092059413,0.1607960187176343,0.1086775551249361,0.1532844953353645,0.1123455571021091,0.1590415917926002,0.0015929368463787
0.0732935350503044,0.1086190718371044,0.0644087967451954,0.0942237311745282,0.1740904882540274,0.1176629171843992,0.1659579189057324,0.1216341862507318,0.0783847151724761,0.0017246394255002
0.0620056276489694,0.0918906929415486,0.0544892242618628,0.0797123728156174,0.1656781349678958,0.0995416993602504,0.1403988075892917,0.238511694803001,0.0663127171996719,0.0014590284118906
0.0682485469767512,0.1011425335366594,0.0599753687329102,0.0877380622857931,0.1621073790158412,0.1095638670637117,0.1360178873061452,0.1132617831656558,0.1603386439889403,0.0016059279275917
0.0657014050629994,0.0973677368875523,0.0577369946977186,0.0844635413504882,0.1755531984488981,0.105474773150463,0.1487671244940538,0.1090346772724595,0.1543545564355821,0.0015459921997846
0.0626437861564819,0.1019412893009532,0.0435878365099037,0.0637647153390553,0.1325317355508912,0.1747316636195418,0.1123099173146178,0.1907938477672475,0.116528080578096,0.0011671278632114
0.0786571393789355,0.1280000889630738,0.0547300018396317,0.0800646067169943,0.1664102353155742,0.0999815553057815,0.1410192033697589,0.1033560565274997,0.1463156370002185,0.0014654755825316
0.0518155990434879,0.0767893412553285,0.0455344442689518,0.1316006930053007,0.1384505267871769,0.1825350794205508,0.1173256137558259,0.199314591492575,0.0554148598471531,0.0012192511236492
0.0916499498261198,0.1075425791743977,0.0527535426813072,0.093289906630213,0.1938983522366635,0.1164967935481042,0.1446247577875195,0.1204287044985992,0.07760786660137,0.0017075470157054
0.069907696719958,0.1137619734204896,0.0402387417523403,0.1405822351862687,0.147899559447409,0.0888600869685082,0.1253329040275683,0.2129175017044601,0.059196837660519,0.0013024631124783
0.0786571393789355,0.1280000889630738,0.0547300018396317,0.0800646067169943,0.1664102353155742,0.0999815553057815,0.1410192033697589,0.1033560565274997,0.1463156370002185,0.0014654755825316
0.0617158837664406,0.0914613002049429,0.0542346035122271,0.1567453281063422,0.1649039435292172,0.0990765545090535,0.1229984299299799,0.1024205108339166,0.1449912350377366,0.0014522105701429
0.0543714250256125,0.0805770074630642,0.0477804496783752,0.1380919519438736,0.1452796566271025,0.1915386981617076,0.1231127484708792,0.090232024335352,0.1277366471014065,0.0012793911926262
0.0584380359818801,0.0866036168671437,0.0513541007288295,0.1484202860731118,0.1561455819377648,0.2058644835926897,0.1323207405651101,0.0969807630082027,0.0624973103362349,0.0013750809090321
0.0440586152231068,0.0652936973046451,0.0320289309966722,0.1118995901475243,0.1177239788742594,0.0707301836471345,0.380602453574632,0.0731174148759309,0.1035084105645482,0.0010367247915462
0.0733290412580201,0.0860447195032269,0.0422080613805402,0.1474624541760296,0.1551378947615335,0.2045359349550439,0.1314668072564493,0.0963548966211317,0.0620939832782854,0.0013662068097389
0.0652549991044112,0.0765705919209503,0.037560657555779,0.1752044418668452,0.138056123604601,0.1820150928381533,0.1169913889858899,0.0857455461689934,0.1213853801040664,0.0012157778503098
0.0558190664873226,0.0827223736514455,0.0490526061462439,0.1417686559307245,0.1939639127837552,0.1966384239983994,0.1263906305397707,0.0926344557511252,0.0596964196746588,0.0013134550365538
0.0795032202813485,0.0932895367422209,0.0457619074791702,0.2134597736140173,0.1682002383995698,0.101057013747389,0.1254570678798224,0.1044678130224232,0.0673221897631174,0.0014812390709209
0.0407136599555804,0.0566492288050554,0.0017121605516735,0.1955537062093888,0.1432383222159889,0.0656276361232013,0.0938315979038454,0.2287080409488981,0.0266336371277463,0.1473320101586214
0.014581892533343,0.0631345215552707,0.0023704035618276,0.2554410594387695,0.1830129378849087,0.0755646927011191,0.1146117151296775,0.081022941075025,0.021579385062543,0.1886804510575153
0.0659616359657777,0.0773997636854219,0.037967396434491,0.1771017051968188,0.1814836827122418,0.0838442257936775,0.1182582716623822,0.2008990053617788,0.0558553698562012,0.0012289433312086
0.0583688625403758,0.0949846340311015,0.0335970100051873,0.156715717173274,0.1605932899397445,0.1628076634733373,0.1046456883893119,0.1777737355474888,0.0494259179225016,0.0010874809776768
0.0565230566623388,0.0663244803496461,0.0325345675340985,0.1517598763473694,0.1555148281427713,0.1576591762637283,0.1013364646296985,0.1721519743591983,0.1051424842811449,0.0010530914300055
0.0477252518390237,0.0707275553619962,0.0419399343093927,0.1618347403478078,0.1658389716601506,0.1681256763526087,0.1080638758796429,0.1835806060293107,0.0510403853405216,0.0011230028795447
0.0477252518390237,0.0707275553619962,0.0419399343093927,0.1618347403478078,0.1658389716601506,0.1681256763526087,0.1080638758796429,0.1835806060293107,0.0510403853405216,0.0011230028795447
0.0362851357477979,0.0537736072315805,0.0318866040728927,0.1230416874914904,0.126086073244006,0.1278246369389832,0.0821601197402134,0.3792827194022541,0.0388056058236743,0.0008538103071073
0.0493789616128697,0.0460242444980966,0.0358966196776079,0.1674424151436097,0.1715853955709975,0.1739513360087706,0.1118083566493749,0.1899417886481732,0.0528089665600233,0.0011619156304763
0.0490115436576379,0.0456817882525166,0.0430703001492074,0.1661965130877207,0.1703086665121203,0.1726570025092682,0.1109764153440876,0.1885284737197363,0.0524160266949952,0.0011532700727093
0.0487829893267949,0.0454687614884813,0.0428694514736675,0.1700847684615349,0.169514470279834,0.1718518553392565,0.1104589017451385,0.1876493135068517,0.0521715963218079,0.0011478920566323
0.0372117874244266,0.0346836860616898,0.0327009258197235,0.1297410908077961,0.1293060659149216,0.1310890291396145,0.3214558043623349,0.1431393701148432,0.0397966253956841,0.0008756149589653
0.0487829893267949,0.0454687614884813,0.0428694514736675,0.1700847684615349,0.169514470279834,0.1718518553392565,0.1104589017451385,0.1876493135068517,0.0521715963218079,0.0011478920566323
0.0545851859998789,0.0508767674405235,0.0479682982673966,0.1919932340651884,0.1884399945961428,0.1922917315558019,0.123596765600196,0.0905867710690062,0.0583768302934294,0.0012844211124356
0.0083995830901778,0.0044573033446521,0.0013654195866069,0.1544728906442864,0.1506955759303142,0.0435274031526063,0.081763187578327,0.1735813158672478,0.0124303369712338,0.3693069838345473
0.0545851859998789,0.0508767674405235,0.0479682982673966,0.1919932340651884,0.1884399945961428,0.1922917315558019,0.123596765600196,0.0905867710690062,0.0583768302934294,0.0012844211124356
0.0493027422330843,0.0454250351931382,0.0428282248768795,0.171420077434186,0.1682475875915533,0.1716865892370837,0.1103526758792282,0.1874688553409654,0.0521214240594764,0.0011467881544048
0.0493027422330843,0.0454250351931382,0.0428282248768795,0.171420077434186,0.1682475875915533,0.1716865892370837,0.1103526758792282,0.1874688553409654,0.0521214240594764,0.0011467881544048
0.053981183734818,0.0530348993336709,0.0510155741284533,0.187686491190789,0.1842129570761474,0.0856635026792944,0.1208242747249877,0.2052581715814956,0.0570673362421396,0.0012556093082039
0.0462767369575488,0.0454655106877797,0.0401995996006917,0.1608989981766418,0.1579212230814162,0.1611491525502155,0.1035796696679039,0.1759627662358509,0.1074699401612247,0.0010764028807268
0.0503291204475706,0.0494468563268549,0.0475641473078109,0.160748300835932,0.1717501444620706,0.1752607388062762,0.0991519906178668,0.1913715581177598,0.053206481233573,0.0011706618442849
0.0613424498525018,0.056517808486388,0.0579724281898759,0.2132807837342216,0.2093335732898363,0.0973451998220059,0.1373007500111919,0.1006307207835782,0.064849452521201,0.001426833309199
0.0578071732670165,0.0532605847288546,0.0546313720619222,0.2009890255360642,0.1972692999850207,0.0917350194906429,0.1138842930384114,0.0948311899232668,0.1342474396497483,0.0013446023190522
0.0491177680968486,0.0452546094466634,0.0464193440380732,0.1707769432124231,0.1676163559241267,0.1710424551157553,0.1099386544682981,0.1867655092791204,0.0519258747865942,0.0011424856320967
0.055821145098311,0.051430759543239,0.0527544519899298,0.1782895100385697,0.1904918991115792,0.1943855772550976,0.1249425985905434,0.091573161484659,0.0590124898408236,0.0012984070472473
0.0548184651490514,0.0538575032938945,0.0518068571107612,0.1750870082524784,0.1870702135227367,0.0869921963778959,0.1226983336584195,0.2084418522697325,0.0579524857829514,0.0012750845820782
0.0493027422330843,0.0454250351931382,0.0428282248768795,0.171420077434186,0.1682475875915533,0.1716865892370837,0.1103526758792282,0.1874688553409654,0.0521214240594764,0.0011467881544048
0.0627250424819962,0.0577916589054101,0.0544878865384501,0.2003401591201312,0.2140517261551386,0.099539255587861,0.1403953607651799,0.1028988286467403,0.0663110892066961,0.0014589925923962
0.0552348144159373,0.0508905443204076,0.0479812875651983,0.176416803738889,0.1884910221142325,0.0876529069083395,0.1236302342712496,0.2100249796364853,0.0583926381094411,0.0012847689198196
