0.0296285264386134,0.0113896075982943,0.1147033211550296,0.1649401810382683,0.1538398298950468,0.1663443610401142,0.1716042913977649,0.168544121049067,0.0177448222996607,0.0012609380881405
0.0160091687816421,0.0010352163480123,0.0591357975517469,0.1270985539272108,0.1288461744386435,0.1282513703161633,0.132569715480656,0.1254794753997274,0.1836122246413402,0.0979623031148571
0.0289505930960209,0.0111290008223911,0.0802787375845025,0.1611661678928372,0.1503198050189974,0.1625382187085009,0.1676777960618753,0.1592391845192963,0.0774684098607476,0.0012320864348304
0.0299617229315698,0.0893783148600917,0.029802257760027,0.1561405923722465,0.1689476810958607,0.1682150365135127,0.1735341189978138,0.1648007800942786,0.0179443770284668,0.0012751183461319
0.0288438449137374,0.0854176606725632,0.0794231219442295,0.1591304206713048,0.1611800448713118,0.1604824535374244,0.1655470454755628,0.1572315516033736,0.0012141105378704,0.0015297457726217
0.0131160008708816,0.0717438110998365,0.0655316319448526,0.1376197896673067,0.1502568585886732,0.1536752701257923,0.1547824094864102,0.1392950971449384,0.0012581905826307,0.1127209404886773
0.0262086448341966,0.0776138249886694,0.0721669528069059,0.135374238227514,0.1348804792741285,0.1458206296512025,0.1504225158329433,0.1428667330942368,0.0011031882875416,0.1135427930026613
0.0013864276263106,0.0659896895594624,0.0591443539489763,0.1385798661646793,0.1525049278445565,0.1517083283035685,0.1574917310169172,0.1541270101376329,0.0079243838342669,0.1111432815636291
0.0014267279505958,0.0679078610083444,0.0608635469299536,0.1426080703347785,0.1419695032763646,0.1561181472594116,0.1620696604463236,0.1445077888966372,0.0081547278004585,0.1143739660971319
0.0326943488893205,0.0968204761775124,0.0900256975618034,0.1227531665571056,0.1256920584217338,0.1819060302902892,0.1687769254013476,0.1782211497774904,0.001376188009402,0.0017339589139948
0.026611179368731,0.0788058837583193,0.0732753539066448,0.137453430277221,0.13695208775621,0.1480602662159121,0.1373739862617444,0.1450610012172302,0.001120131986334,0.1152866792516528
0.0598897534577329,0.092307043395413,0.085804987261201,0.1171225404256516,0.1199348233500744,0.1737270690269743,0.1611635725824402,0.1702009350206815,0.0185323743422906,0.0013169011375402
0.0156111555153791,0.0853921712396348,0.0779982029231834,0.0343138905242092,0.1631299651966012,0.1502272975735783,0.1636940167913567,0.1739710691811456,0.0014975455588021,0.1341646854961091
0.0308019360834862,0.0918847406692176,0.0854124313011282,0.1165867073375003,0.1599325102225158,0.17293227144528,0.1604262527251309,0.1622646847417317,0.0184475891306779,0.0013108763433311
0.0295371812324548,0.0874708947882399,0.0813322618371441,0.1108993648941972,0.1135544592630123,0.1412984236425984,0.1524787861753233,0.1542224388213319,0.0012432948208036,0.1279628945248941
0.0320888391172817,0.095027330069682,0.0883583929217013,0.1204797387500354,0.1233642013997243,0.1785370725751063,0.1841714419313292,0.1749204372250067,0.0013507005684171,0.0017018454417158
0.0365757816335159,0.1083148835999138,0.1007134372540154,0.1373262709716136,0.058833948588656,0.1749693123266987,0.1888139136568746,0.190973072241548,0.0015395673511942,0.0019398123759693
0.0626465089572295,0.0963632423881269,0.0896005520506123,0.122173465880969,0.1250984788563693,0.1556629125550292,0.1679798779563361,0.1773795020715651,0.0013696889744531,0.0017257703093092
0.058657128031831,0.0904072190997708,0.1173285415635932,0.1147119741277494,0.117466375841492,0.1462480357066549,0.1578465724977011,0.1596554422285653,0.0363889136640464,0.0012897972385957
0.0606568498193295,0.0934893557785876,0.1213284721557083,0.1186227014621279,0.121471005439812,0.1512338813011196,0.1291361222267811,0.1650983692355594,0.0376294739491989,0.0013337686317753
0.0337601983426562,0.0999768642112626,0.0929605729696988,0.0515076149151312,0.0543049440073917,0.161500272153164,0.1742791237868758,0.1840312338292102,0.0014210523143151,0.1462581234702937
0.0572327913035821,0.0880358288552281,0.1141541321072917,0.0453556491012514,0.1142878550131232,0.142211004831126,0.1534635761561733,0.155218490248439,0.0012513246872098,0.1287893476965752
0.0709803946055785,0.1091824761512576,0.1415745267403332,0.0562503033221355,0.0593052032663622,0.1763708009037359,0.1903262962550396,0.1925027495072876,0.0015518991482824,0.0019553500999871
0.0655747307094223,0.100867450957281,0.1307926155933435,0.051966441059803,0.1309458292203545,0.1629389050108023,0.1758315897396417,0.1778422905354159,0.0014337109465548,0.0018064362273807
0.0668261981857006,0.1027924658665683,0.1332887402862189,0.0529581997775393,0.0558343087403703,0.1133839458403637,0.1418416065451394,0.1812363394335829,0.0014610727458422,0.150377122578674
0.0634828978477479,0.0976497808837163,0.1266203332461253,0.0503087124204761,0.0530409302698144,0.1577411565449002,0.1347453014436531,0.1721691243094511,0.001387975590272,0.1428537874438433
0.0347491115894675,0.1029054147010935,0.1334351985674144,0.0530163904911583,0.0558956597357529,0.1662309836518018,0.1793841570099108,0.1223780484211316,0.001462678179299,0.1505423576529699
0.0578594137742269,0.0891777158818995,0.1157329187711103,0.245701331710049,0.048288019893785,0.1442591189774472,0.1556999201534706,0.1061152658326983,0.0358940385103774,0.0012722564949355
0.0723168310258693,0.1114606835781147,0.1446512742690311,0.0572236084068149,0.0603538188074102,0.1803053582903713,0.194604889368849,0.1326304441734034,0.044862934974071,0.0015901571060646
0.0790715544781297,0.1216283476447841,0.1577128158566744,0.0626623583633613,0.066065490858009,0.1964755686342026,0.1678329251655578,0.1446438932362366,0.0017288024211453,0.0021782433418987
0.0657470649423972,0.1707626643013753,0.1315101420852417,0.0520250160963955,0.0548708563188146,0.1639251600604374,0.1399729962855392,0.1789531312019294,0.0407872725810074,0.0014456961268621
0.1393034686190196,0.1377771372408482,0.1061068645700198,0.041975556026814,0.0442716769060115,0.1322604057934753,0.1129349837573959,0.0972891573121926,0.1869143128689766,0.0011664369052459
0.0258233413626829,0.1285237201820399,0.0901365765022519,0.0124038148993355,0.2782429494410661,0.1218369585960504,0.0984128548605988,0.1365336164120175,0.0014138236680332,0.1066723440759232
0.0514144999968862,0.1330703868343706,0.102549211582968,0.2173840969297481,0.0429575996315197,0.0872349324266023,0.1091295850619539,0.1394389629550632,0.0011241148939493,0.1156966096869383
0.0410612808808139,0.2043635058733381,0.1433247244580979,0.0197231071077134,0.0241484690837533,0.1126979569677331,0.1564847019198441,0.1263301721380653,0.0022480983360638,0.1696179832345767
0.0475747021331679,0.0731796971532976,0.0948905113410884,0.2011491633789458,0.2332820140147093,0.0807199511043379,0.0320825592465092,0.1290252191258639,0.001040162429788,0.1070560200722916
0.113422888429163,0.1121828268763811,0.1491171910958071,0.1832621298523914,0.0362147061951949,0.073541991984791,0.1162227008840783,0.1175517514687922,0.0009476667915157,0.0975361464218849
0.1609549082907183,0.0748473751528338,0.2266983591891966,0.0153133174594189,0.0187492351594976,0.1504156616664234,0.1214970797934752,0.0980846486351365,0.0017454574125734,0.131693957240726
0.0524256449920598,0.1361633834819179,0.1810916223597667,0.0414839054331234,0.2582383924616554,0.0891593346201327,0.1116122007601368,0.0961496304904003,0.0325231107183217,0.0011527746824847
0.0271090542604029,0.0636450300428584,0.0946243675025576,0.2462457028896347,0.2920963289774958,0.0744042797725378,0.0050031894914265,0.0834043999055339,0.0014842162365069,0.1119834309210452
0.0529568426205639,0.0816214675739206,0.1059265824796561,0.2248824505171178,0.260854967263646,0.0900627327016706,0.112743100272482,0.0369347536140073,0.0328526478997482,0.0011644550571873
0.0801705425421331,0.1235654735946314,0.1603606100136039,0.0634381743103735,0.0669083300476593,0.1363445739251131,0.170680030557886,0.1470343005376185,0.0497351140236925,0.0017628504472883
0.0463285095962278,0.0712627961878914,0.0924049078216234,0.1958801742949377,0.2271713229996871,0.0786055374319868,0.0983343420451678,0.0847477457608879,0.0010129159605704,0.1042517479010194
0.0598759204490226,0.0921015062368535,0.1194260069673662,0.0474502671570788,0.2936008989448695,0.1015914163255003,0.0403780303209883,0.1095297329363276,0.0013091134596223,0.1347371072023706
0.0600686973587124,0.0923980368557896,0.1198105117296664,0.2539746478106539,0.0501883136406805,0.0496946734532884,0.1274985075876528,0.1098823755892717,0.0013133282899795,0.1351709076843044
0.0869329177194692,0.1337207445578111,0.1733927622223013,0.0688923049466124,0.0726337798562461,0.1474989974299965,0.0586242342705566,0.0607808669863063,0.0019006814729084,0.1956227105377916
0.0570873760905496,0.0878121502871223,0.1138640930045179,0.2413694132644407,0.0476973742088387,0.0968600958090174,0.1211705193168208,0.1044287087420575,0.0012481453621792,0.1284621239144555
0.0519011490556755,0.0798346642123176,0.1035198614443779,0.2194416831393394,0.2544966975829887,0.042937682479944,0.0350001495517454,0.0949416552184204,0.0011347548779061,0.1167917024372845
0.0551439381801395,0.1294636680587889,0.1145570840574912,0.0264874786109317,0.0324305929511741,0.0312957969437413,0.2101537639279408,0.1696572306862184,0.0030191214937161,0.2277913250898575
0.0526947872512261,0.0927241020141382,0.1266654878335435,0.2927838965800491,0.0404611630578457,0.1045120831702053,0.02847529947259,0.1143727378808624,0.0016261276080627,0.1456843151314767
0.0607718868551393,0.0934796872305173,0.086919362339814,0.0481602995877318,0.2979942600871709,0.1031116016603538,0.1289910588712331,0.0424898653852709,0.0013287026646453,0.1367532753181233
0.0725660632230424,0.1276904870491005,0.1166339768111329,0.0513109964295192,0.0557191227006072,0.1439237319384856,0.1875399382045223,0.0417542725084102,0.0022393425416604,0.2006220685935192
0.0018434591536798,0.0877429841690327,0.0786411051010705,0.0248662832996472,0.3714891310123266,0.0278022163062762,0.1370119175825742,0.1122849547716591,0.0105366321611938,0.1477813164425395
0.0695680551524688,0.1070100069854619,0.0995001357698051,0.2941385960263004,0.0581251720927797,0.1180360519044879,0.046914035212371,0.0486398802391887,0.0015210200808083,0.156547046536328
0.065340623234263,0.1534028405719067,0.1357398748664671,0.0313852876210756,0.038427345329674,0.0370827137923472,0.2490133705217188,0.0161182564112414,0.0035773883137425,0.2699122993375634
0.0914175352458363,0.1406190106049487,0.1307504881193861,0.072446259493409,0.0763807462608566,0.1551080436503329,0.0616484887805454,0.0639163759339548,0.001998732127011,0.2057143197837188
0.0892894816863978,0.1373456256330407,0.1277068265188787,0.0707598267978832,0.0746027250254788,0.0738689505570798,0.0602134108643595,0.1633353276207365,0.0019522048496587,0.2009256204464857
0.0993105986217265,0.1527601688583963,0.1420395902197612,0.0787013276921953,0.082975521205439,0.0821593939266853,0.0669712687883871,0.0694349671391021,0.0021713042632812,0.2234758592850255
0.0383366451646479,0.0900045021788285,0.0796412883726629,0.3482317768933824,0.0225460889352308,0.1052198444464868,0.1461011045566254,0.0094569020943551,0.0020989249813,0.1583629223764797
0.065340623234263,0.1534028405719067,0.1357398748664671,0.0313852876210756,0.038427345329674,0.0370827137923472,0.2490133705217188,0.0161182564112414,0.0035773883137425,0.2699122993375634
0.0396806181915013,0.10113738491225,0.1532473908625584,0.0159839046315493,0.1535141884929911,0.0199600183577574,0.0024965839575019,0.0053293651031641,0.3262036632185813,0.182446882272145
0.0654957921398304,0.1537671369269804,0.228613578540173,0.0314598204383342,0.0385186014093304,0.1797616101058146,0.0120877643247517,0.0161565335516051,0.003585883785655,0.2705532787775246
0.0856313303715191,0.2010401595626988,0.1778921824422389,0.0411315931813179,0.0503604731688611,0.048598283252368,0.015803936505356,0.0211235778210348,0.0046883011731156,0.3537301625214893
0.0799380093895722,0.1232070742597693,0.114528437359469,0.0632541730775348,0.1600833278076723,0.0660535836539538,0.0537583309708025,0.0557527702765942,0.2816665558719486,0.0017577373326828
0.1073785041143166,0.1655006351964694,0.1538428636905016,0.0849675709455405,0.0896154144089628,0.1826166560428138,0.0722120704206593,0.0748911452542471,0.0666140202682602,0.0023611196582285
0.0629754269679228,0.1878609435392973,0.0626402530766429,0.096447291752823,0.2440882975879559,0.100715714774793,0.0819684327377169,0.0850094695618519,0.0756140463490389,0.0026801236519572
0.039671104587026,0.1174813191602785,0.109236580168167,0.3229211103763098,0.1525139042311978,0.0631852795925045,0.0515047414643182,0.1397121289150415,0.0016698573394814,0.0021039741656749
0.036619062273315,0.1084430541338738,0.1008326128889861,0.1374887710906387,0.1884567745200356,0.0583242063018189,0.3170607703788767,0.0492912514860417,0.0015413891430192,0.0019421077833939
0.0407653461513597,0.1216064227020055,0.113040534795683,0.0624324029699341,0.0658475416260167,0.1341829186383867,0.3564148805989873,0.0550284550606942,0.0489465958665687,0.0017349015903636
0.0680284988253215,0.0261510780405081,0.0676664309876421,0.3545193355215314,0.1098852292710477,0.1087970215388667,0.0885454803355523,0.0918305262650353,0.081681225692261,0.0028951735222336
0.0643745969640035,0.0247464685845058,0.0640319762752229,0.2436607321003951,0.249511381460868,0.1029533876740732,0.0837895838951484,0.0868981856042896,0.0772940175699998,0.0027396698714932
0.0474108605656485,0.018225378128709,0.0471585259108503,0.1794522302235975,0.0765819233579029,0.075823522600165,0.0617096877690422,0.1682924910356312,0.3233276573872758,0.0020177230211771
0.0643745969640035,0.0247464685845058,0.0640319762752229,0.2436607321003951,0.249511381460868,0.1029533876740732,0.0837895838951484,0.0868981856042896,0.0772940175699998,0.0027396698714932
0.0461314705775255,0.0180443186424146,0.0458886319743562,0.1732037579490364,0.1773505113847016,0.0734748854814495,0.399422560054994,0.0620954709513346,0.0019417905179818,0.0024466024662053
0.0114161997063785,0.021053768283545,0.0544770413052015,0.2073013600272896,0.2843739877285461,0.0875905489582888,0.0712863929606357,0.1944097447582415,0.0657601035099582,0.0023308527619145
0.0396602496045013,0.0152459381056824,0.0394491659988936,0.1501158206756747,0.1537203203530012,0.0634280794808846,0.0516215396796516,0.4374512994076428,0.04761971607333,0.0016878706207373
0.0309986603660854,0.0119163056716307,0.0308336763061177,0.1615444213058496,0.1201486135237966,0.0495757216131554,0.0403476678049526,0.3419142439159335,0.2114014409089244,0.0013192485835538
0.053611612030614,0.0206090311310556,0.0533262751383172,0.2793881005978759,0.207794813652697,0.1764675945217426,0.0697805481641327,0.0723694132855931,0.06437099535656,0.0022816161214117
0.0078962701613194,0.0142263192982838,0.0361790513438454,0.1878628141614821,0.1871776103316032,0.1188048491513034,0.047219597627636,0.3971736354891648,0.001530926851084,0.0019289255842773
0.0021117694888154,0.0108434764418144,0.0411252039437717,0.2503586771434712,0.249413502956649,0.0711262817776229,0.0563545983236884,0.0587507447756936,0.0513477400446106,0.2085680051038624
0.0500159679465435,0.0573290547860948,0.0017686752132144,0.198655656114389,0.2571391641505425,0.1078178529930842,0.0954460905820836,0.0974529406949104,0.0912526849186416,0.0431219126004956
0.0202291319798941,0.0231869353561243,0.0007153468339535,0.104320999188913,0.111505830619181,0.2254362342748848,0.1636849525247423,0.2021243875369287,0.1313553743385481,0.0174408073468299
0.0252435528898648,0.0289345400286061,0.000892667844347,0.1301802105580338,0.1297806751881216,0.0544167350197346,0.0481725843697516,0.2522272172721621,0.3083877617458862,0.0217640550834919
0.0304904298381649,0.0349485893087577,0.0010782090142223,0.1572381904264713,0.1234058000354297,0.0657272630512873,0.0581852645805143,0.3046526891466275,0.1979858468033168,0.0262877177952078
0.0308624087813358,0.0353749571686202,0.0010913630121081,0.1591564741703015,0.1701179531327361,0.0665291263892955,0.2497246011936193,0.0601334457004637,0.2004012462072476,0.0266084242442719
0.0326496385755439,0.0374235068417367,0.0011545634092435,0.168373162167458,0.1678564090193298,0.1162924246318186,0.0623057093343532,0.3262269585735554,0.0595683199578574,0.0281493074891031
0.0444849724656634,0.0957095295392899,0.0015730869838336,0.2425518096194597,0.2287035342254355,0.0958948595542628,0.0848912234596199,0.0866761468686245,0.0811615438565989,0.0383532934272116
0.0279841256658815,0.0602079163725957,0.0009895805571857,0.1525818707905703,0.1438703473838461,0.060324501775288,0.2264348408828866,0.2796103296273197,0.0238696116542154,0.0241268752902107
0.0284085010132816,0.0325622511739034,0.0010045874077748,0.1548957534966736,0.1460521210572695,0.0612393143981043,0.2298686935395847,0.2838505811252223,0.0376254408124314,0.0244927559757539
0.0457059285088282,0.0983364195203876,0.0016162626890859,0.2492090037531424,0.2519375288896836,0.0985268361924769,0.0872211889861734,0.0890551022652852,0.0389857727494127,0.0394059564455235
0.0955287489472218,0.0484686130760312,0.0302399138784698,0.1584335691708249,0.1714287342739021,0.3774940289346676,0.0395706949604576,0.0410387715908406,0.0365030812822525,0.0012938438853315
0.1475401754680939,0.0751127770964305,0.0470580927199827,0.260991623339427,0.2643532354368433,0.0753473752607913,0.0614185314657116,0.0636779590891234,0.0019912765821617,0.0025089535414341
0.0082922646975239,0.0634227625010035,0.0395699145126443,0.2214619620939229,0.2251589955536358,0.0636222241765569,0.0517795461681542,0.0537005723653759,0.2712987209688076,0.0016930369623747
0.007144084829677,0.0546409951885546,0.0340909071638547,0.1907974602183315,0.1932598448803666,0.0548128386091883,0.0446099447811799,0.3780336354191067,0.0411516765619467,0.0014586123477938
0.0077377569391569,0.0591816516408574,0.0369238551554542,0.2066526933785947,0.209319701744227,0.0593677752175167,0.324555780927054,0.0501095890705177,0.0445713731662871,0.0015798227603342
0.0070728968159344,0.0130438442289079,0.033751204595151,0.20131634718626,0.1913340860433374,0.4213265373448394,0.0441654241129836,0.0458039656416582,0.0407416161852202,0.0014440778457078
0.0081861807295005,0.0147486368262597,0.1038251328770038,0.2216722537048923,0.2107011052478684,0.0600551577087374,0.3264705304316058,0.0507541219907343,0.0015871346383271,0.0019997458450703
0.0478968662609006,0.0184122053126706,0.132815930399966,0.2666389031734917,0.2710901097706566,0.0766007846742574,0.0623422698261946,0.0646551740981142,0.057509349913105,0.0020384065706431
0.0501405934451345,0.0196124865242114,0.1380648966689009,0.2947759945405963,0.2801867478323584,0.0798603277812695,0.065097211916396,0.0674919686014058,0.0021105446607023,0.0026592280290243
0.048847230007721,0.0187775380326206,0.135451247803923,0.2520876422213465,0.2764690464853099,0.0781206880503126,0.0635792574991371,0.0659380541339918,0.0586504433817865,0.0020788523838507
0.0326115532892596,0.012756004775234,0.0897977152986985,0.1917229612544198,0.1829142575425606,0.4008589397356059,0.0423393711467883,0.0438969262110989,0.0013727029327479,0.0017295678135862
0.0312355194281189,0.0120073575090635,0.0866147390890666,0.1853193974616001,0.176789027164906,0.1028146099014843,0.0406559621195668,0.3445267918826328,0.0187072665540064,0.0013293288895542
0.026064880483736,0.0100196937374279,0.0722767818118676,0.1546421520945226,0.1475238750068944,0.0416851968272668,0.2278874618393933,0.2874948077790497,0.0312958748494593,0.001109275570382
0.032883328268778,0.0128623095226889,0.0905460627331073,0.1682049706142104,0.184438610527416,0.1074139213763305,0.2847154663793198,0.115807206430688,0.0013841426304563,0.0017439815170043
0.0339848904625781,0.0130642530414649,0.0942386255865117,0.1753870364093903,0.1880866130714679,0.0543515574134185,0.0442345267369037,0.3748522674802801,0.0203538925022592,0.0014463372957252
0.0253329043162914,0.0099089621878142,0.069755552865147,0.1295830030119015,0.142089195915034,0.3113902939421348,0.0328895477182556,0.2766406723721996,0.0010663261495565,0.0013435415216652
0.0504014547571072,0.0197145223920427,0.1387831927162307,0.2963095953097621,0.2764418494090642,0.0802758089004226,0.0654358864900197,0.067843102129497,0.0021215249744828,0.0026730629213704
0.0254127845066478,0.0099402073137545,0.0699755073864175,0.1299916065742212,0.1393840154318384,0.312372175673683,0.0329932556587138,0.2775129809434357,0.001069688509227,0.0013477780020609
0.0330195765249843,0.0129156030101647,0.0909212298406731,0.133124375778438,0.1295387156001247,0.0525912045171424,0.0428691051051997,0.3605807584187095,0.0013898776648847,0.1430495535396786
0.0270490834737972,0.0105802454393087,0.0269066956078663,0.1383616115030336,0.106115943937228,0.0430818329815754,0.2342005150277787,0.2953817116985997,0.0011385644799952,0.1171837958508168
0.012136561697558,0.0223822606744141,0.057914541608061,0.3004808889852728,0.3222383698303814,0.0931175109840882,0.0757845630433151,0.0785961777005471,0.0348711959481064,0.0024779295282557
0.0074084949558863,0.0133475188423078,0.033944167805024,0.1375762411305724,0.1871621701208036,0.0543499279654051,0.044302707948998,0.3726390833923588,0.0014363571182817,0.1478333307203618
0.0156304502280369,0.0281606088921899,0.0716154399196842,0.2902584941146864,0.2824404794372214,0.1146675335569589,0.0934698984999476,0.0969084123424054,0.0030304277158415,0.0038182552930276
0.0120570114285964,0.0222355539793065,0.0575349351365976,0.2985113578995946,0.2287930726431473,0.1903949146679565,0.0752878257858063,0.0780810114424883,0.0346426293173083,0.0024616876991979
0.0078915863150808,0.014553672320087,0.0376579146044562,0.1953824263041999,0.1497502338575905,0.4700951848753479,0.0492775825238331,0.0511057856265914,0.0226743833708643,0.0016112302019485
0.0163858048811444,0.0302187197123264,0.0781915341609107,0.1323840774738173,0.31093597851259,0.1257197387551779,0.1023181930744364,0.106114207985615,0.0943862452297492,0.0033455002142323
0.054863076480532,0.0628848834965612,0.0019400796880611,0.2306799378863515,0.2256748452397175,0.1182666127955068,0.1046958877806647,0.1068972241887225,0.0467965426321125,0.0473009098117695
0.1352436975266878,0.0846427521285638,0.0013911928340912,0.1654160282853171,0.1618269751825972,0.1401267236702742,0.1672233167455626,0.0766538885957877,0.0335568766430927,0.0339185483880253
0.03670594804291,0.0789729390344615,0.0012980034806168,0.1543355997836311,0.1509869601807738,0.0791258606509836,0.2970078680959216,0.1386112516677642,0.0313090619891079,0.0316465070738291
0.0275753569527805,0.0593284494638216,0.000975125591692,0.1159446760394231,0.1134290093075066,0.3073035776522298,0.0526223949191863,0.2755260156853313,0.0235209443220782,0.0237744500659503
0.1619409083115234,0.101351297046444,0.0016658153785299,0.1980692805631322,0.1067090123960541,0.1677878476030587,0.0898952867797768,0.0917854256562502,0.0401810301186702,0.04061409614656
0.1552597352232926,0.0971698609575382,0.0015970890696989,0.1898975643445349,0.1857773321664649,0.0973580187290042,0.0861864896817856,0.0879986473666862,0.0598167763193824,0.0389384861416117
0.0510684590717898,0.1098739174410005,0.0018058936264888,0.2147249064826399,0.1156821625365288,0.1100866750928508,0.0974545724210129,0.0995036528858686,0.155770429027313,0.0440293314145067
0.0519953675117472,0.1118681632682358,0.0018386711583447,0.2186222304220219,0.2138787554241438,0.1120847825377411,0.0992234032675144,0.101309675181095,0.0443504737343567,0.044828477494799
0.0445793876975652,0.0510975647292436,0.0015764257151882,0.0992386757330515,0.1833737199024798,0.0960983875076632,0.3607161674613898,0.0868601089585926,0.0380248675562854,0.0384346947385403
0.1602893926114564,0.1003176900348521,0.0016488269580021,0.1037964569142719,0.1056207660032914,0.1660767032882211,0.0889785111544776,0.0908493739007726,0.1422223761535485,0.0401999029811059
0.0500650316972827,0.0573852923951949,0.0017704102159218,0.2105058473398867,0.1134091617305293,0.1079236181813167,0.0955397195447853,0.0975485383007824,0.0427039557475658,0.2231484248467338
0.0498512725826083,0.0571402784826521,0.0017628512209999,0.3695888958009752,0.1129249466769154,0.1074628243638996,0.0951318003809742,0.0971320422260164,0.0660251698991225,0.0429799183658362
0.1226441303174672,0.0153817649399979,0.0809890386098564,0.30876210324053,0.0677619769802453,0.128454045284764,0.0510547202013946,0.052932890232096,0.0016552670068741,0.1703640631867742
0.2078849820542955,0.1054750205623871,0.1370299106447921,0.1114154952671972,0.1145307548901366,0.1058067346584116,0.0861118072034583,0.0893065636231212,0.039623131438009,0.002815599658191
0.0976396120286182,0.0495396059140637,0.0643603360832445,0.2463338322400818,0.3025143088505002,0.0496954056996961,0.1280386464313634,0.0419455899969398,0.0186102292851327,0.0013224334703594
0.1804213937323316,0.0918526217543682,0.1191427195513394,0.0969902132728726,0.0996844308585132,0.0921395031251321,0.2363965455848033,0.0778694080608204,0.0024350580790644,0.0030681059807544
0.162037398557297,0.0822132401091042,0.1068089191725342,0.0868435845325001,0.0892717953640062,0.0824717969738351,0.0671204484635237,0.1830485273824688,0.1379896506618628,0.0021946387828675
0.153585680805582,0.0961221480088438,0.0015798688032289,0.0994554239719934,0.1012034357953088,0.0963082770099523,0.1899024310827248,0.0870498210392105,0.1362742731222322,0.0385186403609231
0.0994641315874905,0.0622499827319606,0.001023144069884,0.2145062966909161,0.0655406923500443,0.1030553226283521,0.0552136994079257,0.0563746230058502,0.2136116069991634,0.1289605005284126
0.1706671423725392,0.1068126418643542,0.0017555783361856,0.110516637447705,0.1124590593007962,0.1070194717235261,0.0947393210735295,0.18747477507831,0.0657527739931043,0.0428025988099495
0.1350050260323767,0.084493378719654,0.0013887377246949,0.0874233980145371,0.0889599369709931,0.0846569900049524,0.0749428643968409,0.1483005840375146,0.1197879365700707,0.1750411475283654
0.0466124494161481,0.1002868015201536,0.0016483192727104,0.1037644972630486,0.1055882446346073,0.166025567115839,0.1981302728735903,0.176020789582102,0.0617355331705036,0.0401875251512966
0.0097820338042009,0.0748171494001968,0.0466789538818761,0.0790309374717998,0.4568719880458282,0.0750524458992929,0.0610821397361221,0.1665810641021505,0.02810608358922,0.0019972040693125
0.0014363568492881,0.0073753796234796,0.0279720247289611,0.2619559739411508,0.3229762174424851,0.0483777810678562,0.1334700393496853,0.0399603437336745,0.0146147169476982,0.1418611663157206
0.0017399778916299,0.0089344075558884,0.0338848278800896,0.0620700980093554,0.3912478143232158,0.1277933391596837,0.0464329822427291,0.1383443691701637,0.0177040158189283,0.1718481679483157
0.049522744108811,0.0567637142043551,0.0017512337277813,0.1102431369709817,0.1121807518256418,0.1067546258395847,0.0945048654288731,0.0964919253355909,0.1510556464136714,0.2207313561447086
0.0364714497001278,0.0418041242393156,0.001289711100734,0.0811895038769894,0.3251834976435273,0.0786203599301692,0.1550250710205843,0.1377257246472101,0.111246226541722,0.0314443312996199
0.0472863459528177,0.0542003209986994,0.0016721497442501,0.1052646659134994,0.1071147799972316,0.2286987557498286,0.0902371191522705,0.0921344453984006,0.062628070733197,0.2107633463598048
0.0356291650740196,0.0408386849314679,0.0012599260540413,0.264148598337118,0.3176735943361112,0.0768046733859613,0.0679915766231593,0.1345450377964334,0.0303905987285379,0.0307181447331498
0.0015422972086264,0.0079193602978882,0.0300351376334402,0.2812768760024101,0.0567246916924227,0.1132746060827228,0.1433142949304609,0.1226269226906385,0.0909614931299573,0.1523243203314325
0.0018749634647959,0.0096275290780821,0.0365135755986823,0.3419469756196623,0.0689599409765044,0.1377074060086041,0.0500352019904574,0.1490769733351656,0.0190774739152371,0.1851799600128084
0.0323031626360502,0.0370263709082978,0.0011423112539555,0.2394901793079253,0.0731743189128601,0.1150583366345783,0.1373074040932795,0.1219851834524445,0.0985320018307782,0.14398073096983
0.1007030555297906,0.0630253677153056,0.0010358883392439,0.0652109300193727,0.2611854648159383,0.1043389784000151,0.1245152214858746,0.1106204886464648,0.0387977741855644,0.1305668308624297
0.0321471365056713,0.0691646446081992,0.0011367938250075,0.0715631016979334,0.0728208827508434,0.1145025982619865,0.1366442014473213,0.1213959880119831,0.2373393571191779,0.1432852957718759
0.084029155321069,0.0525899475944919,0.0008643712119327,0.181218924192118,0.0553700005160947,0.1182194485599981,0.1259923302213345,0.092304510258048,0.180463073637023,0.1089482384878899
0.0973756183697684,0.0609428792599485,0.0010016604467981,0.2100021681294603,0.0641644917027654,0.1008914028310269,0.1460038604252677,0.1069653589918022,0.0863999270216197,0.1262526328215424
0.0988987827691594,0.0618961571506485,0.0010173285735673,0.2132870543427121,0.0651681625507959,0.1391393203650774,0.0548998676856983,0.1497144226710978,0.0877514079688275,0.1282274959224155
0.0767732598398962,0.0020542799848325,0.0250769348325473,0.0063884893071678,0.3950274469223064,0.0839836929490751,0.1239953918650482,0.0964406154618045,0.0542634930538828,0.1359963957834389
0.0839050498959132,0.0022451106672687,0.0274064364695379,0.3363449551466664,0.009465997230469,0.0917852903736323,0.1355138437913988,0.1053993886568073,0.0593042564781984,0.1486296712901076
0.0817278373103461,0.0021868533489448,0.0266952797694222,0.006800771724998,0.009220368530758,0.1682290491031076,0.1319974589422483,0.1026644296075087,0.325705001646462,0.1447729500162038
0.1176814063271998,0.0736513293266652,0.0012105372167591,0.0762053734339192,0.0775447462749637,0.1219303391367774,0.1455082598686959,0.1292709005107293,0.1044169483973037,0.1525801595069864
0.0829666555657478,0.0519249783199824,0.0008534417411118,0.1789275163839829,0.0546698790906717,0.1167246324489797,0.1025848862218018,0.125596135677124,0.1781812231191734,0.1075706514314241
0.1042314031354433,0.0528840961974154,0.0687053952473619,0.2629641847264722,0.0574245487403346,0.1091864536825907,0.136682720218023,0.117746921518274,0.0887625636718043,0.0014117128622801
0.0951539752811335,0.1748042705158298,0.0009788073748891,0.0616175863828431,0.1138572833924986,0.0985895464571749,0.1426727548276008,0.1045249241631874,0.084428696400036,0.1233721552048064
0.1077164572342427,0.0674147302727056,0.0011080321387131,0.0697525047048744,0.0709784630092131,0.1515447837885845,0.1331870066864827,0.1630627471385785,0.0955751983902716,0.1396600766363334
0.0747435077076933,0.2472281839840582,0.0214026005721216,0.0021196314803003,0.0044648520967616,0.1585857514907659,0.1234678872209229,0.1806192619392505,0.0515176521056668,0.1358506714024583
0.0949346032840344,0.0025402367412965,0.0310090891655784,0.0078997387791667,0.0107103290311745,0.2424914392592415,0.1533275174234499,0.2218196224069671,0.0670999667933768,0.1681674571157138
0.1102148720418171,0.0029491024106381,0.0360001798742681,0.0091712470331254,0.0124342179022427,0.1205660928203993,0.1780064605395258,0.2575227625569019,0.0779000912029504,0.1952349736181307
0.1105638740316042,0.0691967962661189,0.0011373222713892,0.0715963682950294,0.0728547340360612,0.1555507748320308,0.1657781763283669,0.1673732082988134,0.0425968427193392,0.1433519029212466
0.0334480514993561,0.0719635664713584,0.0011827970555415,0.0744590831791147,0.1375858652105633,0.1617703293841235,0.142173853845181,0.1263085829782598,0.1020241735678391,0.1490836968086622
0.1105638740316042,0.0691967962661189,0.0011373222713892,0.0715963682950294,0.0728547340360612,0.1555507748320308,0.1657781763283669,0.1673732082988134,0.0425968427193392,0.1433519029212466
0.0326441670179501,0.0702340069986916,0.0011543699228692,0.1372572393515799,0.0739467746526574,0.1578823702500513,0.1682630732165528,0.1698820135811419,0.043235339077932,0.1455006459305734
0.0302897332306948,0.0651684368157822,0.0010711119384366,0.1273576734751695,0.0686134241461172,0.1663458560227935,0.1561272369885792,0.1576294126064422,0.092390583664087,0.1350065311118973
0.0327836718995875,0.0705341521005069,0.0011593031239329,0.0729801002888071,0.1348529932504682,0.1585570807232046,0.1689821456346091,0.1706080045425269,0.043420105344362,0.1461224430919945
0.0332647560688183,0.0381285637649477,0.0011763153238467,0.1398665980111884,0.1368318942236384,0.1608838274552063,0.1875910864939522,0.1256164115344893,0.0283738294565684,0.148266717667344
0.0295356564849925,0.033854213729926,0.001044446117425,0.1241870460146062,0.1214925435081892,0.1622045999471665,0.1522403781018678,0.1537051563715017,0.0900904778779999,0.1316454818463246
0.0222643193510794,0.0014396991926298,0.0220842718445721,0.1259574732917335,0.1222432816084024,0.1516805831148029,0.1646271173095396,0.1745071933721526,0.078957632133109,0.1362384287819785
0.0304789268590988,0.0349354044211276,0.0010778022434491,0.1281531661315868,0.1253726102006064,0.1673848739577228,0.1718808637237408,0.1644989510631741,0.0403676018677403,0.1358497995317529
0.0222643193510794,0.0014396991926298,0.0220842718445721,0.1259574732917335,0.1222432816084024,0.1516805831148029,0.1646271173095396,0.1745071933721526,0.078957632133109,0.1362384287819785
0.0219926489511036,0.0014221319070847,0.0218147983937747,0.161028338672692,0.1735153797183654,0.1498297686329594,0.1626183285340506,0.1646127903634329,0.0085897745440959,0.1345760402824403
0.0214686894338775,0.0013882506066045,0.0212950760419925,0.15719195085155,0.117874838518321,0.1462601789298924,0.1587440603137804,0.1682710654391826,0.0761360298498358,0.1313698600149628
0.0232788147948178,0.001505300491652,0.0230905632479296,0.1316968485110827,0.1278134160582273,0.1864893760252634,0.1721285126045283,0.1824587839770115,0.009092118515865,0.142446265773622
0.0199294443005428,0.0012887169114227,0.0197682785044631,0.1459217265515132,0.1572373161174463,0.1596571674673852,0.1473625540957905,0.1562064995346807,0.0706772889342002,0.1219510075825549
0.0306940554661086,0.0351819880663847,0.001085409666648,0.1569977766141124,0.1262575243944142,0.1484507240424016,0.1582113000269501,0.1656600296785859,0.0406525274492176,0.1368086645951764
0.0264081162626149,0.056817128199071,0.0009338493800878,0.135075521133902,0.1460279867512048,0.1450287023724096,0.1489242010887985,0.1425282276123728,0.0805507680239178,0.1177054991756205
0.0288489102878479,0.0330670549089206,0.00102016125348,0.1475599983173656,0.1565175326937122,0.1617909685577485,0.1487005718759107,0.1557015279312533,0.0382087378010931,0.1285845363726676
0.0013095473334644,0.0067242403752256,0.0255024998930902,0.1536950533026432,0.1651935445626717,0.1676525096422827,0.1731152106573877,0.1641460661791053,0.0133244490167465,0.1293368790373824
0.0013138700387469,0.0067464365254892,0.0255866814940053,0.1542023877088382,0.1696118495897533,0.1682059164344909,0.1736866493648473,0.1575139677798136,0.0133684318989833,0.1297638091650316
0.0012192877716635,0.0062607771813401,0.023744759331634,0.1652261413261427,0.1538077041554258,0.1601104683917043,0.1444649412302462,0.1528324224290406,0.0719110659380562,0.1204224322447462
0.026738484069235,0.0306480526327239,0.0009455319161818,0.1539223352586491,0.145067578384396,0.1468430239174704,0.1507872556579731,0.1443112680030428,0.0815584650625476,0.11917800509778
0.0009090819554469,0.0046679378690602,0.0177037224078513,0.1231900353128214,0.1173564107140167,0.1163836292178859,0.1077108081613406,0.1089857456343601,0.0092497734582468,0.3938428552689696
0.0013334915622548,0.0068471887756936,0.0259687966634055,0.1565052682725052,0.1682140020327014,0.1707179277036171,0.1579961553369398,0.1671473711821503,0.0135680779773891,0.1317017204933425
0.0012832759296123,0.0065893424376086,0.0249908830490032,0.1738972005085204,0.1656623543704075,0.1642891590591628,0.1696422704314777,0.1538461776800578,0.0130571413965633,0.126742195137586
0.0193225240725801,0.0012494710423525,0.0191662663301431,0.1414779073356935,0.1561320784718298,0.1589076863625707,0.160007153001439,0.1569748120234592,0.0685249220309963,0.1182371793289355
0.0202864224841164,0.0013118005365977,0.0201223698703075,0.172338571108654,0.160053766523746,0.1668347494051859,0.1679890626128959,0.1590044858520793,0.0079233654769037,0.124135406129513
0.028268006318561,0.032401214041534,0.000999619204732,0.1627271588917586,0.1563125522138647,0.1552428895066534,0.1569546910920532,0.156986767633131,0.0241117532532244,0.1259953478444871
0.0279748727107821,0.0320652198910666,0.0009892533522348,0.1525314195734675,0.1546916221116423,0.1568891755701322,0.1577596647782078,0.1553588460509986,0.0370511248348773,0.1246888011265902
0.0264716309030013,0.0303421815196585,0.0009360953982044,0.1523861725348575,0.146379201316175,0.1484586682951378,0.1492823813915103,0.1470105716903994,0.0807445021400893,0.1179885948109661
0.0280184417931941,0.0321151594286808,0.0009907940513213,0.1612905196850359,0.1549325444601332,0.1538723252864636,0.1555690142054318,0.1512193754954699,0.0371088296018686,0.1248829959924004
0.028080069054486,0.0321857975225531,0.0009929733275401,0.1531049967191075,0.154781303858042,0.1542107713023422,0.1583529021484077,0.1559430554140075,0.0371904513977912,0.1251576792557222
0.0260010976535163,0.0559414266434361,0.0009194563021412,0.1417695221194206,0.1433217200692244,0.1458198154090771,0.1466288870048446,0.144397458722045,0.0793092685834854,0.1158913474928089
0.0888916757039894,0.0556331733788979,0.0009143898348782,0.1333479882695238,0.1425319763901409,0.1420065955416025,0.1435724457789813,0.1436017874152371,0.0342472146728414,0.1152527530139072
0.0879155376520425,0.05502225388553,0.0009043487291721,0.1394401091878535,0.1414149080760647,0.1434238521680745,0.1419958467732133,0.1420248662028347,0.0338711388575234,0.1139871384676908
0.0877597046692889,0.054924725255554,0.0009027457433554,0.1391929473241993,0.1407169350208058,0.1431696289979925,0.1439639962098416,0.1417731227782177,0.0338111012266518,0.1137850927740925
0.0746220364981706,0.029951976990243,0.0437158608665055,0.1445939399713148,0.1466672356551331,0.1500039816458993,0.1510846715460611,0.1481041170181652,0.0012281325219698,0.1100280472865372
0.0879549507122746,0.055046920690334,0.0009047541541047,0.1395026210210171,0.1410299992550968,0.1434881499369922,0.1420595043587898,0.1420885367979947,0.033886323491225,0.1140382395821707
0.0764369002777214,0.1404197413094055,0.0007862730010433,0.1212341982470823,0.1225615602297707,0.1246978063082241,0.1234562475476434,0.1234814780735246,0.067821316221847,0.0991044787837373
0.0865174320308205,0.0541472444787273,0.0008899670274209,0.1372226171985429,0.1293880164333061,0.1338336208156574,0.1397377113301983,0.1293233490154831,0.0767656209912356,0.1121744206786075
0.0853383339296644,0.0534093017121764,0.0008778381603534,0.1353524862483219,0.1276246589120782,0.1392194476275675,0.1378333035568533,0.133979547230538,0.0757194249146739,0.1106456577077726
0.026520637190499,0.0570592172568855,0.0009378283688845,0.1367660942441478,0.136346346174752,0.1487335062228295,0.147252635042254,0.1472827287920099,0.0808939824762362,0.1182070242315011
0.0012743702373728,0.0427717900419333,0.0248174510472864,0.1510816632731243,0.1505112876430194,0.1568770806864089,0.1684649851599238,0.1653722163314223,0.0129665273048297,0.1258626282746787
0.001272210761561,0.0426993113828163,0.0247753967967431,0.1508256488215321,0.150256239717748,0.1670600375566703,0.1650511622497158,0.1594660891779348,0.0129445549601713,0.1256493485751069
0.0617791784650026,0.159469805795071,0.0012005015952102,0.1201458314136301,0.1196085175045878,0.1256053184963642,0.1335695125199472,0.1336080351279067,0.0486246858281952,0.0963886132540846
0.0847706307764567,0.0340254447830174,0.0143693448998679,0.1526012212122306,0.1088234875516136,0.1589459439878243,0.1682015026959822,0.1518754078343814,0.0013951585007602,0.1249918577578653
0.0012498208787318,0.0419478379574731,0.0243393698049219,0.1481712391067388,0.108953956251218,0.1538550140974521,0.1621463949774597,0.1621865001800876,0.0737118453165652,0.1234380214293515
