0.0296992197473062,0.0460074190138334,0.0417945966063096,0.1547707531342119,0.1646262394855625,0.2928194156032712,0.0859005244967404,0.1644341289580498,0.0186199965133182,0.0013277064413966
0.0437344071896268,0.0522913101925283,0.0475030823801482,0.2336588906821303,0.226602639686072,0.0890109866673935,0.0976331876128353,0.1868932495647758,0.0211631957265188,0.0015090502979706
0.023851967957973,0.0323277469287224,0.027584914085395,0.1547744734497973,0.204986511482179,0.3101908824506492,0.0772397590203659,0.1656535876875257,0.0014947436913806,0.0018954132460115
0.0542281895948055,0.0540274190924923,0.0175341101904707,0.1364681219627923,0.1319599186105109,0.1998177923503064,0.2369027760904621,0.1065897885284205,0.061507758916958,0.0009641246627809
0.0702609798157487,0.0700505743400449,0.0592738202389817,0.1564476053029338,0.151723053339484,0.2228374254209115,0.0653708418949038,0.1251354110957819,0.0778898955603413,0.0010103929908679
0.1700376103730072,0.1457887100294218,0.1164425387805585,0.1319308577421893,0.1275807801527833,0.1930585309891213,0.0480729616957649,0.0649780232736919,0.0009303078768252,0.0011796790866364
0.1726104754243839,0.1496320521920575,0.1218234203097837,0.1365002569174184,0.1323780937460368,0.0519989738592957,0.0570359430959917,0.1091804232539486,0.0679587951165533,0.0008815660845301
0.1531353753996777,0.131264811952847,0.10479691892983,0.1187661405330976,0.1299141660088475,0.0904063145145118,0.0431330433610765,0.0927634792776811,0.1349806869244381,0.0008390630979921
0.124352649609105,0.106592791666685,0.08509970022134,0.0964433216073802,0.0932573313590928,0.1412131370560777,0.1674214482881429,0.0753280187875076,0.1096102453224944,0.0006813560821738
0.194794879857096,0.1669745687897596,0.0484265472161756,0.1529250713572259,0.1460849504613834,0.0487687814641139,0.0548671133463621,0.1179991935492402,0.0680915690839084,0.0010673248747346
0.1296374528502768,0.1111228272763517,0.032228230208331,0.1017727814110993,0.1099794317713897,0.1472144860161191,0.1745366116186883,0.0785293479034586,0.1142685182388083,0.0007103127054769
0.2290583236302934,0.185836256978739,0.0016582124751583,0.1640087399182711,0.1831670203513371,0.0021899129093853,0.0116643758814151,0.1097473546006506,0.0322100953715847,0.0804597078831648
0.1057638890570538,0.0827352465341633,0.0548658389515481,0.0711055831124644,0.0813130818654307,0.1276263464841829,0.1616098294854916,0.2875058887383565,0.0008834927451588,0.0265908030261494
0.1584045126839662,0.1373172297400226,0.0474600147248408,0.1266679696773668,0.1360149563327806,0.1784239222152721,0.0523418451248567,0.1001947981294288,0.0623657387916933,0.0008090125797717
0.1805254155185234,0.1547430478352974,0.0448791188184253,0.1417227294178153,0.1531508231803309,0.0451962831086729,0.0508478890329166,0.0688220036168378,0.1591235501947984,0.0009891392763818
0.1837143290302561,0.1574765255269083,0.1257233712026568,0.1442262080856915,0.1558561748227573,0.0459946584369964,0.0517460978525136,0.070037718404741,0.0642183045881114,0.0010066120493671
0.1564407787805814,0.1341309095345865,0.1071313658787479,0.122864232827302,0.1327531336724548,0.0393384518596147,0.2105436477464627,0.0948562150408798,0.0008559170435116,0.0010853476158581
0.0208061008705363,0.0204412166554826,0.001752218910346,0.1733066297908377,0.1935510205232887,0.0023140622021128,0.3528024466273713,0.115969088987433,0.0340361317139108,0.0850210837186803
0.2161014792305493,0.0663525873770611,0.0537234268945923,0.1696519649591291,0.1715696098486739,0.0541030946111005,0.0608684600126934,0.1309059062163731,0.0755394023341713,0.0011840685156556
0.0518548668899428,0.0516628832048766,0.0418296744518599,0.1320929597116417,0.1427445378681874,0.1910726709113648,0.047392878933665,0.1019248353534902,0.238502763390085,0.0009219292848863
0.0162090262466174,0.0159247626137732,0.0013650689518591,0.1489825854606543,0.1372255899595001,0.2223440356568919,0.2748513117780778,0.0903459047367947,0.0265159029900391,0.066235811605792
0.211323225125101,0.1714476756291534,0.0015298235080019,0.1669637722037496,0.1537877871543182,0.0020203564376964,0.0877311008572217,0.1012500421534141,0.0297161924859655,0.0742300244453776
0.1763855905101958,0.1511944663934358,0.1207080100260498,0.1483617889972686,0.1400379444625486,0.0441598378936913,0.049681840684353,0.1068475590794715,0.0616565057071414,0.0009664562458438
0.161256798720834,0.1382263458391792,0.1103547473490356,0.1356366303902385,0.12802673142493,0.0403721986029012,0.0454205729625864,0.0976831229719685,0.1421392895388418,0.0008835621994843
0.202765654472654,0.1644158529935327,0.1180046827705537,0.1601035160254049,0.1474316803435187,0.0014712882598879,0.0098777297433045,0.0969041737282149,0.0281074055717597,0.0709180160911685
0.1236761335868372,0.1060128946427981,0.0846367321151445,0.0959186407701546,0.0981902857057653,0.1404448948829238,0.166510624975618,0.074918211583595,0.1090139324381412,0.000677649299022
0.1490443944110456,0.1277580987014255,0.1019972901576394,0.1253645092599503,0.1141718253403186,0.0373147051134809,0.0419807527168576,0.0902853214439743,0.2112664551605048,0.0008166476948027
0.1497540813838984,0.053025865752929,0.1056920465266213,0.1275766500307595,0.1170941254027408,0.1686802359069711,0.0494834698948864,0.0947231849590894,0.1332055075394275,0.0007648326026762
0.1301498995122225,0.1115620870786057,0.2211602577454319,0.1009394544891662,0.1033300075532267,0.0325842856421297,0.1752265411262867,0.0788397682435155,0.0454945780936418,0.0007131205157728
0.1560739523785841,0.0552636453703069,0.1101524264577715,0.1234231847482885,0.1220356920027443,0.1757988220612436,0.0515717545226917,0.0660564114207541,0.1388270012286228,0.0007971098089919
0.1407379285839076,0.0432126875617897,0.2391522135386064,0.1091511387287761,0.1078088596658374,0.035235101086106,0.1894816709306837,0.0852535861665087,0.0491956790339026,0.0007711347038815
0.2215543560250992,0.0907465624278887,0.1798956407289418,0.0622388508623029,0.0810962340631296,0.120220200232381,0.142532348306963,0.0641296531649636,0.0370060894271029,0.0005800647612266
0.201347185903887,0.1632656645146955,0.1171791685388033,0.091463950279337,0.1389596055057263,0.0014609957073465,0.0098086290407813,0.0363570685553064,0.1697358303407485,0.0704219016133677
0.1778332319507166,0.0546025649781254,0.1216986913907296,0.1495794319652742,0.1362248126017203,0.0445222689242345,0.0500895921974328,0.1077244841950352,0.1567505335984645,0.0009743881982663
0.2794215581773456,0.0230026363316914,0.1626165556377221,0.1269300059465804,0.1223885949411521,0.0020275113118891,0.0136120224271074,0.1335389629345622,0.0387334584923154,0.0977286937996339
0.0587961142615124,0.0016383923164102,0.1712742165214174,0.1424366122770884,0.1956992715679348,0.0415053443182044,0.0508665616338593,0.1477771814197118,0.0711667037761383,0.1188396019077225
0.0358481877584533,0.0009989332818738,0.1044264633668296,0.1210572988960852,0.1193185012219787,0.1866941367333119,0.0310135129673214,0.0901002423797347,0.2380858201477186,0.0724569032466925
0.0571528843997567,0.0015926026377314,0.0398346928829039,0.1384558033811126,0.1902298814389551,0.0403453557362587,0.0494449463776227,0.1436471146551821,0.2237784378140408,0.1155182806764355
0.064400667493987,0.0246457681245937,0.1426325403614468,0.1225751270186128,0.1200226539304627,0.0523744215953881,0.0588854272774606,0.1262896520489176,0.0011395506932385,0.287034191455892
0.091143354117663,0.0346119070763107,0.0735224494797008,0.1738674064971689,0.1702377910410592,0.074042038458282,0.1648297418936331,0.1127464713485718,0.103378399571155,0.0016204405164549
0.059846527965882,0.0016676627837516,0.0417121215607306,0.0482590275183031,0.141245905184313,0.3116753335025051,0.0517753110317654,0.1504172738561944,0.0724381225064438,0.1209627140901106
0.0686714697763974,0.0684172255247525,0.152488931944542,0.1309994619570083,0.1282647477202203,0.0557865755039775,0.0627624531409384,0.1349791961725968,0.1964090260709877,0.0012209121885785
0.0361408290888001,0.0010070879246274,0.10527893321465,0.0875530181705162,0.0852972476810901,0.1882181864540319,0.0312666871515964,0.0908357622607463,0.1415070885701505,0.2328951594837907
0.0471868188482599,0.0013148916796265,0.0328884964719236,0.0380504946017514,0.1113672783956705,0.0333101122102518,0.0408229567446422,0.1185985702821003,0.0571148349051805,0.5193455458605929
0.0217997705897419,0.0214174600247069,0.0018359023877772,0.0090432829188822,0.1114109992235691,0.0024245785142707,0.3696517885707105,0.0462753462772869,0.0356616488472484,0.3804792226458057
0.1037182920273032,0.0028901782858117,0.0722900751666097,0.0836363291108637,0.097091525438401,0.0732168014291249,0.0897302986809612,0.1422490863962409,0.1255404214646518,0.2096369920000314
0.0760621359769702,0.0317615802878356,0.0622536115527509,0.1408883819173665,0.1380440538476125,0.062660784580964,0.06991627193941,0.0929912992663287,0.0012698492449278,0.3241520313858335
0.0325902121512011,0.0441711196591317,0.0932126361020457,0.1012304794185618,0.1107386092803819,0.0938675082745402,0.1055367899796261,0.2263413054996758,0.0020423477886436,0.190268991846192
0.0536871162406826,0.0014960267331227,0.0374191050841427,0.0432922027074733,0.0502569403169929,0.037898801187949,0.0464465899065113,0.0736315946513611,0.0649827823842568,0.5908888407875073
0.0378609903733462,0.0513148649795665,0.043786414960683,0.1176023705821179,0.1286482395533523,0.109048594426575,0.1226051358890963,0.1657197537296251,0.0023726543910212,0.221040981114616
0.0022831379555454,0.0152294195036935,0.0079850057999591,0.0790160040953403,0.0896451301895763,0.2124632569061111,0.0838300231106139,0.2188772350099563,0.1121187452706113,0.1785520421585925
0.0020697991024538,0.0138063662526721,0.0072388783155661,0.0716326641405031,0.1870421808655288,0.0641707268788721,0.0759968560689003,0.1136081481503216,0.3025664319027781,0.1618679483224039
0.0252770192201571,0.0342591890908751,0.0292329926298528,0.0785145172439267,0.1668391415274732,0.0728037853756766,0.0818544984111244,0.1106389811485857,0.0015840481205915,0.3989958272317366
0.0347095509300071,0.0472542926665576,0.0402345705472688,0.1090624826848961,0.1193619374929444,0.2383707567045323,0.1137271908512413,0.153928379111867,0.1411385144992247,0.0022123245114602
0.0190313042845267,0.0275860043829804,0.0628259785962091,0.0791659580793679,0.3999681178893065,0.0737758906663905,0.0823183952913757,0.1094865947414653,0.0014951019155457,0.1443466541528318
0.0142486934255371,0.0232309768275004,0.0285498151888619,0.0773890135358633,0.4142255925172354,0.0717295383348797,0.1596817367008243,0.1092251443519678,0.1001496586188092,0.0015698304985205
0.0013210824348449,0.0088800748472842,0.0133561147379577,0.0544564801143064,0.3379194962328686,0.1316724981996004,0.057241995525953,0.0812480052211361,0.2018536568942233,0.1120505957918249
0.0242707249328298,0.0561732043458429,0.0479319829865622,0.1287366145637408,0.1408282736793915,0.280545773341425,0.1342130268663961,0.1814096089720557,0.0025972902784011,0.0032935000333546
0.001557757036531,0.0103908462195812,0.0054480715637071,0.0539116508834339,0.3881576421313926,0.048295702329935,0.057196197039229,0.0855029321341469,0.2277153312878906,0.1218238693741522
0.035635195875972,0.0485144846313039,0.0413075584103285,0.1119709944111134,0.1225451182377407,0.1037825315124942,0.2310369654653775,0.1580333883196437,0.144902439676207,0.0022713234598188
0.0214551198903819,0.0290791806933404,0.024812947925758,0.0666430786767995,0.3551391764304066,0.1452301204951997,0.1371257132481537,0.0939103058164251,0.0013445391659283,0.1252598176576062
0.0016846477695099,0.0112372568357127,0.0058918569409054,0.0583031501585287,0.0661460111310784,0.324402325994616,0.0618552466828587,0.0924677729122089,0.2462644147585659,0.1317473168160152
0.0231641713004578,0.0315361766626545,0.0268514129219562,0.331129422127222,0.0796587766985708,0.1590818922566341,0.1501824169398363,0.1027274408977314,0.0941918474700221,0.0014764427249147
0.0012103732494177,0.0080736610447298,0.0042331377275041,0.2536772621173633,0.3015974992089444,0.0375256376900532,0.1053386838946896,0.1342487440898166,0.0594381647872914,0.0946568361901894
0.0029854210933366,0.0199139215898745,0.0104411582697892,0.1033209775013547,0.1172195757741364,0.0925580851647905,0.1096157674753962,0.1638652570004428,0.1466059754629895,0.2334738606678893
0.001537821594326,0.0204268622848701,0.0155473429352946,0.0633907081510765,0.0705500213221571,0.0578466298669385,0.0666332202293338,0.0945776990363561,0.2349701307640642,0.3745195638155827
0.0011695354077505,0.0078614034093893,0.0354276831272141,0.2528518884944863,0.2991553027952957,0.116567781699016,0.0506755209305021,0.0719276983849818,0.0651663939527726,0.0991967917985912
0.0012618069582852,0.0084816359197995,0.0382227821317717,0.2728008662273412,0.0578874091376525,0.125764501942348,0.1181587752247934,0.0776024990044313,0.1927967113228252,0.1070230121307517
0.0016725532195459,0.0222165005393582,0.0169094767414865,0.0689444948611521,0.0767310497763706,0.0629146887914737,0.1566220875722594,0.1965714290500952,0.2555563338143931,0.1418613856338648
0.0019988789457128,0.0134360992019961,0.0202086227490891,0.0823960024651275,0.0917017635600674,0.1992285851650836,0.1871800488158895,0.1229332271280732,0.1113773315258254,0.169539440443135
0.0019763072590237,0.0132843764465176,0.0199804234866527,0.0814655725578694,0.0906662513894289,0.196978861531989,0.0856326360074762,0.2322709601155964,0.1101196394395365,0.1676249717659093
0.0277534937766322,0.0013913459432941,0.0181815568562006,0.2768417770658196,0.3319269563781841,0.0283715750615575,0.1063238982681624,0.0616040542192736,0.0535604213110365,0.094044921119839
0.0093555869506743,0.0152532879449322,0.0395480999854554,0.0508130551720664,0.2719774671440435,0.1110587812935606,0.1048458498981932,0.1294653051178208,0.2666518273729625,0.0010307391202906
0.0120765877868564,0.0349941539817316,0.0241976116075934,0.0655916432329894,0.0717858738119468,0.1433593775424542,0.1353394626183069,0.1671192978966252,0.3442054698196327,0.0013305217018628
0.010509325046787,0.0304527193791934,0.0210573193544681,0.057079359770696,0.3055179351855177,0.1247546346442683,0.1177755198253314,0.1454310649816121,0.1862642711598162,0.0011578506523092
0.0008851047299751,0.005949512341209,0.0089483896060161,0.1913583812909566,0.2264008184331283,0.1146745039728967,0.0828834316951752,0.1040243739911832,0.0493179455198859,0.2155575384195736
0.0285403900377883,0.0358408616684557,0.0401638190755598,0.3031124345251241,0.0857984780733286,0.1544337314892107,0.1467430517753148,0.1057337777924357,0.0983575547136839,0.0012759008490982
0.0185557325393536,0.0302531453070946,0.0371797412486278,0.100781860748173,0.1102993244505703,0.2202723412966994,0.2079497052220616,0.1422412922110433,0.1304225042773096,0.0020443526990664
0.0275525467515511,0.0013812720106061,0.0180499147000454,0.2748373255914472,0.0395763444790864,0.1138798881684108,0.1055540683064296,0.1385460870838414,0.1872585567661572,0.0933639961424247
0.0109523524975147,0.0317364736235646,0.0219450043838336,0.2706239943990541,0.0651031738606029,0.1300137476231564,0.1227404236677808,0.151561806364962,0.1941163629779114,0.0012066606016192
0.0141324004708708,0.0230413735527038,0.0283168013773962,0.076757390917984,0.084006073136484,0.1677636241662352,0.1583784690669017,0.1955682255592372,0.2504786236724294,0.0015570180797572
0.026621160461638,0.0471200595486271,0.037462959369056,0.0744883603159669,0.080028866078223,0.1796210610422791,0.1808948137213665,0.1653010203424031,0.2072715976119458,0.0011901015084941
0.0127524007423798,0.0369524474207254,0.0255517241852315,0.1507491091607793,0.0758030535320725,0.1513818526280405,0.1429131385477414,0.1764713920998754,0.2260199032042945,0.0014049784788593
0.016394695160354,0.0264333397527582,0.0800730144392277,0.1887164637092278,0.0951284571566088,0.1895065946809435,0.1789313874576869,0.2208368623620739,0.0017544503707732,0.0022247349103457
0.0294763667867844,0.037016256018051,0.0773042851254041,0.0824774800175823,0.0886122231016749,0.1988860059479106,0.2002963727581228,0.1830300941562555,0.1015831723095974,0.0013177437786166
0.0166168375053337,0.0270919834895805,0.083064024108832,0.0902511285925172,0.0987741091577003,0.251977152082962,0.1862209672201607,0.1273784494471879,0.1167946108308282,0.0018307375648971
0.023207083133935,0.0218894628099743,0.0671130951809555,0.0729200474983277,0.0798063452913062,0.159376592877745,0.1504606312037244,0.1857911547850953,0.2379564093707344,0.0014791778482018
0.0136868488906704,0.0223149491623424,0.0274240588015029,0.0743374639645934,0.1584178352059576,0.2075469055621437,0.2091608266537014,0.1894025545457024,0.0962006271754839,0.0015079300379014
0.0110928956744419,0.0180857847570066,0.022226607868974,0.1311317119590081,0.1283942369020009,0.1682122882589482,0.1695203364765064,0.1535066833009629,0.1966073100463768,0.0012221447557735
0.0310459959477685,0.0389873875111777,0.043689864175499,0.0868694411672217,0.0933308619490641,0.2094767709803044,0.1596258560148483,0.2285933882947765,0.1069925197599046,0.0013879141994349
0.0141419199268479,0.022801166506996,0.0279287193607517,0.1627851626730811,0.1593953660889006,0.2087017859348091,0.2103215330694806,0.1904919361948874,0.001513373467236,0.001919036777009
0.0141419199268479,0.022801166506996,0.0279287193607517,0.1627851626730811,0.1593953660889006,0.2087017859348091,0.2103215330694806,0.1904919361948874,0.001513373467236,0.001919036777009
0.0235618339197132,0.0417049819812189,0.0331576840185708,0.1270200935715749,0.1246607367068174,0.1589788549924263,0.1601062269235897,0.1463044856244858,0.1834517682369213,0.0010533340246811
0.0106091511229532,0.0307419839580967,0.0212573388187417,0.1254132545742778,0.1227951567008777,0.1608768025276442,0.1621278087232724,0.1769760947384423,0.1880335599806556,0.0011688488550379
0.0124579372357743,0.0360991847712071,0.0249617136879614,0.1472681872388691,0.1441938508847223,0.1478863201348413,0.1903807422328346,0.2078165401672804,0.0875629872856439,0.0013725363608654
0.0119669866840357,0.0346765644492934,0.0239780061226147,0.141464546041284,0.1385113651481685,0.1814669742476663,0.182878093225163,0.1996267698124778,0.0841122477204838,0.0013184465488126
0.0227695856657543,0.0285939179182148,0.0320427828033876,0.1227491421807503,0.1558406909593399,0.1635947263264314,0.1547227801528339,0.1413851116200124,0.1772833458820817,0.0010179164911932
0.0288506488344291,0.0279638891366206,0.0313367628915221,0.1541397502630682,0.1178147407966155,0.1502482103657512,0.1513136703923815,0.1639596950630995,0.1733771441953277,0.0009954880611842
0.0174082499261944,0.023699947558636,0.0201792717276108,0.1570554356810502,0.1165675936687275,0.1635762724223893,0.1539054881105137,0.1680007424950948,0.1784974277878233,0.0011095706219596
0.0248171568391068,0.0311652463087266,0.0349242528198091,0.1337874460292506,0.1698547758499405,0.1674489002805383,0.1686363361196595,0.1827301008232622,0.0855263315746083,0.0011094533550976
0.010093850169852,0.0164569474823446,0.0202248408529061,0.1193217615919761,0.1554743600311035,0.1639456627430099,0.1660898633610472,0.1683801242184692,0.1789005132787938,0.0011120762704973
0.022186770073152,0.0278620213672208,0.0312226083073592,0.1196072266847164,0.1518517565102766,0.1594073177907566,0.1507624600079013,0.1633624173265895,0.1727455602672915,0.0009918616647355
0.0098356494671312,0.0160359787406773,0.0197074893930802,0.1533835499412421,0.1514973256646733,0.1597519324403048,0.1503072467340174,0.1640729603844668,0.1743242378766026,0.0010836293578039
0.0250982277696593,0.029815858821949,0.0497935488832872,0.1298082660405712,0.128360082365818,0.1346977098274485,0.1363018485511207,0.1380152591796766,0.227277222021439,0.0008319765390304
0.016282395901502,0.0153579360872816,0.0470874335910655,0.1593154927145877,0.1450916269332663,0.1428411101252042,0.1549982163448511,0.1510346193342399,0.1669533582619268,0.0010378107060743
0.0266643660775427,0.0258448044329893,0.0539739656523834,0.1424591436990742,0.1408576534375645,0.1478661902950233,0.1496401452075517,0.1515349396893823,0.1602387408627792,0.0009200506457089
0.0180295508968463,0.0170058934834408,0.0521400711337371,0.162660748969203,0.1606604389381201,0.1694143145726639,0.1716300381967801,0.1739966941171685,0.0733130784607513,0.0011491712312886
0.0097234982717875,0.0158531281632668,0.0194827743399418,0.1516345908583211,0.1497698742928608,0.1579303577449565,0.1599958858291878,0.1622021150791125,0.172336502168801,0.001071273251764
0.0212063796328391,0.0375357743157034,0.0298429416589356,0.1467919194572629,0.1451417212083129,0.143085888986883,0.1541913251232241,0.1561437481951504,0.1651122682047623,0.0009480332169257
0.0191948870573606,0.0339753867031967,0.0270122436983828,0.1328682388837398,0.1313745671887467,0.1404190297199286,0.1395657873813521,0.1413330169133453,0.2333987332037791,0.000858109250168
0.0240873508889066,0.0299386338741556,0.0334034575734748,0.1717899701855998,0.1629823439926084,0.1655641268909992,0.1675358592058029,0.1636302529581861,0.0800453777690199,0.0010226266612463
0.0200480256709617,0.024918078506467,0.0278018690399166,0.1429816731685839,0.1356510407203869,0.1402872648287249,0.1387590710375144,0.1361902986750809,0.2325115409379158,0.0008511374144476
0.02103366387027,0.0264139570677557,0.0295998852525538,0.1568471939723361,0.148748523747086,0.1511224901063639,0.1521821855445324,0.149344280303191,0.1637675081935657,0.0009403119423452
0.0229875854864979,0.0288676808699009,0.032349565764211,0.1714175096642405,0.1625665136952009,0.1651610095929464,0.1671424509470583,0.1692588655849542,0.0792211562010915,0.0010276621938981
0.0240155789149725,0.0298494271008599,0.0333039268240233,0.171278095495885,0.1624967129824273,0.168050457164956,0.1670366602953285,0.1631426914033966,0.0798068702306324,0.0010195795875181
0.0218689633121303,0.0271813570877462,0.0303270787867773,0.1559685235918187,0.1479720587680263,0.1530293854392962,0.1513623876759097,0.1485602968629155,0.1628015032910191,0.0009284451843603
0.0209760217700233,0.0263415704416975,0.0295187676896061,0.156417359125962,0.14834088305404,0.1534488124639055,0.1517651350083529,0.1489350069578719,0.1633187084417648,0.0009377350467754
0.0220177027100633,0.0273662281596177,0.0305333451458831,0.1474645948610561,0.148978474784091,0.1513384241442704,0.1523918626487871,0.1550658274656054,0.1639087801763691,0.0009347599042564
0.0232703596391022,0.0289231796625616,0.0591279970887061,0.1659632230645443,0.1672685768390565,0.1628357404828589,0.1562123055938086,0.1580802659344291,0.0773304103354407,0.0009879413594915
0.0233933921881404,0.0290760991951929,0.0594406122916581,0.1566783395559798,0.168152941313936,0.1636966681409109,0.1619134682745495,0.1589160509576162,0.0777392633849548,0.000993164697061
0.0230837937874099,0.0289884987143585,0.0324849560930145,0.1615755872995958,0.1734984503736363,0.1688680905595662,0.167015229058248,0.1639007160669128,0.0795527148521238,0.0010319631951339
0.0020890897631305,0.0011048831951068,0.0348850209176452,0.1430607656885301,0.1558261153736587,0.1508685676917376,0.1488847803383513,0.1455501913905142,0.162497739749333,0.0552328458919923
0.0271023884402592,0.0321967349602772,0.0537696970494981,0.1417304857292955,0.1431854989616563,0.1480792326088518,0.1464661584345399,0.1490361470658299,0.1575352446570764,0.0008984120927153
0.0272155235453402,0.0264118963826213,0.0539941510801557,0.1423221196892138,0.152745319535536,0.1460608584381365,0.1478003228977294,0.1443547926855971,0.1581928533581513,0.0009021623875183
0.0276539572109959,0.0268373838632741,0.0548639801518841,0.1430265223371289,0.1387400935280638,0.1510928371286798,0.1494469348019195,0.1466803037420604,0.1607412912914806,0.0009166959445126
0.0235565943098761,0.0292789462659507,0.0598552949492756,0.1577713934081066,0.1693260468036326,0.1648386847987261,0.1638442635667836,0.152247077354596,0.0782816051122493,0.001000093430803
0.0241707057460096,0.0300422372367648,0.0614156996774789,0.1601063925266398,0.1553080890915326,0.1691359664906585,0.1622562663822821,0.1562161006391786,0.0803223767240509,0.0010261654854039
0.0011670358898255,0.0078446021064041,0.0435249647547294,0.1557637626727703,0.1712693257967148,0.1660329025295803,0.1639375217242273,0.1604153530486822,0.0650271210682455,0.0650174104088202
0.0250449550578463,0.0314513140336369,0.0656825300332713,0.1305161074767614,0.1882385942376443,0.1832148466460204,0.1812045690696267,0.1778254521613127,0.0157019941877634,0.0011196370961162
0.0233453122910918,0.0293169121838939,0.0612250719617618,0.1615977484545207,0.156717667623168,0.1597511429987703,0.1689073605335875,0.1576411543947409,0.0804539751537691,0.0010436544046955
0.0230906211173361,0.0289970724369714,0.0605571226429956,0.1598347598203584,0.1550079193783166,0.1689180354767177,0.167064625967698,0.1559213311538103,0.0795762435942284,0.0010322684115671
0.0253116978213699,0.0314603983353046,0.0643148631264519,0.1265408876832196,0.1626394968193376,0.1657629364227604,0.1751907012550775,0.1635903715746651,0.0841140407440963,0.0010746062177167
0.0238601033437679,0.029656183509062,0.0606264854916941,0.158048966870327,0.1533123233879448,0.1669625075089676,0.1651437318157381,0.1620865143600035,0.0792902048285996,0.0010129788838949
0.0266070859620336,0.0330704612868977,0.0676063337954827,0.1762449385546253,0.1414018950841299,0.1861846835163896,0.1786115173002231,0.1719625095782116,0.0171809730986948,0.0011296018233113
0.0012499152254326,0.0084017018634455,0.0466159752306212,0.1668256308419694,0.128271469866453,0.177824053744835,0.1694442728672068,0.1620870822056346,0.0696451492176465,0.069634748936755
0.0113898372403814,0.0183639545937809,0.0556288843976177,0.1728522144099073,0.1352558407043557,0.1835774074154152,0.1754058024453053,0.1682313838472422,0.0012188640272956,0.0780758109186983
0.0167499762814175,0.0394153546288738,0.0287376187963093,0.1407074890161735,0.150475191880466,0.1539582455340585,0.1938209214588293,0.1860754493599991,0.0013158804698453,0.0887438725740272
0.0258844616847926,0.0448128545468585,0.0358956251224125,0.1294043087078328,0.1663197725243006,0.1695138906474754,0.1737605907921429,0.1672921640780008,0.0860174090319399,0.0010989228642436
0.0406000474352929,0.0131869867966775,0.0014468111989183,0.1245577364599148,0.1352973303786742,0.1926558070431773,0.1829559805497141,0.1744398303139604,0.0674357542172086,0.0674237156064616
0.0111811583345057,0.0317908299009321,0.0220815444344085,0.1238959600241561,0.0716115561742714,0.16756819973656,0.1780656525453941,0.1651491325056045,0.0011965326097117,0.2274594337344557
0.001421366056759,0.0095541630381989,0.014369979978532,0.1353157471339127,0.145866463268065,0.1871941820766975,0.1926869383339972,0.1552062428031469,0.0791983720988888,0.0791865452118015
0.0011696135157246,0.0078619284369257,0.0118247672537699,0.1113486043835088,0.120030576302282,0.1540383241746803,0.1642996096475867,0.1516736801141614,0.0651707461211437,0.2125821500502164
0.0012944551217035,0.0087010909115051,0.0130869131801298,0.1232336744582453,0.0666703900150379,0.1362686803224476,0.1754823066343379,0.1678629473854532,0.072126907707192,0.2352726342639472
0.0325930736190961,0.0105863036776784,0.0011614770646372,0.05033904575963,0.1086145491954767,0.1423857211618718,0.1468741570466034,0.1400375268178437,0.1668858604795917,0.2005222851775705
0.0367349174692609,0.0119315838833991,0.0013090745785599,0.0567360020436341,0.1224170063641719,0.1604797318844461,0.1655385466411827,0.1578331350510895,0.0610158613630855,0.2260041407211699
0.0012658640019766,0.023069733881282,0.0127978575803527,0.1205117656938968,0.0651978159016534,0.1667145316602541,0.1716063625750871,0.1382261766504726,0.0705338134243458,0.2300760786306785
0.0099660763123603,0.0283360477821158,0.0196818925503409,0.0648381941865798,0.0638293647516994,0.1493581806229938,0.1534795955295119,0.1472019989549432,0.0010665026772597,0.3622421466321947
0.0011141623937593,0.0203050484763154,0.0415530313525036,0.0584383974894144,0.0573844856315003,0.1172890712987163,0.1510409928810879,0.1216611007316751,0.0620810152458135,0.3691326944992138
0.0010910001367051,0.0198829280072173,0.0406891878060365,0.0572235250506539,0.1119629462160007,0.1148507556328145,0.1129185288792167,0.1191318952007576,0.0607904166388604,0.3614588164317369
0.0594389310334875,0.0346961129593082,0.0240995205975972,0.0793912166888349,0.0781559540898151,0.1483685564329984,0.1460557633332908,0.1802416915318784,0.001305880680543,0.2482463726522463
0.0123602312170999,0.0351432290289971,0.0244100822718579,0.0804143021513293,0.079163121176699,0.1852385621787748,0.1479379303337723,0.182564400038342,0.0013227090854439,0.2514454325176833
0.0330472945491012,0.1239958776730854,0.0011776635464231,0.0510405766568912,0.0499265975967825,0.0396907995031438,0.1489210126757189,0.1178666276273574,0.0548908036698409,0.3794427465016552
0.0585533844850002,0.0341791954686533,0.0237404756599724,0.0782084124779148,0.0769915533480021,0.1461580983919671,0.185128467328599,0.1512060954249185,0.0012864251131348,0.2445478923018373
0.0203492993286414,0.0010201567881022,0.0204753763198664,0.0359360676702892,0.2103024010165005,0.1167831576325547,0.1207254725306973,0.1147206748915876,0.0392713455897978,0.3204160482319625
0.0167476007151935,0.0394097645442319,0.028733543082086,0.0844407338786945,0.0831961887814712,0.1539364103981842,0.1516062375949138,0.1860490592000857,0.0013156938450318,0.2545647679601069
0.0658851752661131,0.0384589602072249,0.0267131509735166,0.088001317237467,0.1606278996096705,0.1644593564285494,0.1618957373311157,0.1997891824492614,0.0014475054651594,0.0927217150319218
0.0131779427247439,0.0374681873803444,0.0260249715749497,0.085734243104969,0.084400288186783,0.1602225840197872,0.157725008417199,0.1657563391633074,0.0014102150892908,0.2680802203386251
0.0105487470108118,0.0299927263219022,0.0515209318289184,0.0686289855380543,0.0675611744806158,0.1282557937567698,0.1262565216607841,0.1326854823848108,0.0011288561893524,0.38342078082798
0.0088346990654939,0.0251192592765888,0.0431493833168808,0.0574775785007835,0.219071572007266,0.1074157281510071,0.1057413143746629,0.1111256442142582,0.0009454302687254,0.3211193908243328
0.0138916577203476,0.0326892770611194,0.0535018384065215,0.0700411833698433,0.069008868663864,0.1276858673858006,0.1257530554228949,0.131968303573159,0.00109133056554,0.3743686178309094
0.0015189802807663,0.0276826505797413,0.0153568576642164,0.0796713063761692,0.0782344679594319,0.0650320762327235,0.205919972760542,0.1658652400968225,0.0846374267310937,0.2760810213184929
0.0096572607129755,0.0274580077886655,0.0190720160799569,0.2399826519509126,0.0618515047678562,0.0528691092080664,0.1155864431237126,0.1214720852536994,0.0010334553020239,0.3510174658121306
0.0426879578832005,0.0249181165099229,0.0173078368400662,0.2177840332663024,0.0561301830045988,0.1065555954334846,0.1048945895453193,0.1102358042998458,0.0009378597246323,0.3185480234926269
0.0341698313390453,0.0199458554742865,0.0138541615714422,0.1743265326818361,0.1739529763066751,0.0852930640101339,0.0839635019072321,0.0882389092201599,0.0007507154288816,0.3255044520603068
0.049628015824683,0.0289692161864323,0.0201216840341728,0.0662870023008078,0.252648044271546,0.1238790290894334,0.1219479827103045,0.1281575533598526,0.0010903336576262,0.207271138565141
0.0087802857271902,0.0249645485453207,0.0173400879972713,0.0571235713183478,0.2177222996130399,0.1067541494926176,0.1050900485116043,0.0538788750604312,0.0009396073180314,0.4074065264161453
0.0102579734962562,0.0291659844885086,0.0202583570313586,0.2549103473996665,0.0656988679781376,0.0561577384255915,0.0605730656129961,0.1290280409840461,0.0010977395570861,0.3728518850263522
0.0109838001662122,0.0312296912630491,0.0216917839970469,0.2729471193466734,0.0703475435261736,0.0601313092569628,0.0648590531444467,0.0674004030428603,0.001175412661573,0.3992338835950016
0.0137929884512448,0.0324570925990451,0.0236643704751699,0.0695436968560434,0.0685187144454297,0.1267789438592256,0.1248598602178443,0.0658018304784232,0.0010835790940152,0.4734989235235581
0.0153980591934388,0.0362340789926432,0.0264181601137529,0.0776363994289632,0.0764921412512193,0.0659781234444239,0.1393896272236306,0.1462788524583914,0.0012096736750993,0.4149648842184372
0.0124162467417415,0.0200188454477762,0.0245207067044423,0.080778732981512,0.3078822121703296,0.1509615862158598,0.0733176127652447,0.0761903914864808,0.0013287034913792,0.2525849619952335
0.0092949118017914,0.026427759199421,0.0183564172713451,0.060471671845843,0.230483339046647,0.0508854137558891,0.0548862114571072,0.116914345834714,0.0009946791506311,0.4312852506366106
0.0009600316331862,0.0174960929931144,0.0097058989709526,0.050354158870194,0.2144438338371889,0.0411018175454521,0.0993632869967296,0.1048307732202125,0.0534928649451225,0.4082512409878469
0.0413292240581418,0.0253157069611351,0.0184576072715386,0.1991192649407025,0.1986987108384449,0.0460970137892496,0.0494964323391465,0.0513237546713305,0.0008451641418464,0.3693171209884637
0.0122208415938286,0.0177141926129133,0.0209670677255316,0.22619113366376,0.2257134018421559,0.0523642742986692,0.0562258711955229,0.0583016327247195,0.0009600710179054,0.3293415133249932
0.0137339349713614,0.0199074317057491,0.0235630535320905,0.0692459515691664,0.2536595503071053,0.0588476278428832,0.1243252835907642,0.0655201056668506,0.0010789398444097,0.370118120969619
0.0009449284898652,0.0063516367291035,0.0095532065198388,0.211540416939007,0.0969724696902933,0.0404552069342118,0.0442558975666328,0.1031815836126299,0.0849159894441788,0.4018286640742384
0.0182285997842677,0.0264224787763627,0.0312744652881646,0.0919078720313755,0.0905532711618805,0.0781065192487301,0.083866474798474,0.0869626794152177,0.0014320413381931,0.4912455981573336
0.0018795172125375,0.01263377143157,0.0190018782178156,0.0985816561119691,0.0968037775113789,0.0804677375961707,0.0880275302575017,0.0920912187247987,0.1689027958113079,0.3416101171249494
0.0137094797231164,0.0198719836578808,0.023521096123326,0.0691226491842987,0.0681038724612898,0.2054834819493512,0.0630748246879195,0.0654034376869552,0.0010770186367011,0.4706321558891609
0.0011452028142429,0.007697844159885,0.0346905977796992,0.2563756764696804,0.0589832099944972,0.0490295480861698,0.0536357819493652,0.0561118153891823,0.1029136396337944,0.3794166837234832
0.0528043087284179,0.0199237542216746,0.045375522272422,0.2544048522399774,0.0682812969164705,0.05889587823283,0.0632391474496278,0.065573826959682,0.001079824489554,0.3704215884893436
0.0008826119008522,0.0059327559991302,0.0267361676615181,0.0840257076811244,0.1971504617831276,0.0929135023296425,0.0413372887939693,0.0963769159487163,0.0793159097856872,0.3753286781162316
0.0160671893896764,0.0232894997788541,0.0275661741874151,0.0810101271522086,0.0798161446754864,0.0688452350805815,0.0739222183809514,0.0766512983188052,0.0012622406365217,0.5515698723994992
0.0231966061319954,0.0336236376057403,0.0397979801994682,0.116956361606098,0.1152325790222676,0.0993936004298913,0.1067233691343711,0.1106634105993581,0.0018223286088858,0.3525901266619237
0.0142697462474373,0.0206840937773181,0.0244823348456835,0.2641135682858355,0.2635557415751072,0.0611434900727748,0.0656525091452272,0.0680762857783182,0.0011210332528938,0.2169011970194038
0.0013839052136359,0.0092311868411714,0.0048400453116012,0.0634353424406004,0.0621262746394885,0.0500979033864803,0.0556642458537022,0.0586563757575788,0.115213422050387,0.5793512985053539
0.0271852509297121,0.0351551284030415,0.0306953853200456,0.0902061000869017,0.0888765810923834,0.076660294021226,0.0823135978714004,0.0853524729685428,0.0014055255706228,0.4821496637361232
0.0208061053921433,0.0269058140577464,0.0234925704262417,0.0690388192580931,0.1230112024141708,0.0586715995714816,0.0629983293862865,0.2449888438094175,0.0010757124600152,0.3690110032244035
0.0253629290838053,0.032798557972621,0.0286377669672898,0.0841592717075191,0.1499523502616865,0.0715214880977597,0.0767958313440994,0.0796310000825688,0.0013113083070431,0.449829496175607
0.0013840352413781,0.0092320541768613,0.0048405000682985,0.1226097427222678,0.1328833544227899,0.0501026104409844,0.0556694759056895,0.0586618869414616,0.1152242471712112,0.4493920929090573
0.0010819905771973,0.0447388137617927,0.0037841344687196,0.0958520291477386,0.1038835811786536,0.0391684769068097,0.043520458559631,0.2265731134878187,0.0900783057949874,0.3513190961166508
0.0187304017999912,0.0660911175285448,0.0216617985294993,0.0713606120902185,0.0702502991508955,0.2199733489308574,0.0647693957408188,0.0673072326241242,0.0011737878390953,0.3986820057659546
0.0013830147449798,0.0571857467241,0.0048369310024697,0.1225193383762617,0.1327853749924041,0.0500656680771107,0.0556284289020011,0.0586186335310337,0.0679161228612016,0.4490607407884371
0.0187199191355392,0.0577714465162143,0.021137017734769,0.103492801955172,0.1360053115520789,0.0527887165247956,0.0566816138608371,0.2204243061728097,0.0009678529395598,0.332011013608224
0.0174210281914146,0.0537629458295619,0.0196704151964402,0.0963119021730546,0.1029977299800811,0.0491259450486174,0.211529092604483,0.0546961233367466,0.0009006979796832,0.3935841196599171
0.001071249799485,0.0442946974599929,0.0037465698650913,0.094900518700194,0.1028523425737047,0.0387796566040721,0.2319346799073655,0.0454045769534576,0.0891841103374355,0.3478315977992008
0.014906009367291,0.0525965661332307,0.0172388705400457,0.0967245031992853,0.1036584403403325,0.047787487457249,0.0515447148403873,0.2095808699805376,0.0009341226478535,0.4050284154937871
0.0371579508213258,0.0369598473632312,0.0009513171881854,0.0819000542049863,0.0889616254014813,0.1616764331153692,0.2035924484417293,0.0379454694277162,0.0443408180231417,0.3065140360128331
0.039419211625242,0.0392821681714359,0.0322629420895635,0.0955551690624196,0.0752558121197478,0.1255582575581575,0.1545548009066051,0.1498793121221604,0.000658099532376,0.287574226812292
0.0551551662308509,0.0549519323118274,0.0180108572991124,0.1384041672683566,0.1083004465101888,0.1828984140816454,0.0538529772792875,0.0559630799049486,0.0009759542930191,0.3314870048207631
0.0178965545935077,0.0552304654222834,0.0202073411266014,0.1343499278805084,0.130023343881752,0.0504668925312638,0.2173030152018752,0.0561891150507247,0.0009252835359974,0.3174080607754858
0.01601491537242,0.0494235482643186,0.0180827463941882,0.1202244104615316,0.1163527224095259,0.1579733220255829,0.0484911949982817,0.1885732830266454,0.0008279994591735,0.284035857588332
0.016242234289227,0.0501250760086081,0.0183394165187335,0.1219308998262482,0.0960283884058837,0.160215627002673,0.1972159761938033,0.0509951100581828,0.0008397522493568,0.2880675194472832
0.0010665388421853,0.0440999058918322,0.0037300938473941,0.1352978755969311,0.1024000363102512,0.038609118129812,0.2309147176409833,0.0452049045490027,0.0523748451020028,0.346301964089605
0.0123612916196684,0.0436174079960478,0.0142958923940314,0.1111988159482285,0.1201488092840114,0.1451733253629773,0.0427451262034513,0.1738017324353844,0.000774651496194,0.335882947260005
0.0131086117522963,0.0462543627845446,0.0151601716723345,0.1164981156148623,0.1126568926393053,0.042025172818515,0.1901454329912975,0.1843091727361939,0.0008214841959383,0.2790205827947121
0.0612088735364492,0.060996076905386,0.050096850262965,0.150145575785449,0.1619518912358391,0.1949627907680661,0.0598454130312742,0.0620548017597692,0.0010218756132049,0.1977158511015972
0.0476295644090134,0.1273025369521978,0.0389827653807042,0.1154576890766202,0.1260225452472266,0.0433702561546608,0.0465685903018571,0.1810966291809302,0.0007951704961236,0.2727742528006657
0.0381068585017106,0.1018506010445094,0.0311888370763005,0.093476254022333,0.1008265214966505,0.1213781442403638,0.1494093282458411,0.1448894968694805,0.000636189936996,0.2182377685658142
0.0563231949668188,0.1561808415213013,0.0183922757649136,0.1430620230819288,0.1366750114064704,0.1867716795979919,0.0549934293761293,0.0571482179427646,0.0009966222147595,0.1894567041269216
