0.0646515475502841,0.0319856566979427,0.2027035057803359,0.0955437600783358,0.0986303787251674,0.122800880678176,0.0769194603943716,0.0938221597590198,0.2119386433465607,0.0010040069898055
0.0646515475502841,0.0319856566979427,0.2027035057803359,0.0955437600783358,0.0986303787251674,0.122800880678176,0.0769194603943716,0.0938221597590198,0.2119386433465607,0.0010040069898055
0.0444872128495706,0.0087470180164684,0.1955317353007217,0.0782868021388683,0.0816639135212552,0.1081091879795357,0.0579097029088544,0.0764031758476027,0.347762753753663,0.0010984976834597
0.0697666608667847,0.0204933370718785,0.0747935337212469,0.1163645631715566,0.1210204276236913,0.1020727781496007,0.0882716159156712,0.1137676962940384,0.2919349401519372,0.001514447033594
0.053147228644697,0.015611526444295,0.0569766273523986,0.0886448336237255,0.0921916035207226,0.1199654293576915,0.1333847474357874,0.2165325238366441,0.2223917960364612,0.0011536837475767
0.064964554699162,0.0321405136130107,0.0683132689404932,0.0960063302884601,0.0991078926410331,0.1233954148385668,0.0772918620135678,0.0942763949295685,0.3434949001980268,0.0010088678381106
0.0661040656744799,0.0194174822595483,0.070867038836448,0.1102556813025993,0.1146671231817378,0.1492119687734514,0.0836375515638306,0.1077951441852056,0.2766090023045184,0.0014349419181803
0.0583360877770888,0.0171357077351503,0.0625393575400219,0.0972993875151956,0.1011924349103772,0.0853491692422578,0.0738091900960341,0.0951279914324508,0.4079443537930379,0.0012663199583851
0.063067112832532,0.031201774689505,0.0663180200369288,0.0932022407138541,0.096213214678852,0.0839596622288372,0.2667911412260861,0.0915228321659555,0.2067445999357605,0.0009794014916884
0.0686638434731099,0.0339706968836899,0.0722032441750422,0.1014732366885529,0.1047514118855563,0.0914104490662888,0.0816931069507244,0.219676070882277,0.2250916240068804,0.0010663159878778
0.0396448533731052,0.0011821749529215,0.2021950834795197,0.0760191020205826,0.0796534624289814,0.0648629572953364,0.0540897919404291,0.2070650879541265,0.2130690598844951,0.062218426670502
0.0701841756597742,0.0347228648554102,0.0738019446052605,0.1037200236439471,0.1677428097680274,0.1333097026639418,0.083501928794122,0.1018510954619447,0.230075528542609,0.0010899260049629
0.0697666608667847,0.0204933370718785,0.0747935337212469,0.1163645631715566,0.1210204276236913,0.1020727781496007,0.0882716159156712,0.1137676962940384,0.2919349401519372,0.001514447033594
0.0671168780244518,0.0332053523925024,0.2104331139483726,0.0991870903969873,0.1023914097841801,0.089351012844848,0.0798525980678246,0.097399841011371,0.2200204111602336,0.0010422923692284
0.0645696633594149,0.0189667652056457,0.069222078767155,0.1821875666744713,0.1120054790381187,0.094469261412191,0.0816961633687706,0.1052930118715135,0.27018837614222,0.0014016341604989
0.0500517761962014,0.024762577095139,0.05263178457967,0.1152770731664581,0.1196256206488914,0.2681424095608301,0.2117327065095829,0.0726350090668801,0.0843637635124052,0.0007772796639412
0.0575306765237427,0.0168991253318758,0.2292469549291656,0.1623266007545092,0.1693133079624622,0.0841708046314165,0.072790151031727,0.0938146165091843,0.1126589256850398,0.0012488366408764
0.0504399778870383,0.0148162955757756,0.200992097364367,0.1423197265750299,0.1484453169272817,0.0737966904072602,0.0638187108215086,0.2055026384754816,0.0987736293694679,0.0010949165967887
0.0509989738438328,0.0149804956739611,0.2032195719684586,0.143896970560063,0.1500904471482597,0.0746145347698184,0.0645259752338157,0.0831634436203192,0.2134025362821653,0.0011070508993057
0.0320012305441557,0.0009542487862404,0.1632113863665455,0.112076862718094,0.117415476796816,0.0523572235379214,0.2304932774445829,0.1671424422964606,0.0741252867480252,0.0502225647611577
0.0323098783035169,0.0009634523932499,0.1647855392302849,0.1131578296673631,0.1185479339933497,0.0528622022358204,0.2327163555081883,0.0603022094629998,0.1736476442559631,0.0507069549492636
0.0415358045088112,0.0122007737187831,0.1655109461514571,0.1171960137255919,0.1222402531172507,0.0607693546777088,0.2290828695601587,0.1692252410752135,0.0813371125836725,0.0009016308813521
0.0420814843824553,0.0012548331646105,0.2146222907567838,0.1473806059300864,0.1544008611252018,0.0688495300697784,0.1293538411584004,0.0785396485219369,0.0974744421883398,0.0660424627024063
0.0313085238919647,0.0009335928779884,0.159678471815231,0.1312970693592345,0.1148738719752419,0.051223885962514,0.2255039622258806,0.1635244351238162,0.0725207522237958,0.0491354345443324
0.0358523575650424,0.0010690860353977,0.1828527491974309,0.1255645388821183,0.1315456182842998,0.0586580536896643,0.2582315510611164,0.0669137888827709,0.0830457529261117,0.0562665034760472
0.0069898306279599,0.0122199653228094,0.1657712919798261,0.1173803610088648,0.1224325349010109,0.0939032702482879,0.2294432129140431,0.1694914294246436,0.0814650544415685,0.0009030491309854
0.0014174099942335,0.0096265371981743,0.0604474901350425,0.2075484567030574,0.1826142432378696,0.0859788377689892,0.1543221184933585,0.0969244129472313,0.1183124082109992,0.082808085311044
0.0504399778870383,0.0148162955757756,0.200992097364367,0.1423197265750299,0.1484453169272817,0.0737966904072602,0.0638187108215086,0.2055026384754816,0.0987736293694679,0.0010949165967887
0.0383113812878582,0.0011424119782735,0.1953941628894834,0.1606646197552285,0.140568003922587,0.0626812631897763,0.052270457991314,0.2001003626209928,0.0887416538484971,0.0601256825159887
0.040685271551354,0.0119509372156259,0.162121761418274,0.1352732821011617,0.1197371268329848,0.0595249743275983,0.2243919159875982,0.1657599983413795,0.0796715641313211,0.0008831680927021
0.0014829868088101,0.0488263346734557,0.0632441078168203,0.2171507360126659,0.1910629351594462,0.0899566693948564,0.0764422043226815,0.1014086442434953,0.1237861602565748,0.0866392213111934
0.0085720937248032,0.0011579468213922,0.1677909316837187,0.1325891263407015,0.1442491424946952,0.0332733642145235,0.2494351035542581,0.1725611276581814,0.0596881314801037,0.0306830320276219
0.0291046029896456,0.0008678738787422,0.1484381232475912,0.1220545909666864,0.1307936999299086,0.2726143365851105,0.039709111934481,0.0543199776035065,0.1564210703203702,0.0456766125439576
0.042964473574274,0.0126204325695714,0.1712038747358043,0.1479874317951897,0.1522426451063658,0.0628595825710379,0.0543603988244321,0.1750459268637447,0.1797825905057282,0.0009326434538515
0.0477799200969464,0.0140349272223851,0.1903923584917932,0.1588620737577478,0.1693059593981733,0.0699048675036011,0.0604530975523164,0.1946650267781611,0.0935645953201602,0.0010371738787147
0.0340039140643383,0.0010139670622524,0.1734253921477116,0.1426005990827537,0.1528108022691712,0.0556338146864159,0.2449178817614143,0.0634639081338285,0.0787641549313673,0.0533655658607465
0.0007955902181034,0.0261942682303513,0.0339290904226664,0.1164966541841672,0.1144410054223199,0.254516548304905,0.1967779890248028,0.1439602066191296,0.0664085868138848,0.0464800607596693
0.0008933147216889,0.0294117812180042,0.0380966925917427,0.1308062540767632,0.1398015411599557,0.0541876816483672,0.2209487629438813,0.1616432291196605,0.0745657335868482,0.1496450089330877
0.0222404253078562,0.0018580699966835,0.0199224462524442,0.2127557785805186,0.2314657277563647,0.0533912599383424,0.036458660185831,0.2768958366413082,0.0957770462446102,0.0492347490960408
0.0553059063059263,0.043324170706719,0.0307617735702784,0.1733151875344009,0.1644778635960441,0.0736178755822406,0.2775180726987154,0.0820525928938422,0.0985342935787328,0.0010922635331
0.0317155053675208,0.0168925639632283,0.0013512698736449,0.17770809937269,0.1838733080916055,0.0543697565260899,0.0420556284421667,0.2169120728325485,0.2237748357185893,0.0513469598119158
0.030421648077951,0.0162034194337601,0.0012961438286416,0.1704583671951788,0.1599714814416114,0.3881769650179465,0.040339938252249,0.0621608316238358,0.0817189821807883,0.0492522229480369
0.0382579585161675,0.0299695717212649,0.0212795112808655,0.1198910875492223,0.1137778530827733,0.2468081597357217,0.0440397353721931,0.1418123572263935,0.2434081902843023,0.0007555752310958
0.0014392020938893,0.0473847526367156,0.0613768456033421,0.2186651606479813,0.2070208140859722,0.0873007272777206,0.0741852724981367,0.0984145862031102,0.1201314131571591,0.0840812257959725
0.0009072193700214,0.0298695823319228,0.0386896763412083,0.1378383690038974,0.1304982068424119,0.0550311253295034,0.2243878810661364,0.0620368878527856,0.1687667840761135,0.1519742677859988
0.0120709236126681,0.0618568859119535,0.0770185240835377,0.2474539640861864,0.2348363114062902,0.1051092832635527,0.0908975580914774,0.1171521068867733,0.0520449431991601,0.0015594994584
0.0099939698148139,0.0174719490463353,0.0637665210692402,0.2048764060637402,0.1944297787746446,0.087023912825547,0.0752574932089823,0.0969946176065203,0.2488941835724185,0.0012911680177572
0.0080334686206056,0.0140445045367758,0.051257543853655,0.1472579941198982,0.1562887977090097,0.069952569987762,0.263700932005825,0.1947978645287811,0.0936284430003815,0.0010378816373056
0.0012385499453385,0.0407784167611125,0.0528197458090397,0.1881790777806004,0.1781581746293933,0.0751293452510439,0.0638424343513763,0.2241127429446042,0.1033828090099234,0.0723587035175675
0.0081511765809594,0.0417703247900139,0.0520085794554231,0.1670991401857658,0.1585787718750002,0.0709775287849682,0.2675647298639754,0.1976520811066806,0.0351445784742721,0.0010530888829408
0.0011114838222373,0.036594850855239,0.0474008280266718,0.1502092250182879,0.1598804550798947,0.067421626504528,0.0572926697230671,0.2011204223759216,0.0927764924979052,0.1861919460962472
0.0012997745480642,0.042794195273217,0.0554307571496816,0.1756553929594973,0.1593583346065617,0.0788431755518307,0.0669983245881123,0.2351911929531721,0.108493278259969,0.0759355741098938
0.001144391054737,0.0376782991621712,0.0488042043397994,0.154656406157936,0.1646139682468996,0.069417750149789,0.2830489431430671,0.07825500851109,0.0955232869613555,0.0668577422731547
0.0026396084288409,0.0414535075190822,0.0532737529629081,0.1861478336103084,0.1504876538587307,0.0751737392607932,0.3021371274366579,0.0845625090924043,0.1029084581559375,0.0012158096743365
0.0012566770968461,0.0413752409276702,0.0535928042863941,0.1698310753956941,0.1540743889698829,0.0762289222436022,0.3108213076832517,0.0859332799765543,0.0334685734284815,0.0734177299916224
0.0035609637788756,0.1266810772789559,0.0015843970878372,0.1481356302590445,0.1282698682827387,0.440878543658919,0.0156850118368379,0.0423587182172335,0.066266463716738,0.0265793258828192
0.035146992703453,0.1606185995227645,0.0331326752076365,0.1824829168911855,0.1622377351333289,0.0622169832881261,0.0475026001484225,0.2564418526615927,0.0016146577744232,0.0586049866690666
0.0538226042095,0.1364236602489548,0.0524965292785174,0.1508174800939032,0.1374895771897994,0.1105324931876797,0.0619566055890563,0.1995064731900654,0.0958916079417458,0.0010629690707774
0.0439114527747365,0.2307685388357761,0.040911654595599,0.1206468565050625,0.2331798171305014,0.0842251116859197,0.0623118930194035,0.1027940766935213,0.002404609730941,0.0788459890285385
0.0466082465148241,0.2009197115000828,0.0019857895577913,0.1099783483154794,0.2029110081321232,0.0799003195993234,0.0618038109452827,0.0952350561832333,0.1251996097207904,0.075458099531069
0.0462462261783918,0.1993591073797368,0.0019703653301588,0.1091241132469111,0.0992975577209259,0.0792797096698511,0.0613237620675783,0.3162921310820655,0.0122350336570041,0.0748719936673762
0.0320285445965215,0.1380692564362807,0.0013646072136783,0.1565476025451067,0.1394376480354781,0.0549063983505432,0.1207036865468529,0.2190530441730203,0.0860354461550923,0.0518537659474255
0.0422264187914838,0.1820304455900987,0.0017990975367928,0.0996388437931912,0.1838345324590579,0.0723885708916625,0.0559933874160047,0.0862816275386942,0.0111715419358899,0.264635534047124
0.0525381662358376,0.2264825217033316,0.0022384395401669,0.123970781529053,0.2287271689771939,0.0900659558619236,0.0696670468480034,0.1073517153588399,0.0138996472856653,0.0850585566599843
0.0543887931157598,0.2344602390948238,0.0023172872936937,0.1283375814587036,0.1167808655986523,0.1780171363748977,0.0721210287582774,0.1111331181804959,0.0143892544176087,0.0880546957070867
0.0290677326270736,0.125305732141964,0.0012384589474129,0.1420758861045707,0.1265476256352738,0.0498306909313176,0.2810221716003266,0.0593943638059434,0.0033480904351923,0.1821692477709246
0.245968329631573,0.2053714698528208,0.0020297885023681,0.1124151277985793,0.1022922185496033,0.0816706631485305,0.0631731919261358,0.0973451699877566,0.0126040233569638,0.0771300172456683
0.0548343012028321,0.2363807437912848,0.0023362685979343,0.1293888169640304,0.1177374380294613,0.1794753057761507,0.0727117846791047,0.1120434289275206,0.0063159449597614,0.0887759670719193
0.0465679306482071,0.2007459170989786,0.0019840718611833,0.1098832176733079,0.0999883052867346,0.0798312062799326,0.0617503510023582,0.3184923666633213,0.0053638047793498,0.075392828706626
0.1733252680783917,0.1447180826946768,0.0014303208744083,0.0792150037809354,0.0720817441375492,0.1098791793543844,0.1265162610570105,0.229601704096827,0.0088816138666482,0.0543508220591681
0.0382817902804179,0.1650258663217866,0.0016310328123636,0.0903309688825314,0.0821967238011368,0.0656263109419233,0.050762702012087,0.261820910158666,0.0044093874649351,0.2399143073241521
0.0465647700274586,0.2007322922352166,0.0019839371998702,0.1098757597688475,0.0999815189617273,0.0798257880411697,0.0617461599327125,0.0951462202791495,0.0123193085273369,0.2918242450265108
0.0724373595204009,0.183606309462044,0.0706526564586041,0.2309147186514573,0.1109557439588336,0.0964216098581045,0.0833845366576671,0.1074690492938445,0.0427274151142537,0.0014306010247898
0.0708796516907187,0.1796580017418054,0.03942406772957,0.2259490812012,0.1085697288934415,0.1455616043243525,0.0815914184865181,0.1051580128253439,0.0418085960199876,0.0013998370870618
0.0845427375141849,0.2142896998119605,0.0470236313285795,0.1378250921980787,0.1294981263716672,0.1125351187136114,0.0973193534671244,0.1254287523110174,0.049867812197746,0.0016696760860295
0.0543887931157598,0.2344602390948238,0.0023172872936937,0.1283375814587036,0.1167808655986523,0.1780171363748977,0.0721210287582774,0.1111331181804959,0.0143892544176087,0.0880546957070867
0.1382838379653987,0.3388074084266144,0.0011411507521555,0.1531968159336817,0.0575088695208131,0.0459153939300824,0.0355160822905773,0.1831827822792984,0.0030850242766507,0.0433626346247273
0.1160826085695677,0.2844124689589349,0.0009579409859486,0.0530533394160407,0.3022387372429702,0.0735903189901398,0.0847328134713967,0.045941204222319,0.002589729000895,0.0364008391417869
0.0327416510525561,0.1496264042416341,0.0308651866530685,0.0807419646342069,0.0732404761353838,0.0579590627724577,0.0442516823920458,0.0695745114431126,0.001504156041614,0.4594949046339203
0.034014993600922,0.1787595234450802,0.0316912691641362,0.2403561603602555,0.084166816109133,0.1333895852979122,0.1550556911573508,0.079627059457128,0.0018626754398281,0.0610762259682535
0.037298835456758,0.1704523276128243,0.0351611931990537,0.2271163502128871,0.0834345361436812,0.0660261616650831,0.0504109037621905,0.0792583199343086,0.0017135137323219,0.2491278582808912
0.0474773852653334,0.1203404921050503,0.0463076430851911,0.0773996110596772,0.3213078933692782,0.097501669428382,0.0546524583209361,0.0704380928736913,0.1636371002700448,0.0009376542224154
0.0032927146895751,0.1171381316828005,0.0014650437042324,0.1655855225620176,0.431140904708939,0.0814534703496065,0.0984944380382842,0.0391678158965988,0.0376848657020391,0.0245770926659064
0.0503617481245047,0.2301486651084507,0.047475454232364,0.1241936907658826,0.1126552355508361,0.1737947475406231,0.0680659652482553,0.107016412078888,0.0023136257724487,0.0839744555777465
0.0026701855237878,0.3275197724380463,0.0011880587477389,0.1342794948781321,0.3496282888133177,0.0225881765834223,0.0798728245286829,0.0317626471970405,0.030560067406405,0.0199304838834259
0.0490961661647433,0.1244436011738531,0.0478865406530344,0.1565080156407962,0.3322631529672742,0.1305177462732298,0.056515879297919,0.0728397381769772,0.0289595353299503,0.0009696243222222
0.0771008298410979,0.1954267648256577,0.0752012287513352,0.1256929843277758,0.1180990029385751,0.1583376923941446,0.0887527791568788,0.1143878371278241,0.045478178443904,0.0015227021928064
0.0042683498314451,0.1518462945505298,0.0018991378353608,0.2146487029547473,0.0554019083683159,0.1055882271057705,0.1276784530800761,0.050773284703235,0.0488509346639102,0.2390447069066091
0.064156206303681,0.1626161465091347,0.0356844110016949,0.2045161837268105,0.0982711082669504,0.1705535097811767,0.0738518848804737,0.0951830180366324,0.0939004790347093,0.0012670524587361
0.0561019995415707,0.1422012226490397,0.0547197651390788,0.1788411052763105,0.0859340972383177,0.1152135607932798,0.1281013354419681,0.1556667686558388,0.0821121592948097,0.0011079859697857
0.0540056235047644,0.1368875575746762,0.052675039366119,0.1721583094658082,0.0827229784962575,0.1109083497502548,0.1233145440245885,0.0801234756899682,0.1861375385187474,0.0010665836088154
0.0592701505877971,0.1502315059899465,0.057809859656052,0.0966246682985222,0.0907869046658028,0.1575643696910376,0.1353353802749468,0.1644574684528086,0.0867491370407633,0.0011705553423226
0.0382948711665247,0.1750041213360371,0.0361001448739623,0.2331813115531995,0.0856625890147492,0.1321528285720583,0.1526161724326255,0.0813748502759115,0.00175927175253,0.0638538390224015
0.0008423365671802,0.1024296627552788,0.0359226557891935,0.1302848105601834,0.2829676338422855,0.1077064224386969,0.0917103477896479,0.0576001140178787,0.1413249350426485,0.0492110811970062
0.0106508807461417,0.0545799423736296,0.0679579410474195,0.2221075558042398,0.106723855616737,0.143086805148974,0.1590924774610159,0.1933267268320346,0.0410977775357159,0.0013760374340915
0.0015195014632946,0.050028554902089,0.0648013278348238,0.235022398414878,0.107608930633015,0.1477630381122359,0.1654374428170893,0.103905565715958,0.0351407555646281,0.0887724845419879
0.0013814131749071,0.0454820916812176,0.0589123539429885,0.1047190630335764,0.097829714616926,0.1343347226332805,0.1504029240188761,0.0944629017434333,0.2317697400509843,0.0807050751038099
0.0100396705141894,0.0514478240039616,0.0640581143663588,0.2093617168509061,0.1005994125682138,0.1348756420114926,0.1499628146313902,0.1822325012589611,0.0961252314882311,0.0012970723062948
0.0012525855022083,0.0412405279498157,0.0534183123415711,0.1937383122424908,0.0887063222214986,0.1601634174485038,0.1363766652424199,0.1675395706828753,0.0843855959768301,0.073178690391786
0.012029053258981,0.0616423232343799,0.0767513703058054,0.1282839249459953,0.1205334069375036,0.2091906355958716,0.2268538223440778,0.1167457419466953,0.0464156314004324,0.0015540900302573
0.0123502538490333,0.0632883006998384,0.078800790563476,0.1317093709474191,0.1237518980852126,0.165916641839892,0.184476056858201,0.1198630946087917,0.1182480051012515,0.001595587446884
0.0261479553597647,0.058172205973173,0.0679247562522624,0.1802997014945212,0.0961850768107372,0.153411325164326,0.1648125151954703,0.1593185003096816,0.0927248332567588,0.0010031301833045
0.0111836902060513,0.0573102996380769,0.0713575316286172,0.1192685445915044,0.1120627079826525,0.1502447111652657,0.1670510659582524,0.2029978809238479,0.1070786943087394,0.0014448735969919
0.009656140818894,0.0494824439413431,0.0616110032734799,0.2013638014455304,0.0967563719032194,0.1679246231451807,0.1442340217870516,0.1752709604811066,0.0924531109051136,0.0012475222990803
0.0102781362157542,0.0526698303863173,0.0655796446956363,0.1096112575528012,0.1029888843602593,0.1787414022886042,0.1938335824871435,0.1865609502054887,0.0984084309948806,0.0013278808131142
0.0102781362157542,0.0526698303863173,0.0655796446956363,0.1096112575528012,0.1029888843602593,0.1787414022886042,0.1938335824871435,0.1865609502054887,0.0984084309948806,0.0013278808131142
0.0673331706111106,0.0606380339152296,0.0708039793988189,0.1054770556441781,0.1002622103153211,0.159914188961387,0.1717986574324869,0.1660717599321778,0.0966552925017201,0.0010456512875696
0.0590482685580403,0.0531769242256238,0.1851354143945923,0.0924988003960275,0.0879256073520602,0.1402378038986189,0.1506599669956775,0.1456377264189532,0.0847624969594963,0.0009169908009096
0.0563819156132369,0.0165616870159021,0.0604443820916017,0.1010280669224688,0.1583051803897787,0.1647449245213733,0.1786553003818957,0.1719521569524939,0.0907024859877806,0.0012239001234681
0.0667406979258076,0.033019241341062,0.0701809666485826,0.1862885939603932,0.0993799910400248,0.1585070847348652,0.1702869803352007,0.1646104744963813,0.0499495190418464,0.0010364504758357
0.0689749325510102,0.034124604853804,0.0725303688962301,0.1080488670399229,0.1581773129127679,0.1918579799774969,0.1434721088273687,0.1701210315211174,0.051621646370805,0.0010711470494765
0.0096168286202314,0.0492809904100601,0.0613601718030285,0.1025587379468285,0.1607036540022118,0.1672409663645643,0.1813620976113498,0.1745573952020322,0.0920767146686622,0.0012424433710306
0.0106493997117632,0.0545723528819282,0.0679484913080612,0.1135705997746546,0.1067090153699115,0.185197841131427,0.2008351761581655,0.2180492147955375,0.0410920627762642,0.0013758460922866
0.0106936224066215,0.0547989700222854,0.0682306541978515,0.1140422130218473,0.1071521352032416,0.1859668936450385,0.217524833822094,0.1941025411066354,0.046106577143923,0.0013815594304613
0.0012838990894914,0.0422715065690664,0.0547537253597465,0.0973269345648483,0.1574119304066621,0.1641673685903625,0.1787596695137423,0.1948233038525666,0.0341935657610442,0.0750080962924694
0.0109196542821844,0.0559572598423354,0.0696728505044715,0.1164527315835183,0.1094170176882967,0.1898976894188964,0.2059318600771791,0.1982053006533607,0.0421348743970031,0.0014107615527539
0.0011980229672244,0.039444093498796,0.0510914144725015,0.1619043821066649,0.1468831230474756,0.153186710427496,0.1668029765296737,0.1817921630105437,0.0277060820729733,0.0699910318666507
0.0012772656003818,0.0420531034400619,0.0544708306650972,0.1726134669146018,0.0904541316422407,0.1633191691792063,0.1778360764286976,0.1938167151923099,0.029538687088072,0.0746205538493303
0.0093996010423083,0.0481678178032496,0.0599741513145609,0.1722999690902227,0.1570736355313756,0.1634632812786016,0.1772654405171076,0.1706144446030638,0.0405272801021038,0.0012143787174058
0.027388116293529,0.060931232301856,0.0711463323938959,0.1059870606780518,0.1551589472509909,0.1881969142529745,0.1726293421683113,0.1668747538442889,0.0506365935718871,0.0010507072442142
0.030574635344191,0.0680203847805919,0.0545299504039074,0.1183183135599479,0.1124685891718517,0.1793828718166585,0.1927142096935944,0.1862900935668313,0.0565279980170907,0.0011729536453348
0.0538735820378431,0.1365528732819592,0.0525462511211795,0.087826957462321,0.1376197998010588,0.1710749791072668,0.1553108155489142,0.1686228579450891,0.0355079078373969,0.001063975856971
0.0011615880064529,0.0382444971316028,0.0495375931076412,0.1569804532904596,0.1424160293667671,0.1789404812903785,0.1617300688536963,0.1762633956086943,0.0268634688334293,0.0678624245108776
0.0089572744537847,0.0459011357994457,0.057151886664055,0.1641918741628579,0.1496820616721382,0.1860695598330368,0.1689236803494013,0.1834025122747987,0.0345627823277758,0.0011572324627054
0.0094771823316471,0.0485653795075169,0.0344832268776279,0.1737220777196092,0.1583700708918562,0.1648124547237368,0.178728532553528,0.19404776060825,0.0365689129767546,0.001224401809473
0.0093433398824375,0.0478795101095659,0.0339962340795112,0.1712686704145576,0.1561334738287313,0.1940893011892732,0.1762044210926017,0.1695932346069299,0.0402847047231394,0.0012071100732521
0.0090251158784861,0.0462487860209628,0.0328383592869667,0.1654354456002494,0.1755810069656756,0.1874788304876057,0.1835848281380518,0.1638170733157062,0.0348245570904962,0.0011659972157992
0.0094366719607502,0.0483577859984179,0.0343358277602901,0.1729794998567881,0.1576931154333363,0.164107961190148,0.1779645545176276,0.1932183002814499,0.0406871149172811,0.0012191680839106
0.0649213802404233,0.0545942237554097,0.0437665903144338,0.1508260205935658,0.1390220083176684,0.1686239397868141,0.1654799063495796,0.1664542451654687,0.0453702545515584,0.0009414309250776
0.0278102091044967,0.1198847759324154,0.0011848809378001,0.135929422221074,0.1462392944079767,0.1583298072337567,0.1543727401900138,0.155599038858512,0.055625491356407,0.0450243397575472
0.0492793753171871,0.1249079797288224,0.0274097485503033,0.1544295129607379,0.1465551676647965,0.1564861251825621,0.1532358524048376,0.1542431148887731,0.0324798806921365,0.000973242609843
0.0508033503017149,0.1287707851164599,0.0282574007547803,0.1592052779356422,0.1297769079626804,0.1517107911527573,0.157974703177492,0.1590131154643316,0.0334843277931127,0.0010033403410283
0.0492793753171871,0.1249079797288224,0.0274097485503033,0.1544295129607379,0.1465551676647965,0.1564861251825621,0.1532358524048376,0.1542431148887731,0.0324798806921365,0.000973242609843
0.0494481060431233,0.1253356599491827,0.0275035984974841,0.1549582737995295,0.147056967041729,0.1570219277841789,0.1537605261948218,0.1547712375075833,0.0291671282264662,0.0009765749559008
0.0574873274019912,0.1222668594263867,0.0387549417057537,0.1429626491793981,0.1513569276392321,0.14931505766574,0.146531042925145,0.1473938116201737,0.0430977533972421,0.0008336290389372
0.0580023986453634,0.1233623381371569,0.0391021757295519,0.148875510577056,0.1420703244165529,0.1506528810762507,0.147843922300182,0.1487144211744445,0.040534929808879,0.0008410981345622
0.0493086281155573,0.1249821265280121,0.0302467123091371,0.1545211840782383,0.1466421644812581,0.1565790171284976,0.1533268149518389,0.1543346753582553,0.0290848567114655,0.0009738203377393
0.0583251304014247,0.1240487398196505,0.0393197445565961,0.145046143780772,0.1535627579272618,0.143386300435358,0.1486665422224833,0.1430730156809147,0.0437258470780035,0.0008457780975349
0.1334692786426367,0.1154740638738254,0.0279456822042126,0.1378110487378643,0.1354863062288314,0.1446672090440428,0.1416624193808272,0.1357120400897986,0.0268722152115733,0.0008997365863872
0.0494258947421294,0.12527936116868,0.0303186455600294,0.1495130557345779,0.1593423196923407,0.1475973838384482,0.1536914594175157,0.154701716734867,0.0291540268174132,0.000976136293998
0.0287075552807551,0.1237530728182933,0.0012231132421621,0.1541182512388827,0.1664344646420402,0.1517178859638683,0.1593538529751611,0.160619720365239,0.007594952801456,0.0464771306721419
0.0507207995975146,0.1285615446051814,0.0282114851150179,0.1534301356948757,0.1508419139094438,0.1514642752720119,0.1547570733250561,0.1510932317626662,0.0299178307116444,0.0010017100065875
0.0493585651188789,0.1251087013914001,0.0274537948178981,0.1493093840000315,0.1591252582024331,0.1473963216968634,0.1576678791559131,0.1544909768310513,0.0291143122173621,0.0009748065681679
0.0288258243164652,0.1242629092165951,0.0012281522091623,0.1547531857284657,0.1671201393172136,0.1523429314579011,0.1652839973029733,0.1518880114683816,0.0076262423952687,0.0466686065875729
0.0500859599647002,0.1269524224221943,0.0278583800970827,0.1515097493488376,0.1614702796263269,0.1495684943367504,0.1528200785539814,0.1492020949404136,0.0295433684631329,0.0009891722465795
0.0500447713740346,0.1268480220799659,0.0278354705348973,0.1513851540919598,0.1613374932475319,0.1473463824040445,0.1556158768358176,0.1490793974016366,0.0295190732372579,0.0009883587928533
0.0338008871544586,0.0180032965470349,0.0014401195877227,0.1814621122426331,0.1561284054381368,0.1786358710320263,0.1938104416352979,0.1781024361834253,0.0038932664076266,0.0547231637716374
0.0321652910113782,0.017132132359524,0.001370433427342,0.1726813151723375,0.1864809781668515,0.1699918333669605,0.1844321194220724,0.1799658660303109,0.0037048745618386,0.0520751564813839
0.0544735884936887,0.0426721701992116,0.0302988289448539,0.1647823011603907,0.1756153934660446,0.1626709883940131,0.174006986368548,0.1622724916904568,0.0321314256033499,0.0010758256794424
0.0277948721291357,0.0129754757470901,0.0013509467068973,0.1663128448516218,0.1799162851259066,0.1636616058233377,0.1778965598923173,0.1631612015109421,0.0595085766549292,0.0474216315578219
0.0261042145940621,0.1246979087527856,0.0012687736996286,0.1561966600020725,0.1689726541670251,0.1537066858725664,0.1670757812232064,0.1532367192724727,0.0042034503532171,0.0445371520629631
0.0562768821936805,0.0440847897422426,0.0313018413929821,0.1702372545381568,0.1506854821714964,0.1656955317517897,0.1797673137299318,0.1676443603343093,0.0331951043321523,0.001111439813258
0.031790119241074,0.015769593239138,0.0032028823591796,0.1476733701347278,0.1962411528417831,0.1786690125395348,0.194057726487071,0.1781280498652435,0.0014604425367351,0.0530076507555126
0.0533555158865023,0.0417963221798643,0.0327291389113998,0.1614001377639417,0.1428633094881961,0.1593321597774926,0.1704354859350804,0.1589418422348951,0.0780923435087706,0.0010537443138568
0.0292724156581515,0.1337723101185448,0.0029492215178901,0.1359779823234714,0.1435014453557981,0.1616627505724136,0.1786888054218416,0.1640207221775487,0.001344778881009,0.0488095679733308
0.0231916169809947,0.1107846446674344,0.0011272093083406,0.1126334647787941,0.1189397190491108,0.136556745399476,0.1484341737602192,0.136139215680512,0.0496530478878729,0.1625401624872451
0.036687380457459,0.0195407234990991,0.0015631014351069,0.1607164135898862,0.1694612979934691,0.1938908329226217,0.199029023944357,0.1554891305243044,0.004225739557253,0.0593963560764432
0.0354637758904248,0.0188889975317907,0.0015109685755,0.1553561688623029,0.1638093921998466,0.1842150974499023,0.1923909696697256,0.1868644705532389,0.0040848018790411,0.0574153573882268
0.0326030078673837,0.0173652725823321,0.0013890827786247,0.068999925124766,0.1505953263167593,0.1723051434135467,0.1768713043172942,0.1717906131147944,0.0037552918282184,0.2043250326562801
0.0246786508558946,0.0131445387131148,0.001051457860669,0.1081097698538456,0.1139922271533366,0.1281922175009631,0.1338816707779872,0.1045935118901567,0.0493618035993259,0.322994151794706
0.0009613612484985,0.0316521669528174,0.0205953098581318,0.1184800814023003,0.0703431700071742,0.1368417178169592,0.142043657057961,0.1385273945912226,0.0256035457456991,0.3149515953192354
0.0323153649930478,0.1393056872319358,0.001376827474919,0.1415639247275526,0.1492666859440826,0.1678608090045699,0.1753108418419205,0.1369595741830342,0.0037221604392425,0.0523181241596947
0.0323153649930478,0.1393056872319358,0.001376827474919,0.1415639247275526,0.1492666859440826,0.1678608090045699,0.1753108418419205,0.1369595741830342,0.0037221604392425,0.0523181241596947
0.0266963573213543,0.1219999549177355,0.0251663561607803,0.1240115215067095,0.0626019690385306,0.1474359549015323,0.1629636670432782,0.1495864180973077,0.0012264343997052,0.1783113666130658
0.0322561946513054,0.1474079120947772,0.0304075523568481,0.1498384116070125,0.0756395816311091,0.1781412648421823,0.1861595982603741,0.144882833739612,0.0014818541064517,0.0537847967103273
0.0310277612025698,0.141794081579956,0.0292495219439885,0.0683767829683034,0.1521066327672011,0.1713569962482625,0.1790699623073935,0.1738563656457518,0.0014254197015198,0.0517364756350532
0.0013403948689087,0.0441315917816092,0.057163069221359,0.0939564289984983,0.1726918785824142,0.1579524408334989,0.1980468729927145,0.1607104286505228,0.035698195030226,0.0783086990402482
0.0252430590005282,0.1326602394865117,0.0235185867355338,0.0614627925649899,0.0657124606973852,0.1613292873505005,0.1688090435113369,0.1637530856021401,0.0013823205900924,0.196129124460981
0.0377952273827759,0.1629283817706403,0.0016103023280911,0.079988566395249,0.084939118775253,0.1963257245075007,0.2050390930601193,0.1601844277361428,0.0099992132832333,0.0611899447609943
0.0310776267505433,0.1339700217823133,0.0013240924363575,0.136141764605517,0.0698423164142767,0.1289893251648338,0.1685961123836552,0.1317137692020306,0.0035795948107441,0.1947653764497281
0.0330831124132808,0.1426153073466741,0.0014095380985558,0.0700160024711785,0.0743493453887064,0.1748424701218916,0.1182193927473871,0.174320362965923,0.0038105914093255,0.2073338770370768
0.0323163360079797,0.1393098731014883,0.0013768688459522,0.0683932223041333,0.072626130139746,0.1341306531199798,0.1753161095975281,0.1702800919171771,0.003722272283047,0.202528442682968
0.0346415645632723,0.149333512380699,0.0014759374642729,0.0733142589417884,0.0778517334265675,0.1437816365946411,0.1879304735569295,0.1825321037797189,0.0930545705481497,0.0560842087439602
0.0581670504311608,0.1474354881606391,0.0323531744460826,0.1493196710384673,0.0917989168512306,0.1431142843854756,0.1275528848348824,0.1454779854423599,0.1036317747346778,0.0011487696750236
0.0574530899577352,0.1456258191100916,0.0319560615174894,0.1474868749410866,0.0906721483861074,0.1413576551344403,0.1752983416250392,0.1711481898028035,0.0378671502065693,0.001134669318637
0.0665790826446453,0.1687573889038423,0.0370320423555191,0.1010323331585052,0.1050747395032564,0.1638112590736655,0.1459993930934325,0.1665167950574745,0.0438820631749318,0.0013149030347272
0.0354472378478016,0.1528066240292884,0.0015102639561503,0.0750193591746771,0.0796623635920013,0.1471256259574375,0.1266673727849457,0.1502331353102182,0.0093780224670164,0.222149994880463
0.0619491987293897,0.1570220646934348,0.0344568483089746,0.0940065833940042,0.0977678823493014,0.1524198868378704,0.135846651198081,0.154937280885263,0.110370138422537,0.0012234651811434
0.0742831687665374,0.1579890762674453,0.0531979144204837,0.1025077568048538,0.1058193530131182,0.1539371370524615,0.1393454055906205,0.1561535502334219,0.0556894507667625,0.0010771870842949
0.0352414839309762,0.1683459707896075,0.0017128830973401,0.0801226568349987,0.0853885732696212,0.1619028020086355,0.1386998407530487,0.1654272191964575,0.1030320597773643,0.0601265103419499
0.0390425612618648,0.1865034369896152,0.0018976313084118,0.0887645294412311,0.0945984172934364,0.1793653206621548,0.1536597335179749,0.1832698745747374,0.0062868571408396,0.0666116378097335
0.1222601672335047,0.2670844749147406,0.0232114883997924,0.0633265323742831,0.0658602913033112,0.1026760312931295,0.0915116478489304,0.1043718469465171,0.1588733454141042,0.0008241742716864
0.0424396554134568,0.1829496700572636,0.0018081826899344,0.0898178799257021,0.0953767758938577,0.1761480230118982,0.1516541197427705,0.1798685280253596,0.0112279564255108,0.0687092088142459
0.0676169892110073,0.1438111195687864,0.0455838285343632,0.3083962896008886,0.0963231128910457,0.0735059149386499,0.1268405339039445,0.08624981768723,0.0506918734646035,0.0009805201994804
0.0528854643569731,0.1124793920409186,0.0356526069459478,0.072979793523004,0.2433760355810304,0.1095946377891966,0.0992061405435145,0.111172600095172,0.1618864321259293,0.0007668969983134
0.0573999456368796,0.1220810116148051,0.0386960335017009,0.0792095943894041,0.2641514333196636,0.1189500050284413,0.1076747106843082,0.1206626675091686,0.0903422364077295,0.0008323619078987
0.0488527732146326,0.1238266753000393,0.0271724676130596,0.0741330379314654,0.2885050664967409,0.1201974249516464,0.1071278689485082,0.1221826270690516,0.0870372410396619,0.0009648174351937
0.0030339676700529,0.1079332216609029,0.001349918123161,0.3345236620695719,0.0425547410533227,0.1028553793250623,0.0845691939113824,0.1056329621284708,0.1949011703804479,0.0226457836776248
0.0478725034353076,0.1213419944992661,0.0466930263806144,0.072645499518559,0.2827159826994631,0.1177855679478459,0.1049782629887331,0.1197309354046272,0.0852907695201811,0.000945457605402
0.0698658468704604,0.1770883199809728,0.0681445004319611,0.1060199275362825,0.1102618926017668,0.1718980179282854,0.1532068456918922,0.0960864749015619,0.0460483590995561,0.0013798149572603
0.0555091732574811,0.1180596244471142,0.037421373908813,0.2531734002234055,0.2554502014882096,0.0603436002606718,0.061065828354384,0.0708055198743932,0.0873663345423612,0.0008049436431659
0.0483834989386294,0.208572503259098,0.0020614259094939,0.1023972333356225,0.1087346749230942,0.0607642577240986,0.1728938859217626,0.2050598349591776,0.0128004766415805,0.0783322083874421
0.0283124743944505,0.1220499506536296,0.00120628043773,0.0599195823054196,0.3279420858611057,0.117512414805708,0.1011719661764424,0.1199944496361475,0.0760532954889787,0.0458375002403875
0.0424396554134568,0.1829496700572636,0.0018081826899344,0.0898178799257021,0.0953767758938577,0.1761480230118982,0.1516541197427705,0.1798685280253596,0.0112279564255108,0.0687092088142459
0.1213397406455262,0.2650737492834049,0.0254060100219814,0.2422801472951709,0.0653644669920963,0.10190304241794,0.0470638201267274,0.0569611229128257,0.0737899307674282,0.0008179695368987
0.0280464363374377,0.133975758843254,0.0013631737765956,0.0637644827473902,0.3666469941077959,0.0362335487788695,0.037456643596038,0.0539508319593223,0.0819966069227007,0.1965655229305957
0.0792506345711037,0.2008758551176533,0.0440801035334618,0.1202611420428554,0.1250729125763378,0.0886508585390599,0.0900551833602566,0.1089933701622219,0.1411947803537438,0.0015651597433053
0.1383659139753571,0.3439218622588688,0.00116978928938,0.0547186354677653,0.0583149186312557,0.0310933338107506,0.0947230948822953,0.0462971826943212,0.1903327190033601,0.0410625499866455
0.1367592790248485,0.3399284156919094,0.0011562062883138,0.054083270371978,0.0576377953158579,0.0307322937583785,0.031769688948261,0.1116643578246692,0.0695472537486666,0.1667214390271167
0.1476029318196723,0.3668813635367708,0.0012478819657454,0.058371536660774,0.0622079001359537,0.033169059478998,0.0342887098060114,0.049387885385485,0.2030389316194542,0.0438037995911346
0.1453049358212023,0.3560097077251754,0.0011990905028667,0.0595624365867787,0.0632488004696677,0.0353453616815173,0.0364212343285359,0.0509300408787195,0.07559998610618,0.1763784058993561
0.0999592431822553,0.248458367220059,0.0008450871221792,0.2249091045160125,0.0421282595195611,0.0224626573585847,0.0684305014456199,0.0334463251145739,0.1375014553641092,0.121858999157045
0.1586147661132029,0.3465032191568907,0.0332106226374636,0.0821569555202968,0.085444138819723,0.0605622441140153,0.0615216151120887,0.0744593250347975,0.0964578673723793,0.0010692461191419
0.1476029318196723,0.3668813635367708,0.0012478819657454,0.058371536660774,0.0622079001359537,0.033169059478998,0.0342887098060114,0.049387885385485,0.2030389316194542,0.0438037995911346
0.1476029318196723,0.3668813635367708,0.0012478819657454,0.058371536660774,0.0622079001359537,0.033169059478998,0.0342887098060114,0.049387885385485,0.2030389316194542,0.0438037995911346
0.086989282695566,0.2204909353989511,0.0483844275604105,0.1320043749690303,0.1372860041883869,0.0973074176174577,0.0988488716326666,0.1196363302362887,0.0573343615916558,0.001717994109586
0.0544010889679169,0.2345132442870974,0.0023178111704032,0.1151326614022996,0.1222583081866781,0.0683216770806728,0.0704013112977977,0.0984464620273188,0.1461328330599801,0.0880746025198349
0.0545492781726426,0.2351520611164635,0.00232412491523,0.1154462841229996,0.2519665173277154,0.0685077861307707,0.0705930852959068,0.0987146313451148,0.0144317128025336,0.0883145187706225
0.0544810233869996,0.2704992394630734,0.0367282491786153,0.1171686993129024,0.0776104027606036,0.0592259063525927,0.1021991983771348,0.1145266870476106,0.1667705597734393,0.000790034347028
0.0560998056606322,0.3590433344911678,0.0312033494130458,0.0851302545858709,0.088536402603143,0.1380280327397274,0.0637481114515275,0.0771540432135224,0.09994872319961,0.0011079426417525
0.1464532290613758,0.3588231258551691,0.0012085664887375,0.0600331373438749,0.0637486332497307,0.0356246835067601,0.0367090583927487,0.0513325228820477,0.2001426752323939,0.0459243679871612
