0.0546443761177562,0.0797361737350219,0.0542316387135581,0.0501678083210969,0.0244418442132851,0.0231752027158008,0.1254537426947669,0.0303979113809921,0.0018109237278578,0.5559403783798638
0.0414996522306559,0.0605556091092662,0.0411861989541487,0.0380999243913633,0.3315335250634769,0.0176003995545329,0.022854977295175,0.0230856831109387,0.0013753053884335,0.4222087249020085
0.0366321224641322,0.0534529898335415,0.0363554343909894,0.0336311516159551,0.0163851560596254,0.0876384032625201,0.0841008204773908,0.2779024254397406,0.0012139946410795,0.3726875018150249
0.0353906510913793,0.0227984865960035,0.0590050817512888,0.0545835549411355,0.0265932037122198,0.025215073032758,0.1364961214395176,0.0330735210783047,0.0019703203727989,0.6048739859845935
0.0509549601189304,0.0743526386676766,0.0505700894430317,0.0467806360666819,0.0227916079495024,0.0216104860926033,0.1169835015044709,0.0958623875520992,0.0016886558670295,0.5184050367379734
0.0409998852724212,0.059826357394086,0.0406902068128613,0.3588859414000277,0.0183388095863987,0.0173884436060783,0.0225797421577852,0.0228076696576452,0.0013587430281805,0.4171242010845156
0.0353906510913793,0.0227984865960035,0.0590050817512888,0.0545835549411355,0.0265932037122198,0.025215073032758,0.1364961214395176,0.0330735210783047,0.0019703203727989,0.6048739859845935
0.0295957675053866,0.0190654505628564,0.0493435590274531,0.0456460153130339,0.0222388187280893,0.1189475740531293,0.1141461756405774,0.0935373346337118,0.001647699091885,0.5058316054438768
0.0324075974541886,0.0208768178426639,0.0540315839968553,0.0499827446402023,0.0243516808633335,0.1302485261571445,0.0299831170835949,0.1024241147723355,0.0018042434238518,0.5538895737658293
0.0958501977251806,0.077020444117608,0.1311621499374071,0.1245503986030724,0.0826948925680734,0.2556243537043108,0.0918910232770758,0.0923852662402934,0.045874945802006,0.0029463280249722
0.0362971578515179,0.023382453875013,0.0605164556266087,0.0559816745015464,0.0272743700144905,0.0258609394821366,0.0335816913056331,0.1147170587683578,0.0020207887502518,0.6203674098244438
0.058162875021504,0.0467367889856351,0.1562656994101276,0.4982789708484514,0.0501801020290434,0.048929591068995,0.0557604076914553,0.0560603193492518,0.0278373837782849,0.001787861817251
0.0770206654956019,0.0730369665447792,0.2442010439232772,0.1181086840011074,0.0784179339799172,0.0764637234075775,0.0871384431723755,0.1993162893819511,0.0435023053965835,0.0027939446968294
0.0219477162916386,0.0195399072898274,0.1229941118836627,0.0467819475037413,0.0227922468839381,0.1219076654750615,0.0280630569509595,0.0958650749351321,0.0016887032064005,0.5184195695796381
0.0683923117232751,0.029531216190345,0.2168440614175644,0.1048773842896852,0.0696330491425832,0.2152479147231576,0.0773766304170186,0.1769875877755864,0.0386288954038465,0.0024809489169379
0.0271131367217498,0.0016270677485769,0.1244714710664632,0.0510409509834656,0.0279268430522697,0.1234246785304555,0.0330052754472699,0.0983326084755683,0.0075935511106999,0.5054644168634809
0.024973457704685,0.0014986649467653,0.1146485945178246,0.0470129680558116,0.025722949024624,0.113684411384318,0.1093172987654027,0.0905725244540228,0.0069942931884861,0.4655748379580594
0.0278975163013444,0.0016741386105616,0.1280724148137173,0.0525175591710532,0.0287347630519933,0.0275637952171488,0.0339601138470248,0.1716790295816645,0.0078132315736787,0.5200874378318128
0.0586572359543477,0.0556233389109259,0.1859781158931127,0.0899489624132897,0.0597213647391183,0.1846091673824907,0.1784087350085696,0.151794879213161,0.0331303939765517,0.0021278065084322
0.0240594229849454,0.0014438134395852,0.2328045937808026,0.045292281814076,0.0247814827374712,0.023771614685564,0.1053162586322626,0.0872575476901162,0.006738300330392,0.4485346839047843
0.0193930357264865,0.0172654920051167,0.235125321446344,0.0413366004571648,0.0201392642511743,0.0190955939124412,0.103369698840297,0.0847065270224761,0.0014921407392911,0.4580763255992078
0.0026054163435947,0.0010740294938257,0.157887576754048,0.0184001970233449,0.0031425449290856,0.0661807877986895,0.0630510637294788,0.0496174803865292,0.31967519772561,0.3183657058157932
0.0178142937189048,0.0158599483917042,0.2159843149918199,0.0379714837981356,0.0184997735121513,0.0989487439377046,0.0949546116836555,0.0778107653473664,0.0013706690264779,0.4207853955920795
0.0319831747416052,0.0303289259910619,0.1997234944912535,0.049045157615837,0.0325633967094009,0.1006591456830964,0.0972783264395343,0.0827669778121473,0.3744912025239776,0.0011601979920853
0.0188471736332401,0.0167795145779741,0.2285071724391392,0.0401730857000388,0.0195723978205838,0.1046858319061995,0.1004601182577093,0.0243418626381819,0.0014501409678858,0.4451827020590471
0.0436222301602936,0.0413659807315993,0.4578967423130631,0.066893270322624,0.0444136017620102,0.1372901988686748,0.1326790595316793,0.0496180875994972,0.0246384209523808,0.0015824077581773
0.0178142937189048,0.0158599483917042,0.2159843149918199,0.0379714837981356,0.0184997735121513,0.0989487439377046,0.0949546116836555,0.0778107653473664,0.0013706690264779,0.4207853955920795
0.0346968687614066,0.0329022610571984,0.2166695436872298,0.0532065190815947,0.3217480870195199,0.0344459731555125,0.1426812775604086,0.1427935746611591,0.0195972570666775,0.0012586379492923
0.090618971733651,0.0011162193756586,0.1799823932897598,0.0350156891067493,0.0747943577224098,0.0846731906096915,0.1143661163702699,0.0674592455879515,0.0052094136136808,0.3467644025901775
0.0466988000566566,0.0201641430967086,0.291617314766786,0.0716110901357703,0.131980502217675,0.1469729429959918,0.1420365912060794,0.1208484954783202,0.0263761089137132,0.0016940111322985
0.1522119877228709,0.019674961799858,0.2845426904925215,0.0698738079823212,0.0463925214951316,0.1434073853369376,0.1385907892420091,0.1179167158605598,0.025736225577119,0.0016529144906707
0.0341846184026694,0.0147606263189101,0.2134707232909451,0.3456048944588638,0.034804777805799,0.1075876460581368,0.1405747896200129,0.0884639369202427,0.0193079311902792,0.0012400559341405
0.0725962961025644,0.0008942210528377,0.1441867510361474,0.2394704833296471,0.0153483289300496,0.0886045421715385,0.0652272745861974,0.0917002938789962,0.0041733439034275,0.2777984650085939
0.1301438401050046,0.0168224272007719,0.2432888432015549,0.0597432950559427,0.1101079465578959,0.1554440432218136,0.1602106247765994,0.1008207989675842,0.0220049108912046,0.0014132700216277
0.1306887911103393,0.0566427004206569,0.2443075660207251,0.0599934580192952,0.0398324904724188,0.1231291838859739,0.1608814743609275,0.1610080959012172,0.0220970520044743,0.0014191878039712
0.129270515087956,0.0560279959523768,0.2416562631811306,0.0593423900716486,0.109369071600562,0.1217929471079196,0.1591355378074313,0.1001442450415115,0.0218572478196086,0.0014037863298545
0.1400060859626584,0.0180972237093323,0.2617251701467413,0.0642706170076592,0.0426722983494415,0.1672235279067929,0.1723513190213698,0.1084609570125685,0.0236724338497229,0.0015203670337129
0.1265180294047472,0.0548350227781547,0.236510809833078,0.0580788453339452,0.0385612886769988,0.151113368218293,0.1557471526895515,0.1558697332691217,0.0213918535132821,0.0013738962828273
0.131581450577143,0.0170082531107121,0.2459762895567478,0.0604032385964375,0.0401045631529025,0.1571611278274847,0.16198036256627,0.1621078489849909,0.0222479841731221,0.0014288814541889
0.1219469884479976,0.0157628999871576,0.2279657779230215,0.0559804821046786,0.1031730159191155,0.1456537084489456,0.1573356658212444,0.1502382281149317,0.0206189752206778,0.0013242580122292
0.1179960861779533,0.0152522053145434,0.220580023498487,0.123311198266957,0.0998303626236964,0.1111706801279074,0.1452564076218342,0.1453707314751124,0.0199509508845123,0.0012813540089961
0.0828966897797413,0.0107152480507685,0.1549657651524599,0.0866307559870069,0.0701345855534137,0.0990119595262494,0.102048091179796,0.1021284079878072,0.2905682973844344,0.0009001993983223
0.0382013069551529,0.0164949981367924,0.2385535076132106,0.1333589434256835,0.1079648228904322,0.120229181535292,0.1570923104998243,0.165142555802445,0.0215766107838498,0.0013857623573169
0.1373750966232469,0.017757141331307,0.2568068401486054,0.0630628458809836,0.0418704020513369,0.1640810693758194,0.1250816269338576,0.1692455989808665,0.0232275823229603,0.0014917963510159
0.0394340948014946,0.0170273054018904,0.2462518270773326,0.1376625470916303,0.0401494874499362,0.1713201017969763,0.1621618095974671,0.1622894388238211,0.0222729059019933,0.0014304820574576
0.1145855544760424,0.0148113590845179,0.214204429296021,0.1197470397892273,0.0969448888120659,0.1368611981035627,0.1410579498666098,0.1411689693295602,0.019374293194593,0.0012443180477994
0.1137757510238425,0.0147066836760578,0.212690595487618,0.1189007588888516,0.0962597561529613,0.1358939673631498,0.1400610596801936,0.1472385331299321,0.0192373704421164,0.0012355241552765
0.0370099807168421,0.0159805936399955,0.2311141010715878,0.1292000802589614,0.1045978876576939,0.1476652601220182,0.1521933107992376,0.1599925053075724,0.020903733738287,0.001342546687804
0.1130149234487135,0.0146083389024241,0.2112683164117921,0.1181056599749587,0.095616059440812,0.1349852335008534,0.1458115403655324,0.1462539372461983,0.0191087286025889,0.0012272621061262
0.0342616337215022,0.0324895374479688,0.2139516564294124,0.1196057317751265,0.1412456253352426,0.1488485181781323,0.1408914938205659,0.1481115231313544,0.0193514304758088,0.0012428496848858
0.0350072775094846,0.0331966146985581,0.2186079353693456,0.1530911217964569,0.0989378326931271,0.1520879425976472,0.1439577476951129,0.1440710494399047,0.0197725800929039,0.0012698981074585
0.036328780873053,0.0344497666459309,0.2268602515288946,0.1268220440431821,0.1026726755026747,0.1449473567300172,0.1565726621244279,0.1495096436400988,0.0205189829256325,0.0013178359860879
0.03830936907802,0.0363279139397039,0.1214633483195341,0.1337361831506702,0.1579326553896246,0.1664337686274358,0.1651087583096417,0.1576606751254975,0.0216376457209088,0.001389682338963
0.0392288585421283,0.0371998451388986,0.1243786735191655,0.1715526138638416,0.1108688969638357,0.1704284597541183,0.1613178322377385,0.1614447972128873,0.0221569857086796,0.0014230370587061
0.0146236373897049,0.0130193280721306,0.081950270786975,0.119249971183825,0.0712683007361297,0.1183611200260417,0.1172883092630759,0.117693905700155,0.0011251732536127,0.3454199835883491
0.0368421516963641,0.0349365846629653,0.1168114018067736,0.1611152518519474,0.151883964359323,0.1600594919399928,0.1569387654858069,0.1592669878949851,0.0208089416554575,0.0013364586463839
0.0431121069145809,0.0346427414884142,0.1158289293223624,0.1597601503865496,0.1506065050231773,0.1587132702161921,0.1574497242282499,0.1579274317312751,0.020633922673663,0.0013252180155352
0.0431121069145809,0.0346427414884142,0.1158289293223624,0.1597601503865496,0.1506065050231773,0.1587132702161921,0.1574497242282499,0.1579274317312751,0.020633922673663,0.0013252180155352
0.0141417027449377,0.0125902648314099,0.0792495285853049,0.1153199850272046,0.1078042329409673,0.1144604267297105,0.1074941972694014,0.113815201030221,0.0010880921938305,0.3340363686470117
0.0433031869115961,0.0347962838553721,0.1163423023178656,0.1604682338286207,0.1598532385874331,0.1464053275222778,0.1581475674789912,0.158627392260776,0.0207253756358369,0.0013310916012302
0.0367742494075522,0.0348721944481527,0.1165961114076846,0.1608183068077648,0.1516040331300391,0.1597644927244645,0.1584925777577913,0.1589734493118052,0.0207705895315695,0.0013339954731757
0.0369383233332695,0.0350277820654029,0.1171163227520417,0.1615358222254891,0.1609167354468803,0.147379355996159,0.159199716580438,0.1596827336162742,0.0208632606864893,0.0013399472975555
0.0427469893250405,0.0343493511817799,0.1148479710138989,0.1584071373888477,0.1578000413092065,0.1573691232747257,0.1561162782916382,0.1565899400770102,0.0204591734292269,0.001313994708625
0.0428247344859207,0.0344118233201907,0.1150568482734259,0.1586952369386716,0.1580870367161861,0.1576553349588643,0.1545814830523863,0.1568747346385861,0.0204963831077294,0.0013163845080385
0.0427469893250405,0.0343493511817799,0.1148479710138989,0.1584071373888477,0.1578000413092065,0.1573691232747257,0.1561162782916382,0.1565899400770102,0.0204591734292269,0.001313994708625
0.0428247344859207,0.0344118233201907,0.1150568482734259,0.1586952369386716,0.1580870367161861,0.1576553349588643,0.1545814830523863,0.1568747346385861,0.0204963831077294,0.0013163845080385
0.04106984234475,0.073980150437778,0.1103419945505316,0.1521921487703969,0.1516088716631043,0.1511948603837352,0.1482469702285338,0.1504462478710616,0.0196564726664865,0.0012624410836216
0.0195098709135089,0.0478253242995471,0.032527842599909,0.1220043193398343,0.1146157180892409,0.1036421066990655,0.1117231969043904,0.1136154169162458,0.0010861822245742,0.3334500220136835
0.040743717401434,0.0733926932918385,0.1094657974515483,0.1589243705574741,0.1504049850189263,0.1499942612955182,0.1470697795698329,0.1492515933202307,0.0195003857260902,0.0012524163671063
0.040756120650512,0.0734150355795201,0.1094991211548798,0.1589727504962304,0.1504507714765875,0.1500399227201935,0.1488454268716357,0.1472617313654815,0.0195063220558289,0.00125279762913
0.041478186558351,0.074715711244148,0.1114390894605551,0.1617892306120159,0.152836350325508,0.1526981421797948,0.1340456555384861,0.1498707303097179,0.0198519106427462,0.0012749931286765
0.0584018590194447,0.0764866321277775,0.0581043808386424,0.1656239786518348,0.1567454503077323,0.1563174121348647,0.1532696460987084,0.1534229846044406,0.0203224430455271,0.0013052131710272
0.0410363721006702,0.0739198596367705,0.1102520703317128,0.1600658953576919,0.1514853166249175,0.1533539096163678,0.1481261550027047,0.1408585556393633,0.0196404534441001,0.0012614122457008
0.0294353170337309,0.0530225844077891,0.0790836147961081,0.1148149832685795,0.1084615022833955,0.1083634218000554,0.1075007203594724,0.1063569270208402,0.2920561202601073,0.0009048087699211
0.0317569498200899,0.0255183029040465,0.0434564551009067,0.1238707114340392,0.1170161164385726,0.1186764853494945,0.1146308660016006,0.1090066654088201,0.3150912743736394,0.0009761731687903
0.0466660037001296,0.0374984759080334,0.0638581194359708,0.1473967419259911,0.1719521098100779,0.1717966155039281,0.1684470469388617,0.1686155696642028,0.0223348562793549,0.0014344608334493
0.0302337066397369,0.0544607438890084,0.081228641329583,0.0954945678159933,0.1050329678066246,0.1129840889448965,0.1104165190130017,0.1092417019652674,0.2999777122211828,0.000929350374705
0.0427183700241683,0.0769496852292792,0.1147710797827525,0.134927957457258,0.1484051306366381,0.1596395763147366,0.1541975466091338,0.1466320630417997,0.020445475920953,0.0013131149832805
0.0201023274454395,0.0492776366135845,0.0335156160661386,0.0986924489615949,0.1101790276064709,0.1197541322738579,0.115115896839086,0.1086678442077184,0.0011191663358822,0.3435759036502266
0.0454218705909782,0.0364987525179679,0.0621556380924009,0.1771719090354823,0.1577971873692957,0.1697426229620691,0.163956185677587,0.1641202155240523,0.0217394006589456,0.0013962175712205
0.0464234548833185,0.0373035757614051,0.0635262137640708,0.181078674627147,0.1710583803823213,0.1416532083361262,0.1675715352453196,0.167739182065625,0.0222187697809477,0.0014270051537183
0.0449003087127281,0.0808800668234101,0.0614419287949738,0.1418197122310889,0.1559852629294585,0.1677935336775607,0.1620735398279087,0.1622356861827058,0.0214897754785603,0.0013801853416047
0.0327477749172057,0.0263144805941702,0.0448123078068371,0.1034353693352234,0.1137669300560291,0.1223792225704158,0.1182073788462521,0.1124077017316359,0.3249222041165867,0.0010066300256436
0.0476039886021235,0.0857502740979855,0.0651416652112971,0.1503594108405629,0.1137654124434839,0.1778972504577086,0.1718328261846999,0.1634020926781273,0.0227837860422902,0.0014632934417207
0.0622687438364227,0.0815509400358221,0.0619515691274611,0.1429960595026058,0.1572791087253442,0.1691853251458592,0.1463085746605638,0.155400019438945,0.0216680260077147,0.001391633519261
0.0446495545178813,0.0584757764293306,0.0444221256573173,0.1025347543765482,0.1127763578787408,0.1213136628959416,0.1049099801643863,0.0878268263731218,0.3220930964398429,0.0009978652668887
0.0318747986933362,0.057416884698812,0.0436177204081208,0.1243303910900963,0.0761753316556893,0.1191168894235162,0.1150562569309584,0.1151713648793487,0.3162605665085908,0.0009797957115309
0.0481762745944647,0.0630945838721804,0.0479308818832596,0.044156779769589,0.0837079698307019,0.1308958263714504,0.1131964712005181,0.1202303683553136,0.3475341607910755,0.0010766833314464
0.0676928573322108,0.0886546894803994,0.0673480541291862,0.1554521780687703,0.1176187180726874,0.1501752957924588,0.1590532402097939,0.1689366236925782,0.0235554871166826,0.001512856105232
0.0654829742134431,0.0857604919327786,0.0651494273645995,0.1503773273736086,0.1137789685073186,0.1779184483458138,0.1538608301922944,0.1634215633516078,0.0227865009136325,0.0014634678049026
0.0664567830188573,0.0870358512640236,0.0661182759362686,0.1526136150085251,0.1154709955224969,0.1474330888160517,0.1744089620634778,0.1658518341097385,0.0231253629690111,0.0014852312915489
0.0748353466858492,0.0980089286234789,0.0744541621967663,0.0685916034480499,0.1300290442833231,0.2033290167970708,0.1758354550494616,0.1472030588192825,0.0260409017169999,0.0016724823797173
0.0489951288952937,0.139532489061176,0.0487455652331661,0.0449073145365351,0.0851307579496781,0.1086947465983125,0.0730831160891915,0.0963746833552924,0.3534412145150152,0.001094983766339
0.0746253893015074,0.2125245213386669,0.0742452742602432,0.0683991634543098,0.0548828360994656,0.1655549839916213,0.1753421326576818,0.1467900672241938,0.02596784159431,0.0016677900779995
0.0669749107715081,0.1907368388512672,0.0666337645314702,0.0613869878881244,0.1163712606976777,0.148582545222224,0.1573663306704782,0.167144891555145,0.0233056589719183,0.0014968108401864
0.0746673182922893,0.0977888684038041,0.0742869896797431,0.0684375941803778,0.1297370890456629,0.1656480026473717,0.175440650316788,0.1863423284169185,0.025982431875192,0.0016687271418522
0.0726189161087778,0.0951061561256245,0.0722490213242867,0.1667645468516986,0.0534071863185361,0.1611036619896703,0.17062766092056,0.1812302654536335,0.0252696371558512,0.0016229477513607
0.0640389858783021,0.1153550522398132,0.0876314422604759,0.2022701137076383,0.0647780229874758,0.128668503332603,0.1313838261419554,0.1732558122861754,0.0306497542634778,0.0019684869020825
0.0867102715931551,0.1135610536444938,0.0862686004839902,0.0794757668319194,0.0637705969580939,0.1923650618091174,0.1293405484963751,0.2163971370055282,0.0301730901293291,0.0019378730479975
0.0784093721386684,0.1026896900686597,0.0278936276287338,0.071867436960282,0.1362390390846465,0.1739496767884615,0.1842330962669594,0.1956811267391797,0.0272845766603608,0.0017523576640478
0.0702050048325882,0.0919447508746455,0.0698474056487358,0.1612211589620891,0.1219836626214721,0.1557484464735122,0.1649558600070207,0.138095056860793,0.0244296540585497,0.0015689996605932
0.0955546983093673,0.125144253631309,0.0339929666584211,0.0875822758134363,0.0702751824135671,0.1395875039954146,0.2245182871922038,0.1879585583366097,0.0332507380197964,0.0021355356298742
0.076800176769082,0.0617127962534347,0.0375779037608566,0.0968188026877843,0.0776864834437585,0.1543085616523682,0.2481962422826929,0.2077808826506973,0.0367573988419697,0.0023607516573554
0.0711090360237041,0.0571396790544321,0.0347932599199664,0.0896442172105673,0.0719296645158378,0.2169770242168328,0.229804100405835,0.1923836492443281,0.0340335570613365,0.0021858123471596
0.0512266056564366,0.04116314845389,0.0250648961803937,0.0645792605442561,0.4452583275453614,0.1029255943113929,0.1050976582327199,0.1385922505165196,0.0245176099150852,0.0015746486439444
0.0676134085446569,0.054330766946834,0.0330828686354984,0.0852374243957348,0.0683936960102827,0.2063107166617508,0.2185072305128363,0.2320850158510727,0.0323605117786854,0.0020783606626476
0.0486305325361512,0.0390770734177231,0.0237946518922386,0.061306498660495,0.4226934286825285,0.1483877271554712,0.0997714961330334,0.131568642146704,0.0232751011199276,0.0014948482557271
0.0486305325361512,0.0390770734177231,0.0237946518922386,0.061306498660495,0.4226934286825285,0.1483877271554712,0.0997714961330334,0.131568642146704,0.0232751011199276,0.0014948482557271
0.0506180733544843,0.0406741622100571,0.024767144674601,0.3749065155581694,0.0512022274301739,0.1544523669872871,0.103849179652603,0.1737480273467827,0.0242263597452016,0.0015559430406395
0.0776227659622589,0.0623737879518188,0.0379803921252892,0.0978558068215998,0.0785185656657681,0.2368525536523406,0.1592526153868803,0.2100063763384413,0.0371510989651818,0.0023860371304208
0.0844543848783906,0.0678633365959578,0.0413230656575797,0.1064681459034203,0.0854290243671573,0.1696875606810629,0.173268518662595,0.2284891438012695,0.0404207859867576,0.0025960334658091
0.05255210349585,0.0422282524880127,0.0257134549772629,0.3892310532821967,0.0531585771012,0.1603537281684358,0.1078170794617814,0.1421783504789325,0.0251520075792205,0.0016153929671069
0.0512266056564366,0.04116314845389,0.0250648961803937,0.0645792605442561,0.4452583275453614,0.1029255943113929,0.1050976582327199,0.1385922505165196,0.0245176099150852,0.0015746486439444
0.071044765677208,0.0930445528308874,0.0252737164540231,0.3825746203477373,0.0522494859575679,0.103783086423584,0.1059732462101053,0.1397468881207405,0.0247218706458842,0.0015877673322618
0.1366092778260829,0.079810474595004,0.0485978681167349,0.1252115454386343,0.1004685493070362,0.1995605496301347,0.2037719245837773,0.0553800082870433,0.0475367448009971,0.0030530574145551
0.0424905075685504,0.0341432552188944,0.0207903714722143,0.3147090965960683,0.3693247306568143,0.1296524943273538,0.0435552155040195,0.0236917994356517,0.0203364184745432,0.0013061107458897
0.0945901144993016,0.0760079040082948,0.129437842331071,0.1192458405331387,0.0956817246148775,0.1900524859312055,0.1940632098974986,0.0527414274281693,0.0452718562824731,0.0029075944739695
0.0639310469577097,0.0513718046122807,0.0874837378089168,0.4735100422145422,0.0646688384058732,0.0596623050405959,0.1311623762207462,0.0356465862355186,0.030598093523598,0.0019651689802182
0.0562121516774454,0.0451692848815668,0.076921141965307,0.4163394716711669,0.0568608637940782,0.0524588083562356,0.1153261167672088,0.152080515730486,0.0269037463961276,0.0017278987603771
0.0580525947749321,0.0466481732730967,0.0794396184967373,0.0731845023733171,0.5045893813951544,0.1166405179878942,0.0595072504584803,0.0323688868603876,0.0277846024543588,0.0017844719256411
0.060763627601968,0.0576207827827427,0.098125450163862,0.0903990021137237,0.1713693113752073,0.1440767661211545,0.1471172532583618,0.194003477924662,0.0343201122443693,0.0022042164139484
0.0510144526852135,0.048375859259265,0.082381785488355,0.4458954738479908,0.0608974251302592,0.0561828671098939,0.0617111919095342,0.1628767345851155,0.0288136474291882,0.0018505625551839
0.1018881955358833,0.0966182865439818,0.1645363426758005,0.151580667038936,0.1216268808682543,0.1122107686851381,0.123252169867021,0.067042847904836,0.0575478200556695,0.0036960208244793
0.0749897142784628,0.0323799182775078,0.2377617278748989,0.1115633744576952,0.0895173871410731,0.1778082703745679,0.1815606016734836,0.0493435376135156,0.0423551968962214,0.0027202714125734
0.0630123107173476,0.0272081776965862,0.1997862775941982,0.0937444032644232,0.0752196146819887,0.1494086234193623,0.1525616300416267,0.201182975962399,0.0355901986425578,0.0022857879795099
0.0786720069627957,0.0746028965548274,0.1270451815202157,0.1170415790562564,0.2218756218116769,0.1865393623585016,0.095167997774021,0.0517665012068779,0.0444350052162703,0.0028538475385568
0.090693576939464,0.0860026812561396,0.146458472203979,0.1349262573188807,0.1082635414231789,0.09988199250813,0.2195818527312171,0.0596767432450664,0.0512249492540986,0.0032899331198453
0.0715514111272137,0.0678505955135958,0.1155463342759676,0.1064481569154936,0.2017936804746961,0.0788004812614762,0.0865543513857848,0.2284462458368308,0.0404131971385042,0.0025955460704368
0.1018881955358833,0.0966182865439818,0.1645363426758005,0.151580667038936,0.1216268808682543,0.1122107686851381,0.123252169867021,0.067042847904836,0.0575478200556695,0.0036960208244793
0.0945901144993016,0.0760079040082948,0.129437842331071,0.1192458405331387,0.0956817246148775,0.1900524859312055,0.1940632098974986,0.0527414274281693,0.0452718562824731,0.0029075944739695
0.1245064483202596,0.0455557749670678,0.1703755843006024,0.156960123796602,0.1259433056405012,0.1161930244020305,0.127626274632755,0.0694221361627654,0.0595901386147236,0.0038271891626924
0.0471459144382318,0.0203572032686989,0.076134593344927,0.4120822385011184,0.0562794393270439,0.051922396619681,0.0570314963800738,0.2507078426811434,0.0266286451161639,0.0017102303229176
0.0902163195742376,0.0855501088199889,0.1456877628889653,0.1342162340488662,0.1076938255262726,0.2139121064455307,0.1091329283677945,0.0593627059536997,0.050955387889999,0.0032726204846452
0.0325025061602036,0.0019504854810387,0.0655635486199954,0.0587265045591543,0.1303761899577104,0.037949994150864,0.0437768262273905,0.0141137178216858,0.009102946821913,0.6059372802000438
0.107547771588064,0.0464382094058696,0.1736758307178025,0.1600005071257595,0.1283828802128593,0.1184437319436104,0.1300984490192809,0.0707668720126,0.0607444245546428,0.0039013234195107
0.082004078328154,0.0354086607775031,0.1324260485883514,0.1219987539039006,0.231272933951678,0.194440043831149,0.0991987397434136,0.0539590177450386,0.0463170038358136,0.0029747192949977
0.0823982126410873,0.0355788446082583,0.1330625248556168,0.1225851137048878,0.2323844957274028,0.0907462020512631,0.1994976138778551,0.054218359729231,0.0465396161845666,0.0029890166198309
0.0995565743766002,0.0799987037616617,0.0487124838518671,0.1255068508477731,0.2379232303427001,0.2000312035905986,0.1020512180236754,0.0555106193736489,0.0476488579278131,0.0030602579036615
0.0995565743766002,0.0799987037616617,0.0487124838518671,0.1255068508477731,0.2379232303427001,0.2000312035905986,0.1020512180236754,0.0555106193736489,0.0476488579278131,0.0030602579036615
0.0584625146830943,0.0469775644911495,0.0286053866384251,0.0737012714274493,0.1397154375234172,0.054558912303914,0.304762759330627,0.2634382866209848,0.0279807945751515,0.001797072405787
0.0866642301701561,0.0696390581890524,0.0424043307951592,0.1092540063568055,0.0876643722126212,0.0808775701724486,0.0888358232826794,0.3905182052313357,0.0414784419477941,0.0026639616419475
0.06324015470207,0.1139160973469271,0.0309430596020811,0.1997469683043564,0.1511331821962034,0.0590175443731627,0.0648247979178037,0.2849668388482255,0.0302674249852464,0.0019439317239231
0.0823519184082767,0.0661738992748701,0.0402943403863877,0.1038176534841166,0.196807037358458,0.0768531959128249,0.1689550510867081,0.2228009753974746,0.0394145226961638,0.002531405994719
0.0774169078987734,0.0622083706668143,0.037879666907933,0.0975962900851967,0.1850132040576591,0.0722477011429473,0.0793567857890603,0.3488487911082787,0.0370525730598688,0.0023797092834679
0.0741207775120054,0.0433031674328519,0.0263679877938022,0.0679366529790657,0.1287874552366487,0.1082765631638861,0.2809254361638612,0.2428331983008895,0.0257922488216752,0.0016565125953137
0.0629288788341578,0.0505665122311655,0.0307907540332716,0.1987637890060974,0.1503892859695088,0.1264380524603723,0.0645057222398716,0.2835641968005175,0.0301184449736361,0.0019343634514011
0.0674993256564347,0.0542390956208938,0.0330270485062393,0.2131997577485362,0.1613118742453186,0.0629923260917766,0.0691906932530508,0.3041591145265098,0.0323059104691593,0.0020748538820805
0.0866642301701561,0.0696390581890524,0.0424043307951592,0.1092540063568055,0.0876643722126212,0.0808775701724486,0.0888358232826794,0.3905182052313357,0.0414784419477941,0.0026639616419475
0.052623642685437,0.0422857378170425,0.0257484587089537,0.1662142215980963,0.1257615294471398,0.0491099078093112,0.2743249522840044,0.2371277106356708,0.0251862470124498,0.0016175920018941
0.0476958501038188,0.0383260091762744,0.0652673691988192,0.1506495596637904,0.1656970727459434,0.0445111490188323,0.2486365659269732,0.2149225550490181,0.0228277519548452,0.0014661171616846
0.0619634580589248,0.0497907481885914,0.0303183789619288,0.1957144626105608,0.2152632481700503,0.0578260940811313,0.3230130376373679,0.0345495006926683,0.029656384103747,0.0019046874950289
0.0836775164603012,0.0672390838348551,0.040942948216736,0.2642993254353303,0.2906986562131172,0.0780902824162483,0.0857742698505,0.046656795851463,0.0400489683231434,0.0025721533983053
0.1123738397814505,0.1471716258430728,0.0399762675886669,0.2580591046149444,0.1952534949903864,0.0762465372405803,0.0837491024245413,0.0455552088216616,0.0391033949451054,0.0025114237495901
0.0796309113483693,0.1042894922278845,0.0283281823116744,0.1828671310173056,0.2011326709393587,0.054030201864002,0.0593467070596177,0.2608854026552419,0.0277096429413633,0.0017796576351822
0.0384362488908299,0.0503384528959221,0.0136734472520716,0.0882663081800468,0.0970827191275249,0.2728132515658747,0.1456773707265847,0.0155816633831191,0.2772715328172399,0.0008590051607858
0.1032295930460643,0.1351957632955768,0.0367232608826441,0.2370599456514237,0.26073849234884,0.0700420936565339,0.0769341492474803,0.0418482244349265,0.0359214168951899,0.0023070605413201
0.0346165698662729,0.0453359685691782,0.0123146211134839,0.079494667459122,0.0874349299545592,0.2457018896432504,0.1312003909646574,0.1134102023345844,0.2497171202881481,0.0007736398067431
0.0776085992008943,0.1016409490501757,0.0276087578289611,0.1782230246750794,0.2079138569087298,0.0526580471101517,0.2941446421962612,0.0314617347758992,0.0270059269273978,0.0017344613264494
0.0389391258235814,0.0312895417605984,0.0190526999323196,0.1518854060516617,0.1434805706216131,0.3801403496735265,0.0399148448402984,0.1754638274642942,0.0186366885945923,0.001196945237514
0.0593404431245162,0.0476830240527006,0.0290349521924194,0.2314624971317274,0.2186541289863471,0.0553782205581739,0.0608273691299774,0.2673943252149062,0.0284009806636951,0.0018240589455362
0.0963405862757533,0.1261735003845432,0.0342725412257765,0.2732158097797536,0.2580969515709194,0.0653678481890418,0.071799963793533,0.0390554913343605,0.0335242081405288,0.0021530993057897
0.0963405862757533,0.1261735003845432,0.0342725412257765,0.2732158097797536,0.2580969515709194,0.0653678481890418,0.071799963793533,0.0390554913343605,0.0335242081405288,0.0021530993057897
0.0963405862757533,0.1261735003845432,0.0342725412257765,0.2732158097797536,0.2580969515709194,0.0653678481890418,0.071799963793533,0.0390554913343605,0.0335242081405288,0.0021530993057897
0.0503806685094159,0.0659815924241076,0.0179225973727097,0.1428763896520908,0.1352172808349082,0.3575924911703696,0.1909479602118604,0.0204238093045941,0.0175312615654459,0.0011259489544973
0.0774990383220679,0.0622743665836496,0.0379198528719794,0.3022916579455441,0.2855638385785889,0.0723243476332034,0.0794409741993836,0.0432118084120348,0.0370918815725975,0.0023822338809502
0.0729593295200511,0.1314234938723296,0.0356985983431334,0.270364737202928,0.268836190086417,0.0680877598682546,0.0747875114258845,0.0406805637508566,0.0349191276274619,0.0022426883026829
0.059184227027129,0.0475574965787398,0.0289585165158302,0.2193184626559731,0.2180785132189324,0.0552324351706652,0.308525017020076,0.0329998608328851,0.0283262139425915,0.001819257037177
0.0744897109487437,0.0975562630077252,0.0264992334806822,0.2112481092741996,0.1995583384165923,0.050541856814178,0.2823237321627712,0.0301973692803846,0.0259206287890527,0.0016647578256702
0.0613667645070196,0.0803696529618619,0.0218308300557713,0.1740322631041379,0.1644018939400875,0.0416378340761365,0.2325864037557773,0.2010487233785884,0.0213541588833148,0.0013714753373042
0.0754680865195011,0.0988376032530487,0.0268472842698594,0.2140227205171508,0.2021794118609782,0.0512056923610998,0.0562442693067888,0.2472472285684051,0.0262610799689926,0.0016866233741751
0.075256547515512,0.098560558887502,0.0267720306356919,0.2027590259324524,0.20198195103681,0.0510621614772495,0.2852301223035233,0.0305082370054633,0.0261874694806853,0.00168189572511
0.0539551648579896,0.097190809245934,0.0738326637915949,0.1999411735761905,0.1988107765151555,0.0503525228736273,0.0553071489944738,0.2431276906508403,0.0258235279878648,0.0016585215063289
0.075256547515512,0.098560558887502,0.0267720306356919,0.2027590259324524,0.20198195103681,0.0510621614772495,0.2852301223035233,0.0305082370054633,0.0261874694806853,0.00168189572511
0.0584862457029395,0.0469966335565371,0.0286169980958123,0.2281306266934371,0.2159013332557195,0.0545810587790979,0.3048864681914066,0.03261068135519,0.0279921524990271,0.0017978018708323
0.0729234239933502,0.1313588163348659,0.0356810299665539,0.2702316824126156,0.2691960182519483,0.0680542517905894,0.0747507061947227,0.0406605435960995,0.0349019428523599,0.0022415846068942
0.0576542989073399,0.0463281225549947,0.0788945873591453,0.2136490216568961,0.2014077501524138,0.0538046619287625,0.059098974273044,0.2597963806862347,0.0275939737256488,0.0017722287555197
0.0576542989073399,0.0463281225549947,0.0788945873591453,0.2136490216568961,0.2014077501524138,0.0538046619287625,0.059098974273044,0.2597963806862347,0.0275939737256488,0.0017722287555197
0.0576542989073399,0.0463281225549947,0.0788945873591453,0.2136490216568961,0.2014077501524138,0.0538046619287625,0.059098974273044,0.2597963806862347,0.0275939737256488,0.0017722287555197
0.0449935042129582,0.0361545386356477,0.0615694582363812,0.1667320275884955,0.1571789203363532,0.4392457730572169,0.0461209311071372,0.0250874169013115,0.0215343798573046,0.0013830500671937
0.0464410742117827,0.0373177337760527,0.0635503241890534,0.1720962748326737,0.1622358167374341,0.0433401558067586,0.2420954692042033,0.209268401906904,0.0222272025829403,0.0014275467521966
0.0626664968364325,0.0503556751283438,0.0306623719660174,0.1853774428891612,0.2189172078571992,0.0584821902346446,0.326677950768647,0.0349415000983079,0.0299928660994059,0.00192629812184
0.048417827004885,0.0389061538487163,0.023690576246588,0.1794215100416318,0.1691413439957934,0.0451849187778692,0.2524002027416845,0.2181758594754148,0.0231732979421542,0.0014883099252623
0.0746478503127216,0.0599832939311729,0.1021486941873063,0.2766218736565544,0.2607724986711334,0.0696635363867643,0.0765183424094667,0.0416220468785491,0.0357272720203553,0.0022945915459757
0.0593944030054312,0.0477263835249943,0.0812757592298068,0.1756980700519075,0.2074865761561924,0.0554285774822086,0.3096206560195206,0.0331170504690902,0.028426806448839,0.0018257176120088
0.0645214283567971,0.051846205694758,0.0882916202695183,0.1908646247062209,0.1545203109226744,0.0602132660649938,0.0661381771487114,0.2907403937170775,0.0308806564742066,0.0019833166450414
0.0593944030054312,0.0477263835249943,0.0812757592298068,0.1756980700519075,0.2074865761561924,0.0554285774822086,0.3096206560195206,0.0331170504690902,0.028426806448839,0.0018257176120088
0.0636208612603062,0.0511225548377372,0.0311293372254978,0.1882006043137397,0.2222511551097158,0.0593728307620039,0.0652150440489194,0.2866823429443245,0.0304496352794351,0.00195563421832
0.0635400626186612,0.0510576290742929,0.0869487118233837,0.1879615891089142,0.1521700694161308,0.0592974271289635,0.3312318143800907,0.035428581719374,0.0304109641718703,0.0019531505583182
0.0403442372388819,0.0324186192983564,0.0197402132136523,0.1193446564306683,0.1409373144395996,0.3938576464398327,0.2103129010214569,0.0224950849435228,0.019309190180948,0.0012401367930805
0.0626664968364325,0.0503556751283438,0.0306623719660174,0.1853774428891612,0.2189172078571992,0.0584821902346446,0.326677950768647,0.0349415000983079,0.0299928660994059,0.00192629812184
0.0937111708568688,0.0753016286817835,0.0458523600845964,0.2772125154680114,0.2244258942572802,0.0874539793642417,0.0960593430243214,0.0522513472271229,0.0448511843076982,0.002880576728075
0.0705121431007683,0.0257997506705971,0.0345012034982598,0.2085861096523866,0.1688672825949152,0.0658039746091921,0.0722790045152901,0.3177351892085416,0.0337478776246828,0.0021674645253659
0.1109587849865252,0.0891609522070628,0.0542915227419608,0.1441829148668903,0.2657316552402986,0.1035499525164842,0.1137391400739423,0.0618682484619243,0.0531060797819934,0.0034107491229178
0.0637120980027391,0.0511958681390011,0.0311739788613746,0.1884704970772351,0.1525820714705556,0.1280117132050048,0.0653085669604107,0.2870934653743757,0.0304933021754207,0.001958438733882
0.1109587849865252,0.0891609522070628,0.0542915227419608,0.1441829148668903,0.2657316552402986,0.1035499525164842,0.1137391400739423,0.0618682484619243,0.0531060797819934,0.0034107491229178
0.1109587849865252,0.0891609522070628,0.0542915227419608,0.1441829148668903,0.2657316552402986,0.1035499525164842,0.1137391400739423,0.0618682484619243,0.0531060797819934,0.0034107491229178
0.0857034533819291,0.0688670258230963,0.0419342280010964,0.1113654382955421,0.0739407746497495,0.0799809454409149,0.4467686872250368,0.0477864150055541,0.0410186037405312,0.0026344284365491
0.1336855742955085,0.1074230679615236,0.0654116156554715,0.1737147336276385,0.1153374167882807,0.1247592506724,0.1370354069982723,0.0745402207431704,0.0639833680145385,0.0041093452431959
0.0991242587428681,0.0796513164541832,0.0485009541918828,0.1288048040657816,0.2373895257902182,0.199162585751064,0.1016080696201742,0.055269569410413,0.0474419469694895,0.003046969003925
0.119626499229887,0.0961258955911374,0.1636978243223336,0.1554459825455147,0.1032079300501159,0.1116389145435609,0.1226240459835227,0.0667011807842311,0.057254541971728,0.0036771849779683
0.119626499229887,0.0961258955911374,0.1636978243223336,0.1554459825455147,0.1032079300501159,0.1116389145435609,0.1226240459835227,0.0667011807842311,0.057254541971728,0.0036771849779683
0.0911788057558499,0.0732667462362863,0.1247697811323421,0.1184802626448815,0.2183612138442039,0.1831984112701938,0.0934635230630797,0.0508393545373582,0.0436391668625884,0.0028027346532158
0.0670421546902868,0.0538717358064536,0.0917410016286711,0.0871164305140543,0.1605571180226022,0.1347025344933641,0.0687220667034472,0.3020990537051833,0.032087103478751,0.0020608009571859
0.0955848468405436,0.076807221365159,0.1307990417400033,0.1242055943226892,0.0824659607200576,0.1920511234768932,0.1961040251788004,0.0532960689344596,0.0457479459862504,0.0029381714351433
0.1262356486066948,0.0461884735958103,0.1727418353112838,0.1640340940867015,0.1089099829477897,0.1178067642025664,0.1293988044384719,0.0703863013072792,0.0604177526552128,0.0038803428481894
0.0993089295346879,0.0363362324372598,0.135895105225539,0.1290447704015574,0.0856789182894293,0.0926779699239554,0.1017973678092351,0.2686777283840881,0.047530332416437,0.0030526455778105
0.1336855742955085,0.1074230679615236,0.0654116156554715,0.1737147336276385,0.1153374167882807,0.1247592506724,0.1370354069982723,0.0745402207431704,0.0639833680145385,0.0041093452431959
0.0978956147446398,0.078664039342066,0.0478997854463915,0.2895907645642206,0.0844595789713927,0.1966939678894219,0.1003486388159123,0.0545845037604703,0.0468539046058181,0.0030092018596665
0.1175529662184514,0.0944597077561244,0.057518019322301,0.1527515763865268,0.1014189865352714,0.1097038334690737,0.2411743138073199,0.0655450230671015,0.0562621265487467,0.0036134468890829
0.1168738882626361,0.0939140345390765,0.0571857502163786,0.1518691637041674,0.1008331110761253,0.2348255219093104,0.119802461334671,0.0651663837038415,0.0559371124626237,0.0035925727911692
0.1038622849660804,0.083458558302541,0.0508192443433185,0.1349615264168912,0.089607332076356,0.0969272931187671,0.1064648191631814,0.2809967131880129,0.049709617786628,0.0031926106382232
