0.001087340912992,0.0012781470351322,0.051893506424867,0.1486966417833146,0.1428546325852574,0.1497338597035056,0.1438882068401177,0.1429447806114086,0.2096494663681415,0.007973417735263
0.001362676191956,0.0016017980320461,0.0650339234708818,0.1863494430871461,0.1859435113748009,0.187649304196782,0.1803234214968853,0.177267899325319,0.0044755849543841,0.0099924378697983
0.0010827246280655,0.0012727206864852,0.0516731935417333,0.1480653530514381,0.1422481459910352,0.1490981674829042,0.1490111802030064,0.1408495440794833,0.2087594035921779,0.0079395667436706
0.0010813737865274,0.001271132799847,0.0516087244288742,0.1478806220274363,0.1475584883353372,0.1489121478869063,0.1430985748887079,0.1421603260092087,0.2084989487484158,0.0079296610887388
0.001100115588326,0.0012931634050746,0.0525031797008386,0.142182051564143,0.1501158944575627,0.1514930149246213,0.1455786841364419,0.1355542595349493,0.2121125428833394,0.0080670938047031
0.0703933368807644,0.0012819761892386,0.0609575432281433,0.1654612695879149,0.1747066596055229,0.1763114324741346,0.1694194010129094,0.1683071004022571,0.0039855725602112,0.009175708058903
0.0580252670338503,0.0010567336911107,0.0502473370388985,0.1363898172331449,0.1440107974050679,0.1222083273016525,0.1396525071846017,0.1372829983888288,0.2035626734285264,0.007563541294318
0.0569765842597268,0.0010376354865638,0.0493392237377131,0.1339248625813237,0.141408109813154,0.1366461516056602,0.1371285863802007,0.1362282868309362,0.1998837128654582,0.0074268464392629
0.0570348336858872,0.0010386963025541,0.049389665186727,0.1340617792900968,0.1303904336997915,0.1428529129840221,0.1427694629879132,0.1349397147356343,0.2000880619278758,0.0074344391994975
0.0520424463279888,0.0412326654135879,0.0441854081172465,0.1239978372505363,0.1389025232554072,0.1402387925945255,0.1344999054871923,0.124772847065144,0.1990600929097217,0.0010674815786494
0.0692941742582328,0.0560046223940671,0.0596347262428446,0.1577561798385295,0.1619768411019723,0.1490034201022744,0.1706674295314917,0.1677247253608925,0.0013123625645922,0.0066255186051027
0.0579953568381219,0.0010561889782098,0.050221436120859,0.129189551038013,0.1325863378921021,0.1452586976846669,0.1354628123010254,0.1372122333314341,0.2034577432883223,0.007559642527245
0.0679552084037285,0.0549224495002736,0.0584824091391828,0.1547078696392673,0.1588469753985761,0.1742886971357809,0.1673696362744846,0.155642256389709,0.0012870038864417,0.0064974942325551
0.0577575281780765,0.0010518577347596,0.0500154869292448,0.1286597676296445,0.132042624864019,0.1446630175593299,0.1390081257902387,0.1366495503275835,0.2026233992114818,0.0075286417756211
0.0676963401044582,0.0547132281406771,0.0582596264835673,0.1541185260990442,0.1582418643654179,0.1736247624695589,0.1617335986166501,0.1638572098376485,0.0012821011789809,0.0064727427039967
0.049183759143175,0.0389677585821397,0.1296069708054644,0.1171866465148291,0.1204311711064775,0.1104581880016946,0.1271118370295395,0.1179190851057253,0.1881257388053332,0.0010088449056214
0.0535140077354085,0.0423985675459604,0.0454348025240091,0.1275040220050232,0.1310342018269795,0.120183174896304,0.1383030485786826,0.1358417577437574,0.2046887512675012,0.0010976658763738
0.0658344598167785,0.0532084277217288,0.1652301132888389,0.1498797408815968,0.1086713705946633,0.141563988290405,0.1572853729274149,0.1507849672567382,0.001246839022884,0.0062947201989514
0.068487629131857,0.0553527601599041,0.1718889887125144,0.1105624839298257,0.1130508938214311,0.1472691042873698,0.1686809568591032,0.1568616943904322,0.0012970874041354,0.0065484013034268
0.0660251592082986,0.0533625539167111,0.1657087271052609,0.1065872143110316,0.1089861535260603,0.1693385870915155,0.162616039906833,0.1598121604545333,0.0012504506792057,0.0063129538005495
0.0529920401800642,0.041985018316729,0.1396423926147304,0.0882507738337307,0.0903360616383008,0.1190109263459001,0.1369540615149552,0.1270495180681228,0.2026922480783956,0.0010869594090707
0.0583677291598313,0.0010629704787198,0.1431057293464847,0.0928483111191291,0.094887577127956,0.1229295945309077,0.1363325819631486,0.138093235547442,0.2047640898023973,0.0076081809239829
0.0733832388925964,0.0013364271267445,0.1799206869051795,0.1167341935981677,0.1192980751615828,0.1545540991963047,0.1766153577664566,0.1644376256175782,0.0041548566422581,0.009565439093131
0.0680762545610938,0.055020280875105,0.1708565284003841,0.1098983845158777,0.1591299237763789,0.1106595134154725,0.1626412537741274,0.1559194963173345,0.0012892963799624,0.0065090679842635
0.0722257530037565,0.058373969636011,0.1812708630768007,0.1165970958116136,0.1192213256248134,0.1553072005291012,0.123306725049345,0.1654233638746913,0.0013678837428436,0.0069058196510234
0.0888399734779076,0.0718018393521447,0.0764558861475595,0.1434181364501115,0.0642393745011313,0.1910327965042582,0.2122479382108206,0.1417871370200678,0.0016825405119524,0.008494377824046
0.0776508365620136,0.0627586059981415,0.0668264891020529,0.1253550382507212,0.1281763814953579,0.1669727700112988,0.1855159261695556,0.1778487874138753,0.0014706294158797,0.0074245355811032
0.0809494922615987,0.0654246305065633,0.0696653198078071,0.1306801980262662,0.133621393681855,0.1315852566016103,0.1933967577782955,0.1854039142127805,0.0015331026656147,0.0077399344576088
0.0776508365620136,0.0627586059981415,0.0668264891020529,0.1253550382507212,0.1281763814953579,0.1669727700112988,0.1855159261695556,0.1778487874138753,0.0014706294158797,0.0074245355811032
0.0777691414706791,0.062854221853415,0.0669283025794046,0.1770504201697572,0.1283716645827947,0.1672271613247785,0.1327706219158405,0.1781197488803942,0.0014728699928835,0.0074358472300524
0.083677974446145,0.067629831969604,0.072013457871009,0.1350849025182399,0.0605067800845162,0.1799329382761926,0.1999153855473474,0.1916531353350075,0.0015847773975166,0.0080008165544216
0.0013184302703083,0.0015497878548377,0.0629222802945202,0.115393562346682,0.1179229176665834,0.152704170132868,0.1218606165359369,0.1624546010770083,0.254205649130918,0.0096679846903369
0.0013392036848683,0.0015742065793722,0.0639136945870004,0.0532400108943092,0.1197809314804247,0.1551102033548431,0.1719962133775461,0.1650142637693493,0.2582109571489674,0.0098203151233189
0.0885613260425002,0.0715766321890878,0.0762160815217497,0.0628480052931678,0.1461860659220686,0.1904336202917861,0.151195475660323,0.2028377947460337,0.0016772632073758,0.0084677351259069
0.0870186226274186,0.0015847494545919,0.2133518579028994,0.1384246442883542,0.0638478368221834,0.1393601922564189,0.2032539842210837,0.1368884402927653,0.0049268730527531,0.0113427990815311
0.0926436892003073,0.0748760611753748,0.2325154228448838,0.0657450755247875,0.0669898066458216,0.1505944419829956,0.1581650510612899,0.1478578047747288,0.0017545790949049,0.0088580676949053
0.1016338046516669,0.0821420114016688,0.0874662867737515,0.0721249576778854,0.0734904771287086,0.1652080808767683,0.1735133395597844,0.2327785471199939,0.0019248429171674,0.0097176518926047
0.1016338046516669,0.0821420114016688,0.0874662867737515,0.0721249576778854,0.0734904771287086,0.1652080808767683,0.1735133395597844,0.2327785471199939,0.0019248429171674,0.0097176518926047
0.0696219269631978,0.0562695171947727,0.0599167909769317,0.049407562305512,0.3287795698767286,0.1497081874872722,0.1188613679806162,0.1594596508684545,0.0013185698740095,0.0066568564725045
0.0015009296310915,0.0017643121260313,0.0716320893692815,0.3925093354435707,0.0607342095331396,0.1322526009459588,0.1387287703725857,0.1849418433078095,0.0049296656932562,0.011006243577275
0.0931843569501533,0.0753130372053933,0.0801946725871789,0.150431458913215,0.0673807585642356,0.1514733098129479,0.2226271222502058,0.1487207016141656,0.0017648188029666,0.0089097632995377
0.1017632753897712,0.0822466516528332,0.0875777095896802,0.0722168372600609,0.0735840962385127,0.165418538531534,0.2431230508238505,0.162412514394643,0.0019272949638469,0.0097300311552672
0.1016338046516669,0.0821420114016688,0.0874662867737515,0.0721249576778854,0.0734904771287086,0.1652080808767683,0.1735133395597844,0.2327785471199939,0.0019248429171674,0.0097176518926047
0.0024325521059576,0.0028594153175742,0.0568778655640193,0.0967060515778758,0.217572099314317,0.2143413896862819,0.0836486614009199,0.2997346851570542,0.0079894942543556,0.0178377856216439
0.0016067738182463,0.0018887298062468,0.0375695406491699,0.0638772552336083,0.4043124768812537,0.1861009019833479,0.1485117965924065,0.1390728299937762,0.0052773012168938,0.0117823938250501
0.002607625719815,0.0030652107749216,0.0609714319252078,0.1036660989660284,0.1055159972663604,0.229767789638695,0.2410191005682229,0.2257006457916028,0.0085645074795922,0.0191215918695536
0.0016816439154643,0.0019767380763632,0.039320151176238,0.0668537141819996,0.4231520385586984,0.1481760217655041,0.1554319321601063,0.1455531423960423,0.0055232051833829,0.0123314125862004
0.0802438278521028,0.0635763139280384,0.0280616866405339,0.0550106893968385,0.0561783507899316,0.1346064573240885,0.1417083187570863,0.1320392638467209,0.3069291502363663,0.0016459412282924
0.002607625719815,0.0030652107749216,0.0609714319252078,0.1036660989660284,0.1055159972663604,0.229767789638695,0.2410191005682229,0.2257006457916028,0.0085645074795922,0.0191215918695536
0.0009940980707805,0.0011685419785249,0.0232439733927285,0.2599673995669235,0.2501448857928388,0.0875937503882014,0.0918830570949894,0.0860432441858512,0.1916713769955112,0.0072896725336503
0.0016816439154643,0.0019767380763632,0.039320151176238,0.0668537141819996,0.4231520385586984,0.1481760217655041,0.1554319321601063,0.1455531423960423,0.0055232051833829,0.0123314125862004
0.0017451533865553,0.0020513921624994,0.0408051278597429,0.0693785317067594,0.0706165760545642,0.1537720820753958,0.161302021369462,0.1510501462529249,0.3364818447005082,0.0127971244315875
0.0016108662461794,0.0018935403716975,0.037665229685075,0.1409885670837952,0.0651827281563991,0.1419395329535548,0.1488900538292775,0.1394270463294768,0.3105900319456137,0.0118124033989307
0.0017547351509931,0.0020626553308959,0.0335808901877567,0.0697594545259061,0.0710042963560385,0.0565753904580459,0.060340432640364,0.1518794870609199,0.0057632666418284,0.5472793916472513
0.0019418449571277,0.0022825990864353,0.0454041646825068,0.0771980004540554,0.0785755814690002,0.1711033221638633,0.0667746153983881,0.1680746042349922,0.3744058134548341,0.0142394540987965
0.0453132797907223,0.0964804986243224,0.0295985180621683,0.0525687844692553,0.0535640529589712,0.0420279404716353,0.1264664222140093,0.1182249013976635,0.0014029353459263,0.4343526666653255
0.0015818464582531,0.0018594282036967,0.0369866898123536,0.0628862686252252,0.0640084599935157,0.051001190105356,0.1462077965054935,0.1369152652767301,0.0051954295895795,0.493357625429796
0.0021532789277276,0.0025311354005016,0.0503479078919514,0.085603552966609,0.08713112918212,0.189733571018258,0.0740452381209386,0.0774920430352176,0.4151722543922901,0.0157898890643856
0.0030036843399147,0.0035307695936604,0.0702320635451135,0.1194114000633474,0.1215422697326097,0.2646660164110967,0.277626230058986,0.1080963702080677,0.0098653256869081,0.0220258703602956
0.0505972559259262,0.1159188916410464,0.0229329720637469,0.0598598549951031,0.0611304451738539,0.1464719512729383,0.1541998383479001,0.0531129544156005,0.3339848060143564,0.0017910301495278
0.0696288000113399,0.0020236320130456,0.0383717435869987,0.0800943368451754,0.0815299391223673,0.0648899374264556,0.1866862948159789,0.0724712133566528,0.3898200143293715,0.0144840884926139
0.0463041114383836,0.0013457431727544,0.0620775492788134,0.3516902473551106,0.0542185329356802,0.0431527025215857,0.1241489584449276,0.0481943554792672,0.2592356809463869,0.0096321184270902
0.0548099381646965,0.0015929492607235,0.0734808752763843,0.0630481302149609,0.0641781981183166,0.1400812693677927,0.1469544825329986,0.1375967280721418,0.3068559400316281,0.0114014889603565
0.0924702363781658,0.0026874760236896,0.123970107130286,0.2347455691085919,0.108275494354562,0.0861768097599197,0.0919431845814609,0.2321404182478811,0.0083551713254547,0.019235533089988
0.074269003872483,0.0021584909374984,0.0995686474605503,0.0854319852180347,0.086963258930446,0.0692143339139225,0.0738456934813384,0.077300841383913,0.415798407398725,0.015449337403088
0.0511144056358124,0.0014855454575633,0.068526464198255,0.1297593767529224,0.0598510153712984,0.0476356131767049,0.2916274802483502,0.0532010173351854,0.2861663325254003,0.0106327492985072
0.044524355849836,0.0012940178754091,0.059691522167607,0.1130298316792357,0.3253866289764242,0.041494075218567,0.0442705807686108,0.1117754533137427,0.2492716380658919,0.0092618960846751
0.0673270582344802,0.0019567361546557,0.0902619366945439,0.1709169265776009,0.078834777538192,0.0627448497637648,0.0669433147901116,0.0700755090019093,0.3769336079531039,0.0140052832916374
0.1395319321257175,0.0040552369801824,0.0768946688849234,0.1605042392015266,0.1633810999181847,0.1300355362027733,0.1387366431937869,0.1452279577057481,0.0126074426101215,0.0290252431770353
0.0046562263268337,0.0054732989474028,0.089107592608634,0.1851081677626669,0.1884113815262517,0.1501239787397881,0.1601145967091309,0.167567929196001,0.0152929482554996,0.034143879927791
0.0488292451977874,0.0014191315050525,0.0269093144786501,0.0561685109054055,0.0571752692523552,0.1247960293081117,0.2785897549297264,0.1225825935664982,0.2733727575312781,0.0101573933251343
0.0019958602217957,0.0023460929268329,0.0381953726180855,0.1746845670383407,0.1785135444089817,0.0643496377694775,0.0686320492324375,0.071826870271233,0.3848204601199886,0.0146355453928264
0.0014675264359547,0.0017250473523822,0.0280844913065853,0.0583414788360565,0.0593825694492283,0.0473153347812368,0.2883476864084362,0.0528132330029036,0.0048199559628998,0.4577026764643161
0.0032101473991313,0.0037734627029226,0.0614335486672909,0.2809631668704592,0.2871217052357545,0.1035001449825332,0.1103879880637799,0.1155265475362223,0.0105434346660776,0.0235398538758284
0.0015400643711003,0.0018103142136151,0.0294726714163825,0.0612252227362842,0.137746294304994,0.3515912180127226,0.0529585051018152,0.0554237228561246,0.2969387702752046,0.0112932167117563
0.0027618333334563,0.0032464786751867,0.0528540286180472,0.241725174347531,0.2470236402520078,0.0890458022294169,0.0949717215883072,0.2390479439564982,0.0090709882411543,0.0202523887583938
0.002231770758933,0.1003383273726884,0.0427100629616739,0.0887239938642171,0.0903072536481303,0.0719557604052259,0.0767443526004022,0.080316801260155,0.43030621130484,0.0163654658237337
0.0027813283364491,0.1250459224078134,0.0650329416675222,0.2434314442155438,0.248767310497304,0.0896743514470447,0.095642100200286,0.100094238775948,0.0091350177902104,0.020395344661878
0.0032101473991313,0.0037734627029226,0.0614335486672909,0.2809631668704592,0.2871217052357545,0.1035001449825332,0.1103879880637799,0.1155265475362223,0.0105434346660776,0.0235398538758284
0.0024773890941725,0.0029121202814603,0.0474105343342956,0.2168296339468442,0.3114282695660978,0.2182921467285606,0.0851904799857045,0.0891560957702727,0.0081367572292568,0.0181665730633346
0.0025103887327157,0.002950910682576,0.0480420582640056,0.2197178760734185,0.3155765966706274,0.0809388372225244,0.0863252452324978,0.2172843878078098,0.0082451415149998,0.0184085577988245
0.0019701830012608,0.0023159098785313,0.0377039799867691,0.1724372081787834,0.1762169248370281,0.4497857713741839,0.0677490814551052,0.0709028003548397,0.0064708853430317,0.0144472555904663
0.001118369298402,0.0013146202684511,0.0214025669786929,0.1369914936170086,0.1000290828163836,0.2553197328578353,0.2197433666908052,0.0402477917212948,0.2156320283831889,0.0082009473679372
0.0014237939698524,0.0016736407316805,0.0332911109323384,0.174403627506292,0.1273468478858794,0.0459053320557383,0.2797548903179744,0.051239392242381,0.2745207528119006,0.0104406115459628
0.0014324510463081,0.00168381694824,0.027413243108617,0.1754640516754007,0.1281211533134034,0.0461844496652679,0.2814558804370521,0.0515509424705567,0.2761899178709424,0.0105040934642114
0.0598829366149654,0.0017403865577102,0.0330008945817207,0.2246270810875826,0.1553580904015883,0.0558073671989846,0.059541622365418,0.0623275006195609,0.3352573533585074,0.0124567672139616
0.0829952891050904,0.0024121042433258,0.0457378836336499,0.2950406325772594,0.3027981496063702,0.0773467173905453,0.0825222415824044,0.0863833543498165,0.0074990600958647,0.0172645674156732
0.0387220280475969,0.0011253839726436,0.0519126386325103,0.1376532544560614,0.1412725778564605,0.2567236761343351,0.0385013244433466,0.3225354742033524,0.0034987385247252,0.0080549037289675
0.0291073268173155,0.0666852184283779,0.0131927611594013,0.1196828647121806,0.1229965016265065,0.2286966501710789,0.1959207517581353,0.0305545447893727,0.1921330460076656,0.0010303345299652
0.0353626170622772,0.0010277489191346,0.0194879887956985,0.1257108568467141,0.140060776543622,0.234451073657594,0.2017574259267881,0.0368062032600378,0.1979792253736372,0.0073560836144961
0.0437216500374108,0.0012706887188128,0.0240945692610354,0.1554264515908296,0.1595130864873787,0.0407460007158951,0.0434724501314769,0.0455064718571922,0.4771537128891279,0.00909491831084
0.0569571215226585,0.0016553531651473,0.0313885067984086,0.202477337509441,0.2078010835305155,0.0530806799915323,0.0566324835157772,0.059282246791229,0.3188770440465217,0.0118481431287685
0.0017270476330801,0.0020301092190851,0.0330510258956551,0.2232085230189076,0.2171041509359756,0.0556827018173393,0.0593883363603867,0.0621528626798712,0.3329908866128284,0.0126643558268705
0.0010549386493911,0.0012400588360604,0.0201886757212196,0.1363432561418164,0.1439512907840683,0.2408387413073777,0.2072801630022345,0.0379650542089335,0.2034020078278891,0.007735813521009
0.0016955784762049,0.0019931178679113,0.0324487912503131,0.2191413601380342,0.2313695781420564,0.0546680872547985,0.0583062000963457,0.0610203529861881,0.3269233397495481,0.0124335940385993
0.0012901932066059,0.0015165957631755,0.0246908123812885,0.1667482208014874,0.1621879416052806,0.2945465199342416,0.0443661348165271,0.0464313778408443,0.2487612799673222,0.0094609236832266
0.0012901932066059,0.0015165957631755,0.0246908123812885,0.1667482208014874,0.1621879416052806,0.2945465199342416,0.0443661348165271,0.0464313778408443,0.2487612799673222,0.0094609236832266
0.0012686186039441,0.0014912352583911,0.0242779327724093,0.1734868281478149,0.1666708595178156,0.2896211148860326,0.0436242445900066,0.0456549526334996,0.2446014954130063,0.0093027181770794
0.0016742595947302,0.0019680579581593,0.0320408054540956,0.2289592677284859,0.2284605174984525,0.0539807333581838,0.0575731034060184,0.0602531306540371,0.3228128606244272,0.0122772637234097
0.0012605034123674,0.001481696016439,0.0241226299296772,0.1723770550118357,0.1720015598563324,0.2877684455142748,0.0433451858554604,0.0453629037183284,0.243036810811139,0.0092432098741452
0.0012686186039441,0.0014912352583911,0.0242779327724093,0.1734868281478149,0.1666708595178156,0.2896211148860326,0.0436242445900066,0.0456549526334996,0.2446014954130063,0.0093027181770794
0.0013257282510552,0.0015583664821501,0.0253708571303739,0.1812967179784781,0.1741739135808423,0.0427435407572824,0.260486397132175,0.0477102103962848,0.255612767865134,0.009721500426224
0.0016886070563389,0.0019849231062446,0.0323153771081048,0.2309213196791154,0.2218488587451368,0.0544433178354692,0.0580664724710152,0.0607694660428779,0.3255791849980163,0.0123824729576804
0.0016742595947302,0.0019680579581593,0.0320408054540956,0.2289592677284859,0.2284605174984525,0.0539807333581838,0.0575731034060184,0.0602531306540371,0.3228128606244272,0.0122772637234097
0.0510048917058726,0.0014823626381773,0.0281082917686594,0.2024567453547487,0.1944923837974715,0.0475335526491652,0.0507141795711661,0.1280444103642943,0.2855532137910341,0.0106099683594107
0.0017215168255179,0.0020236078677582,0.0329451811809758,0.2159325147023399,0.226172537665301,0.0555043799793112,0.0591981473618004,0.0619538203857644,0.3319244953457126,0.0126237986855181
0.0354403998251052,0.0010300095309633,0.0195308541076131,0.1290149409191731,0.1351417013973693,0.2349667666060246,0.2022012067132046,0.0368871613003811,0.1984146957208963,0.0073722638792689
0.0010807792354056,0.0012704339171466,0.0206831947264657,0.1355638090083688,0.1413471639588472,0.0348460035164946,0.2123574638331833,0.0388950033101408,0.4060308472195062,0.0079253012744408
0.0013470113615649,0.0015833843438634,0.0257781583669608,0.1689577158491181,0.1761657048361876,0.0434297413423506,0.2646682200450079,0.0484761454055898,0.2597163500146796,0.0098775684346769
0.0016782702214536,0.0019727723679588,0.0392412675568808,0.2295077311571117,0.2194886137593383,0.0541100422015911,0.057711017638554,0.0603974647923833,0.3235861468517073,0.0123066734530209
0.0013470113615649,0.0015833843438634,0.0257781583669608,0.1689577158491181,0.1761657048361876,0.0434297413423506,0.2646682200450079,0.0484761454055898,0.2597163500146796,0.0098775684346769
0.0455343247716954,0.10431965849859,0.0206382219513963,0.1919647406872698,0.2005897125893866,0.0417598423456192,0.0452182254723841,0.0477982940316923,0.3005651659871319,0.0016118136648337
0.0361018994102166,0.0827098641850359,0.016363018813407,0.1521992868752951,0.1590375977448948,0.0331093001885292,0.243001060067753,0.0378968879359504,0.2383031579602463,0.0012779268186713
0.0284621656120438,0.0652071467330593,0.0402710276103542,0.1199915068140073,0.1253827227792844,0.0261028477908315,0.1915781864262054,0.029877306131678,0.3721195928420784,0.0010074972604572
0.0266394168499408,0.0610312084854912,0.0376920261834801,0.1123071171758712,0.117353073670703,0.024431192367747,0.1793093061549678,0.2644509361705717,0.1758427469266002,0.0009429760146268
0.024898790834522,0.0570434143892203,0.0112852617040164,0.0813145213101722,0.1096851951217386,0.1956301275243905,0.167593192215307,0.0261367601542184,0.3255313750153214,0.0008813617310927
0.0455343247716954,0.10431965849859,0.0206382219513963,0.1919647406872698,0.2005897125893866,0.0417598423456192,0.0452182254723841,0.0477982940316923,0.3005651659871319,0.0016118136648337
0.0305920183941408,0.0700866638005607,0.0138656907448409,0.1289705932299648,0.0893530817451217,0.0280561504223232,0.2059141768392576,0.0321130553172281,0.3999656802020702,0.0010828893044917
0.031507731303021,0.0721845725411887,0.0142807333824991,0.1028980124176327,0.0920276934476927,0.0288959570275692,0.212077819506564,0.0330742975248754,0.4119378793473294,0.0011153035016275
0.0384610609273239,0.0881147301853906,0.0174322978518768,0.1256062103245001,0.1123369591625728,0.0352729034376432,0.0381940642282216,0.0403733471000719,0.5028469909012808,0.0013614358811179
0.132500773542655,0.1387424700742323,0.0144087774759102,0.1340220702295785,0.0928528333239585,0.0291550443252408,0.2139793543510273,0.0333708487122934,0.2098425244150248,0.0011253035500788
0.1156237354374134,0.1210704075522399,0.0392506731329577,0.0905966609437049,0.0810258774180474,0.0254414751068792,0.0845433189296931,0.0787747514933875,0.3626911298697117,0.0009819701159647
0.1294270435358048,0.1355239462717701,0.0439364682447817,0.1014122051653181,0.0906988493706721,0.0284787106541419,0.0308372035714083,0.0325967175408401,0.4059896566921321,0.0010991989531303
0.1294270435358048,0.1355239462717701,0.0439364682447817,0.1014122051653181,0.0906988493706721,0.0284787106541419,0.0308372035714083,0.0325967175408401,0.4059896566921321,0.0010991989531303
0.1294270435358048,0.1355239462717701,0.0439364682447817,0.1014122051653181,0.0906988493706721,0.0284787106541419,0.0308372035714083,0.0325967175408401,0.4059896566921321,0.0010991989531303
0.1229777902970313,0.1287708889079683,0.0417471467367961,0.0350210704830427,0.0861793932193384,0.0854140925096738,0.0293006086714978,0.0837850881845829,0.3857594943025701,0.0010444266874981
0.1465626793963985,0.153466788279602,0.0497534853091856,0.0417374707492102,0.0434122377877067,0.0322491808914041,0.0349199290739226,0.0369123958316445,0.4597411040727507,0.0012447286081747
0.1383587282734147,0.1448763747088871,0.0469684982759539,0.0394011858816459,0.0969579240316699,0.0304440098555104,0.0329652609925231,0.0348461979940899,0.4340067659549382,0.0011750540313664
0.1365786038638856,0.1430123942126676,0.0463642012337411,0.1070157906558795,0.0404549292635114,0.0300523170021283,0.0325411297035789,0.0343978665559317,0.4284228317310675,0.0011599357776078
0.1465626793963985,0.153466788279602,0.0497534853091856,0.0417374707492102,0.0434122377877067,0.0322491808914041,0.0349199290739226,0.0369123958316445,0.4597411040727507,0.0012447286081747
0.1254868108412242,0.1313981015533062,0.013646045115282,0.0357355782417961,0.0371695120060289,0.027611714516755,0.2026523019107546,0.031604354208714,0.3936298462903954,0.0010657353157432
0.1370326388639317,0.1434878173798106,0.0465183320383749,0.0390235480125303,0.0405894155834062,0.095175872525424,0.0326493077886411,0.0345122170830382,0.4298470589154265,0.0011637918094161
0.112452478780585,0.1177497629247119,0.0381741298264558,0.0320237188833502,0.0788035495182847,0.2119834016336358,0.0267928547661453,0.0283216056508623,0.3527434607720071,0.0009550372439615
0.220637574757739,0.228622300347293,0.0391462775185191,0.0328392393561222,0.0341569539817496,0.0253738080272088,0.0274751653268078,0.0290428475938792,0.3617264747356221,0.0009793583550588
0.2534831320552463,0.2626565162952796,0.0449738492847082,0.0377279040319482,0.039241782304159,0.0291511196040276,0.0315652987412592,0.0902609692604013,0.2098142763562049,0.0011251520667655
0.1994255418055096,0.2066426181743626,0.0353827656616121,0.0296820843333974,0.0308731142540686,0.0229343774243857,0.0762121055048223,0.07101199418162,0.326950195535623,0.0008852031245984
0.1866982375650145,0.1934547213445649,0.0331246435606594,0.1421346952436233,0.0683798033111658,0.0214707093485523,0.0232488276258235,0.0245753628573928,0.30608428953182,0.0008287096113834
0.1214625064735577,0.2408077565412145,0.0412327548618595,0.0345895546666053,0.0359775028338526,0.0843616537533425,0.0289395781290672,0.0305908170901372,0.3810063179765344,0.0010315576738287
0.220637574757739,0.228622300347293,0.0391462775185191,0.0328392393561222,0.0341569539817496,0.0253738080272088,0.0274751653268078,0.0290428475938792,0.3617264747356221,0.0009793583550588
0.1399287135097738,0.2774182795521557,0.0152165277344864,0.2038242455138909,0.0414472402471885,0.0307894643606593,0.0333393246581613,0.0352416050426851,0.2216062117673986,0.0011883876136
0.2102266495769952,0.2178346107791011,0.0372991353588147,0.0312896988288366,0.0325452362464701,0.0241765286553163,0.0261787320657912,0.0748580822768541,0.3446581795075686,0.0009331467042516
0.1862460968677308,0.1929862179792287,0.0330444232027593,0.1417904773171242,0.0288328013348435,0.0214187121705251,0.023192524249472,0.0663190212616755,0.3053430229515809,0.0008267026650596
0.1984932269273699,0.2056765634471823,0.0352173511487197,0.0295433205191553,0.0307287823721392,0.072054219847104,0.0758558137318969,0.0261279546079069,0.3254217026006216,0.0008810647979038
0.2266683661220462,0.2348713419991349,0.0128828074895979,0.0337368498439858,0.0350905821877809,0.0260673623435944,0.0282261570378423,0.0298366895070545,0.3716137158479854,0.0010061276209771
0.1990749561970667,0.2062793451082999,0.035320563556929,0.0296299038980246,0.030818840014935,0.0722653910257839,0.024790053733808,0.0262045284849505,0.3747327710227486,0.0008836469574534
0.0918865607425564,0.1821714139706154,0.0099921907726824,0.026167047825766,0.2071614675144642,0.0638197123293891,0.0671868520838055,0.0626025526739275,0.2882318272237374,0.0007803748630557
0.1780232515242183,0.1844657933874608,0.0315854976948877,0.1355303667120169,0.0275598207452689,0.0646234972436411,0.0221685643209882,0.0633910079269576,0.2918619970580045,0.0007902033865556
0.1943714400649322,0.2014056118875196,0.0344860495444199,0.147976358845234,0.0300906875945953,0.0223531445702075,0.0242043426032827,0.0255853977574173,0.3186641979779467,0.0008627691544444
0.1590854787781565,0.1648426753695401,0.0282254929073351,0.0236779529570855,0.1874555935766774,0.0577489733015293,0.0607958197488576,0.0566475938392691,0.2608142764587414,0.0007061430628078
0.2167591790944858,0.2246035481507847,0.0384581592180571,0.0322619869835689,0.0335565386520479,0.0786848689303981,0.0828362970797316,0.1124603293142336,0.1794169495087445,0.0009621430679474
0.2102266495769952,0.2178346107791011,0.0372991353588147,0.0312896988288366,0.0325452362464701,0.0241765286553163,0.0261787320657912,0.0748580822768541,0.3446581795075686,0.0009331467042516
0.1503670241980371,0.1558087057758802,0.0266786347037825,0.1144754842778629,0.1771823549948794,0.017292539631171,0.0574639908653385,0.0535431026075494,0.2465207190541516,0.000667443891347
0.2182902181507387,0.2261899944818162,0.0387298014342734,0.1661858946082166,0.033793559162476,0.079240645197737,0.0271828578586482,0.0287338616006255,0.180684228514871,0.000968938990597
0.2246852026122818,0.2328164091343906,0.0398644215765273,0.0334416798972938,0.0347835681861283,0.0815620625248857,0.0858652919371761,0.080006523518236,0.1859775157889741,0.000997324824106
0.199809198726507,0.2070401593815613,0.0354508353923357,0.0297391870343907,0.0309325082707481,0.0725319254232359,0.0248814861877248,0.0711486077908646,0.3275791857051021,0.0008869060875296
0.1361337094325974,0.1425465421978541,0.0462131733687867,0.1982963318830792,0.0403231504032923,0.0945515220518775,0.0324351294445092,0.0927482500877225,0.2155960337553913,0.0011561573748894
0.1045340427607759,0.1094583141796265,0.0113675393775147,0.1522673357155086,0.2356756584264294,0.0726040074164078,0.0764346081944241,0.0712193150474423,0.165551391389936,0.0008877874919343
0.1275729342746219,0.13358249572921,0.0433070556394186,0.1858264570888217,0.0377874270640651,0.0886056448367176,0.0932804949465955,0.0869157717206374,0.2020382663396359,0.0010834523602761
0.1499970071280193,0.1570628964364809,0.0509193330887556,0.0427154833908463,0.0444294943822235,0.1041802606150431,0.1096768303164525,0.1021933508423755,0.2375514481076542,0.0012738956921487
0.1229679841235174,0.1287606207963269,0.0417438178449399,0.0350182779243784,0.2772356244750061,0.0854072816423647,0.0292982722589472,0.0837784072130787,0.1947453703158852,0.0010443434055551
0.1473510865446642,0.0809945769224214,0.0500211250905435,0.0419619898452361,0.0436457659869386,0.1023425393083414,0.1527973603709626,0.1462730488075396,0.2333610827251142,0.0012514243982379
0.1230360978821879,0.0676293397479145,0.0417669403540625,0.0350376750589139,0.2773891893281259,0.0854545899804818,0.0899631898568892,0.0838248132939085,0.1948532426149267,0.0010449218825888
0.0407030788484093,0.0932512188683356,0.018448482097638,0.0483119592433573,0.1188854388344844,0.1178296979281026,0.1240464144513123,0.1684080664061678,0.2686748450009784,0.001440798321214
0.1544370232708746,0.0848895088207654,0.0524265809014039,0.0439798915242923,0.0457446384377819,0.1072640690706537,0.1601452018623956,0.1052183453814023,0.2445831368363262,0.0013116038941038
0.0391763515768153,0.0897534692389797,0.0177565000281028,0.0464998313206595,0.1144261780905979,0.1518355372103764,0.169321128709496,0.1112470982192318,0.258597150029009,0.0013867555767313
0.1347368552966584,0.0740609034281026,0.0146519398631924,0.1962616334054802,0.0399093986613491,0.0935813385081544,0.0985187071308144,0.1337511047467481,0.2133838247977535,0.0011442941617467
0.1541937491644734,0.0847557881690471,0.0167677769758225,0.0439106130016712,0.0456725800297467,0.1433809827904367,0.1127454606379978,0.1530656497094508,0.2441978617073806,0.0013095378139727
0.0367430069514666,0.0841786488897483,0.0166535978391721,0.1199953861860776,0.0453615754306329,0.1424046388868466,0.158804155027162,0.1520233586675396,0.2425350115238508,0.0013006205975029
0.0398602450787129,0.0913202770685691,0.0240555529398992,0.1301756687472454,0.0492100038576015,0.1153898125116506,0.1722769327851087,0.1131891159037504,0.2631114272242019,0.0014109638832599
0.0404556633871522,0.0926843872186948,0.0244148863211105,0.0480182928667927,0.1181627884473836,0.1171134649086977,0.1232923928461391,0.1673843905416346,0.2670416930973672,0.0014320403650272
0.0404556633871522,0.0926843872186948,0.0244148863211105,0.0480182928667927,0.1181627884473836,0.1171134649086977,0.1232923928461391,0.1673843905416346,0.2670416930973672,0.0014320403650272
0.0395453089339187,0.0905987547611993,0.023865489805846,0.0469377601777196,0.0488211951869669,0.1532655028980607,0.1709157712332622,0.1636178196199538,0.2610325815377874,0.0013998158452847
0.0411410632470266,0.0942546461316265,0.024828523331662,0.0488318187973244,0.0507912552241984,0.1190976012623564,0.1778126595488751,0.1702202169307486,0.2715659135329091,0.0014563019932727
0.0416440774969728,0.0954070575275879,0.0251320911069029,0.0494288646383217,0.0514122582594632,0.1613996869000278,0.1269141952595542,0.1723014269916307,0.2748862342423303,0.0014741075772082
0.0013961822068806,0.0016411836682558,0.0326454934598698,0.1376538634402601,0.1240459567970912,0.1230229082226563,0.1793140621414755,0.1208452667655314,0.2691969474594511,0.0102381358385275
0.0012833640478809,0.0015085682265746,0.0612487396256406,0.1265307769433899,0.0528872027421345,0.1767275102020765,0.1648246335598334,0.1581338043659479,0.2474445544902239,0.0094108457962973
0.0010123207416982,0.0011899623560049,0.0483131576175056,0.0998077904507982,0.0899411941870119,0.117249734210954,0.130014079458546,0.1247363368076478,0.3803121256815778,0.0074232984882551
0.0012363174344692,0.0014532658933995,0.0590034330192432,0.1218923077908809,0.1098425250714982,0.1431936387559442,0.1636023225148954,0.1523368054757212,0.2383735287628409,0.0090658552811069
0.0011938768118504,0.0014033778083276,0.0569779480069229,0.1177079573232219,0.106071822641774,0.1644045403910879,0.157986139942491,0.1553091157967241,0.2301905810064696,0.0087546402711301
0.0012259054170614,0.0014410267795939,0.0585065179433954,0.1208657552282289,0.1089174533615282,0.141987690657295,0.1622244965759394,0.1594756548450967,0.2363659947251747,0.0089895044666862
0.0010305497233426,0.0012113901516151,0.0240962849172936,0.1016050413665875,0.0915607761143312,0.119361064310888,0.1323552586622631,0.1340622120542151,0.3871604519803541,0.0075569707191094
0.0012280180375064,0.0014435101217784,0.0287134835370702,0.154032199399973,0.1091051523761408,0.1422323800876936,0.1577164510499324,0.1597504815358179,0.2367733276450015,0.0090049962090854
0.0011787859700548,0.0013856388320156,0.027562340707656,0.1162201051893894,0.1541647436621915,0.1623264341033291,0.1559891635207192,0.1452478821467387,0.2272809260015989,0.0086439798663066
0.0011477494822477,0.0013491560744944,0.0268366464145099,0.1439639905206759,0.1501057097845317,0.1580525094717098,0.14740742359296,0.1414236220708823,0.2212968017688374,0.0084163908191505
0.0011462959611447,0.0814498999668614,0.0268026602245794,0.1130168160859729,0.101844428737226,0.157852350237097,0.1472207453985977,0.1412445218209433,0.221016549347586,0.0084057322199913
0.0010832304942709,0.0769687919961883,0.0253280652353102,0.1358712741943711,0.1416677460697764,0.1254626940957412,0.1433442736798044,0.1334737086854666,0.208856939313257,0.0079432762358136
0.0010581469779151,0.0751864862328909,0.0247415631547748,0.1327250099906249,0.1383872575270171,0.1457136664717783,0.140024963106139,0.1303829630199952,0.2040206034817019,0.0077593400371624
0.0010478033073924,0.0744515181636283,0.0500065683305764,0.131427587418788,0.1370344849667977,0.1213594212156715,0.1386561815346223,0.1363066972946558,0.2020262473607594,0.0076834904071079
0.0010752290242173,0.0764002486552538,0.0251409750854609,0.1348676374454493,0.1406212926752998,0.1245359421302515,0.1422854363231549,0.1398744555322658,0.2073141812813992,0.0078846018472472
0.0010505104786826,0.0746438758428422,0.0245630067424929,0.1317671520955619,0.1373885359808085,0.1446620712535264,0.1390144224670642,0.1366588679501323,0.2025482152271123,0.0077033419617763
0.0011337370035827,0.0013326846920177,0.0265090070287914,0.1422063836762424,0.1482731208020253,0.1561229007450923,0.1500278178854898,0.1474856449381516,0.2185950652301834,0.0083136379984231
0.0011329699592136,0.001331783047028,0.0264910720187244,0.1421101721161468,0.1488493675899998,0.1560172737861682,0.1499263146333619,0.1473858616258673,0.2184471719239106,0.0083080132995789
0.0011329699592136,0.001331783047028,0.0264910720187244,0.1421101721161468,0.1488493675899998,0.1560172737861682,0.1499263146333619,0.1473858616258673,0.2184471719239106,0.0083080132995789
0.0011242390327772,0.0013215200213245,0.0262869257400573,0.153742553727426,0.1477023002137167,0.1482482481182642,0.148770948056085,0.1477955073472993,0.2167637679000157,0.0082439898430338
0.0011329699592136,0.001331783047028,0.0264910720187244,0.1421101721161468,0.1488493675899998,0.1560172737861682,0.1499263146333619,0.1473858616258673,0.2184471719239106,0.0083080132995789
0.0014427703084302,0.0016959470301018,0.0337348151522323,0.1809689084760933,0.189550875767734,0.1986787808364819,0.1909223042026,0.1876871873847458,0.0047386467329219,0.0105797641086583
0.0011120344722275,0.0013071738096669,0.0260015590453358,0.1520735489594632,0.1460988674794536,0.153134322143552,0.1530449800787423,0.144662404783165,0.2144106148309695,0.0081544943974237
0.0011123077124461,0.0013074949979632,0.026007947940514,0.1521109152559219,0.1517795665635228,0.1531719490847155,0.147192072224994,0.1446979500725368,0.2144632980928022,0.0081564980545831
0.0007887397811357,0.0560437953643604,0.0184422915860911,0.1078621757853864,0.1036244753537994,0.1040074996201607,0.1085511889298025,0.1026056262974291,0.1520763839957171,0.2459978232861173
0.0011397713472928,0.0013397779398021,0.0266501018852877,0.1558666373335784,0.1497429326012285,0.132011409059103,0.1568622983344509,0.1482706409919539,0.2197585429615809,0.0083578875457213
0.0010264759609871,0.0729361065333413,0.0240010323194041,0.1403732044351119,0.1400674244215002,0.1413523630859636,0.1412698948854514,0.133532264221144,0.1979141361180997,0.0075270980189965
0.0405359866529258,0.0863087426592303,0.0264780024455455,0.1687610848726299,0.1683872212410564,0.1699582586341525,0.169857428430868,0.1621221933331749,0.0012550265335026,0.0063360551969139
0.0012941534190806,0.0919558910603,0.0302598591863271,0.1672600498676844,0.1765932599557177,0.1706540794096136,0.1781093025338307,0.1701329126473691,0.0042505281924592,0.0094899637276173
0.0012932408138721,0.0918910460242395,0.0302385206767711,0.1671421021882036,0.1764687307256942,0.1780876046081458,0.1711350134048407,0.1700129390956098,0.0042475308243653,0.0094832716382575
0.0012941534190806,0.0919558910603,0.0302598591863271,0.1672600498676844,0.1765932599557177,0.1706540794096136,0.1781093025338307,0.1701329126473691,0.0042505281924592,0.0094899637276173
0.0418092570592429,0.0890197749273077,0.0218151899590475,0.1643410749500214,0.1736764095231612,0.1677358770627109,0.1683377133899801,0.1654351789543137,0.0012944480025774,0.0065350761716369
0.0417881394792504,0.0889748116261116,0.0218041712504788,0.1642580673569567,0.1596850602462582,0.1752082533050138,0.1751043084662054,0.1653516187365324,0.0012937941854287,0.0065317753477639
0.001426949150672,0.0016773495822917,0.0273079516900939,0.1951389340410468,0.1947138558635743,0.1881652438435467,0.1888286848116895,0.1875905990929486,0.0046866835915374,0.0104637483325988
0.0014538360645915,0.00170895460046,0.0278224945846782,0.1878978868176062,0.1827592003587825,0.1917106979415389,0.2000858040825588,0.1911252255984253,0.0047749911939734,0.0106609087573848
0.001451193475846,0.0017058482913624,0.0277719225753208,0.1875563511705617,0.1980221069215889,0.1775847963320515,0.1997221148696615,0.1907778237266063,0.004766311853643,0.0106415307833575
0.0014682459258305,0.0017258930980361,0.0280982603990301,0.1798486445076809,0.1845706389256535,0.1936108602931541,0.2020689772496935,0.1930195849744308,0.0048223190613982,0.010766575565092
